#Mission Info

$Version: 23.1
$Name:  XSTR("Lockdown", 5560)
$Author: Colt
$Created: 01/13/19 at 16:35:48
$Modified: 12/09/23 at 17:10:40
$Notes:
This is a FRED2_OPEN created mission.
$End Notes:

$Mission Desc:
 XSTR("In the wake of the Sathanas entering Capella, GTVA forces race to blockade the nodes in Gamma Draconis.
", 5561)
$end_multi_text
+Game Type Flags: 1
+Flags: 262272
+Fog Near Mult: 1.000000

+Fog Far Mult: 1.000000


+Disallow Support: 0
+Hull Repair Ceiling: 0.000000
+Subsystem Repair Ceiling: 100.000000

+Viewer pos: 3.119382, 13102.452148, -1615.658569
+Viewer orient:
	0.999999, -0.000015, -0.001627,
	0.001609, 0.157881, 0.987457,
	0.000242, -0.987458, 0.157881

$Starting wing names: ( "Alpha" "no" "name" )

$Skybox Model: Skybox_C_GammaDraconis.pof
+Skybox Orientation:
	-0.017450, -0.017453, -0.999695,
	-0.000305, 0.999848, -0.017450,
	0.999848, -0.000000, -0.017452

$AI Profile: FS2 RETAIL

#Sexp_variables

$Variables:
(
		0		"i18nVariable1"		"Beam Turret"		"string"
)

#Command Briefing

$Stage Text:
 XSTR("$b -Gamma $b Draconis
$b -GTD $b Aquitaine, $b 3rd $b Fleet
$b -July $b 1st, $b 2367

$b -Situation

Alright everyone, let's get started. A few of you have been transferred to our squadron to replace our losses, so allow me to introduce myself. My name is Lieutenant Commander Jiminez, and I welcome you to the $g 309th $g Javelins Squadron.

Formed back in 2360, our squadron undertakes important missions ranging from warship escort to executing heavy strike operations. We're a multirole unit, allowing us to fill in any emergent gaps during ongoing engagements in a dynamic theatre of battle.", 5562)
$end_multi_text
$Ani Filename: 2_cb_sm1-01_a.png
+Wave Filename: none

$Stage Text:
 XSTR("$b -Situation $b (Continued)

The news coming from our blockade at the $b Capella node isn't good. $f GTVA forces assigned to its defence were torn apart by the $h Sathanas shortly after it arrived, and casualties are estimated to be in the tens of thousands. The juggernaut has since made the jump to $b Capella$| , where hopefully the $f Colossus and the rest of the allied fleet can take it down. Some pilots were able to knock out a few of its turrets, so it'll give our side a much needed edge in that battle. The Alliance has since retaken both the $b Capella node and the new one formed on the old site of the Knossos leading back to the nebula.

We don't know how long we'll be able to hold these positions. The $h Shivan offensive is strong, but we must hold them back to give the $f Colossus a fighting chance.", 5563)
$end_multi_text
$Ani Filename: 2_cb_sm2-10_d.png
+Wave Filename: none

$Stage Text:
 XSTR("$b -Defensive $b Operations

As you know, the $f GTD $f Aquitaine has been holding its position away from the nodes, launching squadrons to shore up our defences. The $f GTCv $f Warspite is currently overseeing our forces at the new node, while the $f GVCv $f Thebes stands guard at the one leading to $b Capella$| . The $f Psamtik is remaining in reserve, ready to counter any large Shivan attacks on our lines. The battle for $b Gamma $b Draconis is reaching its peak, and I expect all of you to do your part in showing everyone why the $g 309th is one of the best squadrons in the fleet.

Get down to the flight deck for your individual assignments, pilots. We're launching in ten minutes.", 5564)
$end_multi_text
$Ani Filename: 2_cb_sm1-01_a.png
+Wave Filename: none

#Briefing
$start_briefing
$num_stages: 4
$start_stage
$multi_text
 XSTR("Okay $g Alpha$| , you're up for the next launch.

Your mission is to patrol the area around the $b Capella jump node, which is currently being monitored by the $f GVCv $f Thebes$| . You'll be relieving $f Delta wing off the $f Psamtik$| , who have been on station for the past thirty minutes. They have repelled several small $h Shivan attacks, but since the $f Thebes and other allied elements took down the $h SD $h Belith there have been no major Shivan efforts to take control of the area. This could change at any moment.", 5565)
$end_multi_text
$voice: none.wav
$camera_pos: 3.119382, 13102.452148, -1615.658569
$camera_orient:
	0.999999, -0.000015, -0.001627,
	0.001609, 0.157881, 0.987457,
	0.000242, -0.987458, 0.157881
$camera_time: 500
$num_lines: 0
$num_icons: 4
$Flags: 0
$Formula: ( true ) 
$start_icon
$type: 1
$team: Friendly
$class: GTF Myrmidon
$pos: 1227.193237, 1287.564453, 279.514526
$label:  XSTR("Alpha", 5566)
+id: 1
$hlight: 0
$mirror: 0
$multi_text
$end_multi_text
$end_icon
$start_icon
$type: 28
$team: Friendly
$class: GVCv Sobek
$pos: -1491.860107, -546.613281, 2351.610840
$label:  XSTR("Thebes", 5567)
+id: 2
$hlight: 0
$mirror: 0
$multi_text
$end_multi_text
$end_icon
$start_icon
$type: 33
$team: Friendly
$class: GTF Ulysses
$pos: -2872.385498, 38.945313, 321.943237
$label:  XSTR("Capella", 5568)
+id: 3
$hlight: 0
$mirror: 0
$multi_text
$end_multi_text
$end_icon
$start_icon
$type: 1
$team: Friendly
$class: GVF Tauret
$pos: 1290.561890, 0.000000, 2025.636353
$label:  XSTR("Delta", 5569)
+id: 4
$hlight: 0
$mirror: 0
$multi_text
$end_multi_text
$end_icon
$end_stage
$start_stage
$multi_text
 XSTR("The $f Thebes is instrumental in defending this position, so keeping that corvette safe is your top priority. $h Shivan forces are present in the system and will likely make an attempt to seize control of the node and support the assault on $b Capella$| . Handle any fighter or bomber threat and leave capital ship combatants for the $f Thebes to deal with. As the situation develops we'll try to sortie additional reinforcements.", 5570)
$end_multi_text
$voice: none.wav
$camera_pos: 3.119382, 13102.452148, -1615.658569
$camera_orient:
	0.999999, -0.000015, -0.001627,
	0.001609, 0.157881, 0.987457,
	0.000242, -0.987458, 0.157881
$camera_time: 500
$num_lines: 0
$num_icons: 4
$Flags: 1
$Formula: ( true ) 
$start_icon
$type: 1
$team: Friendly
$class: GTF Myrmidon
$pos: -1274.918579, 1287.564453, -1039.598511
$label:  XSTR("Alpha", 5566)
+id: 1
$hlight: 0
$mirror: 0
$multi_text
$end_multi_text
$end_icon
$start_icon
$type: 28
$team: Friendly
$class: GVCv Sobek
$pos: -1491.860107, -546.613281, 2351.610840
$label:  XSTR("Thebes", 5567)
+id: 2
$hlight: 0
$mirror: 0
$multi_text
$end_multi_text
$end_icon
$start_icon
$type: 33
$team: Friendly
$class: GTF Ulysses
$pos: -2872.385498, 38.945313, 321.943237
$label:  XSTR("Capella", 5568)
+id: 3
$hlight: 0
$mirror: 0
$multi_text
$end_multi_text
$end_icon
$start_icon
$type: 20
$team: Hostile
$class: SC Cain
$pos: 2798.809326, -1340.879883, 300.403320
$label:  XSTR("Shivan attacks", 5571)
+id: 5
$hlight: 0
$mirror: 0
$multi_text
$end_multi_text
$end_icon
$end_stage
$start_stage
$multi_text
 XSTR("Most of our forces in $b Gamma $b Draconis are currently engaged at the node leading to the $b nebula$| . We can't guarantee that all $h Shivans that enter the system will be stopped there, so be prepared to engage stragglers that slip by.", 5572)
$end_multi_text
$voice: none.wav
$camera_pos: 3.119382, 13102.452148, -1615.658569
$camera_orient:
	0.999999, -0.000015, -0.001627,
	0.001609, 0.157881, 0.987457,
	0.000242, -0.987458, 0.157881
$camera_time: 500
$num_lines: 0
$num_icons: 7
$Flags: 3
$Formula: ( true ) 
$start_icon
$type: 33
$team: Hostile
$class: GTF Ulysses
$pos: 4092.124756, -0.001953, 494.952515
$label:  XSTR("Nebula", 5573)
+id: 6
$hlight: 0
$mirror: 0
$multi_text
$end_multi_text
$end_icon
$start_icon
$type: 19
$team: Hostile
$class: SC Cain
$pos: 1594.153442, -0.000977, 1472.143921
$label:  XSTR("Shivan Forces", 5574)
+id: 7
$hlight: 0
$mirror: 0
$multi_text
$end_multi_text
$end_icon
$start_icon
$type: 1
$team: Neutral
$class: SF Mara
$pos: 990.559875, 1284.455078, -486.436279
+id: 8
$hlight: 0
$mirror: 0
$multi_text
$end_multi_text
$end_icon
$start_icon
$type: 18
$team: Friendly
$class: GVC Mentu
$pos: -2910.601318, -0.001953, 1916.689331
$label:  XSTR("Cusae", 5575)
+id: 9
$hlight: 0
$mirror: 0
$multi_text
$end_multi_text
$end_icon
$start_icon
$type: 28
$team: Friendly
$class: GTCv Deimos
$pos: -1696.286743, -0.001953, 616.392944
$label:  XSTR("Warspite", 5576)
+id: 10
$hlight: 0
$mirror: 1
$multi_text
$end_multi_text
$end_icon
$start_icon
$type: 1
$team: Friendly
$class: GTF Hercules Mark II
$pos: -3538.494141, -0.001953, 239.778320
+id: 11
$hlight: 0
$mirror: 0
$multi_text
$end_multi_text
$end_icon
$start_icon
$type: 28
$team: Friendly
$class: GVCv Sobek
$pos: -2146.283691, -0.001953, -881.068604
$label:  XSTR("Abydos", 5577)
+id: 12
$hlight: 0
$mirror: 0
$multi_text
$end_multi_text
$end_icon
$end_stage
$start_stage
$multi_text
 XSTR("For this operation the $f Thebes will have command authority over your wing. We're currently experiencing difficulties in communicating with $f Allied $f Command -- last reports indicated that the $f Colossus and $h Sathanas had commenced their engagement near the $b Gamma $b Draconis node.

That is all. Fly well out there, $g Alpha$| .", 5578)
$end_multi_text
$voice: none.wav
$camera_pos: 3.119382, 13102.452148, -1615.658569
$camera_orient:
	0.999999, -0.000015, -0.001627,
	0.001609, 0.157881, 0.987457,
	0.000242, -0.987458, 0.157881
$camera_time: 500
$num_lines: 0
$num_icons: 3
$Flags: 2
$Formula: ( true ) 
$start_icon
$type: 28
$team: Friendly
$class: GVCv Sobek
$pos: 1667.624878, -546.613281, 1459.824341
$label:  XSTR("Thebes", 5567)
+id: 13
$hlight: 0
$mirror: 0
$multi_text
$end_multi_text
$end_icon
$start_icon
$type: 33
$team: Friendly
$class: GTNB Pharos
$pos: -1401.527466, 0.000000, 114.002563
$label:  XSTR("Capella", 5568)
+id: 14
$hlight: 0
$mirror: 0
$multi_text
$end_multi_text
$end_icon
$start_icon
$type: 1
$team: Friendly
$class: GTF Myrmidon
$pos: 1499.866455, 1287.564453, -754.369812
$label:  XSTR("Alpha", 5566)
+id: 15
$hlight: 0
$mirror: 0
$multi_text
$end_multi_text
$end_icon
$end_stage
$end_briefing

#Debriefing_info

$Num stages: 4

$Formula: ( and 
   ( is-goal-true-delay "Main goal" 0 ) 
   ( is-goal-true-delay "bonus goal" 0 ) 
)
$Multi text
    XSTR("Welcome back to the Aquitaine, pilots.

Your mission was a success. Against overwhelming numbers your wing managed to contain the Shivan offensive in Gamma Draconis. Our forces were stretched thin, and communications were largely spent dealing with the situation at the nebula node. The battle in Capella was fierce, and the last thing the Alliance needed were for the Shivans to reinforce the Sathanas. 

At 03:45 hours, the GTVA Colossus successfully destroyed the Sathanas juggernaut. Rear-Admiral Kamak of the GVCv Arensnuphis informed us that the Sathanas' explosion released some sort of subspace-based energy that briefly blanketed the area around the node and hampered communications. This interference has since ceased and contact with Command has been reestablished, but you can bet allied scientists will be interested in this. I've also received a communique from Captain Edjet of the GVCv Thebes thanking your wing for protecting his ship. The Thebes is now on its way to Vega for repairs. Excellent work pilots.

Additionally, the GVC Cusae survived this engagement and is now enroute to Vega as well. The cruiser was forced to withdraw from the area around the former Knossos as the Shivan offensive intensified. Thanks to your cover, that cruiser will continue to serve the Alliance well.

However, there is a matter of pressing concern, so you've got fifteen minutes before you're needed in the ready room. Do whatever you need to do quickly. No rest for the weary huh?", 5579)
$end_multi_text
$Voice: none.wav
$Recommendation text:
    XSTR("", 10)
$end_multi_text

$Formula: ( is-destroyed-delay 0 "Thebes" ) 
$Multi text
    XSTR("The GVCv Thebes was destroyed, taking with it two thousand veteran Vasudan officers and sailors. Given the situation, your wing was heavily outnumbered.

Recon has already spotted Shivan warships entering the Capella node. It will be some time before we can contain this incursion.", 5580)
$end_multi_text
$Voice: none.wav
$Recommendation text:
    XSTR("Try to keep bombers as far away as possible from the Thebes. Taking out at least one of the Marax's beam turrets should give the Thebes an edge.", 5581)
$end_multi_text

$Formula: ( and 
   ( not 
      ( is-goal-true-delay "Main goal" 0 ) 
   )
   ( not 
      ( is-destroyed-delay 0 "Thebes" ) 
   )
)
$Multi text
    XSTR("You abandoned your post, putting the lives of your allies at stake. This is unacceptable conduct in the GTVA, pilot. You will be detained until a date for a court-martial is decided upon.", 5582)
$end_multi_text
$Voice: none.wav
$Recommendation text:
    XSTR("", 10)
$end_multi_text

$Formula: ( and 
   ( is-destroyed-delay 0 "Cusae" ) 
   ( is-goal-true-delay "Main goal" 0 ) 
)
$Multi text
    XSTR("Welcome back to the Aquitaine, pilots.

Your mission was a success. Against overwhelming numbers your wing managed to contain the Shivan offensive in Gamma Draconis. Our forces were stretched thin, and communications were largely spent dealing with the situation at the nebula node. The battle in Capella was fierce, and the last thing the Alliance needed were for the Shivans to reinforce the Sathanas. 

At 03:45 hours, the GTVA Colossus successfully destroyed the Sathanas juggernaut. Rear-Admiral Kamak of the GVCv Arensnuphis informed us that the Sathanas' explosion released some sort of subspace-based energy that briefly blanketed the area around the node and hampered communications. This interference has since ceased and contact with Command has been reestablished, but you can bet allied scientists will be interested in this. I've also received a communique from Captain Edjet of the GVCv Thebes thanking your wing for protecting his ship. The Thebes is now on its way to Vega for repairs. Excellent work pilots.

Unfortunetly, the GVC Cusae was lost with all hands. The vessel had already been weakened while fighting at the nebula node, and the Shivan attack proved to be too great.

However, there is a matter of pressing concern, so you've got fifteen minutes before you're needed in the ready room. Do whatever you need to do quickly. No rest for the weary huh?", 5583)
$end_multi_text
$Voice: none.wav
$Recommendation text:
    XSTR("You can order Alpha wing to defend the Cusae. The Seraphim carry heavy bombs, so prioritize these bombers.", 5584)
$end_multi_text

#Players		;! 1 total

$Starting Shipname: Alpha 1
$Ship Choices: (
	"GTF Ulysses"	3
	"GTF Hercules"	3
	"GTF Hercules Mark II"	3
	"GTF Loki"	3
	"GTF Perseus"	3
	"GTB Artemis"	3
	"GTB Zeus"	3
)

+Weaponry Pool: (
	"Subach HL-7"	19
	"Akheton SDG"	16
	"Morning Star"	16
	"Prometheus R"	16
	"Prometheus S"	19
	"Rockeye"	500
	"Tempest"	1280
	"Hornet"	500
	"Tornado"	396
	"Harpoon"	300
	"Piranha"	50
	"Stiletto II"	100
	"Cyclops"	25
	"EMP Adv."	25
)

#Objects		;! 66 total

$Name: Alpha 1		;! Object #0
$Display Name: XSTR("Alpha 1", 5585)
$Class: GTF Myrmidon
$Team: Friendly
$Location: -2245.227783, 1287.564453, -1238.444824
$Orientation:
	0.478777, 0.000168, -0.877936,
	0.428407, 0.872815, 0.233796,
	0.766316, -0.488050, 0.417812
$Cargo 1:  XSTR("Nothing", 13)
+Initial Hull: 100
+Subsystem: Pilot
+Primary Banks: ( "Prometheus S" "Subach HL-7" )
+Secondary Banks: ( "Tornado" "Tornado" "Tempest" )
$Arrival Location: Hyperspace
$Arrival Cue: ( false ) 
$Departure Location: Hyperspace
$Departure Cue: ( false ) 
$Determination: 10
+Flags: ( "cargo-known" "player-start" )
+Flags2: ( )
+Respawn priority: 0
+Orders Accepted List: ( "attack ship" "disable ship" "disarm ship" "guard ship" "ignore ship" "form on wing" "cover me" "attack any" "disable subsys" )
+Group: 0
+Score: 8

$Name: Thebes		;! Object #1
$Display Name: XSTR("Thebes", 5567)
$Class: GVCv Sobek
$Team: Friendly
$Location: 900.809814, -546.613159, 588.264954
$Orientation:
	-0.869029, -0.167271, 0.465628,
	-0.352220, 0.870089, -0.344800,
	-0.347463, -0.463644, -0.815048
$Cargo 1:  XSTR("Nothing", 13)
+Initial Hull: 49
+Initial Shields: 100
+Subsystem: Pilot
+Subsystem: turret01
+Subsystem: turret02
$Damage: 67
+Subsystem: turret03
$Damage: 12
+Subsystem: turret04
$Damage: 28
+Subsystem: turret05
$Damage: 19
+Subsystem: turret06
$Damage: 1
+Subsystem: turret07
+Subsystem: turret08
+Subsystem: turret09
$Damage: 65
+Subsystem: turret10
$Damage: 34
+Subsystem: turret11
$Damage: 21
+Subsystem: turret12
+Subsystem: turret13
+Subsystem: turret14
+Subsystem: turret15
+Subsystem: turret16
+Subsystem: turret17
$Damage: 11
+Subsystem: turret18
$Damage: 12
+Subsystem: turret19
+Subsystem: turret20
$Damage: 56
+Subsystem: turret21
$Damage: 44
+Subsystem: turret22
$Damage: 30
+Subsystem: engine
$Damage: 12
+Subsystem: communications
$Damage: 2
+Subsystem: sensors
$Damage: 14
+Subsystem: navigation
$Damage: 22
+Subsystem: weapons
$Damage: 10
$Arrival Location: Hyperspace
$Arrival Cue: ( true ) 
$Departure Location: Hyperspace
$Departure Cue: ( <= 
   ( distance 
      "Thebes" 
      "Thebes node wp:1" 
   )
   900 
)
$Determination: 10
+Flags: ( "cargo-known" "no-shields" "escort" )
+Flags2: ( )
+Respawn priority: 0
+Escort priority: 90
+Orders Accepted List: ( )
+Group: 0
+Use Table Score:
+Score: 400

$Name: Alpha 2		;! Object #2
$Display Name: XSTR("Alpha 2", 5586)
$Class: GTF Myrmidon
$Team: Friendly
$Location: -2383.898926, 1285.107300, -1204.664307
$Orientation:
	0.478778, 0.000168, -0.877936,
	0.428408, 0.872815, 0.233797,
	0.766315, -0.488052, 0.417812
+AI Class: Major
$Cargo 1:  XSTR("Nothing", 13)
+Initial Velocity: 33
+Initial Hull: 100
+Subsystem: Pilot
+Primary Banks: ( "Prometheus S" "Subach HL-7" )
+Secondary Banks: ( "Tornado" "Tornado" "Tempest" )
$Arrival Location: Hyperspace
$Arrival Cue: ( false ) 
$Departure Location: Hyperspace
$Departure Cue: ( false ) 
$Determination: 10
+Flags: ( "cargo-known" )
+Flags2: ( )
+Respawn priority: 0
+Orders Accepted List: ( "attack ship" "disable ship" "disarm ship" "guard ship" "ignore ship" "form on wing" "cover me" "attack any" "disable subsys" )
+Group: 0
+Use Table Score:
+Score: 10
+Persona Name: Wingman 1

$Name: Alpha 3		;! Object #3
$Display Name: XSTR("Alpha 3", 5587)
$Class: GTF Myrmidon
$Team: Friendly
$Location: -2277.834473, 1285.499878, -1377.209351
$Orientation:
	0.478778, 0.000168, -0.877936,
	0.428408, 0.872815, 0.233797,
	0.766315, -0.488052, 0.417812
+AI Class: Major
$Cargo 1:  XSTR("Nothing", 13)
+Initial Velocity: 33
+Initial Hull: 100
+Subsystem: Pilot
+Primary Banks: ( "Prometheus S" "Subach HL-7" )
+Secondary Banks: ( "Tornado" "Tornado" "Tempest" )
$Arrival Location: Hyperspace
$Arrival Cue: ( false ) 
$Departure Location: Hyperspace
$Departure Cue: ( false ) 
$Determination: 10
+Flags: ( "cargo-known" )
+Flags2: ( )
+Respawn priority: 0
+Orders Accepted List: ( "attack ship" "disable ship" "disarm ship" "guard ship" "ignore ship" "form on wing" "cover me" "attack any" "disable subsys" )
+Group: 0
+Use Table Score:
+Score: 10
+Persona Name: Wingman 2

$Name: Delta 1		;! Object #4
$Display Name: XSTR("Delta 1", 5588)
$Class: GVF Tauret
$Team: Friendly
$Location: 456.315308, -0.000275, 1231.909790
$Orientation:
	0.248175, 0.000000, -0.968715,
	-0.000000, 1.000000, 0.000000,
	0.968715, 0.000000, 0.248175
$Cargo 1:  XSTR("Nothing", 13)
+Initial Velocity: 33
+Initial Hull: 93
+Subsystem: Pilot
$Arrival Location: Hyperspace
$Arrival Cue: ( false ) 
$Departure Location: Hyperspace
$Departure Cue: ( false ) 
$Determination: 10
+Flags: ( "cargo-known" )
+Flags2: ( )
+Respawn priority: 0
+Orders Accepted List: ( )
+Group: 0
+Use Table Score:
+Score: 10

$Name: Delta 2		;! Object #5
$Display Name: XSTR("Delta 2", 5589)
$Class: GVF Tauret
$Team: Friendly
$Location: 386.847290, -0.000244, 1110.294067
$Orientation:
	0.248175, 0.000000, -0.968715,
	-0.000000, 1.000000, 0.000000,
	0.968715, 0.000000, 0.248175
$Cargo 1:  XSTR("Nothing", 13)
+Initial Velocity: 33
+Initial Hull: 80
+Subsystem: Pilot
$Arrival Location: Hyperspace
$Arrival Cue: ( false ) 
$Departure Location: Hyperspace
$Departure Cue: ( false ) 
$Determination: 10
+Flags: ( "cargo-known" )
+Flags2: ( )
+Respawn priority: 0
+Orders Accepted List: ( )
+Group: 0
+Use Table Score:
+Score: 10

$Name: Delta 3		;! Object #6
$Display Name: XSTR("Delta 3", 5590)
$Class: GVF Tauret
$Team: Friendly
$Location: 337.280396, -0.000244, 1303.204346
$Orientation:
	0.248175, 0.000000, -0.968715,
	-0.000000, 1.000000, 0.000000,
	0.968715, 0.000000, 0.248175
$Cargo 1:  XSTR("Nothing", 13)
+Initial Velocity: 33
+Initial Hull: 66
+Subsystem: Pilot
$Arrival Location: Hyperspace
$Arrival Cue: ( false ) 
$Departure Location: Hyperspace
$Departure Cue: ( false ) 
$Determination: 10
+Flags: ( "cargo-known" )
+Flags2: ( )
+Respawn priority: 0
+Orders Accepted List: ( )
+Group: 0
+Use Table Score:
+Score: 10

$Name: Agiel		;! Object #7
$Display Name: XSTR("Agiel", 5591)
$Class: SC Cain
$Team: Hostile
$Location: -400.062988, -1340.879395, -4208.852051
$Orientation:
	0.995028, -0.098291, -0.016123,
	-0.015574, 0.006354, -0.999859,
	0.098380, 0.995138, 0.004792
$AI Goals: ( goals ( ai-chase "Thebes" 50 ) )
$Cargo 1:  XSTR("Nothing", 13)
+Initial Velocity: 33
+Initial Hull: 100
+Initial Shields: 100
+Subsystem: Pilot
+Subsystem: turret01
+Subsystem: turret02
+Subsystem: turret03
+Subsystem: turret04
+Subsystem: turret05
+Subsystem: turret06
+Subsystem: turret07
+Subsystem: turret08
+Subsystem: turret09
$Arrival Location: Hyperspace
$Arrival Cue: ( is-event-true-delay 
   "alpha arrive" 
   148 
)
$Departure Location: Hyperspace
$Departure Cue: ( false ) 
$Determination: 10
+Flags: ( "no-shields" "escort" )
+Flags2: ( )
+Respawn priority: 0
+Escort priority: 89
+Orders Accepted List: ( )
+Group: 0
+Use Table Score:
+Score: 150

$Name: Aries 1		;! Object #8
$Display Name: XSTR("Aries 1", 5592)
$Class: SF Mara
$Team: Hostile
$Location: -1172.835205, -0.001221, -3228.790039
$Orientation:
	0.248175, 0.000000, -0.968715,
	-0.000000, 1.000000, 0.000000,
	0.968715, 0.000000, 0.248175
$Cargo 1:  XSTR("Nothing", 13)
+Initial Velocity: 33
+Initial Hull: 100
+Subsystem: Pilot
$Arrival Location: Hyperspace
$Arrival Cue: ( false ) 
$Departure Location: Hyperspace
$Departure Cue: ( false ) 
$Determination: 10
+Flags: ( )
+Flags2: ( )
+Respawn priority: 0
+Orders Accepted List: ( )
+Group: 0
+Use Table Score:
+Score: 12

$Name: Aries 2		;! Object #9
$Display Name: XSTR("Aries 2", 5593)
$Class: SF Mara
$Team: Hostile
$Location: -1128.252197, -0.001099, -3413.734863
$Orientation:
	0.248175, 0.000000, -0.968715,
	-0.000000, 1.000000, 0.000000,
	0.968715, 0.000000, 0.248175
$Cargo 1:  XSTR("Nothing", 13)
+Initial Velocity: 33
+Initial Hull: 100
+Subsystem: Pilot
$Arrival Location: Hyperspace
$Arrival Cue: ( false ) 
$Departure Location: Hyperspace
$Departure Cue: ( false ) 
$Determination: 10
+Flags: ( )
+Flags2: ( )
+Respawn priority: 0
+Orders Accepted List: ( )
+Group: 0
+Use Table Score:
+Score: 12

$Name: Aries 3		;! Object #10
$Display Name: XSTR("Aries 3", 5594)
$Class: SF Mara
$Team: Hostile
$Location: -1243.503418, -0.001099, -3022.299805
$Orientation:
	0.248175, 0.000000, -0.968715,
	-0.000000, 1.000000, 0.000000,
	0.968715, 0.000000, 0.248175
$Cargo 1:  XSTR("Nothing", 13)
+Initial Velocity: 33
+Initial Hull: 100
+Subsystem: Pilot
$Arrival Location: Hyperspace
$Arrival Cue: ( false ) 
$Departure Location: Hyperspace
$Departure Cue: ( false ) 
$Determination: 10
+Flags: ( )
+Flags2: ( )
+Respawn priority: 0
+Orders Accepted List: ( )
+Group: 0
+Use Table Score:
+Score: 12

$Name: Aries 4		;! Object #11
$Display Name: XSTR("Aries 4", 5595)
$Class: SF Mara
$Team: Hostile
$Location: -1089.220093, -0.001099, -3589.361328
$Orientation:
	0.248175, 0.000000, -0.968715,
	-0.000000, 1.000000, 0.000000,
	0.968715, 0.000000, 0.248175
$Cargo 1:  XSTR("Nothing", 13)
+Initial Velocity: 33
+Initial Hull: 100
+Subsystem: Pilot
$Arrival Location: Hyperspace
$Arrival Cue: ( false ) 
$Departure Location: Hyperspace
$Departure Cue: ( false ) 
$Determination: 10
+Flags: ( )
+Flags2: ( )
+Respawn priority: 0
+Orders Accepted List: ( )
+Group: 0
+Use Table Score:
+Score: 12

$Name: Taurus 1		;! Object #12
$Display Name: XSTR("Taurus 1", 5596)
$Class: SB Nahema
$Team: Hostile
$Location: 5845.081055, -0.003418, 1444.259888
$Orientation:
	-0.230303, 0.000000, 0.973119,
	0.000000, 1.000000, 0.000000,
	-0.973119, 0.000000, -0.230303
$Cargo 1:  XSTR("Nothing", 13)
+Initial Velocity: 33
+Initial Hull: 100
+Subsystem: Pilot
+Secondary Banks: ( "Shivan Bomb" "Shivan Bomb" "Shivan Bomb" )
$Arrival Location: Hyperspace
$Arrival Cue: ( false ) 
$Departure Location: Hyperspace
$Departure Cue: ( false ) 
$Determination: 10
+Flags: ( )
+Flags2: ( )
+Respawn priority: 0
+Orders Accepted List: ( )
+Group: 0
+Use Table Score:
+Score: 14

$Name: Taurus 2		;! Object #13
$Display Name: XSTR("Taurus 2", 5597)
$Class: SB Nahema
$Team: Hostile
$Location: 5771.374023, -0.003418, 1738.069580
$Orientation:
	-0.230303, 0.000000, 0.973119,
	0.000000, 1.000000, 0.000000,
	-0.973119, 0.000000, -0.230303
$Cargo 1:  XSTR("Nothing", 13)
+Initial Velocity: 33
+Initial Hull: 100
+Subsystem: Pilot
+Secondary Banks: ( "Shivan Bomb" "Shivan Bomb" "Shivan Bomb" )
$Arrival Location: Hyperspace
$Arrival Cue: ( false ) 
$Departure Location: Hyperspace
$Departure Cue: ( false ) 
$Determination: 10
+Flags: ( )
+Flags2: ( )
+Respawn priority: 0
+Orders Accepted List: ( )
+Group: 0
+Use Table Score:
+Score: 14

$Name: Taurus 3		;! Object #14
$Display Name: XSTR("Taurus 3", 5598)
$Class: SB Nahema
$Team: Hostile
$Location: 5915.197266, -0.003418, 1149.200073
$Orientation:
	-0.230303, 0.000000, 0.973119,
	0.000000, 1.000000, 0.000000,
	-0.973119, 0.000000, -0.230303
$Cargo 1:  XSTR("Nothing", 13)
+Initial Velocity: 33
+Initial Hull: 100
+Subsystem: Pilot
+Secondary Banks: ( "Shivan Bomb" "Shivan Bomb" "Shivan Bomb" )
$Arrival Location: Hyperspace
$Arrival Cue: ( false ) 
$Departure Location: Hyperspace
$Departure Cue: ( false ) 
$Determination: 10
+Flags: ( )
+Flags2: ( )
+Respawn priority: 0
+Orders Accepted List: ( )
+Group: 0
+Use Table Score:
+Score: 14

$Name: Virgo 1		;! Object #15
$Display Name: XSTR("Virgo 1", 5599)
$Class: SF Manticore
$Team: Hostile
$Location: 5436.205078, -0.005005, 1452.757080
$Orientation:
	-0.230303, 0.000000, 0.973119,
	0.000000, 1.000000, 0.000000,
	-0.973119, 0.000000, -0.230303
$Cargo 1:  XSTR("Nothing", 13)
+Initial Velocity: 33
+Subsystem: Pilot
$Arrival Location: Hyperspace
$Arrival Cue: ( false ) 
$Departure Location: Hyperspace
$Departure Cue: ( false ) 
$Determination: 10
+Flags: ( )
+Flags2: ( )
+Respawn priority: 0
+Orders Accepted List: ( )
+Group: 0
+Use Table Score:
+Score: 12

$Name: Virgo 2		;! Object #16
$Display Name: XSTR("Virgo 2", 5600)
$Class: SF Manticore
$Team: Hostile
$Location: 5499.314453, -0.005005, 1161.818848
$Orientation:
	-0.230303, 0.000000, 0.973119,
	0.000000, 1.000000, 0.000000,
	-0.973119, 0.000000, -0.230303
$Cargo 1:  XSTR("Nothing", 13)
+Initial Velocity: 33
+Subsystem: Pilot
$Arrival Location: Hyperspace
$Arrival Cue: ( false ) 
$Departure Location: Hyperspace
$Departure Cue: ( false ) 
$Determination: 10
+Flags: ( )
+Flags2: ( )
+Respawn priority: 0
+Orders Accepted List: ( )
+Group: 0
+Use Table Score:
+Score: 12

$Name: Virgo 3		;! Object #17
$Display Name: XSTR("Virgo 3", 5601)
$Class: SF Manticore
$Team: Hostile
$Location: 5363.252930, -0.004883, 1735.392334
$Orientation:
	-0.230303, 0.000000, 0.973119,
	0.000000, 1.000000, 0.000000,
	-0.973119, 0.000000, -0.230303
$Cargo 1:  XSTR("Nothing", 13)
+Initial Velocity: 33
+Subsystem: Pilot
$Arrival Location: Hyperspace
$Arrival Cue: ( false ) 
$Departure Location: Hyperspace
$Departure Cue: ( false ) 
$Determination: 10
+Flags: ( )
+Flags2: ( )
+Respawn priority: 0
+Orders Accepted List: ( )
+Group: 0
+Use Table Score:
+Score: 12

$Name: Marax		;! Object #18
$Display Name: XSTR("Marax", 5602)
$Class: SCv Moloch
$Team: Hostile
$Location: -1540.837646, -0.001465, -936.875977
$Orientation:
	0.181170, -0.056043, -0.981854,
	-0.228789, 0.968581, -0.097502,
	0.956469, 0.242302, 0.162656
$AI Goals: ( goals ( ai-waypoints-once "Marax wp" 50 ) )
$Cargo 1:  XSTR("Nothing", 13)
+Initial Velocity: 33
+Initial Hull: 58
+Initial Shields: 100
+Subsystem: Pilot
+Subsystem: turret01
$Damage: 13
+Subsystem: turret02
+Subsystem: turret03
+Subsystem: turret04
$Damage: 35
+Subsystem: turret05
$Damage: 31
+Subsystem: turret06
$Damage: 22
+Subsystem: turret07
+Subsystem: turret08
$Damage: 1
+Subsystem: turret09
+Subsystem: turret10
$Damage: 37
+Subsystem: turret11
$Damage: 46
+Subsystem: turret12
$Damage: 23
+Subsystem: turret13
+Subsystem: turret14
$Damage: 91
+Subsystem: turret15
$Damage: 100
+Subsystem: turret16
$Damage: 67
+Subsystem: fighterbay
$Damage: 8
+Subsystem: engine01
$Damage: 19
+Subsystem: engine02
$Damage: 45
+Subsystem: communications
$Damage: 68
+Subsystem: sensors
$Damage: 79
+Subsystem: navigation
$Damage: 18
+Subsystem: weapons
$Damage: 23
$Arrival Location: Hyperspace
$Arrival Cue: ( is-event-true-delay 
   "1st wave defeated" 
   30 
)
$Departure Location: Hyperspace
$Departure Cue: ( false ) 
$Determination: 10
+Flags: ( "no-shields" "escort" )
+Flags2: ( )
+Respawn priority: 0
+Escort priority: 88
$Special Explosion:
+Special Exp Damage: 200
+Special Exp Blast: 11000
+Special Exp Inner Radius: 150
+Special Exp Outer Radius: 750
+Special Exp Shockwave Speed: 190
+Special Exp Death Roll Time: 5000
+Orders Accepted List: ( )
+Group: 0
+Use Table Score:
+Score: 440

$Name: Aquarius 1		;! Object #19
$Display Name: XSTR("Aquarius 1", 5603)
$Class: SF Basilisk
$Team: Hostile
$Location: -1865.364136, -0.001770, -600.733521
$Orientation:
	0.248175, 0.000000, -0.968715,
	-0.000000, 1.000000, 0.000000,
	0.968715, 0.000000, 0.248175
$AI Goals: ( goals ( ai-chase-any 90 ) )
$Cargo 1:  XSTR("Nothing", 13)
+Initial Velocity: 33
+Subsystem: Pilot
$Arrival Location: Hyperspace
$Arrival Cue: ( false ) 
$Departure Location: Hyperspace
$Departure Cue: ( false ) 
$Determination: 10
+Flags: ( )
+Flags2: ( )
+Respawn priority: 0
+Orders Accepted List: ( )
+Group: 0
+Use Table Score:
+Score: 12

$Name: Aquarius 2		;! Object #20
$Display Name: XSTR("Aquarius 2", 5604)
$Class: SF Basilisk
$Team: Hostile
$Location: -1931.991699, -0.001556, -717.938721
$Orientation:
	0.248175, 0.000000, -0.968715,
	-0.000000, 1.000000, 0.000000,
	0.968715, 0.000000, 0.248175
$AI Goals: ( goals ( ai-chase-any 90 ) )
$Cargo 1:  XSTR("Nothing", 13)
+Initial Velocity: 33
+Subsystem: Pilot
$Arrival Location: Hyperspace
$Arrival Cue: ( false ) 
$Departure Location: Hyperspace
$Departure Cue: ( false ) 
$Determination: 10
+Flags: ( )
+Flags2: ( )
+Respawn priority: 0
+Orders Accepted List: ( )
+Group: 0
+Use Table Score:
+Score: 12

$Name: Aquarius 3		;! Object #21
$Display Name: XSTR("Aquarius 3", 5605)
$Class: SF Basilisk
$Team: Hostile
$Location: -1980.578613, -0.001617, -529.275269
$Orientation:
	0.248175, 0.000000, -0.968715,
	-0.000000, 1.000000, 0.000000,
	0.968715, 0.000000, 0.248175
$AI Goals: ( goals ( ai-chase-any 90 ) )
$Cargo 1:  XSTR("Nothing", 13)
+Initial Velocity: 33
+Subsystem: Pilot
$Arrival Location: Hyperspace
$Arrival Cue: ( false ) 
$Departure Location: Hyperspace
$Departure Cue: ( false ) 
$Determination: 10
+Flags: ( )
+Flags2: ( )
+Respawn priority: 0
+Orders Accepted List: ( )
+Group: 0
+Use Table Score:
+Score: 12

$Name: Aquarius 4		;! Object #22
$Display Name: XSTR("Aquarius 4", 5606)
$Class: SF Basilisk
$Team: Hostile
$Location: -2056.551270, -0.001617, -650.884277
$Orientation:
	0.248175, 0.000000, -0.968715,
	-0.000000, 1.000000, 0.000000,
	0.968715, 0.000000, 0.248175
$AI Goals: ( goals ( ai-chase-any 90 ) )
$Cargo 1:  XSTR("Nothing", 13)
+Initial Velocity: 33
+Subsystem: Pilot
$Arrival Location: Hyperspace
$Arrival Cue: ( false ) 
$Departure Location: Hyperspace
$Departure Cue: ( false ) 
$Determination: 10
+Flags: ( )
+Flags2: ( )
+Respawn priority: 0
+Orders Accepted List: ( )
+Group: 0
+Use Table Score:
+Score: 12

$Name: Sagittarius 1		;! Object #23
$Display Name: XSTR("Sagittarius 1", 5607)
$Class: SB Nephilim
$Team: Hostile
$Location: 42.705566, -4972.497070, 3734.855957
$Orientation:
	1.000000, 0.000000, 0.000000,
	0.000000, 1.000000, 0.000000,
	0.000000, 0.000000, 1.000000
$Cargo 1:  XSTR("Nothing", 13)
+Initial Velocity: 33
+Initial Hull: 100
+Subsystem: Pilot
+Secondary Banks: ( "Shivan Megabomb" "Shivan Megabomb" "Shivan Megabomb" "Hornet#Shivan" )
+Subsystem: turret01
+Subsystem: turret02
$Arrival Location: Hyperspace
$Arrival Cue: ( false ) 
$Departure Location: Hyperspace
$Departure Cue: ( false ) 
$Determination: 10
+Flags: ( )
+Flags2: ( )
+Respawn priority: 0
+Orders Accepted List: ( )
+Group: 0
+Use Table Score:
+Score: 11

$Name: Sagittarius 2		;! Object #24
$Display Name: XSTR("Sagittarius 2", 5608)
$Class: SB Nephilim
$Team: Hostile
$Location: -164.010010, -4972.497070, 3831.729492
$Orientation:
	1.000000, 0.000000, 0.000000,
	0.000000, 1.000000, 0.000000,
	0.000000, 0.000000, 1.000000
$Cargo 1:  XSTR("Nothing", 13)
+Initial Velocity: 33
+Initial Hull: 100
+Subsystem: Pilot
+Secondary Banks: ( "Shivan Megabomb" "Shivan Megabomb" "Shivan Megabomb" "Hornet#Shivan" )
+Subsystem: turret01
+Subsystem: turret02
$Arrival Location: Hyperspace
$Arrival Cue: ( false ) 
$Departure Location: Hyperspace
$Departure Cue: ( false ) 
$Determination: 10
+Flags: ( )
+Flags2: ( )
+Respawn priority: 0
+Orders Accepted List: ( )
+Group: 0
+Use Table Score:
+Score: 11

$Name: Leo 1		;! Object #25
$Display Name: XSTR("Leo 1", 5609)
$Class: SB Nephilim
$Team: Hostile
$Location: 795.601318, 3519.525391, 1620.178711
$Orientation:
	-0.481521, 0.000000, 0.876435,
	0.000000, 1.000000, 0.000000,
	-0.876435, 0.000000, -0.481521
$Cargo 1:  XSTR("Nothing", 13)
+Initial Velocity: 33
+Initial Hull: 100
+Subsystem: Pilot
+Secondary Banks: ( "Shivan Megabomb" "Shivan Megabomb" "Shivan Megabomb" "Hornet#Shivan" )
+Subsystem: turret01
+Subsystem: turret02
$Arrival Location: Hyperspace
$Arrival Cue: ( false ) 
$Departure Location: Hyperspace
$Departure Cue: ( false ) 
$Determination: 10
+Flags: ( )
+Flags2: ( )
+Respawn priority: 0
+Orders Accepted List: ( )
+Group: 0
+Use Table Score:
+Score: 11

$Name: Leo 2		;! Object #26
$Display Name: XSTR("Leo 2", 5610)
$Class: SB Nephilim
$Team: Hostile
$Location: 801.238281, 3519.525391, 1387.486450
$Orientation:
	-0.481521, 0.000000, 0.876435,
	0.000000, 1.000000, 0.000000,
	-0.876435, 0.000000, -0.481521
$Cargo 1:  XSTR("Nothing", 13)
+Initial Velocity: 33
+Initial Hull: 100
+Subsystem: Pilot
+Secondary Banks: ( "Shivan Megabomb" "Shivan Megabomb" "Shivan Megabomb" "Hornet#Shivan" )
+Subsystem: turret01
+Subsystem: turret02
$Arrival Location: Hyperspace
$Arrival Cue: ( false ) 
$Departure Location: Hyperspace
$Departure Cue: ( false ) 
$Determination: 10
+Flags: ( )
+Flags2: ( )
+Respawn priority: 0
+Orders Accepted List: ( )
+Group: 0
+Use Table Score:
+Score: 11

$Name: Cancer 1		;! Object #27
$Display Name: XSTR("Cancer 1", 5611)
$Class: SF Manticore
$Team: Hostile
$Location: 2273.384033, -0.002441, 4584.768555
$Orientation:
	0.248175, 0.000000, -0.968715,
	-0.000000, 1.000000, 0.000000,
	0.968715, 0.000000, 0.248175
$Cargo 1:  XSTR("Nothing", 13)
+Initial Velocity: 33
+Subsystem: Pilot
$Arrival Location: Hyperspace
$Arrival Cue: ( false ) 
$Departure Location: Hyperspace
$Departure Cue: ( false ) 
$Determination: 10
+Flags: ( )
+Flags2: ( )
+Respawn priority: 0
+Orders Accepted List: ( )
+Group: 0
+Use Table Score:
+Score: 12

$Name: Cancer 2		;! Object #28
$Display Name: XSTR("Cancer 2", 5612)
$Class: SF Manticore
$Team: Hostile
$Location: 2212.836182, -0.002502, 4422.514160
$Orientation:
	0.248175, 0.000000, -0.968715,
	-0.000000, 1.000000, 0.000000,
	0.968715, 0.000000, 0.248175
$Cargo 1:  XSTR("Nothing", 13)
+Initial Velocity: 33
+Subsystem: Pilot
$Arrival Location: Hyperspace
$Arrival Cue: ( false ) 
$Departure Location: Hyperspace
$Departure Cue: ( false ) 
$Determination: 10
+Flags: ( )
+Flags2: ( )
+Respawn priority: 0
+Orders Accepted List: ( )
+Group: 0
+Use Table Score:
+Score: 12

$Name: Cancer 3		;! Object #29
$Display Name: XSTR("Cancer 3", 5613)
$Class: SF Manticore
$Team: Hostile
$Location: 2141.103760, -0.002502, 4696.318359
$Orientation:
	0.248175, 0.000000, -0.968715,
	-0.000000, 1.000000, 0.000000,
	0.968715, 0.000000, 0.248175
$Cargo 1:  XSTR("Nothing", 13)
+Initial Velocity: 33
+Subsystem: Pilot
$Arrival Location: Hyperspace
$Arrival Cue: ( false ) 
$Departure Location: Hyperspace
$Departure Cue: ( false ) 
$Determination: 10
+Flags: ( )
+Flags2: ( )
+Respawn priority: 0
+Orders Accepted List: ( )
+Group: 0
+Use Table Score:
+Score: 12

$Name: Cancer 4		;! Object #30
$Display Name: XSTR("Cancer 4", 5614)
$Class: SF Manticore
$Team: Hostile
$Location: 2152.398438, -0.002441, 4278.594727
$Orientation:
	0.248175, 0.000000, -0.968715,
	-0.000000, 1.000000, 0.000000,
	0.968715, 0.000000, 0.248175
$Cargo 1:  XSTR("Nothing", 13)
+Initial Velocity: 33
+Subsystem: Pilot
$Arrival Location: Hyperspace
$Arrival Cue: ( false ) 
$Departure Location: Hyperspace
$Departure Cue: ( false ) 
$Determination: 10
+Flags: ( )
+Flags2: ( )
+Respawn priority: 0
+Orders Accepted List: ( )
+Group: 0
+Use Table Score:
+Score: 12

$Name: Cancer 5		;! Object #31
$Display Name: XSTR("Cancer 5", 5615)
$Class: SF Manticore
$Team: Hostile
$Location: 2011.462158, -0.002441, 4802.635742
$Orientation:
	0.248175, 0.000000, -0.968715,
	-0.000000, 1.000000, 0.000000,
	0.968715, 0.000000, 0.248175
$Cargo 1:  XSTR("Nothing", 13)
+Initial Velocity: 33
+Subsystem: Pilot
$Arrival Location: Hyperspace
$Arrival Cue: ( false ) 
$Departure Location: Hyperspace
$Departure Cue: ( false ) 
$Determination: 10
+Flags: ( )
+Flags2: ( )
+Respawn priority: 0
+Orders Accepted List: ( )
+Group: 0
+Use Table Score:
+Score: 12

$Name: Cusae		;! Object #32
$Display Name: XSTR("Cusae", 5575)
$Class: GVC Mentu
$Team: Friendly
$Location: 1773.319092, 1607.457031, -6723.668945
$Orientation:
	-0.479847, -0.084417, 0.873282,
	0.147124, -0.989008, -0.014762,
	0.864929, 0.121397, 0.486992
$AI Goals: ( goals ( ai-waypoints-once "Cusae wp" 50 ) )
$Cargo 1:  XSTR("Nothing", 13)
+Initial Velocity: 33
+Initial Hull: 22
+Initial Shields: 100
+Subsystem: Pilot
+Subsystem: Turret01
$Damage: 4
+Subsystem: Turret02
$Damage: 44
+Subsystem: Turret03
$Damage: 23
+Subsystem: Turret04
$Damage: 22
+Subsystem: Turret05
$Damage: 56
+Subsystem: Turret06
+Subsystem: Turret07
$Damage: 7
+Subsystem: Turret08
$Damage: 81
+Subsystem: Turret09
$Damage: 75
+Subsystem: Turret10
$Damage: 34
+Subsystem: Turret11
$Damage: 56
+Subsystem: Turret12
$Damage: 64
+Subsystem: Turret13
+Subsystem: Turret14
$Damage: 4
+Subsystem: Turret15
$Damage: 70
+Subsystem: Turret16
$Damage: 29
+Subsystem: engine
$Damage: 12
+Subsystem: communications
$Damage: 32
+Subsystem: sensors
$Damage: 23
+Subsystem: navigation
$Damage: 67
+Subsystem: weapons
$Damage: 9
$Arrival Location: Hyperspace
$Arrival Cue: ( is-event-true-delay 
   "contact lost" 
   43 
)
$Departure Location: Hyperspace
$Departure Cue: ( <= 
   ( distance "Cusae" "Cusae node wp:1" ) 
   900 
)
$Determination: 10
+Flags: ( "cargo-known" "no-shields" "escort" )
+Flags2: ( )
+Respawn priority: 0
+Escort priority: 87
+Orders Accepted List: ( )
+Group: 0
+Use Table Score:
+Score: 100

$Name: Libra 1		;! Object #33
$Display Name: XSTR("Libra 1", 5616)
$Class: SF Dragon
$Team: Hostile
$Location: 4355.211914, 0.001099, -5508.484375
$Orientation:
	0.248175, 0.000000, -0.968715,
	-0.000000, 1.000000, 0.000000,
	0.968715, 0.000000, 0.248175
$Cargo 1:  XSTR("Nothing", 13)
+Initial Velocity: 33
+Subsystem: Pilot
$Arrival Location: Hyperspace
$Arrival Cue: ( false ) 
$Departure Location: Hyperspace
$Departure Cue: ( false ) 
$Determination: 10
+Flags: ( )
+Flags2: ( )
+Respawn priority: 0
+Orders Accepted List: ( )
+Group: 0
+Use Table Score:
+Score: 16

$Name: Libra 2		;! Object #34
$Display Name: XSTR("Libra 2", 5617)
$Class: SF Dragon
$Team: Hostile
$Location: 4283.205078, 0.001221, -5635.154785
$Orientation:
	0.248175, 0.000000, -0.968715,
	-0.000000, 1.000000, 0.000000,
	0.968715, 0.000000, 0.248175
$Cargo 1:  XSTR("Nothing", 13)
+Initial Velocity: 33
+Subsystem: Pilot
