#Mission Info

$Version: 0.10
$Name:  XSTR("More Than Bargained", 5078)
$Author: Colt
$Created: 01/16/19 at 19:44:23
$Modified: 06/16/20 at 00:14:56
$Notes:
This is a FRED2_OPEN created mission.
$End Notes:

$Mission Desc:
 XSTR("GTVA Command puts forth a plan to destroy a Shivan rallying point.
", 5079)
$end_multi_text
+Game Type Flags: 1
+Flags: 128
+Fog Near Mult: 1.000000

+Fog Far Mult: 1.000000

+Disallow Support: 0
+Hull Repair Ceiling: 0.000000
+Subsystem Repair Ceiling: 100.000000

+Viewer pos: -1321.813354, 2021.145264, -2266.325684
+Viewer orient:
	0.950963, -0.000016, -0.309305,
	0.233726, 0.655015, 0.718560,
	0.202588, -0.755616, 0.622898


$Load Screen 1024: WC3.png

$Skybox Model: StarField.pof
+Skybox Orientation:
	0.927184, 0.128123, 0.352015,
	-0.374607, 0.317116, 0.871268,
	0.000000, -0.939693, 0.342020

$AI Profile: FS2 RETAIL

#Sexp_variables

$Variables:
(
		0		"autoGenVar1"		"#Command"		"string"
		1		"autoGenVar2"		"Beam Turret"		"string"
)

#Fiction Viewer

$File: diary2.txt

#Command Briefing

#Briefing
$start_briefing
$num_stages: 4
$start_stage
$multi_text
 XSTR("At 22:20 a $f Vasudan recon wing detected a $y Moloch$|-class corvette, the $h Rusalka, in a $h Shivan-controlled area of $b Gamma $b Draconis. Shortly after the warship was joined by two cruisers and two fighter wings. Intelligence believes the $h Rusalka to be the center of a Shivan rally point, from which they'll use to launch an attack on either the $f Phoenicia or our positions in the system.", 5080)
$end_multi_text
$voice: none.wav
$camera_pos: -420.578613, 17797.195313, 2571.794434
$camera_orient:
	0.002020, -0.000017, 0.999998,
	-0.996406, 0.084688, 0.002014,
	-0.084688, -0.996408, 0.000154
$camera_time: 500
$num_lines: 0
$num_icons: 5
$Flags: 0
$Formula: ( true ) 
$start_icon
$type: 28
$team: Hostile
$class: SCv Moloch
$pos: -1981.829834, 2281.199219, 2643.757080
$label:  XSTR("Rusalka", 5081)
+id: 1
$hlight: 0
$mirror: 0
$multi_text
$end_multi_text
$end_icon
$start_icon
$type: 18
$team: Hostile
$class: SC Cain
$pos: -4019.676270, 1895.503906, -45.517822
$label:  XSTR("Solas", 5082)
+id: 2
$hlight: 0
$mirror: 0
$multi_text
$end_multi_text
$end_icon
$start_icon
$type: 18
$team: Hostile
$class: SC Cain
$pos: -131.218155, 1879.064453, -364.261963
$label:  XSTR("Charun", 5083)
+id: 3
$hlight: 0
$mirror: 0
$multi_text
$end_multi_text
$end_icon
$start_icon
$type: 1
$team: Hostile
$class: SF Mara
$pos: -3621.570313, 2462.988281, 4990.751465
$label:  XSTR("Gemini Wing", 5084)
+id: 4
$hlight: 0
$mirror: 0
$multi_text
$end_multi_text
$end_icon
$start_icon
$type: 1
$team: Hostile
$class: SF Manticore
$pos: -742.523621, 2975.666016, 4797.402344
$label:  XSTR("Capricorn Wing", 5085)
+id: 5
$hlight: 0
$mirror: 0
$multi_text
$end_multi_text
$end_icon
$end_stage
$start_stage
$multi_text
 XSTR("Petrarch doesn't want to give the $h Shivans room to breath, so we're launching a preemptive strike on this position. The plan will be divided into two stages. Stage one calls for our squadron and a $y Leviathan$|-class cruiser, the $f GTC $f Tannenberg, to enter the area some distance away from the rally point. We hope that the $h Shivans will try to engage our force with their cruisers. You must destroy whatever they sortie against the $f Tannenberg.

$f Alpha and $f Beta will fly assault while $f Gamma is on bomber duty. Alpha 1, you have command authority over the strike craft deployed during this mission, so if you see the need to adjust your pilots' loadouts then do so.", 5086)
$end_multi_text
$voice: none.wav
$camera_pos: -432.472168, 17797.197266, -3316.562500
$camera_orient:
	0.002020, -0.000017, 0.999998,
	-0.996406, 0.084688, 0.002014,
	-0.084688, -0.996408, 0.000154
$camera_time: 500
$num_lines: 0
$num_icons: 9
$Flags: 0
$Formula: ( true ) 
$start_icon
$type: 28
$team: Hostile
$class: SCv Moloch
$pos: -1981.829834, 2281.199219, 2643.757080
$label:  XSTR("Rusalka", 5081)
+id: 1
$hlight: 0
$mirror: 0
$multi_text
$end_multi_text
$end_icon
$start_icon
$type: 18
$team: Hostile
$class: SC Cain
$pos: -4019.676270, 1895.503906, -45.517822
$label:  XSTR("Solas", 5082)
+id: 2
$hlight: 0
$mirror: 0
$multi_text
$end_multi_text
$end_icon
$start_icon
$type: 18
$team: Hostile
$class: SC Cain
$pos: -131.218155, 1879.064453, -364.261963
$label:  XSTR("Charun", 5083)
+id: 3
$hlight: 0
$mirror: 0
$multi_text
$end_multi_text
$end_icon
$start_icon
$type: 1
$team: Hostile
$class: SF Mara
$pos: -3621.570313, 2462.988281, 4990.751465
$label:  XSTR("Gemini Wing", 5084)
+id: 4
$hlight: 0
$mirror: 0
$multi_text
$end_multi_text
$end_icon
$start_icon
$type: 1
$team: Hostile
$class: SF Manticore
$pos: -742.523621, 2975.666016, 4797.402344
$label:  XSTR("Capricorn Wing", 5085)
+id: 5
$hlight: 0
$mirror: 0
$multi_text
$end_multi_text
$end_icon
$start_icon
$type: 18
$team: Friendly
$class: GTC Leviathan
$pos: -1985.223267, 0.000000, -8396.835938
$label:  XSTR("Tannenberg", 5087)
+id: 6
$hlight: 0
$mirror: 1
$multi_text
$end_multi_text
$end_icon
$start_icon
$type: 1
$team: Friendly
$class: GTF Hercules Mark II
$pos: -2157.189453, 0.000000, -4830.679688
$label:  XSTR("Alpha", 4822)
+id: 7
$hlight: 0
$mirror: 0
$multi_text
$end_multi_text
$end_icon
$start_icon
$type: 17
$team: Friendly
$class: GTB Artemis
$pos: -30.163879, -24.123047, -6679.618164
$label:  XSTR("Gamma", 5088)
+id: 8
$hlight: 0
$mirror: 0
$multi_text
$end_multi_text
$end_icon
$start_icon
$type: 1
$team: Friendly
$class: GTF Hercules Mark II
$pos: -3761.840576, -24.326172, -6852.131836
$label:  XSTR("Beta", 5023)
+id: 9
$hlight: 0
$mirror: 0
$multi_text
$end_multi_text
$end_icon
$end_stage
$start_stage
$multi_text
 XSTR("Once the immediate threat has been destroyed, we'll send in the $f GTCv $f Guadalcanal. Stage two will involve an assault on the $h Rusalka. Once that vessel is destroyed, you will hold your position and destroy whatever forces the Shivans send your way.", 5089)
$end_multi_text
$voice: none.wav
$camera_pos: -200.132828, 20401.406250, 2126.444092
$camera_orient:
	0.002020, -0.000017, 0.999998,
	-0.996406, 0.084688, 0.002014,
	-0.084688, -0.996408, 0.000154
$camera_time: 500
$num_lines: 0
$num_icons: 6
$Flags: 0
$Formula: ( true ) 
$start_icon
$type: 18
$team: Friendly
$class: GTC Leviathan
$pos: -946.016052, 0.000000, 2399.051758
$label:  XSTR("Tannenberg", 5087)
+id: 6
$hlight: 0
$mirror: 1
$multi_text
$end_multi_text
$end_icon
$start_icon
$type: 1
$team: Friendly
$class: GTF Hercules Mark II
$pos: -2575.728271, 0.000000, 6981.914063
$label:  XSTR("Alpha", 4822)
+id: 7
$hlight: 0
$mirror: 0
$multi_text
$end_multi_text
$end_icon
$start_icon
$type: 17
$team: Friendly
$class: GTB Artemis
$pos: -567.604919, -24.123047, 5552.631836
$label:  XSTR("Gamma", 5088)
+id: 8
$hlight: 0
$mirror: 0
$multi_text
$end_multi_text
$end_icon
$start_icon
$type: 1
$team: Friendly
$class: GTF Hercules Mark II
$pos: -4460.841309, -24.320313, 2375.968750
$label:  XSTR("Beta", 5023)
+id: 9
$hlight: 0
$mirror: 0
$multi_text
$end_multi_text
$end_icon
$start_icon
$type: 28
$team: Friendly
$class: GTCv Deimos
$pos: -2482.031982, 1460.937500, 417.581177
$label:  XSTR("Guadalcanal", 5090)
+id: 10
$hlight: 0
$mirror: 1
$multi_text
$end_multi_text
$end_icon
$start_icon
$type: 28
$team: Hostile
$class: SCv Moloch
$pos: -2285.275391, 2281.201172, 3616.909180
$label:  XSTR("Rusalka", 5081)
+id: 14
$hlight: 0
$mirror: 0
$multi_text
$end_multi_text
$end_icon
$end_stage
$start_stage
$multi_text
 XSTR("Depending on the situation, reinforcements will be sent in should things get hot. With this operation we hope to shatter the Shivans operational cohesion.

I also have good news. Our squadron has finally received some new equipment, courtesy of the $f Aquitaine's Weapons Officer. The $y GTM-55 $y Trebuchet, the $y GTW-66 $y Maxim and the $y GTW-83 $y Lamprey $y Cannon are available. The $y Trebuchet is an aspect-seaking missile with a range of over 5 klicks, and useful against bombers and warship turrets. The $y Maxim is a particle accelerator cannon that fires uranium slugs. It's terrible against shields, but will shred hull armour and is useful for disarming enemy turrets at range much like the Treb. Finally, the $y Lamprey drains the energy reserves of whoever's at the receiving end of it. Use these weapons how you see fit.

That is all. Good luck out there pilots.", 5091)
$end_multi_text
$voice: none.wav
$camera_pos: -200.132828, 20401.406250, 2126.444092
$camera_orient:
	0.002020, -0.000017, 0.999998,
	-0.996406, 0.084688, 0.002014,
	-0.084688, -0.996408, 0.000154
$camera_time: 500
$num_lines: 0
$num_icons: 8
$Flags: 0
$Formula: ( true ) 
$start_icon
$type: 18
$team: Friendly
$class: GTC Leviathan
$pos: -946.016052, 0.000000, 2399.051758
$label:  XSTR("Tannenberg", 5087)
+id: 6
$hlight: 0
$mirror: 1
$multi_text
$end_multi_text
$end_icon
$start_icon
$type: 1
$team: Friendly
$class: GTF Hercules Mark II
$pos: -2575.728271, 0.000000, 6981.914063
$label:  XSTR("Alpha", 4822)
+id: 7
$hlight: 0
$mirror: 0
$multi_text
$end_multi_text
$end_icon
$start_icon
$type: 17
$team: Friendly
$class: GTB Artemis
$pos: -567.604919, -24.123047, 5552.631836
$label:  XSTR("Gamma", 5088)
+id: 8
$hlight: 0
$mirror: 0
$multi_text
$end_multi_text
$end_icon
$start_icon
$type: 1
$team: Friendly
$class: GTF Hercules Mark II
$pos: -4460.841309, -24.320313, 2375.968750
$label:  XSTR("Beta", 5023)
+id: 9
$hlight: 0
$mirror: 0
$multi_text
$end_multi_text
$end_icon
$start_icon
$type: 28
$team: Friendly
$class: GTCv Deimos
$pos: -2482.031982, 1460.937500, 417.581177
$label:  XSTR("Guadalcanal", 5090)
+id: 10
$hlight: 0
$mirror: 1
$multi_text
$end_multi_text
$end_icon
$start_icon
$type: 18
$team: Hostile
$class: SC Cain
$pos: 275.117859, -766.937500, -3164.314209
+id: 11
$hlight: 0
$mirror: 1
$multi_text
$end_multi_text
$end_icon
$start_icon
$type: 1
$team: Hostile
$class: SF Mara
$pos: -357.995483, 0.000000, 8761.023438
+id: 12
$hlight: 0
$mirror: 0
$multi_text
$end_multi_text
$end_icon
$start_icon
$type: 17
$team: Hostile
$class: SB Taurvi
$pos: -5093.945313, 0.000000, -1660.645508
+id: 13
$hlight: 0
$mirror: 0
$multi_text
$end_multi_text
$end_icon
$end_stage
$end_briefing

#Debriefing_info

$Num stages: 6

$Formula: ( and 
   ( is-goal-true-delay 
      "Survive Shivan ambush" 
      0 
   )
   ( is-goal-true-delay 
      "GTC Tannenberg survives" 
      0 
   )
   ( is-goal-true-delay 
      "Keep Guadalcanal hull above 25%" 
      0 
   )
)
$Multi text
    XSTR("Excellent work pilots. Against overwhelming odds, you managed to hold your position and protect the GTCv Guadalcanal and the GTC Tannenberg. Those warships were vulnerable while their drives were recharging, and without your assistance they would have surely been lost. Both ships are on their way back to Capella for repairs but are expected to return to the frontlines within two weeks. In addition to the six cruisers destroyed in your AO, allied forces report destroying another Shivan corvette and multiple cruisers elsewhere in the system.

The good news stops there though. All indications show that the Shivans are close, or already have, found the Phoenicia. Our analysts are already trying to determine where the SD Zabaniyya and the SCv Rusalka were heading off too. Time's running out, so be ready to be called at a moments notice.", 5092)
$end_multi_text
$Voice: none.wav
$Recommendation text:
    XSTR("", 3307)
$end_multi_text

$Formula: ( is-destroyed-delay 0 "Guadalcanal" ) 
$Multi text
    XSTR("We lost the Guadalcanal. With multiple Shivan vessels still active, our chances of saving the Phoenicia will put all of our losses in vain.", 5093)
$end_multi_text
$Voice: none.wav
$Recommendation text:
    XSTR("Alpha, Beta and Gamma wings' starting orders rely entirely on you. Cover your warships, and order Gamma to bomb enemy vessels. Disarm beams and destroy bomb(er)s.", 5094)
$end_multi_text

$Formula: ( and 
   ( is-goal-true-delay 
      "Survive Shivan ambush" 
      0 
   )
   ( is-goal-true-delay 
      "Keep Guadalcanal hull above 25%" 
      0 
   )
   ( not 
      ( is-goal-true-delay 
         "GTC Tannenberg survives" 
         0 
      )
   )
)
$Multi text
    XSTR("Against overwhelming odds, you managed to hold your position and protect the GTCv Guadalcanal. With its jump drive still recharging, the Guadalcanal would not have made it out without your assistance. The corvette is on its way back to Capella for repairs but is expected to return to the frontlines within two weeks. In addition to the six cruisers destroyed in your AO, allied forces report destroying another Shivan corvette and multiple cruisers elsewhere in the system.

The GTC Tannenberg was destroyed during your engagement. While you all did your best, this loss will be hard for us to swallow. We must find the Phoenicia. It's what the crew of the Tannenberg would have wanted.

All indications show that the Shivans are close, or already have, found the Phoenicia. Our analysts are already trying to determine where the SD Zabaniyya and the SCv Rusalka were heading off too. Time's running out, so be ready to be called at a moments notice.

", 5095)
$end_multi_text
$Voice: none.wav
$Recommendation text:
    XSTR("The Tannenberg will likely suffer damage from the earlier engagement. Order Gamma to destroy the cruisers and focus on Aries wing. Keep a wing covering the Leviathan during the rest of the mission.", 5096)
$end_multi_text

$Formula: ( and 
   ( is-goal-true-delay 
      "Survive Shivan ambush" 
      0 
   )
   ( is-goal-true-delay 
      "GTC Tannenberg survives" 
      0 
   )
   ( not 
      ( is-goal-true-delay 
         "Keep Guadalcanal hull above 25%" 
         0 
      )
   )
)
$Multi text
    XSTR("Excellent work pilots. Against overwhelming odds, you managed to hold your position and protect the GTCv Guadalcanal and the GTC Tannenberg. Those warships were vulnerable while their drives were recharging, and without your assistance they would have surely been lost. In addition to the six cruisers destroyed in your AO, allied forces report destroying another Shivan corvette and multiple cruisers elsewhere in the system.

The Guadalcanal took heavy damage during that engagement, and early assesments show that the ship may be on its way to the scrapyard. Regardless, the crew of the Deimos survived, for which they are thankful.

All indications show that the Shivans are close, or already have, found the Phoenicia. Our analysts are already trying to determine where the SD Zabaniyya and the SCv Rusalka were heading off too. Time's running out, so be ready to be called at a moments notice.", 5097)
$end_multi_text
$Voice: none.wav
$Recommendation text:
    XSTR("The Guadalcanal would have been saved from being scrapped if it's hull was kept above 25%. Disarming the beams on the Pithius and the Vanth should help.", 5098)
$end_multi_text

$Formula: ( and 
   ( is-goal-true-delay 
      "Survive Shivan ambush" 
      0 
   )
   ( not 
      ( is-goal-true-delay 
         "Keep Guadalcanal hull above 25%" 
         0 
      )
   )
   ( not 
      ( is-goal-true-delay 
         "GTC Tannenberg survives" 
         0 
      )
   )
)
$Multi text
    XSTR("Against overwhelming odds, you managed to hold your position and protect the GTCv Guadalcanal. The Guadalcanal took heavy damage during that engagement, and early assesments show that the ship may be on its way to the scrapyard. Regardless, the crew of the Deimos survived, for which they are thankful. In addition to the six cruisers destroyed in your AO, allied forces report destroying another Shivan corvette and multiple cruisers elsewhere in the system.

The GTC Tannenberg was destroyed during your engagement. While you all did your best, this loss will be hard for us to swallow. We must find the Phoenicia. It's what the crew of the Tannenberg would want.

All indications show that the Shivans are close, or already have, found the Phoenicia. Our analysts are already trying to determine where the SD Zabaniyya and the SCv Rusalka were heading off too. Time's running out, so be ready to be called at a moments notice.", 5099)
$end_multi_text
$Voice: none.wav
$Recommendation text:
    XSTR("The Guadalcanal would have been saved from being scrapped if it's hull is kept above 25%. Disarming the beams on the Pithius and the Vanth should help. 

The Tannenberg will likely suffer damage from the earlier engagement. Order Gamma to destroy the cruisers and focus on Aries wing. Keep a wing covering the Leviathan during the rest of the mission.", 5100)
$end_multi_text

$Formula: ( and 
   ( not 
      ( is-goal-true-delay 
         "Survive Shivan ambush" 
         0 
      )
   )
   ( not 
      ( is-event-true-delay 
         "area cleared" 
         0 
      )
   )
   ( >= ( hits-left "Guadalcanal" ) 1 ) 
)
$Multi text
    XSTR("What the hell were you thinking pilot? You were given authority of our strike craft this mission! You will be sitting in the brig until you're shipped back to Capella for a court-martial. ", 5101)
$end_multi_text
$Voice: none.wav
$Recommendation text:
    XSTR("", 3307)
$end_multi_text

#Players		;! 1 total

$Starting Shipname: Alpha 1
$Ship Choices: (
	"GTF Ulysses"	10
	"GTF Hercules"	10
	"GTF Hercules Mark II"	3
	"GTF Loki"	10
	"GTF Perseus"	10
	"GTF Myrmidon"	10
	"GTB Artemis"	7
	"GTB Artemis D.H."	1
	"GTB Zeus"	10
)

+Weaponry Pool: (
	"Subach HL-7"	26
	"Akheton SDG"	16
	"Morning Star"	16
	"Prometheus R"	16
	"Prometheus S"	23
	"Maxim"	16
	"Lamprey"	16
	"Rockeye"	500
	"Tempest"	1000
	"Hornet"	1520
	"Tornado"	740
	"Harpoon"	692
	"Trebuchet"	60
	"Piranha"	50
	"Stiletto II"	100
	"Cyclops"	124
	"EMP Adv."	100
)

#Objects		;! 82 total

$Name: Alpha 1		;! Object #0
$Display Name: XSTR("Alpha 1", 4842)
$Class: GTF Hercules Mark II
$Team: Friendly
$Location: -808.374634, 0.000000, -816.911499
$Orientation:
	0.166562, 0.073766, 0.983267,
	0.825790, 0.534485, -0.179984,
	-0.538819, 0.841951, 0.028110
$AI Behavior: None
$Cargo 1:  XSTR("Nothing", 4843)
+Initial Hull: 100
+Subsystem: Pilot
+Primary Banks: ( "Subach HL-7" "Prometheus S" )
+Secondary Banks: ( "Trebuchet" "Tornado" )
$Arrival Location: Hyperspace
$Arrival Cue: ( false ) 
$Departure Location: Hyperspace
$Departure Cue: ( false ) 
$Determination: 10
+Flags: ( "cargo-known" "player-start" )
+Flags2: ( )
+Respawn priority: 0
+Orders Accepted: 33023		;! note that this is a bitfield!!!
+Group: 0
+Score: 8

$Name: Alpha 2		;! Object #1
$Display Name: XSTR("Alpha 2", 4844)
$Class: GTF Hercules Mark II
$Team: Friendly
$Location: -772.123108, -90.098175, -918.111084
$Orientation:
	0.166562, 0.073766, 0.983268,
	0.825791, 0.534486, -0.179984,
	-0.538820, 0.841952, 0.028110
$AI Behavior: None
+AI Class: Major
$Cargo 1:  XSTR("Nothing", 4843)
+Initial Hull: 100
+Subsystem: Pilot
+Primary Banks: ( "Subach HL-7" "Prometheus S" )
+Secondary Banks: ( "Harpoon" "Tornado" )
$Arrival Location: Hyperspace
$Arrival Cue: ( false ) 
$Departure Location: Hyperspace
$Departure Cue: ( false ) 
$Determination: 10
+Flags: ( "cargo-known" )
+Flags2: ( )
+Respawn priority: 0
+Orders Accepted: 33023		;! note that this is a bitfield!!!
+Group: 0
+Score: 10
+Persona Index: 0

$Name: Alpha 3		;! Object #2
$Display Name: XSTR("Alpha 3", 4845)
$Class: GTF Hercules Mark II
$Team: Friendly
$Location: -738.922974, -74.467781, -719.339294
$Orientation:
	0.166562, 0.073766, 0.983268,
	0.825791, 0.534486, -0.179984,
	-0.538820, 0.841952, 0.028110
$AI Behavior: None
+AI Class: Major
$Cargo 1:  XSTR("Nothing", 4843)
+Initial Hull: 100
+Subsystem: Pilot
+Primary Banks: ( "Subach HL-7" "Prometheus S" )
+Secondary Banks: ( "Harpoon" "Tornado" )
$Arrival Location: Hyperspace
$Arrival Cue: ( false ) 
$Departure Location: Hyperspace
$Departure Cue: ( false ) 
$Determination: 10
+Flags: ( "cargo-known" )
+Flags2: ( )
+Respawn priority: 0
+Orders Accepted: 33023		;! note that this is a bitfield!!!
+Group: 0
+Score: 10
+Persona Index: 1

$Name: Rusalka		;! Object #3
$Display Name: XSTR("Rusalka", 5081)
$Class: SCv Moloch
$Team: Hostile
$Location: -4239.872559, 7372.090820, 2130.604248
$Orientation:
	0.271318, -0.274247, -0.922592,
	0.087483, 0.961606, -0.260117,
	0.958506, -0.010137, 0.284893
$AI Behavior: None
$Cargo 1:  XSTR("Nothing", 4843)
+Initial Velocity: 33
+Initial Hull: 100
+Initial Shields: 100
+Subsystem: Pilot
+Subsystem: turret01
+Subsystem: turret02
+Subsystem: turret03
+Subsystem: turret04
+Subsystem: turret05
+Subsystem: turret06
+Subsystem: turret07
+Subsystem: turret08
+Subsystem: turret09
+Subsystem: turret10
+Subsystem: turret11
+Subsystem: turret12
+Subsystem: turret13
+Subsystem: turret14
+Subsystem: turret15
+Subsystem: turret16
$Arrival Location: Hyperspace
$Arrival Cue: ( true ) 
$Departure Location: Hyperspace
$Departure Cue: ( is-event-true-delay 
   "1st phase complete" 
   26 
)
$Determination: 10
+Flags: ( "protect-ship" "no-shields" "escort" "beam-protect-ship" "flak-protect-ship" "laser-protect-ship" "missile-protect-ship" )
+Flags2: ( )
+Respawn priority: 0
+Escort priority: 89
+Orders Accepted: 0		;! note that this is a bitfield!!!
+Group: 0
+Use Table Score:
+Score: 440

$Name: Solas		;! Object #4
$Display Name: XSTR("Solas", 5082)
$Class: SC Cain
$Team: Hostile
$Location: -4272.319824, 6150.567383, 943.079346
$Orientation:
	-0.140710, -0.352734, -0.925083,
	0.130313, 0.919652, -0.370485,
	0.981438, -0.172681, -0.083438
$AI Behavior: None
$AI Goals: ( goals ( ai-waypoints-once "Waypoint path 5" 90 ) )
$Cargo 1:  XSTR("Nothing", 4843)
+Initial Velocity: 33
+Initial Hull: 100
+Initial Shields: 100
+Subsystem: Pilot
+Subsystem: turret01
+Subsystem: turret02
+Subsystem: turret03
+Subsystem: turret04
+Subsystem: turret05
+Subsystem: turret06
+Subsystem: turret07
+Subsystem: turret08
+Subsystem: turret09
$Arrival Location: Hyperspace
$Arrival Cue: ( true ) 
$Departure Location: Hyperspace
$Departure Cue: ( false ) 
$Determination: 10
+Flags: ( "no-shields" "escort" )
+Flags2: ( )
+Respawn priority: 0
+Escort priority: 88
+Orders Accepted: 0		;! note that this is a bitfield!!!
+Group: 0
+Use Table Score:
+Score: 150

$Name: Zabaniyya		;! Object #5
$Display Name: XSTR("Zabaniyya", 5102)
$Class: SD Demon
$Team: Hostile
$Location: 9632.882813, -2897.706543, 4269.813965
$Orientation:
	-0.575955, -0.322932, 0.750994,
	0.479180, 0.610932, 0.630198,
	-0.662317, 0.722826, -0.197127
$AI Behavior: None
$Cargo 1:  XSTR("Nothing", 4843)
+Initial Velocity: 33
+Initial Hull: 100
+Initial Shields: 100
+Subsystem: Pilot
+Subsystem: turret01-base
+Subsystem: turret02-base
+Subsystem: turret03a-base
+Subsystem: turret04-base
+Subsystem: turret05-base
+Subsystem: turret06a-base
+Subsystem: turret07a-base
+Subsystem: turret08-base
+Subsystem: turret09-base
+Subsystem: turret10-base
+Subsystem: turret11-base
+Subsystem: turret12-base
+Subsystem: turret13-base
+Subsystem: turret14-base
+Subsystem: turret15-base
+Subsystem: turret16-base
+Subsystem: turret17-base
+Subsystem: turret18-base
+Subsystem: turret19-base
+Subsystem: turret20-base
+Subsystem: turret21-base
+Subsystem: turret22
+Subsystem: turret23
+Subsystem: turret24
+Subsystem: turret25
+Subsystem: turret26
$Arrival Location: Hyperspace
$Arrival Cue: ( is-destroyed-delay 15 "Lamia" ) 
$Departure Location: Hyperspace
$Departure Cue: ( has-arrived-delay 30 "Pithius" ) 
$Determination: 10
+Flags: ( "protect-ship" "no-shields" "escort" "beam-protect-ship" "flak-protect-ship" "laser-protect-ship" "missile-protect-ship" )
+Flags2: ( )
+Respawn priority: 0
+Escort priority: 80
+Orders Accepted: 0		;! note that this is a bitfield!!!
+Group: 0
+Use Table Score:
+Score: 840

$Name: Tannenberg		;! Object #6
$Display Name: XSTR("Tannenberg", 5087)
$Class: GTC Leviathan
$Team: Friendly
$Location: -1466.874268, 660.675903, -574.692749
$Orientation:
	-0.200275, -0.170231, 0.964838,
	0.834993, 0.485506, 0.258983,
	-0.512521, 0.857500, 0.044907
$AI Behavior: None
$AI Goals: ( goals ( ai-waypoints-once "Waypoint path 3" 90 ) )
$Cargo 1:  XSTR("Nothing", 4843)
+Initial Hull: 100
+Initial Shields: 100
+Subsystem: Pilot
+Subsystem: turret01
+Subsystem: turret02
+Subsystem: turret03
+Subsystem: turret04
+Subsystem: turret05
+Subsystem: turret06
+Subsystem: turret07
+Subsystem: turret08
+Subsystem: turret09a-01-main
$Arrival Location: Hyperspace
$Arrival Cue: ( has-time-elapsed 4 ) 
$Departure Location: Hyperspace
$Departure Cue: ( false ) 
$Determination: 10
+Flags: ( "cargo-known" "no-shields" "escort" )
+Flags2: ( )
+Respawn priority: 0
+Escort priority: 90
+Orders Accepted: 0		;! note that this is a bitfield!!!
+Group: 0
+Use Table Score:
+Score: 200
$Texture Replace:
+old: nameplate
+new: gtc_tannenberg

$Name: Charun		;! Object #7
$Display Name: XSTR("Charun", 5083)
$Class: SC Cain
$Team: Hostile
$Location: -3815.878906, 6013.127441, 1969.934082
$Orientation:
	0.277761, 0.953498, -0.117005,
	0.783443, -0.154351, 0.601992,
	0.555937, -0.258877, -0.789884
$AI Behavior: None
$AI Goals: ( goals ( ai-waypoints-once "Waypoint path 4" 90 ) )
$Cargo 1:  XSTR("Nothing", 4843)
+Initial Velocity: 33
+Initial Hull: 100
+Initial Shields: 100
+Subsystem: Pilot
+Subsystem: turret01
+Subsystem: turret02
+Subsystem: turret03
+Subsystem: turret04
+Subsystem: turret05
+Subsystem: turret06
+Subsystem: turret07
+Subsystem: turret08
+Subsystem: turret09
$Arrival Location: Hyperspace
$Arrival Cue: ( true ) 
$Departure Location: Hyperspace
$Departure Cue: ( false ) 
$Determination: 10
+Flags: ( "no-shields" "escort" )
+Flags2: ( )
+Respawn priority: 0
+Escort priority: 87
+Orders Accepted: 0		;! note that this is a bitfield!!!
+Group: 0
+Use Table Score:
+Score: 150

$Name: Beta 1		;! Object #8
$Display Name: XSTR("Beta 1", 5034)
$Class: GTF Hercules Mark II
$Team: Friendly
$Location: -1055.420898, 789.508362, -728.130188
$Orientation:
	-0.200275, -0.170231, 0.964838,
	0.834993, 0.485506, 0.258983,
	-0.512521, 0.857500, 0.044907
$AI Behavior: None
$Cargo 1:  XSTR("Nothing", 4843)
+Initial Velocity: 33
+Initial Hull: 100
+Subsystem: Pilot
+Primary Banks: ( "Subach HL-7" "Prometheus S" )
$Arrival Location: Hyperspace
$Arrival Cue: ( false ) 
$Departure Location: Hyperspace
$Departure Cue: ( false ) 
$Determination: 10
+Flags: ( "cargo-known" )
+Flags2: ( )
+Respawn priority: 0
+Group: 0
+Use Table Score:
+Score: 12

$Name: Beta 2		;! Object #9
$Display Name: XSTR("Beta 2", 5035)
$Class: GTF Hercules Mark II
$Team: Friendly
$Location: -968.010071, 693.106995, -798.006287
$Orientation:
	-0.200275, -0.170231, 0.964838,
	0.834993, 0.485506, 0.258983,
	-0.512521, 0.857500, 0.044907
$AI Behavior: None
$Cargo 1:  XSTR("Nothing", 4843)
+Initial Velocity: 33
+Initial Hull: 100
+Subsystem: Pilot
+Primary Banks: ( "Subach HL-7" "Prometheus S" )
$Arrival Location: Hyperspace
$Arrival Cue: ( false ) 
$Departure Location: Hyperspace
$Departure Cue: ( false ) 
$Determination: 10
+Flags: ( "cargo-known" )
+Flags2: ( )
+Respawn priority: 0
+Group: 0
+Use Table Score:
+Score: 12

$Name: Beta 3		;! Object #10
$Display Name: XSTR("Beta 3", 5036)
$Class: GTF Hercules Mark II
$Team: Friendly
$Location: -990.947327, 758.136963, -607.389038
$Orientation:
	-0.200275, -0.170231, 0.964838,
	0.834993, 0.485506, 0.258983,
	-0.512521, 0.857500, 0.044907
$AI Behavior: None
$Cargo 1:  XSTR("Nothing", 4843)
+Initial Velocity: 33
+Initial Hull: 100
+Subsystem: Pilot
+Primary Banks: ( "Subach HL-7" "Prometheus S" )
$Arrival Location: Hyperspace
$Arrival Cue: ( false ) 
$Departure Location: Hyperspace
$Departure Cue: ( false ) 
$Determination: 10
+Flags: ( "cargo-known" )
+Flags2: ( )
+Respawn priority: 0
+Group: 0
+Use Table Score:
+Score: 12

$Name: Beta 4		;! Object #11
$Display Name: XSTR("Beta 4", 5041)
$Class: GTF Hercules Mark II
$Team: Friendly
$Location: -903.595337, 662.946228, -672.256714
$Orientation:
	-0.200275, -0.170231, 0.964838,
	0.834993, 0.485506, 0.258983,
	-0.512521, 0.857500, 0.044907
$AI Behavior: None
$Cargo 1:  XSTR("Nothing", 4843)
+Initial Velocity: 33
+Initial Hull: 100
+Subsystem: Pilot
+Primary Banks: ( "Subach HL-7" "Prometheus S" )
$Arrival Location: Hyperspace
$Arrival Cue: ( false ) 
$Departure Location: Hyperspace
$Departure Cue: ( false ) 
$Determination: 10
+Flags: ( "cargo-known" )
+Flags2: ( )
+Respawn priority: 0
+Group: 0
+Use Table Score:
+Score: 12

$Name: Gamma 1		;! Object #12
$Display Name: XSTR("Gamma 1", 4901)
$Class: GTB Artemis
$Team: Friendly
$Location: -1344.585693, 646.326355, -1087.136230
$Orientation:
	-0.200275, -0.170231, 0.964838,
	0.834993, 0.485506, 0.258983,
	-0.512521, 0.857500, 0.044907
$AI Behavior: None
$Cargo 1:  XSTR("Nothing", 4843)
+Initial Velocity: 33
+Initial Hull: 100
+Subsystem: Pilot
+Secondary Banks: ( "Hornet" "Cyclops" "Cyclops" )
$Arrival Location: Hyperspace
$Arrival Cue: ( false ) 
$Departure Location: Hyperspace
$Departure Cue: ( false ) 
$Determination: 10
+Flags: ( "cargo-known" )
+Flags2: ( )
+Respawn priority: 0
+Group: 0
+Use Table Score:
+Score: 10

$Name: Gamma 2		;! Object #13
$Display Name: XSTR("Gamma 2", 4902)
$Class: GTB Artemis
$Team: Friendly
$Location: -1259.047119, 552.920227, -1151.485352
$Orientation:
	-0.200275, -0.170231, 0.964838,
	0.834993, 0.485506, 0.258983,
	-0.512521, 0.857500, 0.044907
$AI Behavior: None
$Cargo 1:  XSTR("Nothing", 4843)
+Initial Velocity: 33
+Initial Hull: 100
+Subsystem: Pilot
+Secondary Banks: ( "Hornet" "Cyclops" "Cyclops" )
$Arrival Location: Hyperspace
$Arrival Cue: ( false ) 
$Departure Location: Hyperspace
$Departure Cue: ( false ) 
$Determination: 10
+Flags: ( "cargo-known" )
+Flags2: ( )
+Respawn priority: 0
+Group: 0
+Use Table Score:
+Score: 10

$Name: Gamma 3		;! Object #14
$Display Name: XSTR("Gamma 3", 4903)
$Class: GTB Artemis
$Team: Friendly
$Location: -1281.723022, 616.951477, -964.146179
$Orientation:
	-0.200275, -0.170231, 0.964838,
	0.834993, 0.485506, 0.258983,
	-0.512521, 0.857500, 0.044907
$AI Behavior: None
$Cargo 1:  XSTR("Nothing", 4843)
+Initial Velocity: 33
+Initial Hull: 100
+Subsystem: Pilot
+Secondary Banks: ( "Hornet" "Cyclops" "Cyclops" )
$Arrival Location: Hyperspace
$Arrival Cue: ( false ) 
$Departure Location: Hyperspace
$Departure Cue: ( false ) 
$Determination: 10
+Flags: ( "cargo-known" )
+Flags2: ( )
+Respawn priority: 0
+Group: 0
+Use Table Score:
+Score: 10

$Name: Capricorn 1		;! Object #15
$Display Name: XSTR("Capricorn 1", 4885)
$Class: SF Manticore
$Team: Hostile
$Location: -4492.931152, 7971.735352, 1876.165161
$Orientation:
	0.840801, -0.446451, -0.306163,
	-0.059795, 0.485506, -0.872186,
	0.538032, 0.751642, 0.381518
$AI Behavior: None
$Cargo 1:  XSTR("Nothing", 4843)
+Initial Velocity: 33
+Subsystem: Pilot
$Arrival Location: Hyperspace
$Arrival Cue: ( false ) 
$Departure Location: Hyperspace
$Departure Cue: ( false ) 
$Determination: 10
+Flags: ( )
+Flags2: ( )
+Respawn priority: 0
+Orders Accepted: 0		;! note that this is a bitfield!!!
+Group: 0
+Use Table Score:
+Score: 12

$Name: Capricorn 2		;! Object #16
$Display Name: XSTR("Capricorn 2", 4886)
$Class: SF Manticore
$Team: Hostile
$Location: -4591.338867, 8059.245605, 1821.993286
$Orientation:
	0.840801, -0.446451, -0.306163,
	-0.059795, 0.485506, -0.872186,
	0.538032, 0.751642, 0.381518
$AI Behavior: None
$Cargo 1:  XSTR("Nothing", 4843)
+Initial Velocity: 33
+Subsystem: Pilot
$Arrival Location: Hyperspace
$Arrival Cue: ( false ) 
$Departure Location: Hyperspace
$Departure Cue: ( false ) 
$Determination: 10
+Flags: ( )
+Flags2: ( )
+Respawn priority: 0
+Orders Accepted: 0		;! note that this is a bitfield!!!
+Group: 0
+Use Table Score:
+Score: 12

$Name: Capricorn 3		;! Object #17
$Display Name: XSTR("Capricorn 3", 4887)
$Class: SF Manticore
$Team: Hostile
$Location: -4462.945801, 7926.495117, 1738.280884
$Orientation:
	0.840801, -0.446451, -0.306163,
	-0.059795, 0.485506, -0.872186,
	0.538032, 0.751642, 0.381518
$AI Behavior: None
$Cargo 1:  XSTR("Nothing", 4843)
+Initial Velocity: 33
+Subsystem: Pilot
$Arrival Location: Hyperspace
$Arrival Cue: ( false ) 
$Departure Location: Hyperspace
$Departure Cue: ( false ) 
$Determination: 10
+Flags: ( )
+Flags2: ( )
+Respawn priority: 0
+Orders Accepted: 0		;! note that this is a bitfield!!!
+Group: 0
+Use Table Score:
+Score: 12

$Name: Capricorn 4		;! Object #18
$Display Name: XSTR("Capricorn 4", 4888)
$Class: SF Manticore
$Team: Hostile
$Location: -4689.927246, 8147.400391, 1771.617310
$Orientation:
	0.840801, -0.446451, -0.306163,
	-0.059795, 0.485506, -0.872186,
	0.538032, 0.751642, 0.381518
$AI Behavior: None
$Cargo 1:  XSTR("Nothing", 4843)
+Initial Velocity: 33
+Subsystem: Pilot
$Arrival Location: Hyperspace
$Arrival Cue: ( false ) 
$Departure Location: Hyperspace
$Departure Cue: ( false ) 
$Determination: 10
+Flags: ( )
+Flags2: ( )
+Respawn priority: 0
+Orders Accepted: 0		;! note that this is a bitfield!!!
+Group: 0
+Use Table Score:
+Score: 12

$Name: Gemini 1		;! Object #19
$Display Name: XSTR("Gemini 1", 4878)
$Class: SF Mara
$Team: Hostile
$Location: -4537.991211, 7185.130859, 890.852661
$Orientation:
	-0.341518, -0.446451, -0.827071,
	-0.868869, 0.485506, 0.096702,
	0.358375, 0.751642, -0.553716
$AI Behavior: None
$Cargo 1:  XSTR("Nothing", 4843)
+Initial Velocity: 33
+Initial Hull: 100
+Subsystem: Pilot
$Arrival Location: Hyperspace
$Arrival Cue: ( false ) 
$Departure Location: Hyperspace
$Departure Cue: ( false ) 
$Determination: 10
+Flags: ( )
+Flags2: ( )
+Respawn priority: 0
+Orders Accepted: 0		;! note that this is a bitfield!!!
+Group: 0
+Use Table Score:
+Score: 12

$Name: Gemini 2		;! Object #20
$Display Name: XSTR("Gemini 2", 4879)
$Class: SF Mara
$Team: Hostile
$Location: -4559.888184, 7222.193848, 1024.762451
$Orientation:
	-0.341518, -0.446451, -0.827071,
	-0.868869, 0.485506, 0.096702,
	0.358375, 0.751642, -0.553716
$AI Behavior: None
$Cargo 1:  XSTR("Nothing", 4843)
+Initial Velocity: 33
+Initial Hull: 100
+Subsystem: Pilot
$Arrival Location: Hyperspace
$Arrival Cue: ( false ) 
$Departure Location: Hyperspace
$Departure Cue: ( false ) 
$Determination: 10
+Flags: ( )
+Flags2: ( )
+Respawn priority: 0
+Orders Accepted: 0		;! note that this is a bitfield!!!
+Group: 0
+Use Table Score:
+Score: 12

$Name: Gemini 3		;! Object #21
$Display Name: XSTR("Gemini 3", 4880)
$Class: SF Mara
$Team: Hostile
$Location: -4636.814941, 7272.890137, 835.785400
$Orientation:
	-0.341518, -0.446451, -0.827071,
	-0.868869, 0.485506, 0.096702,
	0.358375, 0.751642, -0.553716
$AI Behavior: None
$Cargo 1:  XSTR("Nothing", 4843)
+Initial Velocity: 33
+Initial Hull: 100
+Subsystem: Pilot
$Arrival Location: Hyperspace
$Arrival Cue: ( false ) 
$Departure Location: Hyperspace
$Departure Cue: ( false ) 
$Determination: 10
+Flags: ( )
+Flags2: ( )
+Respawn priority: 0
+Orders Accepted: 0		;! note that this is a bitfield!!!
+Group: 0
+Use Table Score:
+Score: 12

$Name: Gemini 4		;! Object #22
$Display Name: XSTR("Gemini 4", 5103)
$Class: SF Mara
$Team: Hostile
$Location: -4587.812012, 7264.409668, 1153.856323
$Orientation:
	-0.341518, -0.446451, -0.827071,
	-0.868869, 0.485506, 0.096702,
	0.358375, 0.751642, -0.553716
$AI Behavior: None
$Cargo 1:  XSTR("Nothing", 4843)
+Initial Velocity: 33
+Initial Hull: 100
+Subsystem: Pilot
$Arrival Location: Hyperspace
$Arrival Cue: ( false ) 
$Departure Location: Hyperspace
$Departure Cue: ( false ) 
$Determination: 10
+Flags: ( )
+Flags2: ( )
+Respawn priority: 0
+Orders Accepted: 0		;! note that this is a bitfield!!!
+Group: 0
+Use Table Score:
+Score: 12

$Name: Aries 1		;! Object #23
$Display Name: XSTR("Aries 1", 4850)
$Class: SB Nahema
$Team: Hostile
$Location: -6126.615723, 5566.650391, 3208.632324
$Orientation:
	-0.476521, -0.446451, -0.757370,
	-0.839984, 0.485505, 0.242306,
	0.259530, 0.751642, -0.606365
$AI Behavior: None
$Cargo 1:  XSTR("Nothing", 4843)
+Initial Velocity: 33
+Initial Hull: 100
+Subsystem: Pilot
+Secondary Banks: ( "Shivan Weak Bomb" "Shivan Weak Bomb" "Piranha#Shivan" )
$Arrival Location: Hyperspace
$Arrival Cue: ( false ) 
$Departure Location: Hyperspace
$Departure Cue: ( false ) 
$Determination: 10
+Flags: ( )
+Flags2: ( )
+Respawn priority: 0
+Orders Accepted: 0		;! note that this is a bitfield!!!
+Group: 0
+Use Table Score:
+Score: 14

$Name: Aries 2		;! Object #24
$Display Name: XSTR("Aries 2", 4851)
$Class: SB Nahema
$Team: Hostile
$Location: -6135.032227, 5591.605957, 3348.904785
$Orientation:
	-0.476521, -0.446451, -0.757370,
	-0.839984, 0.485505, 0.242306,
	0.259530, 0.751642, -0.606365
$AI Behavior: None
$Cargo 1:  XSTR("Nothing", 4843)
+Initial Velocity: 33
+Initial Hull: 100
+Subsystem: Pilot
+Secondary Banks: ( "Shivan Weak Bomb" "Shivan Weak Bomb" "Piranha#Shivan" )
$Arrival Location: Hyperspace
$Arrival Cue: ( false ) 
$Departure Location: Hyperspace
$Departure Cue: ( false ) 
$Determination: 10
+Flags: ( )
+Flags2: ( )
+Respawn priority: 0
+Orders Accepted: 0		;! note that this is a bitfield!!!
+Group: 0
+Use Table Score:
+Score: 14

$Name: Aries 3		;! Object #25
$Display Name: XSTR("Aries 3", 4852)
$Class: SB Nahema
$Team: Hostile
$Location: -6227.933105, 5660.758789, 3186.139648
$Orientation:
	-0.476521, -0.446451, -0.757370,
	-0.839984, 0.485505, 0.242306,
	0.259530, 0.751642, -0.606365
$AI Behavior: None
$Cargo 1:  XSTR("Nothing", 4843)
+Initial Velocity: 33
+Initial Hull: 100
+Subsystem: Pilot
+Secondary Banks: ( "Shivan Weak Bomb" "Shivan Weak Bomb" "Piranha#Shivan" )
$Arrival Location: Hyperspace
$Arrival Cue: ( false ) 
$Departure Location: Hyperspace
$Departure Cue: ( false ) 
$Determination: 10
+Flags: ( )
+Flags2: ( )
+Respawn priority: 0
+Orders Accepted: 0		;! note that this is a bitfield!!!
+Group: 0
+Use Table Score:
+Score: 14

$Name: Guadalcanal		;! Object #26
$Display Name: XSTR("Guadalcanal", 5090)
$Class: GTCv Deimos
$Team: Friendly
$Location: -840.472473, 2020.111450, -1120.482422
$Orientation:
	0.315221, -0.446451, 0.837447,
	0.871490, 0.485506, -0.069208,
	-0.375687, 0.751642, 0.542119
$AI Behavior: None
$Cargo 1:  XSTR("Nothing", 4843)
+Initial Velocity: 33
+Initial Hull: 100
+Initial Shields: 100
+Subsystem: Pilot
+Subsystem: Turret01
+Subsystem: Turret02
+Subsystem: Turret03
+Subsystem: Turret04
+Subsystem: Turret05
+Subsystem: Turret06
+Subsystem: Turret07
+Subsystem: Turret08
+Subsystem: Turret09
+Subsystem: Turret10
+Subsystem: Turret11
+Subsystem: Turret12
+Subsystem: Turret13
+Subsystem: Turret14
+Subsystem: Turret15
+Subsystem: Turret16
+Subsystem: Turret17
+Subsystem: Turret18
+Subsystem: Turret19
+Subsystem: Turret20
+Subsystem: Turret21
+Subsystem: Turret22
+Subsystem: Turret23
+Subsystem: Turret24
+Subsystem: Turret25
+Subsystem: Turret26
$Arrival Location: Hyperspace
$Arrival Cue: ( has-departed-delay 0 "Rusalka" ) 
$Departure Location: Hyperspace
$Departure Cue: ( false ) 
$Determination: 10
+Flags: ( "cargo-known" "no-shields" "escort" "no-arrival-music" )
+Flags2: ( )
+Respawn priority: 0
+Escort priority: 91
+Orders Accepted: 0		;! note that this is a bitfield!!!
+Group: 0
+Use Table Score:
+Score: 800
$Texture Replace:
+old: nameplate
+new: gtcv_guadalcanal

$Name: Lamia		;! Object #27
$Display Name: XSTR("Lamia", 5104)
$Class: SC Rakshasa
$Team: Hostile
$Location: -3158.969238, 4726.242188, -3198.991699
$Orientation:
	0.497583, -0.587221, -0.638423,
	0.815660, 0.567183, 0.114026,
	0.295145, -0.577473, 0.761193
$AI Behavior: None
$AI Goals: ( goals ( ai-chase "Guadalcanal" 50 ) )
$Cargo 1:  XSTR("Nothing", 4843)
+Initial Velocity: 33
+Initial Hull: 100
+Initial Shields: 100
+Subsystem: Pilot
+Subsystem: turret01
+Subsystem: turret02
+Subsystem: turret03
+Subsystem: turret04
+Subsystem: turret05
+Subsystem: turret06
+Subsystem: turret07
+Subsystem: turret08
+Subsystem: turret09
+Subsystem: turret10
+Subsystem: turret11
+Subsystem: turret12
+Subsystem: turret13
+Subsystem: turret14
$Arrival Location: Hyperspace
$Arrival Cue: ( has-arrived-delay 55 "Guadalcanal" ) 
$Departure Location: Hyperspace
$Departure Cue: ( false ) 
$Determination: 10
+Flags: ( "no-shields" "escort" )
+Flags2: ( )
+Respawn priority: 0
+Escort priority: 86
+Orders Accepted: 0		;! note that this is a bitfield!!!
+Group: 0
+Use Table Score:
+Score: 300

$Name: Virgo 1		;! Object #28
$Display Name: XSTR("Virgo 1", 4857)
