#Mission Info

$Version: 0.10
$Name:  XSTR("Judgement", 5189)
$Author: Colt
$Created: 01/22/19 at 16:31:18
$Modified: 06/16/20 at 00:12:42
$Notes:
This is a FRED2_OPEN created mission.
$End Notes:

$Mission Desc:
 XSTR("Allied forces race to rescue the GTD Phoenicia from a Shivan assault led by the SD Zabaniyya.
", 5190)
$end_multi_text
+Game Type Flags: 1
+Flags: 128
+Fog Near Mult: 1.000000

+Fog Far Mult: 1.000000

+Disallow Support: 0
+Hull Repair Ceiling: 0.000000
+Subsystem Repair Ceiling: 100.000000

+Viewer pos: 2081.438477, 1176.786499, 60.763733
+Viewer orient:
	0.998857, -0.000016, -0.047793,
	0.020848, 0.899988, 0.435416,
	0.043006, -0.435915, 0.898960

$Squadron wing names: ( "Alpha" "Beta" "Delta" "Epsilon" "Iota" )

$Load Screen 1024: WC4.png

$Skybox Model: StarField.pof

$AI Profile: FS2 RETAIL

#Sexp_variables

$Variables:
(
		0		"autoGenVar1"		"#Command"		"string"
		1		"autoGenVar2"		"Beam Turret"		"string"
)

#Fiction Viewer

$File: diary3.txt

#Command Briefing

#Briefing
$start_briefing
$num_stages: 6
$start_stage
$multi_text
 XSTR("Everyone settled? Good.", 5191)
$end_multi_text
$voice: none.wav
$camera_pos: -1656.764282, 14052.750977, 3401.839111
$camera_orient:
	-0.005117, -0.000019, -0.999987,
	0.999987, -0.000950, -0.005117,
	-0.000950, -1.000000, 0.000024
$camera_time: 500
$num_lines: 0
$num_icons: 0
$Flags: 1
$Formula: ( true ) 
$end_stage
$start_stage
$multi_text
 XSTR("At 00:11 hours, a scout wing from the $f 53rd $f Hammerheads located and made contact with the $f GTD $f Phoenicia. The destroyer is in high orbit of the $b Gamma $b Draconis star itself. While far enough away to remain safe from effectively melting, the radiation emitted from the star made it impossible for our scanning efforts to detect them. Our search efforts were largely focused on scouring the outer regions of the system. Only by following a $h Shivan attack force were we able to track them down.", 5192)
$end_multi_text
$voice: none.wav
$camera_pos: -1653.171509, 17834.580078, 3401.745117
$camera_orient:
	0.836202, -0.000018, -0.548422,
	0.548422, -0.000950, 0.836201,
	-0.000536, -1.000000, -0.000785
$camera_time: 500
$num_lines: 0
$num_icons: 1
$Flags: 0
$Formula: ( true ) 
$start_icon
$type: 6
$team: Friendly
$class: GTD Hecate
$pos: -2108.875244, 0.000000, 3573.088379
$label:  XSTR("Phoenicia", 5193)
+id: 1
$hlight: 0
$mirror: 0
$multi_text
$end_multi_text
$end_icon
$end_stage
$start_stage
$multi_text
 XSTR("At present, the $f Phoenicia is being pursued by the $h SD $h Zabaniyya itself. Vice-Admiral Kellermann reports her damage control crews have been able to repair some damage to the ship, but her engines are on the verge of failing. Furthermore the fighterbay was wrecked during the escape from the $b Capella node, and multiple turrets have been disabled from continuous Shivan attacks over the past several hours.", 5194)
$end_multi_text
$voice: none.wav
$camera_pos: -5358.927734, 17997.820313, 6513.094238
$camera_orient:
	0.999997, -0.000018, -0.002542,
	0.002541, -0.022003, 0.999755,
	-0.000074, -0.999758, -0.022003
$camera_time: 500
$num_lines: 0
$num_icons: 2
$Flags: 1
$Formula: ( true ) 
$start_icon
$type: 6
$team: Friendly
$class: GTD Hecate
$pos: -2244.487793, 0.000000, 6258.862793
$label:  XSTR("Phoenicia", 5193)
+id: 1
$hlight: 0
$mirror: 0
$multi_text
$end_multi_text
$end_icon
$start_icon
$type: 10
$team: Hostile
$class: SD Demon
$pos: -8443.607422, 0.003906, 6454.295410
$label:  XSTR("Zabaniyya", 5102)
+id: 2
$hlight: 0
$mirror: 1
$multi_text
$end_multi_text
$end_icon
$end_stage
$start_stage
$multi_text
 XSTR("$f Alpha, $f Beta, your wings will be the first in to reinforce the $f Phoenicia. The $h Shivan attack has whittled down, but another one is expected. Other allied forces are on their way, and Command is assembling a $y recovery $y team, but until they arrive you must defeat all Shivan attacks on the $f Phoenicia.", 5195)
$end_multi_text
$voice: none.wav
$camera_pos: -1400.808838, 9276.180664, 2107.535645
$camera_orient:
	0.999997, -0.000018, -0.002603,
	0.002590, -0.091743, 0.995779,
	-0.000257, -0.995783, -0.091743
$camera_time: 500
$num_lines: 0
$num_icons: 6
$Flags: 0
$Formula: ( true ) 
$start_icon
$type: 6
$team: Friendly
$class: GTD Hecate
$pos: -2244.487793, 0.000000, 6258.862793
$label:  XSTR("Phoenicia", 5193)
+id: 1
$hlight: 0
$mirror: 0
$multi_text
$end_multi_text
$end_icon
$start_icon
$type: 10
$team: Hostile
$class: SD Demon
$pos: -8443.607422, 0.003906, 6454.295410
$label:  XSTR("Zabaniyya", 5102)
+id: 2
$hlight: 0
$mirror: 0
$multi_text
$end_multi_text
$end_icon
$start_icon
$type: 1
$team: Friendly
$class: GTF Perseus
$pos: -2953.223145, 0.000000, 2121.253906
$label:  XSTR("Alpha", 4822)
+id: 3
$hlight: 0
$mirror: 0
$multi_text
$end_multi_text
$end_icon
$start_icon
$type: 1
$team: Friendly
$class: GTF Perseus
$pos: 61.282959, 0.000000, 1929.439697
$label:  XSTR("Beta", 5023)
+id: 4
$hlight: 0
$mirror: 0
$multi_text
$end_multi_text
$end_icon
$start_icon
$type: 1
$team: Friendly
$class: GTF Hercules Mark II
$pos: -2987.790039, 0.000000, 203.234619
$label:  XSTR("Reinforcements", 5196)
+id: 5
$hlight: 0
$mirror: 0
$multi_text
$end_multi_text
$end_icon
$start_icon
$type: 18
$team: Friendly
$class: GTC Leviathan
$pos: 55.185059, 445.898438, 302.187866
$label:  XSTR("Reinforcements", 5196)
+id: 6
$hlight: 0
$mirror: 0
$multi_text
$end_multi_text
$end_icon
$end_stage
$start_stage
$multi_text
 XSTR("With heavy losses suffered and no way to resupply, the remaining $h Shivan forces are considerably weakened. Intel estimates that they only have a few fighter and bomber wings remaining.

One more thing. Be on the lookout for enemy warships. In addition to the $h SCv $h Rusalka, intel believes there are still a pair of cruisers operating in the system. The Vice-Admiral reported that the Shivans took great effort in disabling her ship's beam cannons. These three vessels, which include the $y Lilith$|-class cruiser $h Tannin, are expected to take part in the next major attack. The $f Phoenicia won't survive another offensive, so you must stop the Shivans at all costs.", 5197)
$end_multi_text
$voice: none.wav
$camera_pos: -5791.503906, 9358.513672, 6704.404785
$camera_orient:
	1.000000, -0.000018, 0.000771,
	-0.000703, 0.390684, 0.920525,
	-0.000318, -0.920525, 0.390684
$camera_time: 500
$num_lines: 0
$num_icons: 9
$Flags: 0
$Formula: ( true ) 
$start_icon
$type: 6
$team: Friendly
$class: GTD Hecate
$pos: -2244.487793, 0.000000, 6258.862793
$label:  XSTR("Phoenicia", 5193)
+id: 1
$hlight: 0
$mirror: 0
$multi_text
$end_multi_text
$end_icon
$start_icon
$type: 10
$team: Hostile
$class: SD Demon
$pos: -8443.607422, 0.003906, 6454.295410
$label:  XSTR("Zabaniyya", 5102)
+id: 2
$hlight: 0
$mirror: 0
$multi_text
$end_multi_text
$end_icon
$start_icon
$type: 1
$team: Friendly
$class: GTF Perseus
$pos: -2953.223145, 0.000000, 2121.253906
$label:  XSTR("Alpha", 4822)
+id: 3
$hlight: 0
$mirror: 0
$multi_text
$end_multi_text
$end_icon
$start_icon
$type: 1
$team: Friendly
$class: GTF Perseus
$pos: 61.282959, 0.000000, 1929.439697
$label:  XSTR("Beta", 5023)
+id: 4
$hlight: 0
$mirror: 0
$multi_text
$end_multi_text
$end_icon
$start_icon
$type: 1
$team: Friendly
$class: GTF Hercules Mark II
$pos: -2987.790039, 0.000000, 203.234619
$label:  XSTR("Reinforcements", 5196)
+id: 5
$hlight: 0
$mirror: 0
$multi_text
$end_multi_text
$end_icon
$start_icon
$type: 18
$team: Friendly
$class: GTC Leviathan
$pos: 55.185059, 445.898438, 302.187866
$label:  XSTR("Reinforcements", 5196)
+id: 6
$hlight: 0
$mirror: 0
$multi_text
$end_multi_text
$end_icon
$start_icon
$type: 28
$team: Hostile
$class: SCv Moloch
$pos: -6065.891113, 1305.818359, 10890.625000
$label:  XSTR("Rusalka", 5081)
+id: 7
$hlight: 0
$mirror: 0
$multi_text
$end_multi_text
$end_icon
$start_icon
$type: 18
$team: Hostile
$class: SC Cain
$pos: -7688.407227, 1444.016602, 9800.906250
$label:  XSTR("Gorgon", 5198)
+id: 8
$hlight: 0
$mirror: 0
$multi_text
$end_multi_text
$end_icon
$start_icon
$type: 18
$team: Hostile
$class: SC Lilith
$pos: -5091.429199, 5622.039063, 8174.666992
$label:  XSTR("Tannin", 5199)
+id: 9
$hlight: 0
$mirror: 1
$multi_text
$end_multi_text
$end_icon
$end_stage
$start_stage
$multi_text
 XSTR("Be advised that we've just received a shipment of a new shield breaking weapon, the $y{GTW-19 Circe$}. Use this weapon at your own discretion.

That is all the time we can spare. Get to your craft, pilots, and get our people home. Godspeed to you all.", 5200)
$end_multi_text
$voice: none.wav
$camera_pos: -1656.989136, 12629.350586, 3019.196289
$camera_orient:
	0.001904, -0.000018, -0.999998,
	0.999998, -0.000950, 0.001904,
	-0.000950, -1.000000, 0.000016
$camera_time: 500
$num_lines: 0
$num_icons: 10
$Flags: 0
$Formula: ( true ) 
$start_icon
$type: 6
$team: Friendly
$class: GTD Hecate
$pos: -1758.490234, 0.000000, 5877.340820
$label:  XSTR("Phoenicia", 5193)
+id: 1
$hlight: 0
$mirror: 0
$multi_text
$end_multi_text
$end_icon
$start_icon
$type: 10
$team: Hostile
$class: SD Demon
$pos: -8443.607422, 0.003906, 6454.295410
$label:  XSTR("Zabaniyya", 5102)
+id: 2
$hlight: 0
$mirror: 0
$multi_text
$end_multi_text
$end_icon
$start_icon
$type: 1
$team: Friendly
$class: GTF Perseus
$pos: -2760.788818, 0.000000, 2449.859863
$label:  XSTR("Alpha", 4822)
+id: 3
$hlight: 0
$mirror: 0
$multi_text
$end_multi_text
$end_icon
$start_icon
$type: 1
$team: Friendly
$class: GTF Perseus
$pos: -449.255005, 0.000000, 2517.399658
$label:  XSTR("Beta", 5023)
+id: 4
$hlight: 0
$mirror: 0
$multi_text
$end_multi_text
$end_icon
$start_icon
$type: 1
$team: Friendly
$class: GTF Hercules Mark II
$pos: -2713.585938, 0.000000, -261.223633
$label:  XSTR("Reinforcements", 5196)
+id: 5
$hlight: 0
$mirror: 0
$multi_text
$end_multi_text
$end_icon
$start_icon
$type: 18
$team: Friendly
$class: GTC Leviathan
$pos: -690.159424, 445.898438, 203.485352
$label:  XSTR("Reinforcements", 5196)
+id: 6
$hlight: 0
$mirror: 0
$multi_text
$end_multi_text
$end_icon
$start_icon
$type: 28
$team: Hostile
$class: SCv Moloch
$pos: -6065.891113, 1305.818359, 10890.625000
$label:  XSTR("Rusalka", 5081)
+id: 7
$hlight: 0
$mirror: 0
$multi_text
$end_multi_text
$end_icon
$start_icon
$type: 18
$team: Hostile
$class: SC Cain
$pos: -7688.407227, 1444.016602, 9800.906250
$label:  XSTR("Gorgon", 5198)
+id: 8
$hlight: 0
$mirror: 0
$multi_text
$end_multi_text
$end_icon
$start_icon
$type: 18
$team: Hostile
$class: SC Lilith
$pos: -5091.429199, 5622.039063, 8174.666992
$label:  XSTR("Tannin", 5199)
+id: 9
$hlight: 0
$mirror: 0
$multi_text
$end_multi_text
$end_icon
$start_icon
$type: 0
$team: Hostile
$class: SF Dragon
$pos: -4881.649902, 2882.232910, 10788.421875
$label:  XSTR("Shivan Fighters", 5020)
+id: 10
$hlight: 0
$mirror: 0
$multi_text
$end_multi_text
$end_icon
$end_stage
$end_briefing

#Debriefing_info

$Num stages: 4

$Formula: ( and 
   ( is-goal-true-delay 
      "Protect Phoenicia" 
      0 
   )
   ( not 
      ( is-event-true-delay 
         "zeta destroyed" 
         0 
      )
   )
)
$Multi text
    XSTR("Welcome back pilots!

The mission was a complete success. Vice-Admiral Kellermann extends both her and her crews deepest thanks for the role you played in protecting her stricken ship. The Phoenicia would not have lasted much longer without your intervention.

The destruction of the SD Zabaniyya has effectively nullified Shivan resistance in Gamma Draconis, and all that remain are a few errent fighters. We can join the 13th Battlegroup in the Nebula without fear of our lines being cut.

The last twenty-four hours have been tough. But with perseverence we have prevailed. Additionally, Command and Admiral Petrarch have deemed it fitting that you all recieve the Order of Galatea for your instrumental role in finding and saving the Phoenicia. You are indeed model fighter pilots worthy of envy across the GTVA.

The Aquitaine will be moving out tomorrow. Normally I'd try to grant you guys some leave time for what you've done, but we have a war to win and a certain rebel admiral to find. You've got off time until we leave. Good work everyone, you deserve it.", 5201)
$end_multi_text
$Voice: none.wav
$Recommendation text:
    XSTR("Congratulations! Let me know what you liked, disliked or think can be improved!", 5202)
$end_multi_text

$Formula: ( is-destroyed-delay 0 "Phoenicia" ) 
$Multi text
    XSTR("The GTD Phoenicia was destroyed, taking with it 10,000 officers of the Alliance, losses that we can not simply afford.", 5203)
$end_multi_text
$Voice: none.wav
$Recommendation text:
    XSTR("The Tannin will likely one shot the Phoenicia. Proritize its main beam as well as those of other warships. ", 5204)
$end_multi_text

$Formula: ( and 
   ( not 
      ( is-goal-true-delay 
         "Protect Phoenicia" 
         0 
      )
   )
   ( not 
      ( is-destroyed-delay 0 "Phoenicia" ) 
   )
)
$Multi text
    XSTR("Your antics put the lives of the Phoenicia and your wingmates in jeopardy. You will be jailed until a court-martial can proceed.", 5205)
$end_multi_text
$Voice: none.wav
$Recommendation text:
    XSTR("", 3307)
$end_multi_text

$Formula: ( and 
   ( is-goal-true-delay 
      "Protect Phoenicia" 
      0 
   )
   ( is-destroyed-delay 0 "Zeta" ) 
)
$Multi text
    XSTR("Welcome back pilots!

The mission was a complete success. Vice-Admiral Kellermann extends both her and her crews deepest thanks for the role you played in protecting her stricken ship. The Phoenicia would not have lasted much longer without your intervention. Without Zeta wings' Helios torpedos the battle was tough, but you avenged their deaths by taking down that destroyer.

The destruction of the SD Zabaniyya has effectively nullified Shivan resistance in Gamma Draconis, and all that remain are a few errent fighters. We can join the 13th Battlegroup in the Nebula without fear of our lines being cut.

The last twenty-four hours have been tough. But with perseverence we have prevailed. Additionally, Command and Admiral Petrarch have deemed it fitting that you all recieve the Order of Galatea for your instrumental role in finding and saving the Phoenicia. You are indeed modal fighter pilots worthy of envy across the GTVA.

The Aquitaine will be moving out tomorrow. Normally I'd try to grant you guys some leave time for what you've done, but we have a war to win and a certain rebel admiral to fine. You've got off time until we leave. Good work everyone, you deserve it.", 5206)
$end_multi_text
$Voice: none.wav
$Recommendation text:
    XSTR("Congratulations! Let me know what you liked, disliked or think can be improved!", 5202)
$end_multi_text

#Players		;! 1 total

$Starting Shipname: Alpha 1
$Ship Choices: (
	"GTF Ulysses"	6
	"GTF Hercules"	6
	"GTF Hercules Mark II"	6
	"GTF Loki"	6
	"GTF Myrmidon"	6
	"GTB Artemis"	6
	"GTB Artemis D.H."	1
	"GTB Zeus"	6
)

+Weaponry Pool: (
	"Subach HL-7"	22
	"Akheton SDG"	16
	"Morning Star"	16
	"Prometheus R"	16
	"Prometheus S"	22
	"Maxim"	16
	"Circe"	16
	"Lamprey"	16
	"Rockeye"	500
	"Tempest"	1000
	"Hornet"	1000
	"Tornado"	692
	"Harpoon"	380
	"Trebuchet"	105
	"Piranha"	50
	"Stiletto II"	100
	"Cyclops"	25
	"EMP Adv."	50
)

#Objects		;! 83 total

$Name: Alpha 1		;! Object #0
$Display Name: XSTR("Alpha 1", 4842)
$Class: GTF Perseus
$Team: Friendly
$Location: 210.451813, -58.852386, 177.085815
$Orientation:
	0.506221, 0.000000, -0.862406,
	0.295717, 0.939372, 0.173582,
	0.810120, -0.342898, 0.475530
$AI Behavior: None
$Cargo 1:  XSTR("Nothing", 4843)
+Initial Hull: 100
+Subsystem: Pilot
+Primary Banks: ( "Subach HL-7" "Prometheus S" )
+Secondary Banks: ( "Trebuchet" "Tornado" )
$Arrival Location: Hyperspace
$Arrival Cue: ( false ) 
$Departure Location: Hyperspace
$Departure Cue: ( false ) 
$Determination: 10
+Flags: ( "cargo-known" "player-start" )
+Flags2: ( )
+Respawn priority: 0
+Orders Accepted: 33023		;! note that this is a bitfield!!!
+Group: 0
+Score: 8

$Name: Alpha 2		;! Object #1
$Display Name: XSTR("Alpha 2", 4844)
$Class: GTF Perseus
$Team: Friendly
$Location: 75.837067, -23.877163, 217.115891
$Orientation:
	0.506219, 0.000000, -0.862405,
	0.295717, 0.939373, 0.173581,
	0.810120, -0.342898, 0.475529
$AI Behavior: None
+AI Class: Major
$AI Goals: ( goals ( ai-guard "Phoenicia" 80 ) )
$Cargo 1:  XSTR("Nothing", 4843)
+Initial Hull: 100
+Subsystem: Pilot
+Primary Banks: ( "Subach HL-7" "Prometheus S" )
+Secondary Banks: ( "Harpoon" "Tornado" )
$Arrival Location: Hyperspace
$Arrival Cue: ( false ) 
$Departure Location: Hyperspace
$Departure Cue: ( false ) 
$Determination: 10
+Flags: ( "cargo-known" )
+Flags2: ( )
+Respawn priority: 0
+Orders Accepted: 33023		;! note that this is a bitfield!!!
+Group: 0
+Score: 8
+Persona Index: 0

$Name: Alpha 3		;! Object #2
$Display Name: XSTR("Alpha 3", 4845)
$Class: GTF Perseus
$Team: Friendly
$Location: 179.407074, -23.929337, 40.954926
$Orientation:
	0.506219, 0.000000, -0.862405,
	0.295717, 0.939373, 0.173581,
	0.810120, -0.342898, 0.475529
$AI Behavior: None
+AI Class: Major
$AI Goals: ( goals ( ai-guard "Phoenicia" 80 ) )
$Cargo 1:  XSTR("Nothing", 4843)
+Initial Hull: 100
+Subsystem: Pilot
+Primary Banks: ( "Subach HL-7" "Prometheus S" )
+Secondary Banks: ( "Harpoon" "Tornado" )
$Arrival Location: Hyperspace
$Arrival Cue: ( false ) 
$Departure Location: Hyperspace
$Departure Cue: ( false ) 
$Determination: 10
+Flags: ( "cargo-known" )
+Flags2: ( )
+Respawn priority: 0
+Orders Accepted: 33023		;! note that this is a bitfield!!!
+Group: 0
+Score: 8
+Persona Index: 1

$Name: Phoenicia		;! Object #3
$Display Name: XSTR("Phoenicia", 5193)
$Class: GTD Hecate
$Team: Friendly
$Location: 3558.733887, -1484.506226, 1972.028320
$Orientation:
	-0.867211, -0.397265, 0.300212,
	-0.304062, 0.899929, 0.312529,
	-0.394326, 0.179745, -0.901221
$AI Behavior: None
$Cargo 1:  XSTR("Nothing", 4843)
+Initial Hull: 27
+Initial Shields: 100
+Subsystem: Pilot
+Subsystem: Turret01
$Damage: 88
+Subsystem: Turret02
$Damage: 100
+Subsystem: Turret03
$Damage: 100
+Subsystem: Turret04
$Damage: 56
+Subsystem: Turret05
$Damage: 100
+Subsystem: Turret06
$Damage: 68
+Subsystem: Turret07
$Damage: 3
+Subsystem: Turret08
$Damage: 100
+Subsystem: Turret09
$Damage: 100
+Subsystem: Turret10
$Damage: 100
+Subsystem: Turret11
$Damage: 100
+Subsystem: Turret12
$Damage: 100
+Subsystem: Turret13
$Damage: 78
+Subsystem: Turret14
$Damage: 37
+Subsystem: Turret15
$Damage: 100
+Subsystem: Turret16
$Damage: 12
+Subsystem: Turret17
$Damage: 100
+Subsystem: Turret18
$Damage: 100
+Subsystem: Turret19
$Damage: 100
+Subsystem: Turret20
$Damage: 100
+Subsystem: Turret21
+Subsystem: Turret22
$Damage: 100
+Subsystem: Turret23
$Damage: 91
+Subsystem: Turret24
$Damage: 100
+Subsystem: Turret25
+Subsystem: Turret26
$Damage: 100
+Subsystem: Turret27
$Damage: 100
+Subsystem: Navigation
$Damage: 63
+Subsystem: Communications
$Damage: 23
+Subsystem: weapons
$Damage: 79
+Subsystem: sensors
$Damage: 71
+Subsystem: engine01
$Damage: 100
+Subsystem: engine02
$Damage: 100
+Subsystem: engine03
$Damage: 100
+Subsystem: engine04
$Damage: 100
+Subsystem: fighterbay
$Damage: 100
$Arrival Location: Hyperspace
$Arrival Cue: ( true ) 
$Departure Location: Hyperspace
$Departure Cue: ( false ) 
$Determination: 10
+Flags: ( "cargo-known" "no-shields" "escort" )
+Flags2: ( )
+Respawn priority: 0
+Escort priority: 100
+Orders Accepted: 0		;! note that this is a bitfield!!!
+Group: 0
+Use Table Score:
+Score: 1300
$Texture Replace:
+old: hecatemain01
+new: wcphoenicia01
+old: hecatemain01-normal
+new: wcphoenicia01-normal
+old: hecatemain01-reflect
+new: wcphoenicia01-reflect
+old: hecatemain02
+new: wcphoenicia02
+old: hecatemain02-normal
+new: wcphoenicia02-normal
+old: hecatemain02-reflect
+new: wcphoenicia02-reflect
+old: hecatemain03
+new: wcphoenicia03
+old: hecatemain03-normal
+new: wcphoenicia03-normal
+old: hecatemain03-reflect
+new: wcphoenicia03-reflect
+old: nameplate
+new: gtd_phoeniciaburnt

$Name: Zabaniyya		;! Object #4
$Display Name: XSTR("Zabaniyya", 5102)
$Class: SD Demon
$Team: Hostile
$Location: 1345.334106, -1637.490723, 13227.431641
$Orientation:
	-0.607253, -0.009393, -0.794453,
	-0.108637, 0.991520, 0.071315,
	0.787047, 0.129613, -0.603124
$AI Behavior: None
$Cargo 1:  XSTR("Nothing", 4843)
+Initial Velocity: 33
+Initial Hull: 100
+Initial Shields: 100
+Subsystem: Pilot
+Subsystem: turret01-base
+Subsystem: turret02-base
+Subsystem: turret03a-base
+Subsystem: turret04-base
+Subsystem: turret05-base
+Subsystem: turret06a-base
+Subsystem: turret07a-base
+Subsystem: turret08-base
+Subsystem: turret09-base
+Subsystem: turret10-base
+Subsystem: turret11-base
+Subsystem: turret12-base
+Subsystem: turret13-base
+Subsystem: turret14-base
+Subsystem: turret15-base
+Subsystem: turret16-base
+Subsystem: turret17-base
+Subsystem: turret18-base
+Subsystem: turret19-base
+Subsystem: turret20-base
+Subsystem: turret21-base
+Subsystem: turret22
+Subsystem: turret23
+Subsystem: turret24
+Subsystem: turret25
+Subsystem: turret26
$Arrival Location: Hyperspace
$Arrival Cue: ( true ) 
$Departure Location: Hyperspace
$Departure Cue: ( false ) 
$Determination: 10
+Flags: ( "protect-ship" "no-shields" "escort" )
+Flags2: ( )
+Respawn priority: 0
+Escort priority: 95
+Orders Accepted: 0		;! note that this is a bitfield!!!
+Group: 0
+Use Table Score:
+Score: 840

$Name: Rusalka		;! Object #5
$Display Name: XSTR("Rusalka", 5081)
$Class: SCv Moloch
$Team: Hostile
$Location: 4704.201172, -2034.592041, 11000.133789
$Orientation:
	-0.839018, -0.540655, 0.061169,
	-0.507278, 0.817929, 0.271409,
	-0.196771, 0.196688, -0.960519
$AI Behavior: None
$AI Goals: ( goals ( ai-waypoints-once "Waypoint path 1" 90 ) )
$Cargo 1:  XSTR("Nothing", 4843)
+Initial Velocity: 33
+Initial Hull: 100
+Initial Shields: 100
+Subsystem: Pilot
+Subsystem: turret01
+Subsystem: turret02
+Subsystem: turret03
+Subsystem: turret04
+Subsystem: turret05
+Subsystem: turret06
+Subsystem: turret07
+Subsystem: turret08
+Subsystem: turret09
+Subsystem: turret10
+Subsystem: turret11
+Subsystem: turret12
+Subsystem: turret13
+Subsystem: turret14
+Subsystem: turret15
+Subsystem: turret16
$Arrival Location: Hyperspace
$Arrival Cue: ( is-destroyed-delay 20 "Tannin" ) 
$Departure Location: Hyperspace
$Departure Cue: ( false ) 
$Determination: 10
+Flags: ( "no-shields" "escort" "no-arrival-music" )
+Flags2: ( )
+Respawn priority: 0
+Escort priority: 98
$Special Explosion:
+Special Exp Damage: 200
+Special Exp Blast: 11000
+Special Exp Inner Radius: 150
+Special Exp Outer Radius: 750
+Special Exp Shockwave Speed: 190
+Special Exp Death Roll Time: 7000
+Orders Accepted: 0		;! note that this is a bitfield!!!
+Group: 0
+Use Table Score:
+Score: 440

$Name: Gorgon		;! Object #6
$Display Name: XSTR("Gorgon", 5198)
$Class: SC Cain
$Team: Hostile
$Location: 4028.617188, -1648.995605, 10381.541016
$Orientation:
	-0.914552, 0.329973, 0.233906,
	0.376879, 0.905141, 0.196675,
	-0.146821, 0.268024, -0.952159
$AI Behavior: None
$AI Goals: ( goals ( ai-waypoints-once "Waypoint path 2" 90 ) )
$Cargo 1:  XSTR("Nothing", 4843)
+Initial Velocity: 33
+Initial Hull: 100
+Initial Shields: 100
+Subsystem: Pilot
+Subsystem: turret01
+Subsystem: turret02
+Subsystem: turret03
+Subsystem: turret04
+Subsystem: turret05
+Subsystem: turret06
+Subsystem: turret07
+Subsystem: turret08
+Subsystem: turret09
$Arrival Location: Hyperspace
$Arrival Cue: ( is-destroyed-delay 21 "Tannin" ) 
$Departure Location: Hyperspace
$Departure Cue: ( false ) 
$Determination: 10
+Flags: ( "no-shields" "escort" "no-arrival-music" )
+Flags2: ( )
+Respawn priority: 0
+Escort priority: 97
+Orders Accepted: 0		;! note that this is a bitfield!!!
+Group: 0
+Use Table Score:
+Score: 150

$Name: Tannin		;! Object #7
$Display Name: XSTR("Tannin", 5199)
$Class: SC Lilith
$Team: Hostile
$Location: 2225.284912, 5391.366699, 1705.464600
$Orientation:
	0.818222, 0.418955, -0.393688,
	0.295717, 0.280544, 0.913152,
	0.493016, -0.863581, 0.105654
$AI Behavior: None
$AI Goals: ( goals ( ai-waypoints-once "Waypoint path 2" 90 ) )
$Cargo 1:  XSTR("Nothing", 4843)
+Initial Velocity: 33
+Initial Hull: 78
+Initial Shields: 100
+Subsystem: Pilot
+Subsystem: turret01
+Subsystem: turret02
+Subsystem: turret03
+Subsystem: turret04
+Subsystem: turret05
+Subsystem: turret06
+Subsystem: turret07
+Subsystem: turret08
+Subsystem: turret09
$Arrival Location: Hyperspace
$Arrival Cue: ( has-arrived-delay 15 "Taurus" ) 
$Departure Location: Hyperspace
$Departure Cue: ( false ) 
$Determination: 10
+Flags: ( "no-shields" "escort" "no-arrival-music" )
+Flags2: ( )
+Respawn priority: 0
+Escort priority: 99
$Special Explosion:
+Special Exp Damage: 200
+Special Exp Blast: 2000
+Special Exp Inner Radius: 100
+Special Exp Outer Radius: 600
+Special Exp Shockwave Speed: 275
+Special Exp Death Roll Time: 6000
+Special Hitpoints: 65000
+Orders Accepted: 0		;! note that this is a bitfield!!!
+Group: 0
+Use Table Score:
+Score: 210

$Name: Leo 1		;! Object #8
$Display Name: XSTR("Leo 1", 4867)
$Class: SF Dragon
$Team: Hostile
$Location: 2725.313965, -704.770569, 2123.446533
$Orientation:
	0.506220, 0.060320, -0.860293,
	0.295716, 0.924931, 0.238859,
	0.810120, -0.375318, 0.450381
$AI Behavior: None
$Cargo 1:  XSTR("Nothing", 4843)
+Initial Velocity: 33
+Subsystem: Pilot
$Arrival Location: Hyperspace
$Arrival Cue: ( false ) 
$Departure Location: Hyperspace
$Departure Cue: ( false ) 
$Determination: 10
+Flags: ( )
+Flags2: ( )
+Respawn priority: 0
+Orders Accepted: 0		;! note that this is a bitfield!!!
+Group: 0
+Use Table Score:
+Score: 16

$Name: Leo 2		;! Object #9
$Display Name: XSTR("Leo 2", 4868)
$Class: SF Dragon
$Team: Hostile
$Location: 2511.882568, -1511.200439, 1519.536621
$Orientation:
	0.290329, -0.135225, -0.947324,
	-0.599926, 0.745537, -0.290282,
	0.745518, 0.652602, 0.135326
$AI Behavior: None
$Cargo 1:  XSTR("Nothing", 4843)
+Initial Velocity: 33
+Subsystem: Pilot
$Arrival Location: Hyperspace
$Arrival Cue: ( false ) 
$Departure Location: Hyperspace
$Departure Cue: ( false ) 
$Determination: 10
+Flags: ( )
+Flags2: ( )
+Respawn priority: 0
+Orders Accepted: 0		;! note that this is a bitfield!!!
+Group: 0
+Use Table Score:
+Score: 16

$Name: Virgo 1		;! Object #10
$Display Name: XSTR("Virgo 1", 4857)
$Class: SF Manticore
$Team: Hostile
$Location: 4185.606445, -766.608826, 1705.455200
$Orientation:
	0.770032, 0.636830, 0.038715,
	-0.257814, 0.366098, -0.894150,
	-0.583595, 0.678543, 0.446091
$AI Behavior: None
$Cargo 1:  XSTR("Nothing", 4843)
+Initial Velocity: 33
+Subsystem: Pilot
$Arrival Location: Hyperspace
$Arrival Cue: ( false ) 
$Departure Location: Hyperspace
$Departure Cue: ( false ) 
$Determination: 10
+Flags: ( )
+Flags2: ( )
+Respawn priority: 0
+Orders Accepted: 0		;! note that this is a bitfield!!!
+Group: 0
+Use Table Score:
+Score: 12

$Name: Aquarius 1		;! Object #11
$Display Name: XSTR("Aquarius 1", 4861)
$Class: SB Nephilim
$Team: Hostile
$Location: 536.006042, -3063.896973, -383.218323
$Orientation:
	0.506220, -0.555579, -0.659601,
	0.295717, 0.830294, -0.472400,
	0.810119, 0.044083, 0.584606
$AI Behavior: None
$AI Goals: ( goals ( ai-chase "Phoenicia" 90 ) )
$Cargo 1:  XSTR("Nothing", 4843)
+Initial Velocity: 33
+Initial Hull: 100
+Subsystem: Pilot
+Secondary Banks: ( "Shivan Bomb" "Shivan Bomb" "Piranha#Shivan" "Piranha#Shivan" )
+Subsystem: turret01
+Subsystem: turret02
$Arrival Location: Hyperspace
$Arrival Cue: ( false ) 
$Departure Location: Hyperspace
$Departure Cue: ( false ) 
$Determination: 10
+Flags: ( )
+Flags2: ( )
+Respawn priority: 0
+Orders Accepted: 0		;! note that this is a bitfield!!!
+Group: 0
+Use Table Score:
+Score: 11

$Name: Virgo 2		;! Object #12
$Display Name: XSTR("Virgo 2", 4858)
$Class: SF Manticore
$Team: Hostile
$Location: 3914.233887, -1656.446533, 680.733398
$Orientation:
	0.775885, 0.481968, -0.407075,
	-0.630455, 0.568826, -0.528170,
	-0.023007, 0.666442, 0.745202
$AI Behavior: None
$Cargo 1:  XSTR("Nothing", 4843)
+Initial Velocity: 33
+Subsystem: Pilot
$Arrival Location: Hyperspace
$Arrival Cue: ( false ) 
$Departure Location: Hyperspace
$Departure Cue: ( false ) 
$Determination: 10
+Flags: ( )
+Flags2: ( )
+Respawn priority: 0
+Orders Accepted: 0		;! note that this is a bitfield!!!
+Group: 0
+Use Table Score:
+Score: 12

$Name: Aquarius 2		;! Object #13
$Display Name: XSTR("Aquarius 2", 4862)
$Class: SB Nephilim
$Team: Hostile
$Location: 608.377258, -3097.898926, -690.858337
$Orientation:
	0.506220, -0.555578, -0.659601,
	0.295717, 0.830295, -0.472400,
	0.810119, 0.044083, 0.584606
$AI Behavior: None
$AI Goals: ( goals ( ai-chase "Phoenicia" 90 ) )
$Cargo 1:  XSTR("Nothing", 4843)
+Initial Velocity: 33
+Initial Hull: 100
+Subsystem: Pilot
+Secondary Banks: ( "Shivan Bomb" "Shivan Bomb" "Piranha#Shivan" "Piranha#Shivan" )
+Subsystem: turret01
+Subsystem: turret02
$Arrival Location: Hyperspace
$Arrival Cue: ( false ) 
$Departure Location: Hyperspace
$Departure Cue: ( false ) 
$Determination: 10
+Flags: ( )
+Flags2: ( )
+Respawn priority: 0
+Orders Accepted: 0		;! note that this is a bitfield!!!
+Group: 0
+Use Table Score:
+Score: 11

$Name: Aquarius 3		;! Object #14
$Display Name: XSTR("Aquarius 3", 4863)
$Class: SB Nephilim
$Team: Hostile
$Location: 304.564331, -3098.776367, -178.025330
$Orientation:
	0.506220, -0.555578, -0.659601,
	0.295717, 0.830295, -0.472400,
	0.810119, 0.044083, 0.584606
$AI Behavior: None
$AI Goals: ( goals ( ai-chase "Phoenicia" 90 ) )
$Cargo 1:  XSTR("Nothing", 4843)
+Initial Velocity: 33
+Initial Hull: 100
+Subsystem: Pilot
+Secondary Banks: ( "Shivan Bomb" "Shivan Bomb" "Piranha#Shivan" "Piranha#Shivan" )
+Subsystem: turret01
+Subsystem: turret02
$Arrival Location: Hyperspace
$Arrival Cue: ( false ) 
$Departure Location: Hyperspace
$Departure Cue: ( false ) 
$Determination: 10
+Flags: ( )
+Flags2: ( )
+Respawn priority: 0
+Orders Accepted: 0		;! note that this is a bitfield!!!
+Group: 0
+Use Table Score:
+Score: 11

$Name: Beta 1		;! Object #15
$Display Name: XSTR("Beta 1", 5034)
$Class: GTF Perseus
$Team: Friendly
$Location: 8.547638, -59.007095, 521.889404
$Orientation:
	0.506219, 0.000000, -0.862405,
	0.295717, 0.939373, 0.173581,
	0.810120, -0.342898, 0.475529
$AI Behavior: None
+AI Class: Major
$Cargo 1:  XSTR("Nothing", 4843)
+Initial Velocity: 33
+Initial Hull: 100
+Subsystem: Pilot
+Primary Banks: ( "Subach HL-7" "Prometheus S" )
+Secondary Banks: ( "Harpoon" "Tornado" )
$Arrival Location: Hyperspace
$Arrival Cue: ( false ) 
$Departure Location: Hyperspace
$Departure Cue: ( false ) 
$Determination: 10
+Flags: ( "cargo-known" )
+Flags2: ( )
+Respawn priority: 0
+Group: 0
+Use Table Score:
+Score: 14

$Name: Beta 2		;! Object #16
$Display Name: XSTR("Beta 2", 5035)
$Class: GTF Perseus
$Team: Friendly
$Location: -122.268951, -24.684460, 558.983032
$Orientation:
	0.506219, 0.000000, -0.862405,
	0.295717, 0.939373, 0.173581,
	0.810120, -0.342898, 0.475529
$AI Behavior: None
+AI Class: Major
$Cargo 1:  XSTR("Nothing", 4843)
+Initial Velocity: 33
+Initial Hull: 100
+Subsystem: Pilot
+Primary Banks: ( "Subach HL-7" "Prometheus S" )
+Secondary Banks: ( "Harpoon" "Tornado" )
$Arrival Location: Hyperspace
$Arrival Cue: ( false ) 
$Departure Location: Hyperspace
$Departure Cue: ( false ) 
$Determination: 10
+Flags: ( "cargo-known" )
+Flags2: ( )
+Respawn priority: 0
+Group: 0
+Use Table Score:
+Score: 14

$Name: Beta 3		;! Object #17
$Display Name: XSTR("Beta 3", 5036)
$Class: GTF Perseus
$Team: Friendly
$Location: -24.856506, -23.397858, 386.065826
$Orientation:
	0.506219, 0.000000, -0.862405,
	0.295717, 0.939373, 0.173581,
	0.810120, -0.342898, 0.475529
$AI Behavior: None
+AI Class: Major
$Cargo 1:  XSTR("Nothing", 4843)
+Initial Velocity: 33
+Initial Hull: 100
+Subsystem: Pilot
+Primary Banks: ( "Subach HL-7" "Prometheus S" )
+Secondary Banks: ( "Harpoon" "Tornado" )
$Arrival Location: Hyperspace
$Arrival Cue: ( false ) 
$Departure Location: Hyperspace
$Departure Cue: ( false ) 
$Determination: 10
+Flags: ( "cargo-known" )
+Flags2: ( )
+Respawn priority: 0
+Group: 0
+Use Table Score:
+Score: 14

$Name: Taurus 1		;! Object #18
$Display Name: XSTR("Taurus 1", 4854)
$Class: SB Nahema
$Team: Hostile
$Location: 304.138733, -515.259705, 2270.653564
$Orientation:
	0.506219, 0.000000, -0.862405,
	0.295717, 0.939373, 0.173581,
	0.810120, -0.342898, 0.475529
$AI Behavior: None
$Cargo 1:  XSTR("Nothing", 4843)
+Initial Velocity: 33
+Initial Hull: 100
+Subsystem: Pilot
+Secondary Banks: ( "Shivan Bomb" "Shivan Bomb" "Piranha#Shivan" )
$Arrival Location: Hyperspace
$Arrival Cue: ( false ) 
$Departure Location: Hyperspace
$Departure Cue: ( false ) 
$Determination: 10
+Flags: ( )
+Flags2: ( )
+Respawn priority: 0
+Orders Accepted: 0		;! note that this is a bitfield!!!
+Group: 0
+Use Table Score:
+Score: 14

$Name: Taurus 2		;! Object #19
$Display Name: XSTR("Taurus 2", 4855)
$Class: SB Nahema
$Team: Hostile
$Location: 55.678589, -451.728363, 2350.076904
$Orientation:
	0.506219, 0.000000, -0.862405,
	0.295717, 0.939373, 0.173581,
	0.810120, -0.342898, 0.475529
$AI Behavior: None
$Cargo 1:  XSTR("Nothing", 4843)
+Initial Velocity: 33
+Initial Hull: 100
+Subsystem: Pilot
+Secondary Banks: ( "Shivan Bomb" "Shivan Bomb" "Piranha#Shivan" )
$Arrival Location: Hyperspace
$Arrival Cue: ( false ) 
$Departure Location: Hyperspace
$Departure Cue: ( false ) 
$Determination: 10
+Flags: ( )
+Flags2: ( )
+Respawn priority: 0
+Orders Accepted: 0		;! note that this is a bitfield!!!
+Group: 0
+Use Table Score:
+Score: 14

$Name: Taurus 3		;! Object #20
$Display Name: XSTR("Taurus 3", 4856)
$Class: SB Nahema
$Team: Hostile
$Location: 247.448059, -447.438324, 2000.158203
$Orientation:
	0.506219, 0.000000, -0.862405,
	0.295717, 0.939373, 0.173581,
	0.810120, -0.342898, 0.475529
$AI Behavior: None
$Cargo 1:  XSTR("Nothing", 4843)
+Initial Velocity: 33
+Initial Hull: 100
+Subsystem: Pilot
+Secondary Banks: ( "Shivan Bomb" "Shivan Bomb" "Piranha#Shivan" )
$Arrival Location: Hyperspace
$Arrival Cue: ( false ) 
$Departure Location: Hyperspace
$Departure Cue: ( false ) 
$Determination: 10
+Flags: ( )
+Flags2: ( )
+Respawn priority: 0
+Orders Accepted: 0		;! note that this is a bitfield!!!
+Group: 0
+Use Table Score:
+Score: 14

$Name: Taurus 4		;! Object #21
$Display Name: XSTR("Taurus 4", 5037)
$Class: SB Nahema
$Team: Hostile
$Location: -210.359436, -381.421692, 2422.777344
$Orientation:
	0.506219, 0.000000, -0.862405,
	0.295717, 0.939373, 0.173581,
	0.810120, -0.342898, 0.475529
$AI Behavior: None
$Cargo 1:  XSTR("Nothing", 4843)
+Initial Velocity: 33
+Initial Hull: 100
+Subsystem: Pilot
+Secondary Banks: ( "Shivan Bomb" "Shivan Bomb" "Piranha#Shivan" )
$Arrival Location: Hyperspace
$Arrival Cue: ( false ) 
$Departure Location: Hyperspace
$Departure Cue: ( false ) 
$Determination: 10
+Flags: ( )
+Flags2: ( )
+Respawn priority: 0
+Orders Accepted: 0		;! note that this is a bitfield!!!
+Group: 0
+Use Table Score:
+Score: 14

$Name: Libra 1		;! Object #22
$Display Name: XSTR("Libra 1", 4874)
$Class: SF Astaroth
$Team: Hostile
$Location: -221.989258, -483.183838, 2993.366699
$Orientation:
	0.506219, 0.000000, -0.862405,
	0.295717, 0.939373, 0.173581,
	0.810120, -0.342898, 0.475529
$AI Behavior: None
$Cargo 1:  XSTR("Nothing", 4843)
+Initial Velocity: 33
+Subsystem: Pilot
$Arrival Location: Hyperspace
$Arrival Cue: ( false ) 
$Departure Location: Hyperspace
$Departure Cue: ( false ) 
$Determination: 10
+Flags: ( )
+Flags2: ( )
+Respawn priority: 0
+Orders Accepted: 0		;! note that this is a bitfield!!!
+Group: 0
+Use Table Score:
+Score: 13

$Name: Libra 2		;! Object #23
$Display Name: XSTR("Libra 2", 4875)
$Class: SF Astaroth
$Team: Hostile
$Location: -431.316650, -417.627991, 2995.163574
$Orientation:
	0.506219, 0.000000, -0.862405,
	0.295717, 0.939373, 0.173581,
	0.810120, -0.342898, 0.475529
$AI Behavior: None
$Cargo 1:  XSTR("Nothing", 4843)
+Initial Velocity: 33
+Subsystem: Pilot
$Arrival Location: Hyperspace
$Arrival Cue: ( false ) 
$Departure Location: Hyperspace
$Departure Cue: ( false ) 
$Determination: 10
+Flags: ( )
+Flags2: ( )
+Respawn priority: 0
+Orders Accepted: 0		;! note that this is a bitfield!!!
+Group: 0
+Use Table Score:
+Score: 13

$Name: Libra 3		;! Object #24
$Display Name: XSTR("Libra 3", 5033)
$Class: SF Astaroth
$Team: Hostile
$Location: -343.987854, -411.494110, 2813.191650
$Orientation:
	0.506219, 0.000000, -0.862405,
	0.295717, 0.939373, 0.173581,
	0.810120, -0.342898, 0.475529
$AI Behavior: None
$Cargo 1:  XSTR("Nothing", 4843)
+Initial Velocity: 33
+Subsystem: Pilot
$Arrival Location: Hyperspace
$Arrival Cue: ( false ) 
$Departure Location: Hyperspace
$Departure Cue: ( false ) 
$Determination: 10
+Flags: ( )
+Flags2: ( )
+Respawn priority: 0
+Orders Accepted: 0		;! note that this is a bitfield!!!
+Group: 0
+Use Table Score:
+Score: 13

$Name: Challenger		;! Object #25
$Display Name: XSTR("Challenger", 5207)
$Class: GTC Leviathan
$Team: Friendly
$Location: 3134.723389, -44.724304, -1124.647949
$Orientation:
	-0.801024, 0.405830, -0.440072,
	-0.342776, -0.913627, -0.218613,
	-0.490781, -0.024268, 0.870946
$AI Behavior: None
$Cargo 1:  XSTR("Nothing", 4843)
+Initial Velocity: 33
+Initial Hull: 100
+Initial Shields: 100
+Subsystem: Pilot
+Subsystem: turret01
+Subsystem: turret02
+Subsystem: turret03
+Subsystem: turret04
+Subsystem: turret05
+Subsystem: turret06
+Subsystem: turret07
+Subsystem: turret08
+Subsystem: turret09a-01-main
$Arrival Location: Hyperspace
$Arrival Cue: ( has-arrived-delay 115 "Tannin" ) 
$Departure Location: Hyperspace
$Departure Cue: ( false ) 
$Determination: 10
+Flags: ( "cargo-known" "no-shields" "escort" )
+Flags2: ( )
+Respawn priority: 0
+Escort priority: 90
+Orders Accepted: 0		;! note that this is a bitfield!!!
+Group: 0
+Use Table Score:
+Score: 200
$Texture Replace:
+old: nameplate
+new: gtc_challenger

$Name: Capricorn 1		;! Object #26
$Display Name: XSTR("Capricorn 1", 4885)
$Class: SF Mara
$Team: Hostile
$Location: 5321.106445, -4855.283691, 4287.637207
$Orientation:
	-0.351528, -0.000000, 0.936177,
	-0.321013, 0.939373, -0.120538,
	-0.879419, -0.342898, -0.330216
$AI Behavior: None
$Cargo 1:  XSTR("Nothing", 4843)
+Initial Velocity: 33
+Initial Hull: 100
+Subsystem: Pilot
$Arrival Location: Hyperspace
$Arrival Cue: ( false ) 
$Departure Location: Hyperspace
$Departure Cue: ( false ) 
$Determination: 10
+Flags: ( )
+Flags2: ( )
+Respawn priority: 0
+Orders Accepted: 0		;! note that this is a bitfield!!!
+Group: 0
+Use Table Score:
+Score: 12

$Name: Capricorn 2		;! Object #27
$Display Name: XSTR("Capricorn 2", 4886)
$Class: SF Mara
$Team: Hostile
$Location: 5394.124023, -4844.314453, 4103.864746
$Orientation:
	-0.351528, -0.000000, 0.936177,
	-0.321013, 0.939373, -0.120538,
	-0.879419, -0.342898, -0.330216
$AI Behavior: None
$Cargo 1:  XSTR("Nothing", 4843)
+Initial Velocity: 33
+Initial Hull: 100
+Subsystem: Pilot
$Arrival Location: Hyperspace
$Arrival Cue: ( false ) 
$Departure Location: Hyperspace
$Departure Cue: ( false ) 
$Determination: 10
+Flags: ( )
+Flags2: ( )
+Respawn priority: 0
+Orders Accepted: 0		;! note that this is a bitfield!!!
+Group: 0
+Use Table Score:
+Score: 12

$Name: Capricorn 3		;! Object #28
$Display Name: XSTR("Capricorn 3", 4887)
$Class: SF Mara
$Team: Hostile
$Location: 5250.800293, -4868.625977, 4479.646484
$Orientation:
	-0.351528, -0.000000, 0.936177,
	-0.321013, 0.939373, -0.120538,
	-0.879419, -0.342898, -0.330216
$AI Behavior: None
$Cargo 1:  XSTR("Nothing", 4843)
+Initial Velocity: 33
+Initial Hull: 100
+Subsystem: Pilot
$Arrival Location: Hyperspace
$Arrival Cue: ( false ) 
$Departure Location: Hyperspace
$Departure Cue: ( false ) 
$Determination: 10
+Flags: ( )
+Flags2: ( )
+Respawn priority: 0
+Orders Accepted: 0		;! note that this is a bitfield!!!
+Group: 0
+Use Table Score:
+Score: 12

$Name: Capricorn 4		;! Object #29
$Display Name: XSTR("Capricorn 4", 4888)
$Class: SF Mara
$Team: Hostile
$Location: 5465.891113, -4833.240234, 3921.678223
$Orientation:
	-0.351528, -0.000000, 0.936177,
	-0.321013, 0.939373, -0.120538,
	-0.879419, -0.342898, -0.330216
$AI Behavior: None
$Cargo 1:  XSTR("Nothing", 4843)
+Initial Velocity: 33
+Initial Hull: 100
