#Mission Info

$Version: 23.1
$Name:  XSTR("Judgement", 5193)
$Author: Colt
$Created: 01/22/19 at 16:31:18
$Modified: 12/09/23 at 17:13:31
$Notes:
This is a FRED2_OPEN created mission.
$End Notes:

$Mission Desc:
 XSTR("Allied forces race to rescue the GTD Phoenicia from a Shivan assault led by the SD Zabaniyya.
", 5194)
$end_multi_text
+Game Type Flags: 1
+Flags: 262272
+Fog Near Mult: 1.000000

+Fog Far Mult: 1.000000


+Disallow Support: 1
+Hull Repair Ceiling: 0.000000
+Subsystem Repair Ceiling: 100.000000

+Viewer pos: 573.558533, 300.779999, 14.723303
+Viewer orient:
	0.906797, -0.000019, -0.421567,
	0.189543, 0.893241, 0.407670,
	0.376553, -0.449579, 0.809992

$Squadron wing names: ( "Alpha" "Beta" "Delta" "Epsilon" "Iota" )

$Load Screen 1024: WC4.png

$Skybox Model: Skybox_C_GammaDraconis.pof
+Skybox Orientation:
	-0.017450, -0.017453, -0.999695,
	-0.000305, 0.999848, -0.017450,
	0.999848, -0.000000, -0.017452

$AI Profile: FS2 RETAIL

#Sexp_variables

$Variables:
(
		0		"i18nVariable1"		"#Command"		"string"
		1		"i18nVariable2"		"Jump drives ready in:"		"string"
		2		"i18nVariable3"		"Beam Turret"		"string"
)

#Fiction Viewer

$File: diary3.txt

#Command Briefing

#Briefing
$start_briefing
$num_stages: 6
$start_stage
$multi_text
 XSTR("Okay $g Alpha and $f Beta$| , we have just been tapped for a new assignment.

Our analysts have been sifting through the $f Guadalcanal's computers for the past few hours, and after conducting long-range scans of a series of probable destinations that either the $h Zabaniyya or $h Rusalka could've gone to, we picked up a concentration of subspace activity that matches that of the $h Gopad $h supply $h group you encountered last mission. We deployed $f Sigma wing to take them down, but the $h Shivan support vessels self-destructed upon our wing's arrival. The Shivans may have scuttled them, or it could be another ambush attempt. According to $f Sigma wing$|  , no Shivans have arrived since, and $f Command wants an $y AWACS out there to search for subspace residue of any other ships that could have been there recently. You'll be escorting the $f GTA $f Panopticon for this mission.", 5195)
$end_multi_text
$voice: none.wav
$camera_pos: -1656.764282, 14052.750977, 3401.839111
$camera_orient:
	-0.005117, -0.000019, -0.999987,
	0.999987, -0.000950, -0.005117,
	-0.000950, -1.000000, 0.000024
$camera_time: 500
$num_lines: 0
$num_icons: 5
$Flags: 0
$Formula: ( true ) 
$start_icon
$type: 20
$team: Hostile
$class: SFr Asmodeus
$pos: -2216.101563, -447.338867, 55.501709
$label:  XSTR("Possible subspace residue", 5196)
+id: 7
$hlight: 1
$mirror: 0
$multi_text
$end_multi_text
$end_icon
$start_icon
$type: 1
$team: Friendly
$class: GTF Hercules Mark II
$pos: -2083.213135, -1544.690430, 3281.889648
$label:  XSTR("Sigma", 5197)
+id: 8
$hlight: 0
$mirror: 0
$multi_text
$end_multi_text
$end_icon
$start_icon
$type: 1
$team: Friendly
$class: GTF Perseus
$pos: -602.311890, -1544.689453, 9010.579102
$label:  XSTR("Alpha", 4808)
+id: 9
$hlight: 0
$mirror: 0
$multi_text
$end_multi_text
$end_icon
$start_icon
$type: 1
$team: Friendly
$class: GTF Perseus
$pos: -2972.621582, -1442.075195, 8899.701172
$label:  XSTR("Beta", 5001)
+id: 10
$hlight: 0
$mirror: 0
$multi_text
$end_multi_text
$end_icon
$start_icon
$type: 30
$team: Friendly
$class: GTA Charybdis
$pos: -1915.317871, -2056.633789, 7052.395508
$label:  XSTR("Panopticon", 5198)
+id: 11
$hlight: 0
$mirror: 1
$multi_text
$end_multi_text
$end_icon
$end_stage
$start_stage
$multi_text
 XSTR("You'll be-- what?

...

They have? Alright everyone, give me a minute to look this over.

...

Okay, reset. Mission's scrubbed. The $f Phoenicia's been found.", 5199)
$end_multi_text
$voice: none.wav
$camera_pos: -1656.764282, 14052.750977, 3401.839111
$camera_orient:
	-0.005117, -0.000019, -0.999987,
	0.999987, -0.000950, -0.005117,
	-0.000950, -1.000000, 0.000024
$camera_time: 500
$no_grid
$num_lines: 0
$num_icons: 0
$Flags: 1
$Formula: ( true ) 
$end_stage
$start_stage
$multi_text
 XSTR("At 00:11 hours, a scout wing from the $f 53rd $f Hammerheads located and made contact with the $f GTD $f Phoenicia$| . The destroyer is in high orbit of the $b Gamma $b Draconis star. While far enough away to remain safe from effectively melting, the radiation emitted from the star made it impossible for our scanning efforts to detect them. Our search efforts were largely focused on scouring the outer regions of the system. Only by following a $h Shivan attack force were we able to track them down.", 5200)
$end_multi_text
$voice: none.wav
$camera_pos: -1916.477051, 6861.402832, 6259.249023
$camera_orient:
	0.999997, -0.000018, -0.002542,
	0.002541, -0.022003, 0.999755,
	-0.000074, -0.999758, -0.022003
$camera_time: 500
$num_lines: 0
$num_icons: 2
$Flags: 2
$Formula: ( true ) 
$start_icon
$type: 6
$team: Friendly
$class: GTD Hecate
$pos: -3966.404785, 0.000000, 5991.498047
$label:  XSTR("Phoenicia", 5201)
+id: 1
$hlight: 0
$mirror: 0
$multi_text
$end_multi_text
$end_icon
$start_icon
$type: 1
$team: Friendly
$class: GTF Myrmidon
$pos: -301.056030, -483.183594, 6034.291016
$label:  XSTR("53rd Hammerheads", 5202)
+id: 12
$hlight: 0
$mirror: 0
$multi_text
$end_multi_text
$end_icon
$end_stage
$start_stage
$multi_text
 XSTR("Our scouts were driven away shortly after they made contact with the destroyer, but they report the $f Phoenicia was being pursued by the $h SD $h Zabaniyya itself. Vice-Admiral Kellermann's damage control crews have been able to repair some damage to the ship, but her engines are on the verge of failing. Furthermore the fighterbay was wrecked during the escape from the $b Capella node, and multiple turrets have been disabled from continuous Shivan attacks over the past several hours.", 5203)
$end_multi_text
$voice: none.wav
$camera_pos: -5358.927734, 17997.820313, 6513.094238
$camera_orient:
	0.999997, -0.000018, -0.002542,
	0.002541, -0.022003, 0.999755,
	-0.000074, -0.999758, -0.022003
$camera_time: 500
$num_lines: 0
$num_icons: 2
$Flags: 1
$Formula: ( true ) 
$start_icon
$type: 6
$team: Friendly
$class: GTD Hecate
$pos: -3966.404785, 0.000000, 5991.498047
$label:  XSTR("Phoenicia", 5201)
+id: 1
$hlight: 0
$mirror: 0
$multi_text
$end_multi_text
$end_icon
$start_icon
$type: 10
$team: Hostile
$class: SD Demon
$pos: -10730.877930, 0.003906, 5999.380859
$label:  XSTR("Zabaniyya", 5083)
+id: 2
$hlight: 0
$mirror: 1
$multi_text
$end_multi_text
$end_icon
$end_stage
$start_stage
$multi_text
 XSTR("$g Alpha and $f Beta$| , your wings will be the first in to reinforce the $f Phoenicia$| . It won't be long before the $h Shivan attack picks up steam again, so expect allied warships to arrive shortly after to secure the area. Command is also assembling a $y recovery $y team$| , but until they arrive you must defeat all Shivan attacks on the $f Phoenicia$| .

Be advised that we've just received a shipment of a new shield breaking weapon, the $y GTW-19 $y Circe$|. Use this weapon at your own discretion--

Damn it, what now?
", 5204)
$end_multi_text
$voice: none.wav
$camera_pos: -1428.478027, 8695.228516, 2065.795166
$camera_orient:
	0.999997, -0.000018, -0.002603,
	0.002589, -0.095446, 0.995431,
	-0.000267, -0.995435, -0.095445
$camera_time: 500
$num_lines: 0
$num_icons: 14
$Flags: 0
$Formula: ( true ) 
$start_icon
$type: 1
$team: Friendly
$class: GTF Perseus
$pos: -2953.223145, 0.000000, 2121.253906
$label:  XSTR("Alpha", 4808)
+id: 3
$hlight: 0
$mirror: 0
$multi_text
$end_multi_text
$end_icon
$start_icon
$type: 1
$team: Friendly
$class: GTF Perseus
$pos: 84.714355, 0.000000, 2110.030762
$label:  XSTR("Beta", 5001)
+id: 4
$hlight: 0
$mirror: 0
$multi_text
$end_multi_text
$end_icon
$start_icon
$type: 1
$team: Friendly
$class: GTF Hercules Mark II
$pos: -2987.790039, 0.000000, 203.234619
$label:  XSTR("Reinforcements", 5205)
+id: 5
$hlight: 0
$mirror: 0
$multi_text
$end_multi_text
$end_icon
$start_icon
$type: 18
$team: Friendly
$class: GTC Leviathan
$pos: 55.185059, 445.898438, 302.187866
$label:  XSTR("Reinforcements", 5205)
+id: 6
$hlight: 0
$mirror: 0
$multi_text
$end_multi_text
$end_icon
$start_icon
$type: 1
$team: Friendly
$class: GTF Perseus
$pos: -602.311890, -1544.689453, 9010.579102
$label:  XSTR("Alpha", 4808)
+id: 9
$hlight: 0
$mirror: 0
$multi_text
$end_multi_text
$end_icon
$start_icon
$type: 1
$team: Friendly
$class: GTF Perseus
$pos: -2972.621582, -1442.075195, 8899.701172
$label:  XSTR("Beta", 5001)
+id: 10
$hlight: 0
$mirror: 0
$multi_text
$end_multi_text
$end_icon
$start_icon
$type: 0
$team: Hostile
$class: SF Astaroth
$pos: -25674.701172, -1546.668945, -10066.632813
$label:  XSTR("Cancer 2", 4854)
+id: 16
$hlight: 0
$mirror: 0
$multi_text
$end_multi_text
$end_icon
$start_icon
$type: 0
$team: Hostile
$class: SF Astaroth
$pos: -37838.000000, -1546.668945, -19390.539063
$label:  XSTR("Cancer 2", 4854)
+id: 17
$hlight: 0
$mirror: 0
$multi_text
$end_multi_text
$end_icon
$start_icon
$type: 0
$team: Hostile
$class: SF Astaroth
$pos: -31546.250000, -1508.101563, -13052.649414
$label:  XSTR("Cancer 4", 4856)
+id: 18
$hlight: 0
$mirror: 0
$multi_text
$end_multi_text
$end_icon
$start_icon
$type: 0
$team: Hostile
$class: SF Astaroth
$pos: -38898.976563, -1546.669922, -13548.194336
$label:  XSTR("Cancer 2", 4854)
+id: 19
$hlight: 0
$mirror: 0
$multi_text
$end_multi_text
$end_icon
$start_icon
$type: 0
$team: Hostile
$class: SF Manticore
$pos: -26446.474609, -1848.295898, -16249.048828
$label:  XSTR("Gemini 3", 4864)
+id: 20
$hlight: 0
$mirror: 0
$multi_text
$end_multi_text
$end_icon
$start_icon
$type: 0
$team: Hostile
$class: SF Manticore
$pos: -32807.289063, -1848.878906, -19438.923828
$label:  XSTR("Gemini 2", 4863)
+id: 21
$hlight: 0
$mirror: 0
$multi_text
$end_multi_text
$end_icon
$start_icon
$type: 16
$team: Hostile
$class: SB Seraphim
$pos: -22430.595703, -2056.904297, -10204.514648
$label:  XSTR("Sagittarius 4", 5094)
+id: 22
$hlight: 0
$mirror: 0
$multi_text
$end_multi_text
$end_icon
$start_icon
$type: 16
$team: Hostile
$class: SB Nahema
$pos: -20779.228516, -1407.512695, -16513.273438
$label:  XSTR("Scorpio 5", 5206)
+id: 23
$hlight: 0
$mirror: 0
$multi_text
$end_multi_text
$end_icon
$end_stage
$start_stage
$multi_text
 XSTR("...

Oh hell...

$R The $R fleet $R is $R under $R attack! $g 309th$| , you're up once our Alert Five craft are launched! Your mission still stands: jump to the $f Phoenicia once your drives are charged and protect them at all costs! Now go!", 5207)
$end_multi_text
$voice: Alarm.wav
$camera_pos: -2455.481201, 8304.129883, -3570.158936
$camera_orient:
	-1.000000, -0.000018, 0.000218,
	-0.000158, 0.750701, -0.660642,
	-0.000151, -0.660642, -0.750701
$camera_time: 2500
$num_lines: 0
$num_icons: 13
$Flags: 0
$Formula: ( true ) 
$start_icon
$type: 10
$team: Hostile
$class: SD Demon
$pos: -10730.877930, 0.003906, 5999.380859
$label:  XSTR("Zabaniyya", 5083)
+id: 2
$hlight: 0
$mirror: 0
$multi_text
$end_multi_text
$end_icon
$start_icon
$type: 1
$team: Friendly
$class: GTF Perseus
$pos: -2972.621582, -1442.075195, 8899.701172
$label:  XSTR("Beta", 5001)
+id: 10
$hlight: 0
$mirror: 0
$multi_text
$end_multi_text
$end_icon
$start_icon
$type: 6
$team: Friendly
$class: GTD Hecate
$pos: 3323.505615, -1484.506836, -15277.107422
$label:  XSTR("Aquitaine", 5208)
+id: 13
$hlight: 0
$mirror: 0
$multi_text
$end_multi_text
$end_icon
$start_icon
$type: 33
$team: Unknown
$class: SF Manticore
$pos: 2728.216553, -1656.447266, -12609.915039
$label:  XSTR("Nebula", 4815)
+id: 14
$hlight: 0
$mirror: 0
$multi_text
$end_multi_text
$end_icon
$start_icon
$type: 19
$team: Friendly
$class: GTC Aeolus
$pos: -96.584961, -44.724609, -11889.941406
$label:  XSTR("Aquitaine Escort", 5209)
+id: 15
$hlight: 0
$mirror: 1
$multi_text
$end_multi_text
$end_icon
$start_icon
$type: 19
$team: Hostile
$class: SC Lilith
$pos: -4859.392090, -1546.670898, -18472.455078
$label:  XSTR("Additional contacts", 5210)
+id: 16
$hlight: 0
$mirror: 0
$multi_text
$end_multi_text
$end_icon
$start_icon
$type: 28
$team: Hostile
$class: SCv Moloch
$pos: -3583.205078, -1546.668945, -15788.174805
$label:  XSTR("Merihem", 5211)
+id: 17
$hlight: 0
$mirror: 0
$multi_text
$end_multi_text
$end_icon
$start_icon
$type: 10
$team: Hostile
$class: SD Demon
$pos: -7273.164063, -1508.104492, -15964.882813
$label:  XSTR("Additional contacts", 5210)
+id: 18
$hlight: 0
$mirror: 0
$multi_text
$end_multi_text
$end_icon
$start_icon
$type: 1
$team: Hostile
$class: SF Astaroth
$pos: -6459.219727, -1546.673828, -13765.340820
$label:  XSTR("Additional contacts", 5210)
+id: 19
$hlight: 0
$mirror: 0
$multi_text
$end_multi_text
$end_icon
$start_icon
$type: 1
$team: Hostile
$class: SF Manticore
$pos: -1695.419434, -1848.293945, -14760.582031
$label:  XSTR("Shivan fighters", 5212)
+id: 20
$hlight: 0
$mirror: 0
$multi_text
$end_multi_text
$end_icon
$start_icon
$type: 18
$team: Hostile
$class: SC Rakshasa
$pos: -780.401123, -1848.881836, -17286.638672
$label:  XSTR("Cherubim", 5213)
+id: 21
$hlight: 0
$mirror: 0
$multi_text
$end_multi_text
$end_icon
$start_icon
$type: 17
$team: Hostile
$class: SB Nahema
$pos: 1580.743408, -2056.904297, -17633.595703
$label:  XSTR("Shivan bombers", 5214)
+id: 22
$hlight: 0
$mirror: 0
$multi_text
$end_multi_text
$end_icon
$start_icon
$type: 18
$team: Hostile
$class: SC Cain
$pos: -4023.494141, -1407.511719, -13443.546875
$label:  XSTR("Goetia", 5215)
+id: 23
$hlight: 0
$mirror: 0
$multi_text
$end_multi_text
$end_icon
$end_stage
$end_briefing

#Debriefing_info

$Num stages: 4

$Formula: ( and 
   ( is-goal-true-delay 
      "Protect Phoenicia" 
      0 
   )
   ( not 
      ( is-event-true-delay 
         "zeta destroyed" 
         0 
      )
   )
)
$Multi text
    XSTR("Welcome back pilots!

The mission was a complete success. Vice-Admiral Kellermann extends both her and her crews deepest thanks for the role you played in protecting her stricken ship. The Phoenicia would not have lasted much longer without your intervention. Medical frigates are already on the scene evacuating the survivors and a temporary crew will assume control of the vessel until they have reached an Alliance shipyard in Capella.

The destruction of the SD Zabaniyya and the remnants of its fleet has effectively nullified Shivan resistance in Gamma Draconis, and all that remain are a few errant fighters. The GTCv Parapet narrowly avoided its destruction and has since regrouped with us, and the GVCv Arensnuphis and its task group withstood all Shivan attacks launched against them. The ferocity of the enemy offensive caught all of us by surprise, and had the Zabaniyya been given the opportunity it would have finished off the 3rd Fleet before retreating to the nebula, but in the end we stand triumphant.  Allied forces operating in the nebula theatre will no longer need to worry about their lines being cut.

The last twenty-four hours have been tough, but with perseverence we have prevailed. Additionally, both Command and Admiral Petrarch have deemed it fitting that you all receive the Order of Galatea for your instrumental role in finding and saving the Phoenicia. You are indeed model fighter pilots worthy of envy across the GTVA.

Once the Phoenicia's engines have been repaired, the Aquitaine and its fleet will escort it back to Capella, where we will spend a few days to repair the damages sustained to our ships during this final battle. Normally I'd try to grant you guys some leave time for what you've done, but we won't be staying home for long. We have a war to win, and intelligence suggests that the Shivans are on the back foot, with the Ravana-class destroyer SD Andromalius their sole remaining command ship. We've also still got a certain rebel admiral to find. 

Until we return to the frontlines, you're all off flight shift. Once again, good work everyone.", 5216)
$end_multi_text
$Voice: none.wav
$Recommendation text:
    XSTR("Congratulations! Let me know what you liked, disliked or think can be improved!

The story continues in $quoteShepherds$quote.", 5217)
$end_multi_text

$Formula: ( is-destroyed-delay 0 "Phoenicia" ) 
$Multi text
    XSTR("The GTD Phoenicia was destroyed, taking with it 10,000 officers of the Alliance, losses that we can not simply afford.", 5218)
$end_multi_text
$Voice: none.wav
$Recommendation text:
    XSTR("The Tannin will likely one shot the Phoenicia. Proritize its main beam as well as those of other warships. ", 5219)
$end_multi_text

$Formula: ( and 
   ( not 
      ( is-goal-true-delay 
         "Protect Phoenicia" 
         0 
      )
   )
   ( not 
      ( is-destroyed-delay 0 "Phoenicia" ) 
   )
)
$Multi text
    XSTR("Your antics put the lives of the Phoenicia and your wingmates in jeopardy. You will be jailed until a court-martial can proceed.", 5220)
$end_multi_text
$Voice: none.wav
$Recommendation text:
    XSTR("", 10)
$end_multi_text

$Formula: ( and 
   ( is-goal-true-delay 
      "Protect Phoenicia" 
      0 
   )
   ( is-destroyed-delay 0 "Zeta" ) 
)
$Multi text
    XSTR("Welcome back pilots!

The mission was a complete success. Vice-Admiral Kellermann extends both her and her crews deepest thanks for the role you played in protecting her stricken ship. The Phoenicia would not have lasted much longer without your intervention. Winning this battle without Zeta wing and their Helios torpedos was tough, but we have honoured their passing with our victory today. Medical frigates are already on the scene evacuating the survivors and a temporary crew will assume control of the vessel until they have reached an Alliance shipyard in Capella.

The destruction of the SD Zabaniyya and the remnants of its fleet has effectively nullified Shivan resistance in Gamma Draconis, and all that remain are a few errant fighters. The GTCv Parapet narrowly avoided its destruction and has since regrouped with us, and the GVCv Arensnuphis and its task group withstood all Shivan attacks launched against them. The ferocity of the enemy offensive caught all of us by surprise, and had the Zabaniyya been given the opportunity it would have finished off the 3rd Fleet before retreating to the nebula, but in the end we stand triumphant.  Allied forces operating in the nebula theatre will no longer need to worry about their lines being cut.

The last twenty-four hours have been tough, but with perseverence we have prevailed. Additionally, both Command and Admiral Petrarch have deemed it fitting that you all receive the Order of Galatea for your instrumental role in finding and saving the Phoenicia. You are indeed model fighter pilots worthy of envy across the GTVA.

Once the Phoenicia's engines have been repaired, the Aquitaine and its fleet will escort it back to Capella, where we will spend a few days to repair the damages sustained to our ships during this final battle. Normally I'd try to grant you guys some leave time for what you've done, but we won't be staying home for long. We have a war to win, and intelligence suggests that the Shivans are on the back foot, with the Ravana-class destroyer SD Andromalius their sole remaining command ship. We've also still got a certain rebel admiral to find. 

Until we return to the frontlines, you're all off flight shift. Once again, good work everyone.", 5221)
$end_multi_text
$Voice: none.wav
$Recommendation text:
    XSTR("Congratulations! Let me know what you liked, disliked or think can be improved!

The story continues in $quoteShepherds$quote.", 5217)
$end_multi_text

#Players		;! 1 total

$Starting Shipname: Alpha 1
$Ship Choices: (
	"GTF Ulysses"	6
	"GTF Hercules"	6
	"GTF Hercules Mark II"	6
	"GTF Loki"	6
	"GTF Myrmidon"	6
	"GTB Artemis"	6
	"GTB Artemis D.H."	1
	"GTB Zeus"	6
)

+Weaponry Pool: (
	"Subach HL-7"	22
	"Akheton SDG"	16
	"Morning Star"	16
	"Prometheus R"	16
	"Prometheus S"	22
	"Maxim"	16
	"Circe"	16
	"Lamprey"	16
	"Rockeye"	500
	"Tempest"	1000
	"Hornet"	1000
	"Tornado"	692
	"Harpoon"	380
	"Trebuchet"	105
	"Piranha"	50
	"Stiletto II"	100
	"Cyclops"	25
	"EMP Adv."	50
)

#Objects		;! 138 total

$Name: Alpha 1		;! Object #0
$Display Name: XSTR("Alpha 1", 4827)
$Class: GTF Perseus
$Team: Friendly
$Location: -54163.648438, 3009.515137, -33708.152344
$Orientation:
	-0.211286, 0.010461, 0.977368,
	0.403094, 0.911881, 0.077380,
	-0.890434, 0.410320, -0.196885
$Cargo 1:  XSTR("Nothing", 13)
+Initial Hull: 100
+Subsystem: Pilot
+Primary Banks: ( "Subach HL-7" "Prometheus S" )
+Secondary Banks: ( "Trebuchet" "Tornado" )
$Arrival Location: Hyperspace
$Arrival Cue: ( false ) 
$Departure Location: Hyperspace
$Departure Cue: ( false ) 
$Determination: 10
+Flags: ( "cargo-known" "protect-ship" "player-start" "beam-protect-ship" "flak-protect-ship" "laser-protect-ship" "missile-protect-ship" "stealth" )
+Flags2: ( )
+Respawn priority: 0
+Orders Accepted List: ( )
+Group: 0
+Score: 8

$Name: Alpha 2		;! Object #1
$Display Name: XSTR("Alpha 2", 4828)
$Class: GTF Perseus
$Team: Friendly
$Location: -54198.421875, 3017.418945, -33733.394531
$Orientation:
	-0.215042, 0.014591, 0.976497,
	0.400976, 0.913041, 0.074659,
	-0.890492, 0.407607, -0.202193
+AI Class: Major
$AI Goals: ( goals ( ai-waypoints-once "Alpha 2 jump out here" 200 ) )
$Cargo 1:  XSTR("Nothing", 13)
+Initial Hull: 100
+Subsystem: Pilot
+Primary Banks: ( "Subach HL-7" "Prometheus S" )
+Secondary Banks: ( "Harpoon" "Tornado" )
$Arrival Location: Hyperspace
$Arrival Cue: ( false ) 
$Departure Location: Hyperspace
$Departure Cue: ( false ) 
$Determination: 10
+Flags: ( "cargo-known" "protect-ship" "invulnerable" "beam-protect-ship" "flak-protect-ship" "laser-protect-ship" "missile-protect-ship" "stealth" )
+Flags2: ( )
+Respawn priority: 0
+Orders Accepted List: ( )
+Group: 0
+Score: 8
+Persona Name: Wingman 1

$Name: Alpha 3		;! Object #2
$Display Name: XSTR("Alpha 3", 4829)
$Class: GTF Perseus
$Team: Friendly
$Location: -54211.730469, 3014.331787, -33707.808594
$Orientation:
	-0.227367, -0.023516, 0.973525,
	0.402070, 0.908251, 0.115843,
	-0.886929, 0.417764, -0.197051
+AI Class: Major
$AI Goals: ( goals ( ai-waypoints-once "Alpha 3 jump out here" 200 ) )
$Cargo 1:  XSTR("Nothing", 13)
+Initial Hull: 100
+Subsystem: Pilot
+Primary Banks: ( "Subach HL-7" "Prometheus S" )
+Secondary Banks: ( "Harpoon" "Tornado" )
$Arrival Location: Hyperspace
$Arrival Cue: ( false ) 
$Departure Location: Hyperspace
$Departure Cue: ( false ) 
$Determination: 10
+Flags: ( "cargo-known" "protect-ship" "invulnerable" "beam-protect-ship" "flak-protect-ship" "laser-protect-ship" "missile-protect-ship" "stealth" )
+Flags2: ( )
+Respawn priority: 0
+Orders Accepted List: ( )
+Group: 0
+Score: 8
+Persona Name: Wingman 2

$Name: Phoenicia		;! Object #3
$Display Name: XSTR("Phoenicia", 5201)
$Class: GTD Hecate
$Team: Friendly
$Location: 3558.733887, -1484.506226, 1972.028320
$Orientation:
	-0.867211, -0.397265, 0.300212,
	-0.304062, 0.899929, 0.312529,
	-0.394326, 0.179745, -0.901221
$Cargo 1:  XSTR("Nothing", 13)
+Initial Hull: 29
+Initial Shields: 100
+Subsystem: Pilot
+Subsystem: Turret01
$Damage: 88
+Subsystem: Turret02
$Damage: 100
+Subsystem: Turret03
$Damage: 100
+Subsystem: Turret04
$Damage: 56
+Subsystem: Turret05
$Damage: 100
+Subsystem: Turret06
$Damage: 68
+Subsystem: Turret07
$Damage: 3
+Subsystem: Turret08
$Damage: 100
+Subsystem: Turret09
$Damage: 100
+Subsystem: Turret10
$Damage: 100
+Subsystem: Turret11
$Damage: 100
+Subsystem: Turret12
$Damage: 100
+Subsystem: Turret13
$Damage: 78
+Subsystem: Turret14
$Damage: 37
+Subsystem: Turret15
$Damage: 100
+Subsystem: Turret16
$Damage: 12
+Subsystem: Turret17
$Damage: 100
+Subsystem: Turret18
$Damage: 100
+Subsystem: Turret19
$Damage: 100
+Subsystem: Turret20
$Damage: 100
+Subsystem: Turret21
+Subsystem: Turret22
$Damage: 100
+Subsystem: Turret23
$Damage: 91
+Subsystem: Turret24
$Damage: 100
+Subsystem: Turret25
+Subsystem: Turret26
$Damage: 100
+Subsystem: Turret27
$Damage: 100
+Subsystem: Navigation
$Damage: 63
+Subsystem: Communications
$Damage: 23
+Subsystem: weapons
$Damage: 79
+Subsystem: sensors
$Damage: 71
+Subsystem: engine01
$Damage: 100
+Subsystem: engine02
$Damage: 100
+Subsystem: engine03
$Damage: 100
+Subsystem: engine04
$Damage: 100
+Subsystem: fighterbay
$Damage: 100
$Arrival Location: Hyperspace
$Arrival Cue: ( is-event-true-delay 
   "=====ARRIVE=====" 
   0 
)
$Departure Location: Hyperspace
$Departure Cue: ( false ) 
$Determination: 10
+Flags: ( "cargo-known" "no-shields" "escort" "no-arrival-warp" )
+Flags2: ( )
+Respawn priority: 0
+Escort priority: 100
+Orders Accepted List: ( )
+Group: 0
+Use Table Score:
+Score: 1300
$Texture Replace:
+old: hecatemain01
+new: wcphoenicia01
+old: hecatemain01-normal
+new: wcphoenicia01-normal
+old: hecatemain01-reflect
+new: wcphoenicia01-reflect
+old: hecatemain02
+new: wcphoenicia02
+old: hecatemain02-normal
+new: wcphoenicia02-normal
+old: hecatemain02-reflect
+new: wcphoenicia02-reflect
+old: hecatemain03
+new: wcphoenicia03
+old: hecatemain03-normal
+new: wcphoenicia03-normal
+old: hecatemain03-reflect
+new: wcphoenicia03-reflect
+old: nameplate
+new: gtd_phoeniciaburnt

$Name: Zabaniyya		;! Object #4
$Display Name: XSTR("Zabaniyya", 5083)
$Class: SD Demon
$Team: Hostile
$Location: -413.750305, -1637.490723, 15439.122070
$Orientation:
	-0.607253, -0.009393, -0.794453,
	-0.108637, 0.991520, 0.071315,
	0.787047, 0.129613, -0.603124
$Cargo 1:  XSTR("Nothing", 13)
+Initial Velocity: 33
+Initial Hull: 85
+Initial Shields: 100
+Subsystem: Pilot
+Subsystem: turret01-base
$Damage: 5
+Subsystem: turret02-base
$Damage: 9
+Subsystem: turret03a-base
$Damage: 22
+Subsystem: turret04-base
+Subsystem: turret05-base
$Damage: 22
+Subsystem: turret06a-base
+Subsystem: turret07a-base
$Damage: 11
+Subsystem: turret08-base
$Damage: 5
+Subsystem: turret09-base
+Subsystem: turret10-base
+Subsystem: turret11-base
+Subsystem: turret12-base
$Damage: 4
+Subsystem: turret13-base
$Damage: 34
+Subsystem: turret14-base
$Damage: 16
+Subsystem: turret15-base
+Subsystem: turret16-base
+Subsystem: turret17-base
+Subsystem: turret18-base
$Damage: 25
+Subsystem: turret19-base
+Subsystem: turret20-base
$Damage: 11
+Subsystem: turret21-base
+Subsystem: turret22
+Subsystem: turret23
+Subsystem: turret24
$Damage: 16
+Subsystem: turret25
+Subsystem: turret26
$Damage: 22
+Subsystem: navigation
$Damage: 12
+Subsystem: weapons
$Damage: 21
+Subsystem: sensors
$Damage: 15
+Subsystem: engine
$Damage: 5
+Subsystem: communication
$Damage: 3
$Arrival Location: Hyperspace
$Arrival Cue: ( is-event-true-delay 
   "Zab Incoming" 
   12 
)
$Departure Location: Hyperspace
$Departure Cue: ( false ) 
$Determination: 10
+Flags: ( "protect-ship" "no-shields" "escort" )
+Flags2: ( )
+Respawn priority: 0
+Escort priority: 95
+Orders Accepted List: ( )
+Group: 0
+Use Table Score:
+Score: 840

$Name: Rusalka		;! Object #5
$Display Name: XSTR("Rusalka", 5060)
$Class: SCv Moloch
$Team: Hostile
$Location: 4704.201172, -2034.592041, 11000.133789
$Orientation:
	-0.839018, -0.540655, 0.061169,
	-0.507278, 0.817929, 0.271409,
	-0.196771, 0.196688, -0.960519
$AI Goals: ( goals ( ai-waypoints-once "Waypoint path 1" 90 ) )
$Cargo 1:  XSTR("Nothing", 13)
+Initial Velocity: 33
+Initial Hull: 76
+Initial Shields: 100
+Subsystem: Pilot
+Subsystem: turret01
+Subsystem: turret02
$Damage: 2
+Subsystem: turret03
+Subsystem: turret04
$Damage: 7
+Subsystem: turret05
$Damage: 33
+Subsystem: turret06
$Damage: 44
+Subsystem: turret07
+Subsystem: turret08
$Damage: 19
+Subsystem: turret09
+Subsystem: turret10
$Damage: 37
+Subsystem: turret11
+Subsystem: turret12
$Damage: 55
+Subsystem: turret13
+Subsystem: turret14
$Damage: 45
+Subsystem: turret15
+Subsystem: turret16
+Subsystem: engine01
$Damage: 30
+Subsystem: engine02
$Damage: 11
+Subsystem: communications
$Damage: 14
+Subsystem: navigation
$Damage: 24
+Subsystem: reactor
$Damage: 11
$Arrival Location: Hyperspace
$Arrival Cue: ( is-event-true-delay 
   "Rusalka/Gorgon inbound" 
   11 
)
$Departure Location: Hyperspace
$Departure Cue: ( false ) 
$Determination: 10
+Flags: ( "no-shields" "escort" "no-arrival-music" )
+Flags2: ( )
+Respawn priority: 0
+Escort priority: 98
$Special Explosion:
+Special Exp Damage: 200
+Special Exp Blast: 11000
+Special Exp Inner Radius: 150
+Special Exp Outer Radius: 750
+Special Exp Shockwave Speed: 190
+Special Exp Death Roll Time: 7000
+Orders Accepted List: ( )
+Group: 0
+Use Table Score:
+Score: 440

$Name: Gorgon		;! Object #6
$Display Name: XSTR("Gorgon", 5222)
$Class: SC Cain
$Team: Hostile
$Location: 4028.617188, -1648.995605, 10381.541016
$Orientation:
	-0.914552, 0.329973, 0.233906,
	0.376879, 0.905141, 0.196675,
	-0.146821, 0.268024, -0.952159
$AI Goals: ( goals ( ai-waypoints-once "Waypoint path 2" 90 ) )
$Cargo 1:  XSTR("Nothing", 13)
+Initial Velocity: 33
+Initial Hull: 81
+Initial Shields: 100
+Subsystem: Pilot
+Subsystem: turret01
+Subsystem: turret02
$Damage: 22
+Subsystem: turret03
$Damage: 26
+Subsystem: turret04
+Subsystem: turret05
$Damage: 44
+Subsystem: turret06
$Damage: 29
+Subsystem: turret07
+Subsystem: turret08
$Damage: 5
+Subsystem: turret09
$Damage: 19
+Subsystem: sensors
$Damage: 29
+Subsystem: weapons
$Damage: 7
$Arrival Location: Hyperspace
$Arrival Cue: ( has-arrived-delay 1 "Rusalka" ) 
$Departure Location: Hyperspace
$Departure Cue: ( false ) 
$Determination: 10
+Flags: ( "no-shields" "escort" "no-arrival-music" )
+Flags2: ( )
+Respawn priority: 0
+Escort priority: 97
+Orders Accepted List: ( )
+Group: 0
+Use Table Score:
+Score: 150

$Name: Tannin		;! Object #7
$Display Name: XSTR("Tannin", 5223)
$Class: SC Lilith
$Team: Hostile
$Location: 2225.284912, 5391.366699, 1705.464600
$Orientation:
	0.818222, 0.418955, -0.393688,
	0.295717, 0.280544, 0.913152,
	0.493016, -0.863581, 0.105654
$AI Goals: ( goals ( ai-waypoints-once "Waypoint path 2" 90 ) )
$Cargo 1:  XSTR("Nothing", 13)
+Initial Velocity: 33
+Initial Hull: 72
+Initial Shields: 100
+Subsystem: Pilot
+Subsystem: turret01
+Subsystem: turret02
$Damage: 44
+Subsystem: turret03
$Damage: 6
+Subsystem: turret04
+Subsystem: turret05
$Damage: 22
+Subsystem: turret06
$Damage: 23
+Subsystem: turret07
+Subsystem: turret08
$Damage: 44
+Subsystem: turret09
+Subsystem: sensors
$Damage: 24
+Subsystem: engine
$Damage: 1
+Subsystem: weapons
$Damage: 9
$Arrival Location: Hyperspace
$Arrival Cue: ( is-event-true-delay 
   "area clear messages" 
   45 
)
$Departure Location: Hyperspace
$Departure Cue: ( false ) 
$Determination: 10
+Flags: ( "no-shields" "escort" )
+Flags2: ( )
+Respawn priority: 0
+Escort priority: 99
$Special Explosion:
+Special Exp Damage: 200
+Special Exp Blast: 2000
+Special Exp Inner Radius: 100
+Special Exp Outer Radius: 600
+Special Exp Shockwave Speed: 275
+Special Exp Death Roll Time: 6000
+Special Hitpoints: 65000
+Orders Accepted List: ( )
+Group: 0
+Use Table Score:
+Score: 210

$Name: Leo 1		;! Object #8
$Display Name: XSTR("Leo 1", 4851)
$Class: SF Dragon
$Team: Hostile
$Location: 2725.313965, -704.770569, 2123.446533
$Orientation:
	0.506220, 0.060320, -0.860293,
	0.295716, 0.924931, 0.238859,
	0.810120, -0.375318, 0.450381
$Cargo 1:  XSTR("Nothing", 13)
+Initial Velocity: 33
+Subsystem: Pilot
$Arrival Location: Hyperspace
$Arrival Cue: ( false ) 
$Departure Location: Hyperspace
$Departure Cue: ( false ) 
$Determination: 10
+Flags: ( "no-arrival-warp" )
+Flags2: ( )
+Respawn priority: 0
+Orders Accepted List: ( )
+Group: 0
+Use Table Score:
+Score: 16

$Name: Leo 2		;! Object #9
$Display Name: XSTR("Leo 2", 4852)
$Class: SF Dragon
$Team: Hostile
$Location: 2511.882568, -1511.200439, 1519.536621
$Orientation:
	0.290329, -0.135225, -0.947324,
	-0.599926, 0.745537, -0.290282,
	0.745518, 0.652602, 0.135326
$Cargo 1:  XSTR("Nothing", 13)
+Initial Velocity: 33
+Subsystem: Pilot
$Arrival Location: Hyperspace
$Arrival Cue: ( false ) 
$Departure Location: Hyperspace
$Departure Cue: ( false ) 
$Determination: 10
+Flags: ( "no-arrival-warp" )
+Flags2: ( )
+Respawn priority: 0
+Orders Accepted List: ( )
+Group: 0
+Use Table Score:
+Score: 16

$Name: Virgo 1		;! Object #10
$Display Name: XSTR("Virgo 1", 4841)
$Class: SF Manticore
$Team: Hostile
$Location: 4185.606445, -766.608826, 1705.455200
$Orientation:
	0.770032, 0.636830, 0.038715,
	-0.257814, 0.366098, -0.894150,
	-0.583595, 0.678543, 0.446091
$Cargo 1:  XSTR("Nothing", 13)
+Initial Velocity: 33
+Subsystem: Pilot
$Arrival Location: Hyperspace
$Arrival Cue: ( false ) 
$Departure Location: Hyperspace
$Departure Cue: ( false ) 
$Determination: 10
+Flags: ( "no-arrival-warp" )
+Flags2: ( )
+Respawn priority: 0
+Orders Accepted List: ( )
+Group: 0
+Use Table Score:
+Score: 12

$Name: Virgo 2		;! Object #11
$Display Name: XSTR("Virgo 2", 4842)
$Class: SF Manticore
$Team: Hostile
$Location: 3914.233887, -1656.446533, 680.733398
$Orientation:
	0.775885, 0.481968, -0.407075,
	-0.630455, 0.568826, -0.528170,
	-0.023007, 0.666442, 0.745202
$Cargo 1:  XSTR("Nothing", 13)
+Initial Velocity: 33
+Subsystem: Pilot
$Arrival Location: Hyperspace
$Arrival Cue: ( false ) 
$Departure Location: Hyperspace
$Departure Cue: ( false ) 
$Determination: 10
+Flags: ( "no-arrival-warp" )
+Flags2: ( )
+Respawn priority: 0
+Orders Accepted List: ( )
+Group: 0
+Use Table Score:
+Score: 12

$Name: Beta 1		;! Object #12
$Display Name: XSTR("Beta 1", 5012)
$Class: GTF Perseus
$Team: Friendly
$Location: -54431.433594, 2567.914551, -33763.207031
$Orientation:
	-0.096888, 0.014280, 0.995194,
	-0.885271, 0.455741, -0.092727,
	-0.454874, -0.889999, -0.031513
+AI Class: Major
$Cargo 1:  XSTR("Nothing", 13)
+Initial Velocity: 33
+Initial Hull: 100
+Subsystem: Pilot
+Primary Banks: ( "Subach HL-7" "Prometheus S" )
+Secondary Banks: ( "Harpoon" "Tornado" )
$Arrival Location: Hyperspace
$Arrival Cue: ( false ) 
$Departure Location: Hyperspace
$Departure Cue: ( false ) 
$Determination: 10
+Flags: ( "cargo-known" "protect-ship" "invulnerable" "beam-protect-ship" "flak-protect-ship" "laser-protect-ship" "missile-protect-ship" "stealth" )
+Flags2: ( )
+Respawn priority: 0
+Orders Accepted List: ( )
+Group: 0
+Use Table Score:
+Score: 14
+Persona Name: Wingman 3

$Name: Beta 2		;! Object #13
$Display Name: XSTR("Beta 2", 5013)
$Class: GTF Perseus
$Team: Friendly
$Location: -54398.031250, 2643.251953, -33784.839844
$Orientation:
	-0.096889, 0.014281, 0.995193,
	-0.885270, 0.455741, -0.092727,
	-0.454874, -0.889998, -0.031513
+AI Class: Major
$Cargo 1:  XSTR("Nothing", 13)
+Initial Velocity: 33
+Initial Hull: 100
+Subsystem: Pilot
+Primary Banks: ( "Subach HL-7" "Prometheus S" )
+Secondary Banks: ( "Harpoon" "Tornado" )
$Arrival Location: Hyperspace
$Arrival Cue: ( false ) 
$Departure Location: Hyperspace
$Departure Cue: ( false ) 
$Determination: 10
+Flags: ( "cargo-known" "protect-ship" "invulnerable" "beam-protect-ship" "flak-protect-ship" "laser-protect-ship" "missile-protect-ship" "stealth" )
+Flags2: ( )
+Respawn priority: 0
+Orders Accepted List: ( )
+Group: 0
+Use Table Score:
+Score: 14

$Name: Beta 3		;! Object #14
$Display Name: XSTR("Beta 3", 5014)
$Class: GTF Perseus
$Team: Friendly
$Location: -54398.664063, 2650.646484, -33725.289063
$Orientation:
	-0.096889, 0.014281, 0.995193,
	-0.885270, 0.455741, -0.092727,
	-0.454874, -0.889998, -0.031513
+AI Class: Major
$Cargo 1:  XSTR("Nothing", 13)
+Initial Velocity: 33
+Initial Hull: 100
+Subsystem: Pilot
+Primary Banks: ( "Subach HL-7" "Prometheus S" )
+Secondary Banks: ( "Harpoon" "Tornado" )
$Arrival Location: Hyperspace
$Arrival Cue: ( false ) 
$Departure Location: Hyperspace
$Departure Cue: ( false ) 
$Determination: 10
+Flags: ( "cargo-known" "protect-ship" "invulnerable" "beam-protect-ship" "flak-protect-ship" "laser-protect-ship" "missile-protect-ship" "stealth" )
+Flags2: ( )
+Respawn priority: 0
+Orders Accepted List: ( )
+Group: 0
+Use Table Score:
+Score: 14

$Name: Taurus 1		;! Object #15
$Display Name: XSTR("Taurus 1", 4838)
$Class: SB Nahema
$Team: Hostile
$Location: 304.138733, -515.259705, 2270.653564
$Orientation:
	0.506219, 0.000000, -0.862405,
	0.295717, 0.939373, 0.173581,
	0.810120, -0.342898, 0.475529
$Cargo 1:  XSTR("Nothing", 13)
+Initial Velocity: 33
+Initial Hull: 100
+Subsystem: Pilot
+Secondary Banks: ( "Shivan Weak Bomb" "Shivan Weak Bomb" "Piranha#Shivan" )
$Arrival Location: Hyperspace
$Arrival Cue: ( false ) 
$Departure Location: Hyperspace
$Departure Cue: ( false ) 
$Determination: 10
+Flags: ( )
+Flags2: ( )
+Respawn priority: 0
+Orders Accepted List: ( )
+Group: 0
+Use Table Score:
+Score: 14

$Name: Taurus 2		;! Object #16
$Display Name: XSTR("Taurus 2", 4839)
$Class: SB Nahema
$Team: Hostile
$Location: 55.678589, -451.728363, 2350.076904
$Orientation:
	0.506219, 0.000000, -0.862405,
	0.295717, 0.939373, 0.173581,
	0.810120, -0.342898, 0.475529
$Cargo 1:  XSTR("Nothing", 13)
+Initial Velocity: 33
+Initial Hull: 100
+Subsystem: Pilot
+Secondary Banks: ( "Shivan Weak Bomb" "Shivan Weak Bomb" "Piranha#Shivan" )
$Arrival Location: Hyperspace
$Arrival Cue: ( false ) 
$Departure Location: Hyperspace
$Departure Cue: ( false ) 
$Determination: 10
+Flags: ( )
+Flags2: ( )
+Respawn priority: 0
+Orders Accepted List: ( )
+Group: 0
+Use Table Score:
+Score: 14

$Name: Taurus 3		;! Object #17
$Display Name: XSTR("Taurus 3", 4840)
$Class: SB Nahema
$Team: Hostile
$Location: 247.448059, -447.438324, 2000.158203
$Orientation:
	0.506219, 0.000000, -0.862405,
	0.295717, 0.939373, 0.173581,
	0.810120, -0.342898, 0.475529
$Cargo 1:  XSTR("Nothing", 13)
+Initial Velocity: 33
+Initial Hull: 100
+Subsystem: Pilot
+Secondary Banks: ( "Shivan Weak Bomb" "Shivan Weak Bomb" "Piranha#Shivan" )
$Arrival Location: Hyperspace
$Arrival Cue: ( false ) 
$Departure Location: Hyperspace
$Departure Cue: ( false ) 
$Determination: 10
+Flags: ( )
+Flags2: ( )
+Respawn priority: 0
+Orders Accepted List: ( )
+Group: 0
+Use Table Score:
+Score: 14

$Name: Taurus 4		;! Object #18
$Display Name: XSTR("Taurus 4", 5015)
$Class: SB Nahema
$Team: Hostile
$Location: -210.359436, -381.421692, 2422.777344
$Orientation:
	0.506219, 0.000000, -0.862405,
	0.295717, 0.939373, 0.173581,
	0.810120, -0.342898, 0.475529
$Cargo 1:  XSTR("Nothing", 13)
+Initial Velocity: 33
+Initial Hull: 100
+Subsystem: Pilot
+Secondary Banks: ( "Shivan Weak Bomb" "Shivan Weak Bomb" "Piranha#Shivan" )
$Arrival Location: Hyperspace
$Arrival Cue: ( false ) 
$Departure Location: Hyperspace
$Departure Cue: ( false ) 
$Determination: 10
+Flags: ( )
+Flags2: ( )
+Respawn priority: 0
+Orders Accepted List: ( )
+Group: 0
+Use Table Score:
+Score: 14

$Name: Libra 1		;! Object #19
$Display Name: XSTR("Libra 1", 4858)
$Class: SF Astaroth
$Team: Hostile
$Location: -221.989258, -483.183838, 2993.366699
$Orientation:
	0.506219, 0.000000, -0.862405,
	0.295717, 0.939373, 0.173581,
	0.810120, -0.342898, 0.475529
$Cargo 1:  XSTR("Nothing", 13)
+Initial Velocity: 33
+Subsystem: Pilot
$Arrival Location: Hyperspace
$Arrival Cue: ( false ) 
$Departure Location: Hyperspace
$Departure Cue: ( false ) 
$Determination: 10
+Flags: ( )
+Flags2: ( )
+Respawn priority: 0
+Orders Accepted List: ( )
+Group: 0
+Use Table Score:
+Score: 13

$Name: Libra 2		;! Object #20
$Display Name: XSTR("Libra 2", 4859)
$Class: SF Astaroth
$Team: Hostile
$Location: -431.316650, -417.627991, 2995.163574
$Orientation:
	0.506219, 0.000000, -0.862405,
	0.295717, 0.939373, 0.173581,
	0.810120, -0.342898, 0.475529
$Cargo 1:  XSTR("Nothing", 13)
+Initial Velocity: 33
+Subsystem: Pilot
$Arrival Location: Hyperspace
$Arrival Cue: ( false ) 
$Departure Location: Hyperspace
$Departure Cue: ( false ) 
$Determination: 10
+Flags: ( )
+Flags2: ( )
+Respawn priority: 0
+Orders Accepted List: ( )
+Group: 0
+Use Table Score:
+Score: 13

$Name: Libra 3		;! Object #21
$Display Name: XSTR("Libra 3", 5011)
$Class: SF Astaroth
$Team: Hostile
$Location: -343.987854, -411.494110, 2813.191650
$Orientation:
	0.506219, 0.000000, -0.862405,
	0.295717, 0.939373, 0.173581,
	0.810120, -0.342898, 0.475529
$Cargo 1:  XSTR("Nothing", 13)
+Initial Velocity: 33
+Subsystem: Pilot
$Arrival Location: Hyperspace
$Arrival Cue: ( false ) 
$Departure Location: Hyperspace
$Departure Cue: ( false ) 
$Determination: 10
+Flags: ( )
+Flags2: ( )
+Respawn priority: 0
+Orders Accepted List: ( )
+Group: 0
+Use Table Score:
+Score: 13

