#Mission Info

$Version: 0.10
$Name:  XSTR("A Game of Feints", 7238)
$Author: Colt
$Created: 11/02/19 at 17:55:29
$Modified: 04/02/23 at 02:17:50
$Notes:
This is a FRED2_OPEN created mission.
$End Notes:

$Mission Desc:
 XSTR("To ensure a safe travel to and through the Capella node, the Memphis and its fleet strike out at Shivan forces to lure the SD Nebiros out of hiding.", 7239)
$end_multi_text
+Game Type Flags: 1
+Flags: 262272
+Fog Near Mult: 1.000000

+Fog Far Mult: 1.000000

+Disallow Support: 0
+Hull Repair Ceiling: 0.000000
+Subsystem Repair Ceiling: 100.000000

+Viewer pos: 1645.735352, 4204.882324, -3810.246094
+Viewer orient:
	0.655969, 0.000015, -0.754788,
	0.208348, 0.961144, 0.181090,
	0.725463, -0.276048, 0.630477

$Squadron wing names: ( "Alpha" "Beta" "Omicron" "Iota" "Kappa" )

$Load Screen 1024: Shepherds_6.png

$Skybox Model: Skybox_C_GammaDraconis.pof
+Skybox Orientation:
	-0.017450, -0.017453, -0.999695,
	-0.000305, 0.999848, -0.017450,
	0.999848, -0.000000, -0.017452

$AI Profile: Olym

#Sexp_variables

$Variables:
(
		0		"ConvoyEscapeCount"		"0"		"number"
		1		"i18nVariable1"		"#Memphis"		"string"
		2		"i18nVariable2"		"#Sigma 1"		"string"
		3		"i18nVariable3"		"#Syracuse"		"string"
		4		"i18nVariable4"		"#Delta 1"		"string"
		5		"i18nVariable5"		"Beam Turret"		"string"
)

#Command Briefing

#Briefing
$start_briefing
$num_stages: 7
$start_stage
$multi_text
 XSTR("At 29:30 Vasudan Standard Time, the final ships of our fleet still in the nebula entered $b{ Gamma Draconis $} and jumped to our rallying point. With our forces gathered, Admiral Nekba has devised a plan that will both create an avenue of escape for our ships while striking a major blow to the $h Shivan fleet.", 7240)
$end_multi_text
$voice: none.wav
$camera_pos: 1548.494019, 10999.007813, 14597.011719
$camera_orient:
	1.000000, 0.000016, -0.000644,
	0.000644, -0.018574, 0.999827,
	0.000004, -0.999828, -0.018574
$camera_time: 500
$num_lines: 0
$num_icons: 7
$Flags: 1
$Formula: ( true ) 
$start_icon
$type: 27
$team: Friendly
$class: GTT Elysium
$pos: -516.953735, -1438.145508, 15545.264648
+id: 1
$hlight: 0
$mirror: 0
$multi_text
$end_multi_text
$end_icon
$start_icon
$type: 29
$team: Friendly
$class: GVG Anuket
$pos: 376.872314, -1317.623047, 13013.062500
+id: 2
$hlight: 0
$mirror: 0
$multi_text
$end_multi_text
$end_icon
$start_icon
$type: 13
$team: Friendly
$class: GVFr Bes
$pos: 2273.936523, -165.286133, 13048.121094
+id: 3
$hlight: 0
$mirror: 0
$multi_text
$end_multi_text
$end_icon
$start_icon
$type: 13
$team: Friendly
$class: GTFR Poseidon
$pos: 616.344482, -196.942383, 14147.250977
+id: 4
$hlight: 0
$mirror: 0
$multi_text
$end_multi_text
$end_icon
$start_icon
$type: 28
$team: Friendly
$class: GVCv Sobek
$pos: 2561.964111, -500.000000, 15261.976563
+id: 5
$hlight: 0
$mirror: 1
$multi_text
$end_multi_text
$end_icon
$start_icon
$type: 6
$team: Friendly
$class: GVD Hatshepsut
$pos: -2183.415039, -500.000000, 14366.654297
$label:  XSTR("Memphis", 6721)
+id: 6
$hlight: 0
$mirror: 0
$multi_text
$end_multi_text
$end_icon
$start_icon
$type: 33
$team: Friendly
$class: GTF Ulysses
$pos: 4515.686035, -500.000000, 14190.011719
$label:  XSTR("Nebula", 6125)
+id: 7
$hlight: 0
$mirror: 0
$multi_text
$end_multi_text
$end_icon
$end_stage
$start_stage
$multi_text
 XSTR("Preceding our arrival, $g Alpha $g 1 conducted a solo reconnaissance mission into $b Gamma $b Draconis to determine the strength of the enemy's fortifications. $g Alpha $g 1 encountered a $y Ravana$|-class destroyer, the $h SD $h Nebiros$| , which we have yet to locate since our arrival. Although the possibility exists that the destroyer has since moved on to $b Capella$| , our scans of the warship's navigation subsystem determine that it was not departing for the node. Admiral Nekba believes the $h Nebiros is currently waiting for us to make the next move so that it may ambush us.

Our plan is to draw out the $h Nebiros and destroy it.", 7241)
$end_multi_text
$voice: none.wav
$camera_pos: 1548.494019, 10999.007813, 14597.011719
$camera_orient:
	1.000000, 0.000016, -0.000644,
	0.000644, -0.018574, 0.999827,
	0.000004, -0.999828, -0.018574
$camera_time: 500
$num_lines: 0
$num_icons: 1
$Flags: 2
$Formula: ( true ) 
$start_icon
$type: 6
$team: Hostile
$class: SD Ravana
$pos: 1381.660278, -125.000000, 14112.585938
$label:  XSTR("Nebiros", 7157)
+id: 8
$hlight: 0
$mirror: 0
$multi_text
$end_multi_text
$end_icon
$end_stage
$start_stage
$multi_text
 XSTR("In one hour, several of our warships and squadrons will split up and strike multiple $h Shivan targets of opportunity in an effort to force the $h Nebiros out of hiding. The 563rd and 567th will attack a large cargo depot located in the inner part of the system while the 33rd squadron will monitor the nebula node for Shivan reinforcements. The $f{ GTCv Syracuse $} and the 411th will engage a Shivan mustering point where several cruisers are gathering. As for the $g 36th$| , we are tasked with harassing a large Shivan supply convoy moving through the system.", 7242)
$end_multi_text
$voice: none.wav
$camera_pos: -424.566223, 8608.159180, 14553.864258
$camera_orient:
	1.000000, 0.000016, -0.000644,
	0.000644, -0.018574, 0.999827,
	0.000004, -0.999828, -0.018574
$camera_time: 500
$num_lines: 6
$line_start: 1
$line_end: 6
$line_start: 4
$line_end: 7
$line_start: 0
$line_end: 5
$line_start: 3
$line_end: 5
$line_start: 8
$line_end: 9
$line_start: 2
$line_end: 9
$num_icons: 10
$Flags: 0
$Formula: ( true ) 
$start_icon
$type: 1
$team: Friendly
$class: GVF Serapis
$pos: 1652.594238, -125.000000, 14738.919922
$label:  XSTR("567th Squadron", 7243)
+id: 9
$hlight: 0
$mirror: 0
$multi_text
$end_multi_text
$end_icon
$start_icon
$type: 1
$team: Friendly
$class: GVF Serapis
$pos: -2554.502441, -125.000000, 15132.707031
$label:  XSTR("33rd Squadron", 7244)
+id: 10
$hlight: 0
$mirror: 0
$multi_text
$end_multi_text
$end_icon
$start_icon
$type: 28
$team: Friendly
$class: GTCv Deimos
$pos: -2461.683105, -125.000000, 12876.846680
$label:  XSTR("Syracuse", 7245)
+id: 11
$hlight: 0
$mirror: 0
$multi_text
$end_multi_text
$end_icon
$start_icon
$type: 17
$team: Friendly
$class: GVB Bakha
$pos: 1591.834229, -125.000000, 15491.580078
$label:  XSTR("563rd Squadron", 7246)
+id: 12
$hlight: 0
$mirror: 0
$multi_text
$end_multi_text
$end_icon
$start_icon
$type: 1
$team: Friendly
$class: GVF Tauret
$pos: 1418.313477, 75.000000, 13407.208984
$label:  XSTR("36th Orbos-Gak", 7247)
+id: 13
$hlight: 0
$mirror: 0
$multi_text
$end_multi_text
$end_icon
$start_icon
$type: 3
$team: Hostile
$class: SC 5
$pos: 2981.883789, 150.000000, 15129.887695
$label:  XSTR("Shivan Cargo Depot", 7248)
+id: 14
$hlight: 0
$mirror: 0
$multi_text
$end_multi_text
$end_icon
$start_icon
$type: 33
$team: Hostile
$class: GVF Serapis
$pos: -3872.943604, 75.000000, 15112.026367
$label:  XSTR("Nebula node", 7249)
+id: 15
$hlight: 0
$mirror: 0
$multi_text
$end_multi_text
$end_icon
$start_icon
$type: 14
$team: Hostile
$class: SFr Asmodeus
$pos: 3056.884033, -125.000000, 13384.000000
$label:  XSTR("Shivan Supply Convoy", 7250)
+id: 16
$hlight: 1
$mirror: 0
$multi_text
$end_multi_text
$end_icon
$start_icon
$type: 1
$team: Friendly
$class: GVF Seth
$pos: -2502.156006, -125.000000, 13956.814453
$label:  XSTR("411th Squadron", 7251)
+id: 17
$hlight: 0
$mirror: 0
$multi_text
$end_multi_text
$end_icon
$start_icon
$type: 19
$team: Hostile
$class: SC Cain
$pos: -3851.270264, 150.000000, 13353.376953
$label:  XSTR("Shivan Cruiser Group", 7252)
+id: 18
$hlight: 0
$mirror: 1
$multi_text
$end_multi_text
$end_icon
$end_stage
$start_stage
$multi_text
 XSTR("The convoy, designated $h Narmada$| , consists of nearly a dozen ships, including an escorting cruiser and at least two fighter wings. By tracking $h Shivan movement in this sector, we have an accurate location of where this convoy will exit subspace to reenergize their jump drives.

$g Alpha and $f Beta$| , you will be taking part in this mission. This operation will be divided into three stages. For the first stage, your wings will be sortied to this location and wait for the convoy's arrival.", 7253)
$end_multi_text
$voice: none.wav
$camera_pos: 2134.300049, 3849.835449, 13492.761719
$camera_orient:
	1.000000, 0.000016, -0.000644,
	0.000644, -0.018574, 0.999827,
	0.000004, -0.999828, -0.018574
$camera_time: 500
$num_lines: 0
$num_icons: 5
$Flags: 0
$Formula: ( true ) 
$start_icon
$type: 1
$team: Friendly
$class: GVF Serapis
$pos: 960.822998, -125.000977, 12995.387695
$label:  XSTR("Beta", 6483)
+id: 19
$hlight: 0
$mirror: 0
$multi_text
$end_multi_text
$end_icon
$start_icon
$type: 1
$team: Friendly
$class: GVF Tauret
$pos: 1073.211548, 200.000000, 13741.055664
$label:  XSTR("Alpha", 6170)
+id: 20
$hlight: 0
$mirror: 0
$multi_text
$end_multi_text
$end_icon
$start_icon
$type: 18
$team: Hostile
$class: SC Cain
$pos: 1870.285767, -1438.143555, 13385.893555
$label:  XSTR("Escort Cruiser", 7254)
+id: 25
$hlight: 0
$mirror: 0
$multi_text
$end_multi_text
$end_icon
$start_icon
$type: 1
$team: Hostile
$class: SF Mara
$pos: 3702.438477, -1384.950195, 13411.930664
$label:  XSTR("Fighter wings", 7255)
+id: 26
$hlight: 0
$mirror: 0
$multi_text
$end_multi_text
$end_icon
$start_icon
$type: 14
$team: Hostile
$class: SFr Asmodeus
$pos: 2848.739746, -1384.953613, 13386.339844
$label:  XSTR("Supply Convoy Narmada", 7256)
+id: 27
$hlight: 0
$mirror: 0
$multi_text
$end_multi_text
$end_icon
$end_stage
$start_stage
$multi_text
 XSTR("Upon the convoy entering your field of engagement, you will signal the $f GVCv $f Maahes$| , escorted by $f Omicron wing from the 203rd Scorpions, and begin your attack. We estimate you will only have around four minutes before the freighters escape into subspace, however destroying the convoy in its entirety is not your primary objective.", 7257)
$end_multi_text
$voice: none.wav
$camera_pos: 2134.300049, 3849.835449, 13492.761719
$camera_orient:
	1.000000, 0.000016, -0.000644,
	0.000644, -0.018574, 0.999827,
	0.000004, -0.999828, -0.018574
$camera_time: 500
$num_lines: 0
$num_icons: 7
$Flags: 0
$Formula: ( true ) 
$start_icon
$type: 1
$team: Friendly
$class: GVF Serapis
$pos: 1251.932495, -125.002197, 12882.214844
$label:  XSTR("Beta", 6483)
+id: 19
$hlight: 0
$mirror: 0
$multi_text
$end_multi_text
$end_icon
$start_icon
$type: 1
$team: Friendly
$class: GVF Tauret
$pos: 1365.030762, 200.000000, 13898.196289
$label:  XSTR("Alpha", 6170)
+id: 20
$hlight: 0
$mirror: 0
$multi_text
$end_multi_text
$end_icon
$start_icon
$type: 18
$team: Hostile
$class: SC Cain
$pos: 1870.285767, -1438.143555, 13385.893555
$label:  XSTR("Escort Cruiser", 7254)
+id: 25
$hlight: 0
$mirror: 0
$multi_text
$end_multi_text
$end_icon
$start_icon
$type: 1
$team: Hostile
$class: SF Mara
$pos: 3702.438477, -1384.950195, 13411.930664
$label:  XSTR("Fighter wings", 7255)
+id: 26
$hlight: 0
$mirror: 0
$multi_text
$end_multi_text
$end_icon
$start_icon
$type: 14
$team: Hostile
$class: SFr Asmodeus
$pos: 2848.739746, -1384.953613, 13386.339844
$label:  XSTR("Supply Convoy Narmada", 7256)
+id: 27
$hlight: 0
$mirror: 0
$multi_text
$end_multi_text
$end_icon
$start_icon
$type: 28
$team: Friendly
$class: GVCv Sobek
$pos: 716.859741, -500.000000, 13629.883789
$label:  XSTR("Maahes", 7258)
+id: 28
$hlight: 0
$mirror: 0
$multi_text
$end_multi_text
$end_icon
$start_icon
$type: 1
$team: Friendly
$class: GVF Seth
$pos: 696.259399, -165.286377, 13231.799805
$label:  XSTR("Omicron", 7259)
+id: 29
$hlight: 0
$mirror: 0
$multi_text
$end_multi_text
$end_icon
$end_stage
$start_stage
$multi_text
 XSTR("Once the area is clear of all $h Shivan targets, you will begin the second part of this operation. The $f Maahes will remain on station, patrolling the area to provoke a Shivan response. Your goal here will be to ensure the corvette's survival, as we anticipate the Shivans will retaliate with multiple bomber wings and possibly warships. By defeating these forces, we hope to present a credible enough threat to force the $h Nebiros to enter the area and challenge us.", 7260)
$end_multi_text
$voice: none.wav
$camera_pos: 2134.300049, 3849.835449, 13492.761719
$camera_orient:
	1.000000, 0.000016, -0.000644,
	0.000644, -0.018574, 0.999827,
	0.000004, -0.999828, -0.018574
$camera_time: 500
$num_lines: 0
$num_icons: 4
$Flags: 0
$Formula: ( true ) 
$start_icon
$type: 1
$team: Friendly
$class: GVF Serapis
$pos: 2127.364990, -125.002197, 12921.540039
$label:  XSTR("Beta", 6483)
+id: 19
$hlight: 0
$mirror: 0
$multi_text
$end_multi_text
$end_icon
$start_icon
$type: 1
$team: Friendly
$class: GVF Tauret
$pos: 2456.010010, 200.000000, 13655.440430
$label:  XSTR("Alpha", 6170)
+id: 20
$hlight: 0
$mirror: 0
$multi_text
$end_multi_text
$end_icon
$start_icon
$type: 28
$team: Friendly
$class: GVCv Sobek
$pos: 2112.540527, -500.000000, 13332.293945
$label:  XSTR("Maahes", 7258)
+id: 28
$hlight: 0
$mirror: 0
$multi_text
$end_multi_text
$end_icon
$start_icon
$type: 1
$team: Friendly
$class: GVF Seth
$pos: 1694.653687, -165.285889, 13685.456055
$label:  XSTR("Omicron", 7259)
+id: 29
$hlight: 0
$mirror: 0
$multi_text
$end_multi_text
$end_icon
$end_stage
$start_stage
$multi_text
 XSTR("Should the $h Shivan destroyer arrive, Admiral Nekba will commit the $f Memphis to a direct engagement against this vessel. Your task during this phase of the operation will be to disarm the $h Nebiros' beam cannons, in particular its two primary cannons, and intercept bomber craft sortied against the $f Memphis$| . Additional fighter and bomber wings are being held in reserve should this engagement occur, so you can expect immediate allied reinforcement during the final stage of the mission.

Should the $h Nebiros emerge at another engagement, or if an unexpected development occurs, $f Memphis $f Tactical will issue new orders. Good luck out there, pilots.", 7261)
$end_multi_text
$voice: none.wav
$camera_pos: 2134.299805, 8017.672852, 13570.186523
$camera_orient:
	1.000000, 0.000016, -0.000644,
	0.000644, -0.018574, 0.999827,
	0.000004, -0.999828, -0.018574
$camera_time: 1500
$num_lines: 0
$num_icons: 2
$Flags: 0
$Formula: ( true ) 
$start_icon
$type: 6
$team: Friendly
$class: GVD Hatshepsut
$pos: 3681.746094, -838.598633, 13493.100586
$label:  XSTR("Memphis", 6721)
+id: 30
$hlight: 0
$mirror: 0
$multi_text
$end_multi_text
$end_icon
$start_icon
$type: 6
$team: Hostile
$class: SD Ravana
$pos: -654.610596, -5496.639648, 13320.924805
$label:  XSTR("Nebiros", 7157)
+id: 31
$hlight: 0
$mirror: 1
$multi_text
$end_multi_text
$end_icon
$end_stage
$end_briefing

#Debriefing_info

$Num stages: 5

$Formula: ( and 
   ( has-departed-delay 0 "Memphis" ) 
   ( not 
      ( is-goal-true-delay 
         "M6-S1: Destroy Shivan Convoy" 
         0 
      )
   )
)
$Multi text
    XSTR("Welcome back aboard the Memphis, pilots. I'm afraid that our mission did not exactly go as planned. The presence of the SD Andromalius, which likely arrived shortly after Sigma wing was driven away from the Nebula node, has reduced our chance of escaping Gamma Draconis, and the damage sustained during the battle has left the Memphis in a reduced state of effectiveness. Our engineers are presently hard at work repairing what they can, and hopefully we can get the rest of our primary beam weapons operational before our next engagement.

Since we have entered Gamma Draconis, we have suffered minor losses to our fighter and bomber wings. So far we have avenged these souls with the destruction of six Shivan warships and numerous smaller craft. Dozens of Shivan cargo units were destroyed in the concurrent depot raid, and we hope that this will relieve our forces fighting on the frontlines in Capella. Additionally, a new scouting wing deployed to the Nebula node have just reported that the SD Nebiros has now withdrawn from the system, likely to repair the damage we inflicted upon it. This can still be counted as a partial victory.

The fleet is rendezvousing at a new rallying point, from where we will make the necessary repairs before advancing on the Capella node. Get some rest while you can. Dismissed.", 7262)
$end_multi_text
$Voice: none.wav
$Recommendation text:
    XSTR("", 10)
$end_multi_text

$Formula: ( and 
   ( has-departed-delay 0 "Memphis" ) 
   ( is-goal-true-delay 
      "M6-S1: Destroy Shivan Convoy" 
      0 
   )
)
$Multi text
    XSTR("Welcome back aboard the Memphis, pilots. I'm afraid that our mission did not exactly go as planned. The presence of the SD Andromalius, which likely arrived shortly after Sigma wing was driven away from the Nebula node, has reduced our chance of escaping Gamma Draconis, and the damage sustained during the battle has left the Memphis in a reduced state of effectiveness. Our engineers are presently hard at work repairing what they can, and hopefully we can get the rest of our primary beam weapons operational before our next engagement.

Since we have entered Gamma Draconis, we have suffered minor losses to our fighter and bomber wings. So far we have avenged these souls with the destruction of six Shivan warships and numerous smaller craft. Dozens of Shivan cargo units were destroyed in the concurrent depot raid, and we hope that this will relieve our forces fighting on the frontlines in Capella. Additionally, a new scouting wing deployed to the Nebula node have just reported that the SD Nebiros has now withdrawn from the system, likely to repair the damage we inflicted upon it. This can still be counted as a partial victory.

Despite Narmada's hellfire, you were able to destroy the convoy in its entirety, thereby denying crucial war supplies to our nemesis. You have made for a fine addition to our fleet, Terrans.

The fleet is rendezvousing at a new rallying point, from where we will make the necessary repairs before advancing on the Capella node. Get some rest while you can. Dismissed.", 7263)
$end_multi_text
$Voice: none.wav
$Recommendation text:
    XSTR("", 10)
$end_multi_text

$Formula: ( and 
   ( has-departed-delay 0 "Alpha 1" ) 
   ( not 
      ( is-event-true-delay 
         "Mission fail Maahes" 
         0 
      )
   )
   ( not 
      ( is-event-true-delay 
         "Mission fail Memphis" 
         0 
      )
   )
)
$Multi text
    XSTR("For abandoning your post, you will be detained until our return to allied space where you will face a court-martial. You cowardice embarrasses your species, Terran.", 7264)
$end_multi_text
$Voice: none.wav
$Recommendation text:
    XSTR("", 10)
$end_multi_text

$Formula: ( is-destroyed-delay 0 "Maahes" ) 
$Multi text
    XSTR("With the loss of the Maahes, we were forced to abandon our operation to lure out the SD Nebiros. The destroyer did not appear at the depot, so we will devise another plan of attack. ", 7265)
$end_multi_text
$Voice: none.wav
$Recommendation text:
    XSTR("While beam disarmament is important, be wary of bomber wings sneaking in to bombard the Maahes.", 7266)
$end_multi_text

$Formula: ( is-destroyed-delay 0 "Memphis" ) 
$Multi text
    XSTR("This is Captain Kherty of the GVCv Maahes.The GVD Memphis is gone, taking with it 11,000 brave sons and daughters of Vasuda and nearly 5,000 other allied survivors. I am now taking provisional control of our fleet. Upon completion of emergency repairs, we will commence an all-out push on the Capella node. Our chances of survival are slim, but we are left with little choice.

Sa Vasuda. Sa Terra.", 7267)
$end_multi_text
$Voice: none.wav
$Recommendation text:
    XSTR("Keep Ophiuchus wing away from the Memphis. Disarm the Nebiros' secondary beams when the opportunity arises.", 7268)
$end_multi_text

#Callsigns:
$Callsign: XSTR("Charge", 6184)
$Callsign: XSTR("Skips", 6185)
$Callsign: XSTR("Nehebu", 7002)

#end


#Players		;! 1 total

$Starting Shipname: Alpha 1
$Ship Choices: (
	"GVF Seth"	4
	"GVF Horus"	4
	"GVF Thoth"	4
)

+Weaponry Pool: (
	"Mekhu HL-7"	24
	"Akheton SDG"	16
	"Morning Star"	16
	"Prometheus R"	16
	"Prometheus S"	24
	"Maxim"	16
	"Circe"	16
	"Lamprey"	16
	"Rockeye"	575
	"Tempest"	980
	"Hornet"	500
	"Tornado"	500
	"Harpoon"	756
	"Trebuchet"	513
	"Stiletto II"	500
	"Infyrno"	500
)

#Objects		;! 130 total

$Name: Alpha 1		;! Object #0
$Display Name: XSTR("Alpha 1", 5920)
$Class: GVF Tauret
$Team: Friendly
$Location: 778.141602, 3680.404053, 2498.976807
$Orientation:
	0.026768, -0.055923, 0.998076,
	-0.409978, 0.909987, 0.061982,
	-0.911703, -0.410848, 0.001431
+AI Class: Coward
$Cargo 1:  XSTR("Nothing", 13)
+Initial Hull: 100
+Subsystem: Pilot
+Primary Banks: ( "Mekhu HL-7" "Prometheus S" )
+Secondary Banks: ( "Harpoon" "Trebuchet" )
$Arrival Location: Hyperspace
$Arrival Cue: ( false ) 
$Departure Location: Hyperspace
$Departure Cue: ( false ) 
$Determination: 10
+Flags: ( "cargo-known" "player-start" )
+Flags2: ( )
+Respawn priority: 0
+Orders Accepted List: ( "attack ship" "disable ship" "disarm ship" "guard ship" "ignore ship" "form on wing" "cover me" "attack any" "disable subsys" )
+Group: 0
+Score: 8

$Name: Alpha 2		;! Object #1
$Display Name: XSTR("Alpha 2", 6190)
$Class: GVF Tauret
$Callsign: XSTR("Charge", 6184)

$Team: Friendly
$Location: 866.804810, 3727.130127, 2399.464111
$Orientation:
	0.026768, -0.055923, 0.998076,
	-0.409977, 0.909987, 0.061983,
	-0.911703, -0.410848, 0.001431
+AI Class: Olym-General
$Cargo 1:  XSTR("Nothing", 13)
+Initial Velocity: 33
+Initial Hull: 100
+Subsystem: Pilot
+Primary Banks: ( "Mekhu HL-7" "Prometheus S" )
+Secondary Banks: ( "Harpoon" "Rockeye" )
$Arrival Location: Hyperspace
$Arrival Cue: ( false ) 
$Departure Location: Hyperspace
$Departure Cue: ( false ) 
$Determination: 10
+Flags: ( "cargo-known" )
+Flags2: ( )
+Respawn priority: 0
+Orders Accepted List: ( "attack ship" "disable ship" "disarm ship" "guard ship" "ignore ship" "form on wing" "cover me" "attack any" "disable subsys" )
+Group: 0
+Use Table Score:
+Score: 10
+Persona Index: 4

$Name: Alpha 3		;! Object #2
$Display Name: XSTR("Alpha 3", 6191)
$Class: GVF Tauret
$Callsign: XSTR("Skips", 6185)

$Team: Friendly
$Location: 871.178589, 3715.490723, 2599.239502
$Orientation:
	0.026768, -0.055923, 0.998076,
	-0.409977, 0.909987, 0.061983,
	-0.911703, -0.410848, 0.001431
+AI Class: Olym-General
$Cargo 1:  XSTR("Nothing", 13)
+Initial Velocity: 33
+Initial Hull: 100
+Subsystem: Pilot
+Primary Banks: ( "Mekhu HL-7" "Prometheus S" )
+Secondary Banks: ( "Harpoon" "Rockeye" )
$Arrival Location: Hyperspace
$Arrival Cue: ( false ) 
$Departure Location: Hyperspace
$Departure Cue: ( false ) 
$Determination: 10
+Flags: ( "cargo-known" )
+Flags2: ( )
+Respawn priority: 0
+Orders Accepted List: ( "attack ship" "disable ship" "disarm ship" "guard ship" "ignore ship" "form on wing" "cover me" "attack any" "disable subsys" )
+Group: 0
+Use Table Score:
+Score: 10
+Persona Index: 1

$Name: Beta 1		;! Object #3
$Display Name: XSTR("Beta 1", 6061)
$Class: GVF Serapis
$Team: Friendly
$Location: 794.997681, 3647.156006, 3098.489502
$Orientation:
	0.026768, -0.055923, 0.998076,
	-0.409977, 0.909987, 0.061983,
	-0.911703, -0.410848, 0.001431
+AI Class: Olym-General
$Cargo 1:  XSTR("Nothing", 13)
+Initial Hull: 100
+Subsystem: Pilot
+Primary Banks: ( "Prometheus S" "Mekhu HL-7" )
+Secondary Banks: ( "Harpoon" "Tempest" )
$Arrival Location: Hyperspace
$Arrival Cue: ( false ) 
$Departure Location: Hyperspace
$Departure Cue: ( false ) 
$Determination: 10
+Flags: ( "cargo-known" )
+Flags2: ( )
+Respawn priority: 0
+Orders Accepted List: ( "attack ship" "disable ship" "disarm ship" "guard ship" "ignore ship" "form on wing" "cover me" "attack any" "disable subsys" )
+Group: 0
+Score: 10

$Name: Beta 2		;! Object #4
$Display Name: XSTR("Beta 2", 6062)
$Class: GVF Serapis
$Team: Friendly
$Location: 885.058228, 3694.936279, 2992.768555
$Orientation:
	0.026768, -0.055923, 0.998076,
	-0.409977, 0.909987, 0.061983,
	-0.911703, -0.410848, 0.001431
+AI Class: Olym-General
$Cargo 1:  XSTR("Nothing", 13)
+Initial Hull: 100
+Subsystem: Pilot
+Primary Banks: ( "Prometheus S" "Mekhu HL-7" )
+Secondary Banks: ( "Harpoon" "Tempest" )
$Arrival Location: Hyperspace
$Arrival Cue: ( false ) 
$Departure Location: Hyperspace
$Departure Cue: ( false ) 
$Determination: 10
+Flags: ( "cargo-known" )
+Flags2: ( )
+Respawn priority: 0
+Orders Accepted List: ( "attack ship" "disable ship" "disarm ship" "guard ship" "ignore ship" "form on wing" "cover me" "attack any" "disable subsys" )
+Group: 0
+Score: 10
+Persona Index: 6

$Name: Beta 3		;! Object #5
$Display Name: XSTR("Beta 3", 6063)
$Class: GVF Serapis
$Team: Friendly
$Location: 889.511963, 3682.802734, 3200.318115
$Orientation:
	0.026768, -0.055923, 0.998076,
	-0.409977, 0.909987, 0.061983,
	-0.911703, -0.410848, 0.001431
+AI Class: Olym-General
$Cargo 1:  XSTR("Nothing", 13)
+Initial Hull: 100
+Subsystem: Pilot
+Primary Banks: ( "Prometheus S" "Mekhu HL-7" )
+Secondary Banks: ( "Harpoon" "Tempest" )
$Arrival Location: Hyperspace
$Arrival Cue: ( false ) 
$Departure Location: Hyperspace
$Departure Cue: ( false ) 
$Determination: 10
+Flags: ( "cargo-known" )
+Flags2: ( )
+Respawn priority: 0
+Orders Accepted List: ( "attack ship" "disable ship" "disarm ship" "guard ship" "ignore ship" "form on wing" "cover me" "attack any" "disable subsys" )
+Group: 0
+Score: 10

$Name: Hydra		;! Object #6
$Display Name: XSTR("Hydra", 7269)
$Class: SC Cain
$Team: Hostile
$Location: 0.000000, 250.000000, 1800.000000
$Orientation:
	1.000000, 0.000000, 0.000000,
	0.000000, 1.000000, 0.000000,
	0.000000, 0.000000, 1.000000
+AI Class: Olym-Captain
$AI Goals: ( goals ( ai-waypoints-once "Hydra wp" 50 ) )
$Cargo 1:  XSTR("Nothing", 13)
+Initial Velocity: 33
+Initial Hull: 100
+Initial Shields: 100
+Subsystem: Pilot
+Subsystem: turret01
+Subsystem: turret02
+Subsystem: turret03
+Subsystem: turret04
+Subsystem: turret05
+Subsystem: turret06
+Subsystem: turret07
+Subsystem: turret08
+Subsystem: turret09
$Arrival Location: Hyperspace
$Arrival Cue: ( and 
   ( has-time-elapsed 67 ) 
   ( not 
      ( is-event-true-delay 
         "Load Checkpoint 1" 
         0 
      )
   )
   ( not 
      ( is-event-true-delay 
         "Load Checkpoint 2" 
         0 
      )
   )
)
$Departure Location: Hyperspace
$Departure Cue: ( has-arrived-delay 220 "Hydra" ) 
$Determination: 10
+Flags: ( "no-shields" "escort" )
+Flags2: ( )
+Respawn priority: 0
+Escort priority: 99
+Orders Accepted List: ( )
+Group: 0
+Use Table Score:
+Score: 150

$Name: Narmada 2		;! Object #7
$Display Name: XSTR("Narmada 2", 7270)
$Class: SFr Asmodeus
$Team: Hostile
$Location: 500.000183, 150.000275, 1900.000610
$Orientation:
	1.000001, 0.000001, -0.000038,
	-0.000001, 1.000001, 0.000005,
	0.000038, -0.000005, 1.000002
+AI Class: Olym-Captain
$AI Goals: ( goals ( ai-waypoints-once "Asmodeus 1 wp" 50 ) )
$Cargo 1:  XSTR("Nothing", 13)
+Initial Velocity: 33
+Initial Hull: 100
+Initial Shields: 100
+Subsystem: Pilot
+Subsystem: a-turret01
+Subsystem: a-turret02
+Primary Banks: ( "Shivan Light Laser" )
+Subsystem: a-turret03
+Subsystem: a-turret04
$Arrival Location: Hyperspace
$Arrival Cue: ( has-arrived-delay 1 "Hydra" ) 
$Departure Location: Hyperspace
$Departure Cue: ( has-arrived-delay 210 "Narmada 2" ) 
$Determination: 10
+Flags: ( "no-shields" "escort" )
+Flags2: ( )
+Respawn priority: 0
+Escort priority: 97
+Docked With: SAC 2-4
$Docker Point: cargo dock01
$Dockee Point: cargo dock04
+Docked With: SAC 2-3
$Docker Point: cargo dock01
$Dockee Point: cargo dock03
+Docked With: SAC 2-2
$Docker Point: cargo dock01
$Dockee Point: cargo dock02
+Docked With: SAC 2-1
$Docker Point: cargo dock01
$Dockee Point: cargo dock01
+Orders Accepted List: ( )
+Group: 0
+Use Table Score:
+Score: 30

$Name: SAC 2-1		;! Object #8
$Display Name: XSTR("SAC 2-1", 6522)
$Class: SAC 2
$Team: Hostile
$Location: 519.086121, 162.462524, 1908.956177
$Orientation:
	0.891007, -0.453991, -0.000041,
	0.453991, 0.891007, -0.000014,
	0.000043, -0.000006, 1.000002
+AI Class: Olym-Captain
$Cargo 1:  XSTR("Electronics", 59)
+Initial Velocity: 33
+Initial Hull: 100
+Initial Shields: 100
+Subsystem: Pilot
$Arrival Location: Hyperspace
$Arrival Cue: ( false ) 
$Departure Location: Hyperspace
$Departure Cue: ( false ) 
$Determination: 10
+Flags: ( "no-shields" )
+Flags2: ( )
+Respawn priority: 0
+Docked With: Narmada 2
$Docker Point: cargo dock01
$Dockee Point: cargo dock01
+Group: 0
+Use Table Score:
+Score: 0

$Name: SAC 2-2		;! Object #9
$Display Name: XSTR("SAC 2-2", 6523)
$Class: SAC 2
$Team: Hostile
$Location: 481.930145, 162.921005, 1909.082031
$Orientation:
	-0.940288, -0.340383, 0.000038,
	-0.340383, 0.940288, 0.000018,
	-0.000042, 0.000004, -1.000002
+AI Class: Olym-Captain
$Cargo 1:  XSTR("Fighter Parts", 573)
+Initial Velocity: 33
+Initial Hull: 100
+Initial Shields: 100
+Subsystem: Pilot
$Arrival Location: Hyperspace
$Arrival Cue: ( false ) 
$Departure Location: Hyperspace
$Departure Cue: ( false ) 
$Determination: 10
+Flags: ( "no-shields" )
+Flags2: ( )
+Respawn priority: 0
+Docked With: Narmada 2
$Docker Point: cargo dock02
$Dockee Point: cargo dock01
+Group: 0
+Use Table Score:
+Score: 0

$Name: SAC 2-3		;! Object #10
$Display Name: XSTR("SAC 2-3", 6524)
$Class: SAC 2
$Team: Hostile
$Location: 519.084595, 162.462769, 1870.354248
$Orientation:
	0.891009, -0.453988, -0.000041,
	0.453988, 0.891009, -0.000014,
	0.000042, -0.000006, 1.000002
+AI Class: Olym-Captain
$Cargo 1:  XSTR("Engines", 6504)
+Initial Velocity: 33
+Initial Hull: 100
+Initial Shields: 100
+Subsystem: Pilot
$Arrival Location: Hyperspace
$Arrival Cue: ( false ) 
$Departure Location: Hyperspace
$Departure Cue: ( false ) 
$Determination: 10
+Flags: ( "no-shields" )
+Flags2: ( )
+Respawn priority: 0
+Docked With: Narmada 2
$Docker Point: cargo dock03
$Dockee Point: cargo dock01
+Group: 0
+Use Table Score:
+Score: 0

$Name: SAC 2-4		;! Object #11
$Display Name: XSTR("SAC 2-4", 6525)
$Class: SAC 2
$Team: Hostile
$Location: 481.912506, 162.923218, 1870.282837
$Orientation:
	-0.940289, -0.340380, 0.000043,
	-0.340380, 0.940289, 0.000019,
	-0.000047, 0.000003, -1.000002
+AI Class: Olym-Captain
$Cargo 1:  XSTR("Sensors", 7271)
+Initial Velocity: 33
+Initial Hull: 100
+Initial Shields: 100
+Subsystem: Pilot
$Arrival Location: Hyperspace
$Arrival Cue: ( false ) 
$Departure Location: Hyperspace
$Departure Cue: ( false ) 
$Determination: 10
+Flags: ( "no-shields" )
+Flags2: ( )
+Respawn priority: 0
+Docked With: Narmada 2
$Docker Point: cargo dock04
$Dockee Point: cargo dock01
+Group: 0
+Use Table Score:
+Score: 0

$Name: Narmada 3		;! Object #12
$Display Name: XSTR("Narmada 3", 7272)
$Class: SFr Asmodeus
$Team: Hostile
$Location: 299.999847, 100.000519, 1570.000366
$Orientation:
	1.000000, 0.000000, -0.000000,
	-0.000001, 1.000000, 0.000018,
	0.000000, -0.000018, 1.000000
+AI Class: Olym-Captain
$AI Goals: ( goals ( ai-waypoints-once "Asmodeus 2 wp" 50 ) )
$Cargo 1:  XSTR("Nothing", 13)
+Initial Velocity: 33
+Initial Hull: 100
+Initial Shields: 100
+Subsystem: Pilot
+Subsystem: a-turret01
+Subsystem: a-turret02
+Primary Banks: ( "Shivan Light Laser" )
+Subsystem: a-turret03
+Subsystem: a-turret04
$Arrival Location: Hyperspace
$Arrival Cue: ( has-arrived-delay 2 "Hydra" ) 
$Departure Location: Hyperspace
$Departure Cue: ( has-arrived-delay 210 "Narmada 3" ) 
$Determination: 10
+Flags: ( "no-shields" "escort" )
+Flags2: ( )
+Respawn priority: 0
+Escort priority: 96
+Docked With: SAC 2-8
$Docker Point: cargo dock01
$Dockee Point: cargo dock04
+Docked With: SAC 2-7
$Docker Point: cargo dock01
$Dockee Point: cargo dock03
+Docked With: SAC 2-6
$Docker Point: cargo dock01
$Dockee Point: cargo dock02
+Docked With: SAC 2-5
$Docker Point: cargo dock01
$Dockee Point: cargo dock01
+Orders Accepted List: ( )
+Group: 0
+Use Table Score:
+Score: 30

$Name: SAC 2-5		;! Object #13
$Display Name: XSTR("SAC 2-5", 6526)
$Class: SAC 2
$Team: Hostile
$Location: 319.085449, 112.462608, 1578.956787
$Orientation:
	0.891006, -0.453992, -0.000013,
	0.453991, 0.891006, 0.000015,
	0.000005, -0.000019, 1.000000
+AI Class: Olym-Captain
$Cargo 1:  XSTR("Electronics", 59)
+Initial Velocity: 33
+Initial Hull: 100
+Initial Shields: 100
+Subsystem: Pilot
$Arrival Location: Hyperspace
$Arrival Cue: ( false ) 
$Departure Location: Hyperspace
$Departure Cue: ( false ) 
$Determination: 10
+Flags: ( "no-shields" )
+Flags2: ( )
+Respawn priority: 0
+Docked With: Narmada 3
$Docker Point: cargo dock01
$Dockee Point: cargo dock01
+Group: 0
+Use Table Score:
+Score: 0

$Name: SAC 2-6		;! Object #14
$Display Name: XSTR("SAC 2-6", 6527)
$Class: SAC 2
$Team: Hostile
$Location: 281.929474, 112.921089, 1579.081299
$Orientation:
	-0.940287, -0.340382, -0.000002,
	-0.340383, 0.940287, 0.000017,
	-0.000004, 0.000017, -1.000000
+AI Class: Olym-Captain
$Cargo 1:  XSTR("Fighter Parts", 573)
+Initial Velocity: 33
+Initial Hull: 100
+Initial Shields: 100
+Subsystem: Pilot
$Arrival Location: Hyperspace
$Arrival Cue: ( false ) 
$Departure Location: Hyperspace
$Departure Cue: ( false ) 
$Determination: 10
+Flags: ( "no-shields" )
+Flags2: ( )
+Respawn priority: 0
+Docked With: Narmada 3
$Docker Point: cargo dock02
$Dockee Point: cargo dock01
+Group: 0
+Use Table Score:
+Score: 0

$Name: SAC 2-7		;! Object #15
$Display Name: XSTR("SAC 2-7", 6528)
$Class: SAC 2
$Team: Hostile
$Location: 319.085419, 112.463310, 1540.354858
$Orientation:
	0.891008, -0.453989, -0.000013,
	0.453988, 0.891008, 0.000015,
	0.000005, -0.000019, 1.000000
+AI Class: Olym-Captain
$Cargo 1:  XSTR("Engines", 6504)
+Initial Velocity: 33
+Initial Hull: 100
+Initial Shields: 100
+Subsystem: Pilot
$Arrival Location: Hyperspace
$Arrival Cue: ( false ) 
$Departure Location: Hyperspace
$Departure Cue: ( false ) 
$Determination: 10
+Flags: ( "no-shields" )
+Flags2: ( )
+Respawn priority: 0
+Docked With: Narmada 3
$Docker Point: cargo dock03
$Dockee Point: cargo dock01
+Group: 0
+Use Table Score:
+Score: 0

$Name: SAC 2-8		;! Object #16
$Display Name: XSTR("SAC 2-8", 6529)
$Class: SAC 2
$Team: Hostile
$Location: 281.913361, 112.923820, 1540.282104
$Orientation:
	-0.940288, -0.340378, 0.000004,
	-0.340379, 0.940289, 0.000018,
	-0.000010, 0.000016, -1.000000
+AI Class: Olym-Captain
$Cargo 1:  XSTR("Sensors", 7271)
+Initial Velocity: 33
+Initial Hull: 100
+Initial Shields: 100
+Subsystem: Pilot
$Arrival Location: Hyperspace
$Arrival Cue: ( false ) 
$Departure Location: Hyperspace
$Departure Cue: ( false ) 
$Determination: 10
+Flags: ( "no-shields" )
+Flags2: ( )
+Respawn priority: 0
+Docked With: Narmada 3
$Docker Point: cargo dock04
$Dockee Point: cargo dock01
+Group: 0
+Use Table Score:
+Score: 0

$Name: Narmada 4		;! Object #17
$Display Name: XSTR("Narmada 4", 7273)
$Class: SFr Asmodeus
$Team: Hostile
$Location: 599.999084, 44.999481, 1400.000610
$Orientation:
	1.000000, -0.000000, -0.000019,
	-0.000000, 1.000000, -0.000013,
	0.000019, 0.000013, 1.000000
+AI Class: Olym-Captain
$AI Goals: ( goals ( ai-waypoints-once "Asmodeus 3 wp" 50 ) )
$Cargo 1:  XSTR("Nothing", 13)
+Initial Velocity: 33
+Initial Hull: 100
+Initial Shields: 100
+Subsystem: Pilot
+Subsystem: a-turret01
+Subsystem: a-turret02
+Primary Banks: ( "Shivan Light Laser" )
+Subsystem: a-turret03
+Subsystem: a-turret04
$Arrival Location: Hyperspace
$Arrival Cue: ( has-arrived-delay 2 "Hydra" ) 
$Departure Location: Hyperspace
$Departure Cue: ( has-arrived-delay 210 "Narmada 4" ) 
$Determination: 10
+Flags: ( "no-shields" "escort" )
+Flags2: ( )
+Respawn priority: 0
+Escort priority: 95
+Docked With: SAC 2-12
$Docker Point: cargo dock01
$Dockee Point: cargo dock04
+Docked With: SAC 2-11
$Docker Point: cargo dock01
$Dockee Point: cargo dock03
+Docked With: SAC 2-10
$Docker Point: cargo dock01
$Dockee Point: cargo dock02
+Docked With: SAC 2-9
$Docker Point: cargo dock01
$Dockee Point: cargo dock01
+Orders Accepted List: ( )
+Group: 0
+Use Table Score:
+Score: 30

$Name: SAC 2-9		;! Object #18
$Display Name: XSTR("SAC 2-9", 6599)
$Class: SAC 2
$Team: Hostile
$Location: 619.084839, 57.461857, 1408.956421
$Orientation:
	0.891006, -0.453992, -0.000016,
	0.453992, 0.891006, -0.000021,
	0.000024, 0.000012, 1.000000
+AI Class: Olym-Captain
$Cargo 1:  XSTR("Electronics", 59)
+Initial Velocity: 33
+Initial Hull: 100
+Initial Shields: 100
+Subsystem: Pilot
$Arrival Location: Hyperspace
$Arrival Cue: ( false ) 
$Departure Location: Hyperspace
$Departure Cue: ( false ) 
$Determination: 10
+Flags: ( "no-shields" )
+Flags2: ( )
+Respawn priority: 0
+Docked With: Narmada 4
$Docker Point: cargo dock01
$Dockee Point: cargo dock01
+Group: 0
+Use Table Score:
+Score: 0

$Name: SAC 2-10		;! Object #19
$Display Name: XSTR("SAC 2-10", 7274)
$Class: SAC 2
$Team: Hostile
$Location: 581.928894, 57.920330, 1409.081543
$Orientation:
	-0.940287, -0.340382, 0.000027,
	-0.340382, 0.940287, -0.000006,
	-0.000023, -0.000015, -1.000000
+AI Class: Olym-Captain
$Cargo 1:  XSTR("Fighter Parts", 573)
+Initial Velocity: 33
+Initial Hull: 100
+Initial Shields: 100
+Subsystem: Pilot
$Arrival Location: Hyperspace
$Arrival Cue: ( false ) 
$Departure Location: Hyperspace
$Departure Cue: ( false ) 
$Determination: 10
+Flags: ( "no-shields" )
+Flags2: ( )
+Respawn priority: 0
+Docked With: Narmada 4
$Docker Point: cargo dock02
$Dockee Point: cargo dock01
+Group: 0
+Use Table Score:
+Score: 0

$Name: SAC 2-11		;! Object #20
$Display Name: XSTR("SAC 2-11", 7275)
$Class: SAC 2
$Team: Hostile
$Location: 619.084045, 57.461365, 1370.354370
$Orientation:
	0.891007, -0.453989, -0.000016,
	0.453989, 0.891007, -0.000021,
	0.000024, 0.000011, 1.000000
+AI Class: Olym-Captain
$Cargo 1:  XSTR("Engines", 6504)
+Initial Velocity: 33
+Initial Hull: 100
+Initial Shields: 100
+Subsystem: Pilot
$Arrival Location: Hyperspace
$Arrival Cue: ( false ) 
$Departure Location: Hyperspace
$Departure Cue: ( false ) 
$Determination: 10
+Flags: ( "no-shields" )
+Flags2: ( )
+Respawn priority: 0
+Docked With: Narmada 4
$Docker Point: cargo dock03
$Dockee Point: cargo dock01
+Group: 0
+Use Table Score:
+Score: 0

$Name: SAC 2-12		;! Object #21
$Display Name: XSTR("SAC 2-12", 7276)
$Class: SAC 2
$Team: Hostile
$Location: 581.911987, 57.921852, 1370.282349
$Orientation:
	-0.940288, -0.340378, 0.000031,
	-0.340378, 0.940288, -0.000005,
	-0.000028, -0.000015, -1.000000
+AI Class: Olym-Captain
$Cargo 1:  XSTR("Sensors", 7271)
+Initial Velocity: 33
+Initial Hull: 100
+Initial Shields: 100
+Subsystem: Pilot
$Arrival Location: Hyperspace
$Arrival Cue: ( false ) 
$Departure Location: Hyperspace
$Departure Cue: ( false ) 
$Determination: 10
+Flags: ( "no-shields" )
+Flags2: ( )
+Respawn priority: 0
+Docked With: Narmada 4
$Docker Point: cargo dock04
$Dockee Point: cargo dock01
+Group: 0
+Use Table Score:
+Score: 0

$Name: Narmada 5		;! Object #22
$Display Name: XSTR("Narmada 5", 7277)
$Class: SFr Mephisto
$Team: Hostile
$Location: -400.000061, -25.000086, 1400.000000
$Orientation:
	1.000000, 0.000000, 0.000020,
	0.000000, 1.000000, 0.000020,
	-0.000020, -0.000020, 1.000000
+AI Class: Olym-Captain
$AI Goals: ( goals ( ai-waypoints-once "Mephisto 1 wp" 50 ) )
$Cargo 1:  XSTR("Nothing", 13)
+Initial Velocity: 33
+Initial Hull: 100
+Initial Shields: 100
+Subsystem: Pilot
+Subsystem: Turret01
+Subsystem: Turret02
+Subsystem: Turret03
+Subsystem: Turret04
$Arrival Location: Hyperspace
$Arrival Cue: ( has-arrived-delay 2 "Hydra" ) 
$Departure Location: Hyperspace
$Departure Cue: ( has-arrived-delay 210 "Narmada 5" ) 
$Determination: 10
+Flags: ( "no-shields" "escort" )
+Flags2: ( )
+Respawn priority: 0
+Escort priority: 94
+Orders Accepted List: ( )
+Group: 0
+Use Table Score:
+Score: 30

$Name: SC 5-1		;! Object #23
$Display Name: XSTR("SC 5-1", 6499)
$Class: SC 5
$Team: Hostile
$Location: -408.155121, -16.164804, 1402.476196
$Orientation:
	0.000021, 0.000020, -1.000000,
	-0.707106, 0.707107, -0.000001,
	0.707107, 0.707106, 0.000029
+AI Class: Olym-Captain
$Cargo 1:  XSTR("Sentry Guns", 685)
+Initial Velocity: 33
+Initial Hull: 100
+Initial Shields: 100
+Subsystem: Pilot
$Arrival Location: Hyperspace
$Arrival Cue: ( false ) 
$Departure Location: Hyperspace
$Departure Cue: ( false ) 
$Determination: 10
+Flags: ( "no-shields" )
+Flags2: ( )
+Respawn priority: 0
+Docked With: Narmada 5
$Docker Point: cargo dock01
