#Mission Info

$Version: 23.1
$Name:  XSTR("Intro - Andromalius", 4918)
$Author: Colt
$Created: 11/16/19 at 11:53:49
$Modified: 12/06/23 at 23:49:43
$Notes:
This is a FRED2_OPEN created mission.
$End Notes:

$Mission Desc:
 XSTR("The GTVA have greatly underestimated their foe.
", 4919)
$end_multi_text
+Game Type Flags: 1
+Flags: 134483084
+NebAwacs: 3000.000000

+Storm: s_medium

+Fog Near Mult: 1.000000

+Fog Far Mult: 1.000000


+Disallow Support: 1
+Hull Repair Ceiling: 0.000000
+Subsystem Repair Ceiling: 100.000000

+Viewer pos: -12612.459961, -1.203507, 17.665405
+Viewer orient:
	0.706577, -0.000005, 0.707636,
	0.032534, 0.998943, -0.032478,
	-0.706888, 0.045970, 0.705831


$Load Screen 1024: Shepherds_Intro.png

$AI Profile: Olym

#Sexp_variables

$Variables:
(
		0		"autoGenVar1"		"#Unknown"		"string"
		1		"autoGenVar2"		"#CFT-12443"		"string"
		2		"autoGenVar3"		"#3rd Fleet Headquarters"		"string"
		3		"autoGenVar4"		"#ET-300-567"		"string"
		4		"autoGenVar5"		"#Iota 1"		"string"
		5		"autoGenVar6"		"#Iota 2"		"string"
		6		"autoGenVar7"		"#Zeta 1"		"string"
		7		"autoGenVar8"		"#Mycerinus"		"string"
		8		"autoGenVar9"		"#Command"		"string"
		9		"autoGenVar10"		"#Manetho"		"string"
		10		"autoGenVar11"		"#Warwick"		"string"
		11		"autoGenVar12"		"#Zednanreh"		"string"
		12		"autoGenVar13"		"#Valiant"		"string"
)

#Command Briefing

#Briefing
$start_briefing
$num_stages: 0
$end_briefing

#Debriefing_info

$Num stages: 0

#Players		;! 1 total

$Starting Shipname: Alpha 1
$Ship Choices: (
	"GTF Ulysses"	5
	"GTF Hercules"	5
	"GTF Hercules Mark II"	5
	"GTF Ares"	5
	"GTF Erinyes"	5
	"GTF Loki"	5
	"GTF Pegasus"	5
	"GTF Perseus"	5
	"GTF Myrmidon"	5
	"SF Mara (terrans)"	5
	"GTB Artemis"	5
	"GTB Artemis D.H."	5
	"GTB Medusa"	5
	"GTB Ursa"	5
	"GTB Zeus"	5
	"GTB Boanerges"	5
	"GVF Ptah"	5
)

+Weaponry Pool: (
	"Subach HL-7"	17
	"Subach HL-D"	16
	"Mekhu HL-7"	24
	"Mekhu HL-7D"	16
	"Akheton SDG"	16
	"Morning Star"	16
	"MorningStar D"	16
	"Prometheus R"	17
	"Prometheus S"	16
	"Prometheus D"	16
	"Maxim"	16
	"Maxim D"	16
	"UD-8 Kayser"	16
	"UD-D Kayser"	16
	"Circe"	16
	"Lamprey"	16
	"ML-16 Laser"	16
	"Disruptor"	16
	"Avenger"	16
	"Flail"	16
	"Prometheus"	16
	"Banshee"	16
	"Leech Cannon"	16
	"S-Breaker"	16
	"D-Advanced"	16
	"Railgun"	16
	"Rockeye"	500
	"Rockeye D"	500
	"Tempest"	2100
	"Tempest D"	500
	"Hornet"	500
	"Hornet D"	500
	"Hornet#Weak"	500
	"Tornado"	500
	"Tornado D"	500
	"Harpoon"	676
	"Harpoon D"	500
	"Harpoon#Weak"	500
	"Trebuchet"	500
	"TAG-A"	500
	"TAG-B"	500
	"TAG-C"	500
	"Piranha"	500
	"Stiletto II"	500
	"Infyrno"	500
	"Infyrno D"	500
	"Cyclops"	500
	"Cyclops#short"	500
	"Helios"	500
	"EMP Adv."	500
	"Rockeye#Shivan"	500
	"Rockeye D#Shivan"	500
	"Tempest#Shivan"	500
	"Tempest D#Shivan"	500
	"Hornet#Shivan"	500
	"Hornet D#Shivan"	500
	"Hornet#Weak#Shivan"	500
	"Tornado#Shivan"	500
	"Tornado D#Shivan"	500
	"Harpoon#Shivan"	500
	"Harpoon D#Shivan"	500
	"Harpoon#Weak#Shivan"	500
	"Trebuchet#Shivan"	500
	"Piranha#Shivan"	500
	"Shivan Disruptor"	500
	"Shivan Area Bomb"	500
	"Shivan Bomb"	500
	"Shivan Bomb#Short"	500
	"Shivan Megabomb"	500
	"EMP Adv.#Shivan"	500
	"MX-50"	500
	"D-Missile"	500
	"Fury"	500
	"Interceptor"	500
	"Phoenix V"	500
	"Synaptic"	500
	"Stiletto"	500
	"Tsunami"	500
	"Harbinger"	500
	"Cluster Bomb"	500
	"EM Pulse"	500
)

#Objects		;! 214 total

$Name: Alpha 1		;! Object #0
$Display Name: XSTR("Alpha 1", 4920)
$Class: GTF Ulysses
$Team: Friendly
$Location: -12630.981445, 0.000977, 36.159180
$Orientation:
	1.000000, 0.000000, 0.000000,
	0.000000, 1.000000, 0.000000,
	0.000000, 0.000000, 1.000000
$Cargo 1:  XSTR("Nothing", 13)
+Initial Hull: 100
+Subsystem: Pilot
+Subsystem: navigation
$Damage: 100
+Subsystem: weapons
$Damage: 100
+Subsystem: sensors
$Damage: 100
+Subsystem: engines
$Damage: 100
$Arrival Location: Hyperspace
$Arrival Cue: ( false ) 
$Departure Location: Hyperspace
$Departure Cue: ( false ) 
$Determination: 10
+Flags: ( "cargo-known" "player-start" "stealth" )
+Flags2: ( "primaries-locked" "secondaries-locked" "lock-all-turrets" "afterburners-locked" "ship-locked" "weapons-locked" )
+Respawn priority: 0
+Group: 0
+Use Table Score:
+Score: 8

$Name: 3rd Fleet Headquarters		;! Object #1
$Display Name: XSTR("3rd Fleet Headquarters", 4921)
$Class: GTI Arcadia
$Team: Friendly
$Location: 0.595398, 0.000854, 1006.743103
$Orientation:
	0.444661, 0.000000, 0.895698,
	-0.008957, 0.999950, 0.004447,
	-0.895654, -0.010000, 0.444639
+AI Class: Coward
$Cargo 1:  XSTR("Nothing", 13)
+Initial Velocity: 33
+Initial Hull: 100
+Initial Shields: 100
+Subsystem: Pilot
+Subsystem: turret01
+Subsystem: turret02
+Subsystem: turret03
+Subsystem: turret04
+Subsystem: turret05
+Subsystem: turret06
+Subsystem: turret07
+Subsystem: turret08
+Subsystem: turret09
+Subsystem: turret10
+Subsystem: turret11
+Subsystem: turret12
+Subsystem: turret13
+Subsystem: turret14
+Subsystem: turret15
+Subsystem: turret16
+Subsystem: turret17
+Subsystem: turret18
+Subsystem: turret19
+Subsystem: turret20
+Subsystem: turret21
+Subsystem: turret22
+Subsystem: turret23
+Subsystem: turret24
$Arrival Location: Hyperspace
$Arrival Cue: ( true ) 
$Departure Location: Hyperspace
$Departure Cue: ( is-event-true-delay "Camera 5" 4 ) 
$Determination: 10
+Flags: ( "cargo-known" "no-shields" )
+Flags2: ( )
+Respawn priority: 0
+Docked With: AC 2210X
$Docker Point: docking point
$Dockee Point: Platform 11a
+Docked With: AT-300-108
$Docker Point: Frontside dock
$Dockee Point: Platform 8a
+Docked With: AT-300-032
$Docker Point: Frontside dock
$Dockee Point: Platform 16a
+Docked With: BMS-65
$Docker Point: topside docking
$Dockee Point: Platform 16d
+Docked With: ACRT-881
$Docker Point: topside docking
$Dockee Point: Platform 16c
+Docked With: CET 044185
$Docker Point: topside docking
$Dockee Point: Platform 13d
+Docked With: ET 500-551
$Docker Point: topside docking
$Dockee Point: Platform 7e
+Docked With: ET 400-055
$Docker Point: topside docking
$Dockee Point: Platform 7d
+Docked With: CET-663b
$Docker Point: topside docking
$Dockee Point: Platform A
+Docked With: IT 1100-92
$Docker Point: main dock
$Dockee Point: Platform 7c
+Docked With: IT 1000-50
$Docker Point: main dock
$Dockee Point: Platform 7a
+Orders Accepted List: ( )
+Group: 0
+Use Table Score:
+Score: 800

$Name: IT 1000-50		;! Object #2
$Display Name: XSTR("IT 1000-50", 4922)
$Class: GVT Isis
$Team: Friendly
$Location: 452.602570, -75.137581, 140.653992
$Orientation:
	-0.895654, -0.010000, 0.444639,
	-0.001199, 0.999798, 0.020071,
	-0.444750, 0.017443, -0.895484
$Cargo 1:  XSTR("Nothing", 13)
+Initial Velocity: 33
+Initial Hull: 100
+Initial Shields: 100
+Subsystem: Pilot
+Subsystem: Turret01
+Subsystem: Turret02
$Arrival Location: Hyperspace
$Arrival Cue: ( false ) 
$Departure Location: Hyperspace
$Departure Cue: ( is-event-true-delay "Camera 5" 4 ) 
$Determination: 10
+Flags: ( "cargo-known" "no-shields" "no-departure-warp" )
+Flags2: ( )
+Respawn priority: 0
+Docked With: 3rd Fleet Headquarters
$Docker Point: Platform 7a
$Dockee Point: main dock
+Orders Accepted List: ( "attack ship" "dock" )
+Group: 0
+Use Table Score:
+Score: 15

$Name: IT 1100-92		;! Object #3
$Display Name: XSTR("IT 1100-92", 4923)
$Class: GVT Isis
$Team: Friendly
$Location: 506.406586, -75.137581, 249.033447
$Orientation:
	-0.895654, -0.010000, 0.444639,
	-0.001199, 0.999798, 0.020071,
	-0.444750, 0.017443, -0.895484
$Cargo 1:  XSTR("Nothing", 13)
+Initial Velocity: 33
+Initial Hull: 100
+Initial Shields: 100
+Subsystem: Pilot
+Subsystem: Turret01
+Subsystem: Turret02
$Arrival Location: Hyperspace
$Arrival Cue: ( false ) 
$Departure Location: Hyperspace
$Departure Cue: ( is-event-true-delay "Camera 5" 4 ) 
$Determination: 10
+Flags: ( "cargo-known" "no-shields" "no-departure-warp" )
+Flags2: ( )
+Respawn priority: 0
+Docked With: 3rd Fleet Headquarters
$Docker Point: Platform 7c
$Dockee Point: main dock
+Orders Accepted List: ( "attack ship" "dock" )
+Group: 0
+Use Table Score:
+Score: 15

$Name: CET-663b		;! Object #4
$Display Name: XSTR("CET-663b", 4924)
$Class: GTT Elysium
$Team: Friendly
$Location: 377.156189, -63.563530, -44.872288
$Orientation:
	-0.895654, -0.010000, 0.444639,
	0.008957, -0.999950, -0.004447,
	0.444661, 0.000000, 0.895698
$Cargo 1:  XSTR("Nothing", 13)
+Initial Velocity: 33
+Initial Hull: 100
+Initial Shields: 100
+Subsystem: Pilot
+Subsystem: turret01
$Arrival Location: Hyperspace
$Arrival Cue: ( false ) 
$Departure Location: Hyperspace
$Departure Cue: ( is-event-true-delay "Camera 5" 4 ) 
$Determination: 10
+Flags: ( "cargo-known" "no-shields" "no-departure-warp" )
+Flags2: ( )
+Respawn priority: 0
+Docked With: 3rd Fleet Headquarters
$Docker Point: Platform A
$Dockee Point: topside docking
+Orders Accepted List: ( "attack ship" "dock" )
+Group: 0
+Use Table Score:
+Score: 10

$Name: ET 400-055		;! Object #5
$Display Name: XSTR("ET 400-055", 4925)
$Class: GTT Elysium
$Team: Friendly
$Location: 533.137207, -63.713531, 303.058197
$Orientation:
	-0.895654, -0.010000, 0.444639,
	0.008957, -0.999950, -0.004447,
	0.444661, 0.000000, 0.895698
$Cargo 1:  XSTR("Nothing", 13)
+Initial Velocity: 33
+Initial Hull: 100
+Initial Shields: 100
+Subsystem: Pilot
+Subsystem: turret01
$Arrival Location: Hyperspace
$Arrival Cue: ( false ) 
$Departure Location: Hyperspace
$Departure Cue: ( is-event-true-delay "Camera 5" 4 ) 
$Determination: 10
+Flags: ( "cargo-known" "no-shields" "no-departure-warp" )
+Flags2: ( )
+Respawn priority: 0
+Docked With: 3rd Fleet Headquarters
$Docker Point: Platform 7d
$Dockee Point: topside docking
+Orders Accepted List: ( "attack ship" "dock" )
+Group: 0
+Use Table Score:
+Score: 10

$Name: ET 500-551		;! Object #6
$Display Name: XSTR("ET 500-551", 4926)
$Class: GTT Elysium
$Team: Friendly
$Location: 521.618896, -62.943535, 106.699677
$Orientation:
	-0.895654, -0.010000, 0.444639,
	0.008957, -0.999950, -0.004447,
	0.444661, 0.000000, 0.895698
$Cargo 1:  XSTR("Nothing", 13)
+Initial Velocity: 33
+Initial Hull: 100
+Initial Shields: 100
+Subsystem: Pilot
+Subsystem: turret01
$Arrival Location: Hyperspace
$Arrival Cue: ( false ) 
$Departure Location: Hyperspace
$Departure Cue: ( is-event-true-delay "Camera 5" 4 ) 
$Determination: 10
+Flags: ( "cargo-known" "no-shields" "no-departure-warp" )
+Flags2: ( )
+Respawn priority: 0
+Docked With: 3rd Fleet Headquarters
$Docker Point: Platform 7e
$Dockee Point: topside docking
+Orders Accepted List: ( "attack ship" "dock" )
+Group: 0
+Use Table Score:
+Score: 10

$Name: CET 044185		;! Object #7
$Display Name: XSTR("CET 044185", 4927)
$Class: GTT Elysium
$Team: Friendly
$Location: 97.315285, -65.203529, -239.765244
$Orientation:
	-0.895654, -0.010000, 0.444639,
	0.008957, -0.999950, -0.004447,
	0.444661, 0.000000, 0.895698
$Cargo 1:  XSTR("Nothing", 13)
+Initial Velocity: 33
+Initial Hull: 100
+Initial Shields: 100
+Subsystem: Pilot
+Subsystem: turret01
$Arrival Location: Hyperspace
$Arrival Cue: ( false ) 
$Departure Location: Hyperspace
$Departure Cue: ( is-event-true-delay "Camera 5" 4 ) 
$Determination: 10
+Flags: ( "cargo-known" "no-shields" "no-departure-warp" )
+Flags2: ( )
+Respawn priority: 0
+Docked With: 3rd Fleet Headquarters
$Docker Point: Platform 13d
$Dockee Point: topside docking
+Orders Accepted List: ( "attack ship" "dock" )
+Group: 0
+Use Table Score:
+Score: 10

$Name: ACRT-881		;! Object #8
$Display Name: XSTR("ACRT-881", 4928)
$Class: GTT Elysium
$Team: Friendly
$Location: -711.303955, -74.767967, 282.242340
$Orientation:
	-0.895654, -0.010000, 0.444639,
	0.008957, -0.999950, -0.004447,
	0.444661, 0.000000, 0.895698
$Cargo 1:  XSTR("Nothing", 13)
+Initial Velocity: 33
+Initial Hull: 100
+Initial Shields: 100
+Subsystem: Pilot
+Subsystem: turret01
$Arrival Location: Hyperspace
$Arrival Cue: ( false ) 
$Departure Location: Hyperspace
$Departure Cue: ( is-event-true-delay "Camera 5" 4 ) 
$Determination: 10
+Flags: ( "cargo-known" "no-shields" "no-departure-warp" )
+Flags2: ( )
+Respawn priority: 0
+Docked With: 3rd Fleet Headquarters
$Docker Point: Platform 16c
$Dockee Point: topside docking
+Orders Accepted List: ( "attack ship" "dock" )
+Group: 0
+Use Table Score:
+Score: 10

$Name: BMS-65		;! Object #9
$Display Name: XSTR("BMS-65", 4929)
$Class: GTT Elysium
$Team: Friendly
$Location: -655.773438, -74.147972, 254.674698
$Orientation:
	-0.895654, -0.010000, 0.444639,
	0.008957, -0.999950, -0.004447,
	0.444661, 0.000000, 0.895698
$Cargo 1:  XSTR("Nothing", 13)
+Initial Velocity: 33
+Initial Hull: 100
+Initial Shields: 100
+Subsystem: Pilot
+Subsystem: turret01
$Arrival Location: Hyperspace
$Arrival Cue: ( false ) 
$Departure Location: Hyperspace
$Departure Cue: ( is-event-true-delay "Camera 5" 4 ) 
$Determination: 10
+Flags: ( "cargo-known" "no-shields" "no-departure-warp" )
+Flags2: ( )
+Respawn priority: 0
+Docked With: 3rd Fleet Headquarters
$Docker Point: Platform 16d
$Dockee Point: topside docking
+Orders Accepted List: ( "attack ship" "dock" )
+Group: 0
+Use Table Score:
+Score: 10

$Name: AT-300-032		;! Object #10
$Display Name: XSTR("AT-300-032", 4930)
$Class: GTT Argo
$Team: Friendly
$Location: -825.223999, 0.066276, 341.948486
$Orientation:
	-0.895654, -0.009977, 0.444639,
	-0.444662, 0.000108, -0.895697,
	0.008889, -0.999950, -0.004533
+AI Class: Coward
$Cargo 1:  XSTR("Nothing", 13)
+Initial Velocity: 33
+Initial Hull: 100
+Initial Shields: 100
+Subsystem: Pilot
+Subsystem: Turret01
+Subsystem: Turret02
$Arrival Location: Hyperspace
$Arrival Cue: ( false ) 
$Departure Location: Hyperspace
$Departure Cue: ( is-event-true-delay "Camera 5" 4 ) 
$Determination: 10
+Flags: ( "cargo-known" "no-shields" "no-departure-warp" )
+Flags2: ( )
+Respawn priority: 0
+Docked With: 3rd Fleet Headquarters
$Docker Point: Platform 16a
$Dockee Point: Frontside dock
+Orders Accepted List: ( "attack ship" "dock" )
+Group: 0
+Use Table Score:
+Score: 40

$Name: AT-300-108		;! Object #11
$Display Name: XSTR("AT-300-108", 4931)
$Class: GTT Argo
$Team: Friendly
$Location: -747.539856, 13.665526, 813.598694
$Orientation:
	-0.895654, -0.009977, 0.444639,
	-0.444662, 0.000108, -0.895697,
	0.008889, -0.999950, -0.004533
+AI Class: Coward
$Cargo 1:  XSTR("Nothing", 13)
+Initial Velocity: 33
+Initial Hull: 100
+Initial Shields: 100
+Subsystem: Pilot
+Subsystem: Turret01
+Subsystem: Turret02
$Arrival Location: Hyperspace
$Arrival Cue: ( false ) 
$Departure Location: Hyperspace
$Departure Cue: ( is-event-true-delay "Camera 5" 4 ) 
$Determination: 10
+Flags: ( "cargo-known" "no-shields" "no-departure-warp" )
+Flags2: ( )
+Respawn priority: 0
+Docked With: 3rd Fleet Headquarters
$Docker Point: Platform 8a
$Dockee Point: Frontside dock
+Orders Accepted List: ( "attack ship" "dock" )
+Group: 0
+Use Table Score:
+Score: 40

$Name: AC 2210X		;! Object #12
$Display Name: XSTR("AC 2210X", 4932)
$Class: GVFr Satis
$Team: Friendly
$Location: -519.112549, -77.325691, 57.303398
$Orientation:
	-0.895654, -0.010000, 0.444639,
	0.008957, -0.999950, -0.004447,
	0.444661, -0.000000, 0.895698
$Cargo 1:  XSTR("Nothing", 13)
+Initial Velocity: 33
+Initial Hull: 100
+Initial Shields: 100
+Subsystem: Pilot
+Subsystem: turret01-main
+Subsystem: turret02
+Subsystem: turret03
+Subsystem: turret04
+Subsystem: turret05
$Arrival Location: Hyperspace
$Arrival Cue: ( false ) 
$Departure Location: Hyperspace
$Departure Cue: ( is-event-true-delay "Camera 5" 4 ) 
$Determination: 10
+Flags: ( "cargo-known" "no-shields" "no-departure-warp" )
+Flags2: ( )
+Respawn priority: 0
+Docked With: 3rd Fleet Headquarters
$Docker Point: Platform 11a
$Dockee Point: docking point
+Orders Accepted List: ( "attack ship" "dock" )
+Group: 0
+Use Table Score:
+Score: 16

$Name: Messana		;! Object #13
$Display Name: XSTR("Messana", 4933)
$Class: GTD Orion
$Team: Friendly
$Location: -1113.088623, 1870.371582, 1139.269043
$Orientation:
	-0.518085, 0.319425, 0.793448,
	0.378900, 0.917375, -0.121911,
	-0.766829, 0.237476, -0.596307
+AI Class: Coward
$Cargo 1:  XSTR("Nothing", 13)
+Initial Hull: 100
+Initial Shields: 100
+Subsystem: Pilot
+Subsystem: Turret01a
+Subsystem: Turret02a
+Subsystem: Turret03a
+Subsystem: Turret04a
+Subsystem: Turret05a
+Subsystem: Turret06
+Subsystem: Turret07
+Subsystem: Turret08
+Subsystem: Turret09
+Subsystem: Turret10
+Subsystem: Turret11
+Subsystem: Turret12
+Subsystem: Turret13
+Subsystem: Turret14
+Subsystem: Turret15
+Subsystem: Turret16
$Arrival Location: Hyperspace
$Arrival Cue: ( true ) 
$Departure Location: Hyperspace
$Departure Cue: ( is-event-true-delay "Camera 5" 4 ) 
$Determination: 10
+Flags: ( "cargo-known" "no-shields" "no-departure-warp" )
+Flags2: ( )
+Respawn priority: 0
+Orders Accepted List: ( )
+Group: 0
+Score: 1300
$Texture Replace:
+old: nameplate
+new: gtd_messana

$Name: ET-300-567		;! Object #14
$Display Name: XSTR("ET-300-567", 4934)
$Class: GTT Elysium
$Team: Friendly
$Location: -1511.481201, 115.304321, 923.885803
$Orientation:
	0.900447, 0.000000, 0.434965,
	0.000000, 1.000000, 0.000000,
	-0.434965, 0.000000, 0.900447
+AI Class: Coward
$Cargo 1:  XSTR("Nothing", 13)
+Initial Velocity: 33
+Initial Hull: 100
+Initial Shields: 100
+Subsystem: Pilot
+Subsystem: turret01
$Arrival Location: Hyperspace
$Arrival Cue: ( true ) 
$Departure Location: Hyperspace
$Departure Cue: ( has-time-elapsed 63 ) 
$Determination: 10
+Flags: ( "cargo-known" "no-shields" )
+Flags2: ( )
+Respawn priority: 0
+Orders Accepted List: ( "attack ship" "dock" )
+Group: 0
+Use Table Score:
+Score: 10

$Name: ET-300-570		;! Object #15
$Display Name: XSTR("ET-300-570", 4935)
$Class: GTT Elysium
$Team: Friendly
$Location: -1576.260254, 61.348068, 695.736328
$Orientation:
	0.900447, -0.000000, 0.434965,
	0.000000, 1.000000, 0.000000,
	-0.434965, 0.000000, 0.900447
+AI Class: Coward
$Cargo 1:  XSTR("Nothing", 13)
+Initial Velocity: 33
+Initial Hull: 100
+Initial Shields: 100
+Subsystem: Pilot
+Subsystem: turret01
$Arrival Location: Hyperspace
$Arrival Cue: ( true ) 
$Departure Location: Hyperspace
$Departure Cue: ( has-time-elapsed 64 ) 
$Determination: 10
+Flags: ( "cargo-known" "no-shields" )
+Flags2: ( )
+Respawn priority: 0
+Orders Accepted List: ( "attack ship" "dock" )
+Group: 0
+Use Table Score:
+Score: 10

$Name: ET-300-571		;! Object #16
$Display Name: XSTR("ET-300-571", 4936)
$Class: GTT Elysium
$Team: Friendly
$Location: -1310.891846, 49.820251, 573.497498
$Orientation:
	0.900447, -0.000000, 0.434965,
	0.000000, 1.000000, 0.000000,
	-0.434965, 0.000000, 0.900447
+AI Class: Coward
$Cargo 1:  XSTR("Nothing", 13)
+Initial Velocity: 33
+Initial Hull: 100
+Initial Shields: 100
+Subsystem: Pilot
+Subsystem: turret01
$Arrival Location: Hyperspace
$Arrival Cue: ( true ) 
$Departure Location: Hyperspace
$Departure Cue: ( has-time-elapsed 65 ) 
$Determination: 10
+Flags: ( "cargo-known" "no-shields" )
+Flags2: ( )
+Respawn priority: 0
+Orders Accepted List: ( "attack ship" "dock" )
+Group: 0
+Use Table Score:
+Score: 10

$Name: ET-300-574		;! Object #17
$Display Name: XSTR("ET-300-574", 4937)
$Class: GTT Elysium
$Team: Friendly
$Location: -1436.476318, 17.747955, 262.399353
$Orientation:
	0.900447, -0.000000, 0.434965,
	0.000000, 1.000000, 0.000000,
	-0.434965, 0.000000, 0.900447
+AI Class: Coward
$Cargo 1:  XSTR("Nothing", 13)
+Initial Velocity: 33
+Initial Hull: 100
+Initial Shields: 100
+Subsystem: Pilot
+Subsystem: turret01
$Arrival Location: Hyperspace
$Arrival Cue: ( true ) 
$Departure Location: Hyperspace
$Departure Cue: ( has-time-elapsed 65 ) 
$Determination: 10
+Flags: ( "cargo-known" "no-shields" )
+Flags2: ( )
+Respawn priority: 0
+Orders Accepted List: ( "attack ship" "dock" )
+Group: 0
+Use Table Score:
+Score: 10

$Name: CFT-12443		;! Object #18
$Display Name: XSTR("CFT-12443", 4938)
$Class: GTFr Chronos
$Team: Friendly
$Location: -3643.735840, 1598.016602, -3110.051758
$Orientation:
	0.726974, -0.129635, -0.674329,
	0.095053, 0.991562, -0.088151,
	0.680062, -0.000013, 0.733153
+AI Class: Coward
$AI Goals: ( goals ( ai-waypoints-once "CFT-12443 waypoint" 50 ) )
$Cargo 1:  XSTR("Nothing", 13)
+Initial Velocity: 33
+Initial Hull: 100
+Initial Shields: 100
+Subsystem: Pilot
+Subsystem: turreta
$Arrival Location: Hyperspace
$Arrival Cue: ( has-time-elapsed 8 ) 
$Departure Location: Hyperspace
$Departure Cue: ( is-event-true-delay "Camera 5" 4 ) 
$Determination: 10
+Flags: ( "cargo-known" "no-shields" "no-arrival-warp" "no-departure-warp" )
+Flags2: ( )
+Respawn priority: 0
+Orders Accepted List: ( "attack ship" "dock" )
+Group: 0
+Use Table Score:
+Score: 20

$Name: TAC 1 11		;! Object #19
$Display Name: XSTR("TAC 1 11", 4939)
$Class: TAC 1
$Team: Friendly
$Location: -3642.202393, 1613.881592, -3111.448486
$Orientation:
	0.726974, -0.129635, -0.674329,
	0.096106, 0.991561, -0.087016,
	0.679914, -0.001548, 0.733289
+AI Class: Coward
$Cargo 1:  XSTR("Nothing", 13)
+Initial Velocity: 33
+Initial Hull: 100
+Initial Shields: 100
+Subsystem: Pilot
$Arrival Location: Hyperspace
$Arrival Cue: ( false ) 
$Departure Location: Hyperspace
$Departure Cue: ( is-event-true-delay "Camera 5" 4 ) 
$Determination: 10
+Flags: ( "cargo-known" "no-shields" "no-departure-warp" )
+Flags2: ( )
+Respawn priority: 0
+Docked With: CFT-12443
$Docker Point: cargo dockpoint
$Dockee Point: cargo dockpoint
+Group: 0
+Use Table Score:
+Score: 5

$Name: CFT-12448		;! Object #20
$Display Name: XSTR("CFT-12448", 4940)
$Class: GTFr Chronos
$Team: Friendly
$Location: -4000.626953, 1447.479248, -3288.870850
$Orientation:
	0.670297, 0.398605, -0.625962,
	-0.291139, 0.917132, 0.272253,
	0.682599, -0.000246, 0.730785
+AI Class: Coward
$AI Goals: ( goals ( ai-waypoints-once "CFT-12448 waypoint" 50 ) )
$Cargo 1:  XSTR("Nothing", 13)
+Initial Velocity: 33
+Initial Hull: 100
+Initial Shields: 100
+Subsystem: Pilot
+Subsystem: turreta
$Arrival Location: Hyperspace
$Arrival Cue: ( has-time-elapsed 8 ) 
$Departure Location: Hyperspace
$Departure Cue: ( is-event-true-delay "Camera 5" 4 ) 
$Determination: 10
+Flags: ( "cargo-known" "no-shields" "no-arrival-warp" "no-departure-warp" )
+Flags2: ( )
+Respawn priority: 0
+Orders Accepted List: ( "attack ship" "dock" )
+Group: 0
+Use Table Score:
+Score: 20

$Name: TAC 1 12		;! Object #21
$Display Name: XSTR("TAC 1 12", 4941)
$Class: TAC 1
$Team: Friendly
$Location: -4005.272461, 1462.153564, -3284.501221
$Orientation:
	0.670297, 0.398605, -0.625962,
	-0.290082, 0.917131, 0.273384,
	0.683049, -0.001666, 0.730363
+AI Class: Coward
$Cargo 1:  XSTR("Nothing", 13)
+Initial Velocity: 33
+Initial Hull: 100
+Initial Shields: 100
+Subsystem: Pilot
$Arrival Location: Hyperspace
$Arrival Cue: ( false ) 
$Departure Location: Hyperspace
$Departure Cue: ( is-event-true-delay "Camera 5" 4 ) 
$Determination: 10
+Flags: ( "cargo-known" "no-shields" "no-departure-warp" )
+Flags2: ( )
+Respawn priority: 0
+Docked With: CFT-12448
$Docker Point: cargo dockpoint
$Dockee Point: cargo dockpoint
+Group: 0
+Use Table Score:
+Score: 5

$Name: Darwin		;! Object #22
$Display Name: XSTR("Darwin", 4942)
$Class: GTSC Faustus
$Team: Friendly
$Location: 375.932800, -1.681854, 823.334167
$Orientation:
	-0.444077, -0.000721, -0.895990,
	-0.046640, 0.998664, 0.022312,
	0.894775, 0.051697, -0.443516
+AI Class: Coward
$Cargo 1:  XSTR("Nothing", 13)
+Initial Velocity: 33
+Initial Hull: 100
+Initial Shields: 100
+Subsystem: Pilot
+Subsystem: Turret01
+Subsystem: Turret02
+Subsystem: Turret03
+Subsystem: Turret04
+Subsystem: Turret05
+Subsystem: Turret06
$Arrival Location: Hyperspace
$Arrival Cue: ( true ) 
$Departure Location: Hyperspace
$Departure Cue: ( is-event-true-delay "Camera 5" 4 ) 
$Determination: 10
+Flags: ( "cargo-known" "no-shields" "no-departure-warp" )
+Flags2: ( )
+Respawn priority: 0
+Orders Accepted List: ( "attack ship" )
+Group: 0
+Use Table Score:
+Score: 50

$Name: Sparta		;! Object #23
$Display Name: XSTR("Sparta", 4943)
$Class: GTC Aeolus
$Team: Friendly
$Location: -1558.246338, 242.968628, 785.404236
$Orientation:
	-0.297798, -0.461779, -0.835510,
	-0.155037, 0.886995, -0.434976,
	0.941956, 0.000000, -0.335738
+AI Class: Coward
$AI Goals: ( goals ( ai-waypoints-once "Sparta waypoint" 50 ) )
$Cargo 1:  XSTR("Nothing", 13)
+Initial Velocity: 33
+Initial Hull: 100
+Initial Shields: 100
+Subsystem: Pilot
+Subsystem: Turret01
+Subsystem: Turret02
+Subsystem: Turret03
+Subsystem: Turret04
+Subsystem: Turret05
+Subsystem: Turret06
+Subsystem: turret07
+Subsystem: turret08
+Subsystem: turret09
+Subsystem: turret10
+Subsystem: turret11
+Subsystem: turret12
$Arrival Location: Hyperspace
$Arrival Cue: ( true ) 
$Departure Location: Hyperspace
$Departure Cue: ( is-event-true-delay "Camera 5" 4 ) 
$Determination: 10
+Flags: ( "cargo-known" "no-shields" )
+Flags2: ( )
+Respawn priority: 0
+Orders Accepted List: ( "attack ship" )
+Group: 0
+Use Table Score:
+Score: 500
$Texture Replace:
+old: nameplate
+new: gtc_sparta

$Name: Hygeia 1		;! Object #24
$Display Name: XSTR("Hygeia 1", 4944)
$Class: GTS Hygeia
$Team: Friendly
$Location: 460.232239, 143.220154, -271.118622
$Orientation:
	0.548690, 0.000000, 0.836026,
	0.000000, 1.000000, 0.000000,
	-0.836026, 0.000000, 0.548690
+AI Class: Coward
$Cargo 1:  XSTR("Nothing", 13)
+Initial Velocity: 33
+Initial Hull: 100
+Subsystem: Pilot
+Subsystem: engine
$Damage: 100
$Arrival Location: Hyperspace
$Arrival Cue: ( true ) 
$Departure Location: Hyperspace
$Departure Cue: ( is-event-true-delay "Camera 5" 4 ) 
$Determination: 10
+Flags: ( "cargo-known" "no-departure-warp" )
+Flags2: ( )
+Respawn priority: 0
+Group: 0
+Use Table Score:
+Score: 15

$Name: Kappa 1		;! Object #25
$Display Name: XSTR("Kappa 1", 4945)
$Class: GTF Perseus
$Team: Friendly
$Location: -1601.094849, -0.000122, -197.282349
$Orientation:
	1.000000, 0.000000, 0.000000,
	0.000000, 1.000000, 0.000000,
	0.000000, 0.000000, 1.000000
+AI Class: Coward
$Cargo 1:  XSTR("Nothing", 13)
+Initial Velocity: 33
+Initial Hull: 100
+Subsystem: Pilot
$Arrival Location: Hyperspace
$Arrival Cue: ( false ) 
$Departure Location: Hyperspace
$Departure Cue: ( false ) 
$Determination: 10
+Flags: ( "cargo-known" "no-departure-warp" )
+Flags2: ( )
+Respawn priority: 0
+Group: 0
+Use Table Score:
+Score: 14

$Name: Kappa 2		;! Object #26
$Display Name: XSTR("Kappa 2", 4946)
$Class: GTF Perseus
$Team: Friendly
$Location: -1715.442627, 0.000000, -360.018005
$Orientation:
	1.000000, 0.000000, 0.000000,
	0.000000, 1.000000, 0.000000,
	0.000000, 0.000000, 1.000000
+AI Class: Coward
$Cargo 1:  XSTR("Nothing", 13)
+Initial Velocity: 33
+Initial Hull: 100
+Subsystem: Pilot
$Arrival Location: Hyperspace
$Arrival Cue: ( false ) 
$Departure Location: Hyperspace
$Departure Cue: ( false ) 
$Determination: 10
+Flags: ( "cargo-known" "no-departure-warp" )
+Flags2: ( )
+Respawn priority: 0
+Group: 0
+Use Table Score:
+Score: 14

$Name: Kappa 3		;! Object #27
$Display Name: XSTR("Kappa 3", 4947)
$Class: GTF Perseus
$Team: Friendly
$Location: -1482.173340, 0.000000, -389.539825
$Orientation:
	1.000000, 0.000000, 0.000000,
	0.000000, 1.000000, 0.000000,
	0.000000, 0.000000, 1.000000
+AI Class: Coward
$Cargo 1:  XSTR("Nothing", 13)
+Initial Velocity: 33
+Initial Hull: 100
+Subsystem: Pilot
$Arrival Location: Hyperspace
$Arrival Cue: ( false ) 
$Departure Location: Hyperspace
$Departure Cue: ( false ) 
$Determination: 10
+Flags: ( "cargo-known" "no-departure-warp" )
+Flags2: ( )
+Respawn priority: 0
+Group: 0
+Use Table Score:
+Score: 14

$Name: Iota 1		;! Object #28
$Display Name: XSTR("Iota 1", 4948)
$Class: GTB Artemis
$Team: Friendly
$Location: -186.971710, 36.878036, 1625.104736
$Orientation:
	0.453596, 0.000000, 0.891207,
	0.000000, 1.000000, 0.000000,
	-0.891207, 0.000000, 0.453596
+AI Class: Coward
$Cargo 1:  XSTR("Nothing", 13)
+Initial Velocity: 33
+Initial Hull: 100
+Subsystem: Pilot
$Arrival Location: Hyperspace
$Arrival Cue: ( false ) 
$Departure Location: Hyperspace
$Departure Cue: ( false ) 
$Determination: 10
+Flags: ( "cargo-known" )
+Flags2: ( "immobile" )
+Respawn priority: 0
+Group: 0
+Use Table Score:
+Score: 10

$Name: Iota 2		;! Object #29
$Display Name: XSTR("Iota 2", 4949)
$Class: GTB Artemis
$Team: Friendly
$Location: -121.535324, 36.878021, 1666.014893
$Orientation:
	0.453596, -0.000000, 0.891207,
	0.000000, 1.000000, 0.000000,
	-0.891207, 0.000000, 0.453596
+AI Class: Coward
$Cargo 1:  XSTR("Nothing", 13)
+Initial Velocity: 33
+Initial Hull: 100
+Subsystem: Pilot
$Arrival Location: Hyperspace
$Arrival Cue: ( false ) 
$Departure Location: Hyperspace
$Departure Cue: ( false ) 
$Determination: 10
+Flags: ( "cargo-known" )
+Flags2: ( "immobile" )
+Respawn priority: 0
+Group: 0
+Use Table Score:
+Score: 10

$Name: Iota 3		;! Object #30
$Display Name: XSTR("Iota 3", 4950)
$Class: GTB Artemis
$Team: Friendly
$Location: -178.087738, 36.878021, 1546.255249
$Orientation:
	0.453596, -0.000000, 0.891207,
	0.000000, 1.000000, 0.000000,
	-0.891207, 0.000000, 0.453596
+AI Class: Coward
$Cargo 1:  XSTR("Nothing", 13)
+Initial Velocity: 33
+Initial Hull: 100
+Subsystem: Pilot
$Arrival Location: Hyperspace
$Arrival Cue: ( false ) 
$Departure Location: Hyperspace
$Departure Cue: ( false ) 
$Determination: 10
+Flags: ( "cargo-known" )
+Flags2: ( "immobile" )
+Respawn priority: 0
+Group: 0
+Use Table Score:
+Score: 10

$Name: Iota 4		;! Object #31
$Display Name: XSTR("Iota 4", 4951)
$Class: GTB Artemis
$Team: Friendly
$Location: -53.309357, 36.878021, 1693.314697
$Orientation:
	0.453596, -0.000000, 0.891207,
	0.000000, 1.000000, 0.000000,
	-0.891207, 0.000000, 0.453596
+AI Class: Coward
$Cargo 1:  XSTR("Nothing", 13)
+Initial Velocity: 33
+Initial Hull: 100
+Subsystem: Pilot
$Arrival Location: Hyperspace
$Arrival Cue: ( false ) 
$Departure Location: Hyperspace
$Departure Cue: ( false ) 
$Determination: 10
+Flags: ( "cargo-known" )
+Flags2: ( "immobile" )
+Respawn priority: 0
+Group: 0
+Use Table Score:
+Score: 10

$Name: STFR 902		;! Object #32
$Display Name: XSTR("STFR 902", 4952)
$Class: GVFr Satis
$Team: Friendly
$Location: -680.322571, 281.415161, -1675.838867
$Orientation:
	1.000000, 0.000000, 0.000000,
	0.000000, 1.000000, 0.000000,
	0.000000, 0.000000, 1.000000
+AI Class: Coward
$AI Goals: ( goals ( ai-dock "3rd Fleet Headquarters" "docking point" "Platform 4b" 50 ) )
$Cargo 1:  XSTR("Nothing", 13)
+Initial Velocity: 33
+Initial Hull: 100
+Initial Shields: 100
+Subsystem: Pilot
+Subsystem: turret01-main
+Subsystem: turret02
+Subsystem: turret03
+Subsystem: turret04
+Subsystem: turret05
$Arrival Location: Hyperspace
$Arrival Cue: ( true ) 
$Departure Location: Hyperspace
$Departure Cue: ( is-event-true-delay "Camera 5" 4 ) 
$Determination: 10
+Flags: ( "cargo-known" "no-shields" "no-departure-warp" )
+Flags2: ( )
+Respawn priority: 0
+Orders Accepted List: ( "attack ship" "dock" )
+Group: 0
+Use Table Score:
+Score: 16

$Name: Iota 1#2		;! Object #33
$Display Name: XSTR("Iota 1", 4948)
$Class: GTB Artemis
$Team: Friendly
$Location: 6035.014160, -4.727997, -3424.401367
$Orientation:
	-0.487482, 0.000000, -0.873133,
	0.000000, 1.000000, 0.000000,
	0.873133, 0.000000, -0.487482
+AI Class: Olym-Captain
$Cargo 1:  XSTR("Nothing", 13)
+Initial Velocity: 33
+Initial Hull: 25
+Subsystem: Pilot
$Arrival Location: Hyperspace
$Arrival Cue: ( false ) 
$Departure Location: Hyperspace
$Departure Cue: ( false ) 
$Determination: 10
+Flags: ( "cargo-known" "no-departure-warp" )
+Flags2: ( )
+Respawn priority: 0
+Group: 0
+Use Table Score:
+Score: 10

$Name: Iota 2#2		;! Object #34
$Display Name: XSTR("Iota 2", 4949)
$Class: GTB Artemis
$Team: Friendly
$Location: 5910.773926, -4.727722, -3466.962158
$Orientation:
	-0.487482, 0.000000, -0.873133,
	0.000000, 1.000000, 0.000000,
	0.873133, 0.000000, -0.487482
+AI Class: Olym-Captain
$Cargo 1:  XSTR("Nothing", 13)
+Initial Velocity: 33
+Initial Hull: 100
+Subsystem: Pilot
$Arrival Location: Hyperspace
$Arrival Cue: ( false ) 
$Departure Location: Hyperspace
$Departure Cue: ( false ) 
$Determination: 10
+Flags: ( "cargo-known" "no-departure-warp" )
+Flags2: ( )
+Respawn priority: 0
+Group: 0
+Use Table Score:
+Score: 10

$Name: Iota 3#2		;! Object #35
$Display Name: XSTR("Iota 3", 4950)
$Class: GTB Artemis
$Team: Friendly
$Location: 6005.720703, -4.727875, -3297.675293
$Orientation:
	-0.487482, 0.000000, -0.873133,
	0.000000, 1.000000, 0.000000,
	0.873133, 0.000000, -0.487482
+AI Class: Olym-Captain
$Cargo 1:  XSTR("Nothing", 13)
+Initial Velocity: 33
+Initial Hull: 100
+Subsystem: Pilot
$Arrival Location: Hyperspace
$Arrival Cue: ( false ) 
$Departure Location: Hyperspace
$Departure Cue: ( false ) 
$Determination: 10
+Flags: ( "cargo-known" "no-departure-warp" )
+Flags2: ( )
+Respawn priority: 0
+Group: 0
+Use Table Score:
+Score: 10

$Name: Iota 4#2		;! Object #36
$Display Name: XSTR("Iota 4", 4951)
$Class: GTB Artemis
$Team: Friendly
$Location: 5790.261230, -4.727875, -3504.359131
$Orientation:
	-0.487482, 0.000000, -0.873133,
	0.000000, 1.000000, 0.000000,
	0.873133, 0.000000, -0.487482
+AI Class: Olym-Captain
$Cargo 1:  XSTR("Nothing", 13)
+Initial Velocity: 33
+Initial Hull: 100
+Subsystem: Pilot
$Arrival Location: Hyperspace
$Arrival Cue: ( false ) 
$Departure Location: Hyperspace
$Departure Cue: ( false ) 
$Determination: 10
+Flags: ( "cargo-known" "no-departure-warp" )
+Flags2: ( )
+Respawn priority: 0
+Group: 0
+Use Table Score:
+Score: 10

$Name: Grigori		;! Object #37
$Display Name: XSTR("Grigori", 4953)
$Class: SC Rakshasa
$Team: Hostile
$Location: 6575.659180, 0.000000, -3705.080566
$Orientation:
	0.161734, -0.693748, 0.701824,
	0.883276, 0.418921, 0.210550,
	-0.440077, 0.585850, 0.680525
+AI Class: Olym-Captain
$AI Goals: ( goals ( ai-waypoints-once "rakshasa wp" 50 ) )
$Cargo 1:  XSTR("Nothing", 13)
+Initial Velocity: 33
+Initial Hull: 100
+Initial Shields: 100
+Subsystem: Pilot
+Subsystem: turret01
+Subsystem: turret02
+Subsystem: turret03
+Subsystem: turret04
+Subsystem: turret05
+Subsystem: turret06
+Subsystem: turret07
+Subsystem: turret08
+Subsystem: turret09
+Subsystem: turret10
+Subsystem: turret11
+Subsystem: turret12
+Subsystem: turret13
+Subsystem: turret14
$Arrival Location: Hyperspace
$Arrival Cue: ( is-event-true-delay 
   "fade to white" 
   0 
)
$Departure Location: Hyperspace
$Departure Cue: ( is-event-true-delay "Camera 6" 0 ) 
$Determination: 10
+Flags: ( "no-shields" "no-arrival-warp" "no-departure-warp" "beam-protect-ship" )
+Flags2: ( )
+Respawn priority: 0
+Orders Accepted List: ( )
+Group: 0
+Use Table Score:
+Score: 300

$Name: Aeshma		;! Object #38
$Display Name: XSTR("Aeshma", 4954)
$Class: SC Cain
$Team: Hostile
$Location: 11580.968750, -23.458984, -5946.082031
$Orientation:
	-0.088024, -0.746281, 0.659788,
	-0.607244, 0.565255, 0.558341,
	-0.789627, -0.351504, -0.502929
+AI Class: Olym-Captain
$AI Goals: ( goals ( ai-chase "Mycerinus" 50 ) )
$Cargo 1:  XSTR("Nothing", 13)
+Initial Velocity: 33
+Initial Hull: 10
+Initial Shields: 100
+Subsystem: Pilot
+Subsystem: turret01
+Subsystem: turret02
+Subsystem: turret03
+Subsystem: turret04
+Subsystem: turret05
+Subsystem: turret06
+Subsystem: turret07
+Subsystem: turret08
+Subsystem: turret09
$Arrival Location: Hyperspace
$Arrival Cue: ( is-event-true-delay "Camera 5" 0 ) 
$Departure Location: Hyperspace
$Departure Cue: ( false ) 
$Determination: 10
+Flags: ( "no-shields" "no-arrival-warp" )
+Flags2: ( )
+Respawn priority: 0
$Special Explosion:
+Special Exp Damage: 200
+Special Exp Blast: 2000
+Special Exp Inner Radius: 100
+Special Exp Outer Radius: 600
+Special Exp Shockwave Speed: 285
+Special Exp Death Roll Time: 6000
+Orders Accepted List: ( )
+Group: 0
+Use Table Score:
+Score: 150

$Name: Jikininki		;! Object #39
$Display Name: XSTR("Jikininki", 4955)
$Class: SCv Moloch
$Team: Hostile
$Location: 9433.965820, 52.310486, -5812.296875
$Orientation:
	0.542051, 0.750374, 0.378313,
	-0.210101, 0.556903, -0.803566,
	-0.813658, 0.356088, 0.459522
+AI Class: Olym-Captain
$Cargo 1:  XSTR("Nothing", 13)
+Initial Hull: 100
+Initial Shields: 100
+Subsystem: Pilot
+Subsystem: turret01
+Subsystem: turret02
+Subsystem: turret03
+Subsystem: turret04
+Subsystem: turret05
+Subsystem: turret06
+Subsystem: turret07
+Subsystem: turret08
+Subsystem: turret09
+Subsystem: turret10
+Subsystem: turret11
+Subsystem: turret12
+Subsystem: turret13
+Subsystem: turret14
+Subsystem: turret15
+Subsystem: turret16
$Arrival Location: Hyperspace
$Arrival Cue: ( is-event-true-delay "Camera 5" 0 ) 
$Departure Location: Hyperspace
$Departure Cue: ( is-event-true-delay "Camera 6" 0 ) 
$Determination: 10
+Flags: ( "no-shields" "no-arrival-warp" "no-departure-warp" )
+Flags2: ( )
+Respawn priority: 0
+Orders Accepted List: ( )
+Group: 0
+Use Table Score:
+Score: 440

$Name: Thanatos		;! Object #40
$Display Name: XSTR("Thanatos", 4956)
$Class: SC Rakshasa
$Team: Hostile
$Location: 11933.416016, 610.923828, -8870.455078
$Orientation:
	0.997260, -0.010242, 0.073260,
	0.012275, 0.999550, -0.027369,
	-0.072946, 0.028193, 0.996938
+AI Class: Olym-Captain
$AI Goals: ( goals ( ai-chase "Mycerinus" 50 ) )
$Cargo 1:  XSTR("Nothing", 13)
+Initial Velocity: 33
+Initial Hull: 100
+Initial Shields: 100
+Subsystem: Pilot
+Subsystem: turret01
+Subsystem: turret02
+Primary Banks: ( "Shivan Turret Laser" )
+Subsystem: turret03
+Primary Banks: ( "Shivan Turret Laser" )
+Subsystem: turret04
+Primary Banks: ( "SRed" )
+Subsystem: turret05
+Subsystem: turret06
+Subsystem: turret07
+Subsystem: turret08
+Subsystem: turret09
+Subsystem: turret10
+Subsystem: turret11
+Subsystem: turret12
+Subsystem: turret13
+Subsystem: turret14
$Arrival Location: Hyperspace
$Arrival Cue: ( is-event-true-delay 
   "fade to white" 
   0 
)
$Departure Location: Hyperspace
$Departure Cue: ( is-event-true-delay "Camera 6" 0 ) 
$Determination: 10
+Flags: ( "no-shields" "no-arrival-warp" "no-departure-warp" )
+Flags2: ( )
+Respawn priority: 0
+Orders Accepted List: ( )
+Group: 0
+Use Table Score:
+Score: 300

$Name: Mycerinus		;! Object #41
$Display Name: XSTR("Mycerinus", 4957)
$Class: GVC Mentu
$Team: Friendly
$Location: 11339.521484, -161.766602, -6452.166504
$Orientation:
	0.257107, 0.912764, -0.317425,
	-0.574505, 0.408488, 0.709284,
	0.777072, 0.000000, 0.629412
+AI Class: Major
$AI Goals: ( goals ( ai-chase "Aeshma" 50 ) )
$Cargo 1:  XSTR("Nothing", 13)
+Initial Velocity: 33
+Initial Hull: 100
+Initial Shields: 100
+Subsystem: Pilot
+Subsystem: Turret01
+Subsystem: Turret02
+Subsystem: Turret03
+Subsystem: Turret04
+Subsystem: Turret05
+Subsystem: Turret06
+Subsystem: Turret07
+Subsystem: Turret08
+Subsystem: Turret09
+Subsystem: Turret10
+Subsystem: Turret11
+Subsystem: Turret12
+Subsystem: Turret13
+Subsystem: Turret14
+Subsystem: Turret15
+Subsystem: Turret16
$Arrival Location: Hyperspace
$Arrival Cue: ( is-event-true-delay "Camera 5" 0 ) 
$Departure Location: Hyperspace
$Departure Cue: ( is-event-true-delay "Camera 6" 0 ) 
$Determination: 10
+Flags: ( "cargo-known" "no-shields" "no-arrival-warp" "no-departure-warp" )
+Flags2: ( )
+Respawn priority: 0
+Orders Accepted List: ( "attack ship" )
+Group: 0
+Use Table Score:
+Score: 100

$Name: Lemnos		;! Object #42
$Display Name: XSTR("Lemnos", 4958)
$Class: GTCv Deimos
$Team: Friendly
$Location: 9792.956055, 96.868835, -5123.229492
$Orientation:
	0.740514, -0.296698, 0.603002,
	0.070307, 0.926547, 0.369554,
	-0.668354, -0.231265, 0.706981
+AI Class: Colonel
$Cargo 1:  XSTR("Nothing", 13)
+Initial Hull: 100
+Initial Shields: 100
+Subsystem: Pilot
+Subsystem: Turret01
+Subsystem: Turret02
+Subsystem: Turret03
+Subsystem: Turret04
+Subsystem: Turret05
+Subsystem: Turret06
+Subsystem: Turret07
+Subsystem: Turret08
+Subsystem: Turret09
+Subsystem: Turret10
+Subsystem: Turret11
+Subsystem: Turret12
+Subsystem: Turret13
+Subsystem: Turret14
+Subsystem: Turret15
+Subsystem: Turret16
+Subsystem: Turret17
+Subsystem: Turret18
+Subsystem: Turret19
+Subsystem: Turret20
+Subsystem: Turret21
+Subsystem: Turret22
+Subsystem: Turret23
+Subsystem: Turret24
+Subsystem: Turret25
+Subsystem: Turret26
$Arrival Location: Hyperspace
$Arrival Cue: ( is-event-true-delay "Camera 5" 0 ) 
$Departure Location: Hyperspace
$Departure Cue: ( is-event-true-delay "Camera 6" 0 ) 
$Determination: 10
+Flags: ( "cargo-known" "no-shields" "no-arrival-warp" "no-departure-warp" )
