#Mission Info

$Version: 0.10
$Name:  XSTR("Fatal Prognostication", 6738)
$Author: Colt
$Created: 11/08/20 at 13:48:39
$Modified: 02/14/22 at 02:00:45
$Notes:
This is a FRED2_OPEN created mission.
$End Notes:

$Mission Desc:
 XSTR("The 36th is scrambled to assist the GVD Hedetet, which has been disabled and is under an intense Shivan assault.", 6739)
$end_multi_text
+Game Type Flags: 1
+Flags: 262272
+Fog Near Mult: 1.000000

+Fog Far Mult: 1.000000

+Disallow Support: 0
+Hull Repair Ceiling: 0.000000
+Subsystem Repair Ceiling: 100.000000

+Viewer pos: 1092.638672, 1617.437378, 2784.354736
+Viewer orient:
	0.244652, -0.000011, -0.969611,
	0.727485, 0.661116, 0.183552,
	0.641023, -0.750284, 0.161751


$Load Screen 1024: Shepherds_8.png

$Skybox Model: StarField.pof

$AI Profile: Olym

#Sexp_variables

$Variables:
(
		0		"autoGenVar1"		"#Lambda 1"		"string"
		1		"autoGenVar2"		"Beam Turret"		"string"
)

#Command Briefing

#Briefing
$start_briefing
$num_stages: 3
$start_stage
$multi_text
 XSTR("$R{ This is an emergency deployment order. $}

Five minutes ago we picked up a partial distress call from the $f GVD $f Hedetet$|. They are located approximately 700,000 kilometers from the $b Capella jump node. The $f Hedetet is currently under a heavy assault by $h Shivan fighter and bombercraft. Admiral Nekba has tasked our squadron to reinforce the $f Hedetet's position.", 6740)
$end_multi_text
$voice: none.wav
$camera_pos: 965.577576, 5797.621582, -101.291946
$camera_orient:
	0.000640, -0.000012, 1.000000,
	-0.986498, 0.163773, 0.000633,
	-0.163773, -0.986498, 0.000093
$camera_time: 500
$num_lines: 0
$num_icons: 4
$Flags: 0
$Formula: ( true ) 
$start_icon
$type: 6
$team: Friendly
$class: GVD Typhon
$pos: 12.884372, -0.000244, -37.851563
$label:  XSTR("Hedetet", 5750)
+id: 1
$hlight: 0
$mirror: 0
$multi_text
$end_multi_text
$end_icon
$start_icon
$type: 1
$team: Hostile
$class: SF Basilisk
$pos: -740.913391, -691.010254, -1262.626587
$label:  XSTR("Sagittarius", 6741)
+id: 2
$hlight: 0
$mirror: 0
$multi_text
$end_multi_text
$end_icon
$start_icon
$type: 17
$team: Hostile
$class: SB Nephilim
$pos: 545.986389, 102.884277, -930.663635
$label:  XSTR("Gemini", 5483)
+id: 3
$hlight: 0
$mirror: 0
$multi_text
$end_multi_text
$end_icon
$start_icon
$type: 1
$team: Hostile
$class: SF Aeshma
$pos: -406.951508, 646.446289, 765.256714
$label:  XSTR("Aries", 6742)
+id: 4
$hlight: 0
$mirror: 0
$multi_text
$end_multi_text
$end_icon
$end_stage
$start_stage
$multi_text
 XSTR("$g Alpha, $f Beta and $f Gamma wings, you will be deployed to secure the area and establish contact with the $f Hedetet. To keep the location of our fleet concealed from the $h Shivans$|, the $f GTA $f Almagest will be deployed with their own fighter cover some distance from the $f Hedetet$|. They will act as both on-site command for this operation and relay information to the $f Memphis$|.", 6743)
$end_multi_text
$voice: none.wav
$camera_pos: 1256.842407, 7217.914063, -101.432579
$camera_orient:
	1.000000, -0.000012, -0.000118,
	0.000118, -0.004783, 0.999989,
	-0.000012, -0.999989, -0.004783
$camera_time: 500
$num_lines: 0
$num_icons: 7
$Flags: 0
$Formula: ( true ) 
$start_icon
$type: 6
$team: Friendly
$class: GVD Typhon
$pos: 12.884372, -0.000244, -37.851563
$label:  XSTR("Hedetet", 5750)
+id: 1
$hlight: 0
$mirror: 0
$multi_text
$end_multi_text
$end_icon
$start_icon
$type: 1
$team: Hostile
$class: SF Basilisk
$pos: -740.913391, -691.010254, -1262.626587
$label:  XSTR("Sagittarius", 6741)
+id: 2
$hlight: 0
$mirror: 0
$multi_text
$end_multi_text
$end_icon
$start_icon
$type: 17
$team: Hostile
$class: SB Nephilim
$pos: 545.986389, 102.884277, -930.663635
$label:  XSTR("Gemini", 5483)
+id: 3
$hlight: 0
$mirror: 0
$multi_text
$end_multi_text
$end_icon
$start_icon
$type: 1
$team: Hostile
$class: SF Aeshma
$pos: -406.951508, 646.446289, 765.256714
$label:  XSTR("Aries", 6742)
+id: 4
$hlight: 0
$mirror: 0
$multi_text
$end_multi_text
$end_icon
$start_icon
$type: 1
$team: Friendly
$class: GVF Horus
$pos: 2434.914063, -3679.091797, 915.657288
$label:  XSTR("Gamma", 5488)
+id: 5
$hlight: 0
$mirror: 0
$multi_text
$end_multi_text
$end_icon
$start_icon
$type: 1
$team: Friendly
$class: GVF Serapis
$pos: 3215.016357, -3780.968750, -99.362503
$label:  XSTR("Alpha", 5152)
+id: 6
$hlight: 0
$mirror: 0
$multi_text
$end_multi_text
$end_icon
$start_icon
$type: 1
$team: Friendly
$class: GVF Thoth
$pos: 3976.312988, -4049.295898, -1149.760254
$label:  XSTR("Beta", 5482)
+id: 7
$hlight: 0
$mirror: 0
$multi_text
$end_multi_text
$end_icon
$end_stage
$start_stage
$multi_text
 XSTR("The Admiral has authorized the $f GVCv $f Sopedu to provide support during this operation. Although risky, the presence of AWACS vessels at both the $f Memphis' and $f Hedetet's location should mask the corvette's signature and keep our fleet hidden for the few remaining hours that we intend to stay. Unfortunately, the $f Sopedu is undergoing heatsink maintenance on their primary cannons. Captain Ipu's engineers are hastening their work, but the $f Sopedu will not be ready to jump for another ten minutes, and our other warships cannot jump while they are undergoing more meticulous repairs.

We have pre-selected your ships, though you may adjust your loadouts. Be quick, as the $f Hedetet does not have much time left.", 6744)
$end_multi_text
$voice: none.wav
$camera_pos: 2033.538086, 7217.903320, -101.524269
$camera_orient:
	1.000000, -0.000011, -0.000118,
	0.000118, -0.004783, 0.999989,
	-0.000012, -0.999989, -0.004783
$camera_time: 500
$num_lines: 0
$num_icons: 8
$Flags: 0
$Formula: ( true ) 
$start_icon
$type: 6
$team: Friendly
$class: GVD Typhon
$pos: 12.884372, -0.000244, -37.851563
$label:  XSTR("Hedetet", 5750)
+id: 1
$hlight: 0
$mirror: 0
$multi_text
$end_multi_text
$end_icon
$start_icon
$type: 1
$team: Hostile
$class: SF Basilisk
$pos: -740.913391, -691.010254, -1262.626587
$label:  XSTR("Sagittarius", 6741)
+id: 2
$hlight: 0
$mirror: 0
$multi_text
$end_multi_text
$end_icon
$start_icon
$type: 17
$team: Hostile
$class: SB Nephilim
$pos: 545.986389, 102.884277, -930.663635
$label:  XSTR("Gemini", 5483)
+id: 3
$hlight: 0
$mirror: 0
$multi_text
$end_multi_text
$end_icon
$start_icon
$type: 1
$team: Hostile
$class: SF Aeshma
$pos: -406.951508, 646.446289, 765.256714
$label:  XSTR("Aries", 6742)
+id: 4
$hlight: 0
$mirror: 0
$multi_text
$end_multi_text
$end_icon
$start_icon
$type: 1
$team: Friendly
$class: GVF Horus
$pos: 2434.914063, -3679.091797, 915.657288
$label:  XSTR("Gamma", 5488)
+id: 5
$hlight: 0
$mirror: 0
$multi_text
$end_multi_text
$end_icon
$start_icon
$type: 1
$team: Friendly
$class: GVF Serapis
$pos: 3215.016357, -3780.968750, -99.362503
$label:  XSTR("Alpha", 5152)
+id: 6
$hlight: 0
$mirror: 0
$multi_text
$end_multi_text
$end_icon
$start_icon
$type: 1
$team: Friendly
$class: GVF Thoth
$pos: 3976.312988, -4049.295898, -1149.760254
$label:  XSTR("Beta", 5482)
+id: 7
$hlight: 0
$mirror: 0
$multi_text
$end_multi_text
$end_icon
$start_icon
$type: 28
$team: Friendly
$class: GVCv Sobek
$pos: 5305.998047, -4285.444336, 359.790771
$label:  XSTR("Sopedu", 6468)
+id: 8
$hlight: 0
$mirror: 1
$multi_text
$end_multi_text
$end_icon
$end_stage
$end_briefing

#Debriefing_info

$Num stages: 5

$Formula: ( and 
   ( has-departed-delay 0 "Alpha 1" ) 
   ( has-departed-delay 0 "Sopedu" ) 
   ( has-departed-delay 
      0 
      "Hedetet Pod 1" 
      "Hedetet Pod 2" 
      "Hedetet Pod 3" 
      "Hedetet Pod 4" 
      "Hedetet Pod 5" 
      "Hedetet Pod 6" 
      "Hedetet Pod 7" 
      "Hedetet Pod 8" 
   )
)
$Multi text
    XSTR("Today was a tragedy, pilots. The loss of the GVD Hedetet and its complement of nearly ten thousand officers and crew is a painful blow to both the 11th Battlegroup and the Vasudan people. The Emperor will surely be pained to learn of this loss, given the decades of service this ship had accumulated. The actions of Vice-Admiral Mekh and his crew, who volunteered to remain behind to stand against the oncoming darkness, embodied what it truly meant to be an officer of the GTVA. They will be missed.

Your escort of the Ra-class escape pods provided a glimmer of hope, however. Not one of the escape pods launched from the Hedetet was lost to Shivan fire. A headcount has turned up 102 survivors, and a number of data drives and other records of the Hedetet's recent combat operations were preserved. These souls are in your debt.

Alpha 1, for your skilled command which protected all eight escape pods from a determined Shivan attack, I am awarding you the Allied Defence Citation.

Eta and Tau wings' attack on the SD Andromalius has uncovered a new cause for concern in this nightmare-incarnate. The crystals of the Andromalius' forward beam emitters seemingly hardened as they came under attack by the Hedetet's pilots. We will have to take this worrying development into account when we encounter this warship again.", 6745)
$end_multi_text
$Voice: none.wav
$Recommendation text:
    XSTR("", 3307)
$end_multi_text

$Formula: ( and 
   ( has-departed-delay 0 "Alpha 1" ) 
   ( has-departed-delay 0 "Sopedu" ) 
   ( percent-ships-departed 
      13 
      "Hedetet Pod 1" 
      "Hedetet Pod 2" 
      "Hedetet Pod 3" 
      "Hedetet Pod 4" 
      "Hedetet Pod 5" 
      "Hedetet Pod 6" 
      "Hedetet Pod 7" 
      "Hedetet Pod 8" 
   )
   ( not 
      ( percent-ships-departed 
         100 
         "Hedetet Pod 1" 
         "Hedetet Pod 2" 
         "Hedetet Pod 3" 
         "Hedetet Pod 4" 
         "Hedetet Pod 5" 
         "Hedetet Pod 6" 
         "Hedetet Pod 7" 
         "Hedetet Pod 8" 
      )
   )
)
$Multi text
    XSTR("Today was a tragedy, pilots. The loss of the GVD Hedetet and its complement of nearly ten thousand officers and crew is a painful blow to both the 11th Battlegroup and the Vasudan people. The Emperor will surely be pained to learn of this loss, given the decades of service this ship had accumulated. The actions of Vice-Admiral Mekh and his crew, who volunteered to remain behind to stand against the oncoming darkness, embodied what it truly meant to be an officer of the GTVA. They will be missed.

Fortunately, a number of escape pods launched by the Hedetet were able to jump out of the area. These survivors have since been recovered. Without your escort, they would have all surely perished.

Eta and Tau wings' attack on the SD Andromalius has uncovered a new cause for concern in this nightmare-incarnate. The crystals of the Andromalius' forward beam emitters seemingly hardened as they came under attack by the Hedetet's pilots. We will have to take this worrying development into account when we encounter this warship again.", 6746)
$end_multi_text
$Voice: none.wav
$Recommendation text:
    XSTR("It is possible to save all of the escape pods.", 6747)
$end_multi_text

$Formula: ( and 
   ( has-departed-delay 0 "Alpha 1" ) 
   ( has-departed-delay 0 "Sopedu" ) 
   ( is-destroyed-delay 
      0 
      "Hedetet Pod 1" 
      "Hedetet Pod 2" 
      "Hedetet Pod 3" 
      "Hedetet Pod 4" 
      "Hedetet Pod 5" 
      "Hedetet Pod 6" 
      "Hedetet Pod 7" 
      "Hedetet Pod 8" 
   )
)
$Multi text
    XSTR("Today was a tragedy, pilots. The loss of the GVD Hedetet and its complement of nearly ten thousand officers and crew is a painful blow to both the 11th Battlegroup and the Vasudan people. The Emperor will surely be pained to learn of this loss, given the decades of service this ship had accumulated. The actions of Vice-Admiral Mekh and his crew, who volunteered to remain behind to stand against the oncoming darkness, embodied what it truly meant to be an officer of the GTVA. They will be missed.

Not one escape pod survived the Shivan onslaught. While you were outnumbered, you did not rise to the challenge. In these troubling times, I expect you to give your all. Do not fail again.

Eta and Tau wings' attack on the SD Andromalius has uncovered a new cause for concern in this nightmare-incarnate. The crystals of the Andromalius' forward beam emitters seemingly hardened as they came under attack by the Hedetet's pilots. We will have to take this worrying development into account when we encounter this warship again.", 6748)
$end_multi_text
$Voice: none.wav
$Recommendation text:
    XSTR("To save the pods, challenge Virgo wing and order all of your fighters to engage them. You should be able to catch most, if not all of them, from reaching the pods.", 6749)
$end_multi_text

$Formula: ( and 
   ( is-destroyed-delay 0 "Hedetet" ) 
   ( not 
      ( has-arrived-delay 0 "Andromalius" ) 
   )
)
$Multi text
    XSTR("This mission was a complete failure. Not only did our squadron fail to protect the GVD Hedetet, but we could not even buy them enough time to launch the first wave of evacuation ships. The 11th Battlegroup has lost a prized crew, and our squadron's legacy has been tarnished, likely forever.", 6750)
$end_multi_text
$Voice: none.wav
$Recommendation text:
    XSTR("Intercepting bombers is paramount. It is possible to ignore disarming the Dantalion's beam cannon, but doing so will require very tight anti-bomber support.", 6751)
$end_multi_text

$Formula: ( or 
   ( and 
      ( has-departed-delay 0 "Alpha 1" ) 
      ( not 
         ( has-departed-delay 0 "Sopedu" ) 
      )
      ( not 
         ( is-destroyed-delay 0 "Hedetet" ) 
      )
   )
   ( and 
      ( has-departed-delay 0 "Alpha 1" ) 
      ( not 
         ( has-departed-delay 0 "Sopedu" ) 
      )
      ( is-destroyed-delay 0 "Hedetet" ) 
   )
)
$Multi text
    XSTR("By deserting your post you have put the lives of both your wing and our fleet at risk. Until further notice, you will be confined to the Memphis' brig pending a court-martial upon our return to allied space.

I have served besides many of your species, Terran. You are a disgrace to both your people and to the GTVA. It is a shame a pilot of your calibre would throw away their honour.", 6752)
$end_multi_text
$Voice: none.wav
$Recommendation text:
    XSTR("", 3307)
$end_multi_text

#Callsigns:
$Callsign: XSTR("Charge", 5166)
$Callsign: XSTR("Skips", 5167)
$Callsign: XSTR("Nehebu", 6007)

#end


#Players		;! 1 total

$Starting Shipname: Alpha 1
$Ship Choices: (
)

+Weaponry Pool: (
	"Mekhu HL-7"	20
	"Akheton SDG"	16
	"Morning Star"	16
	"Prometheus R"	16
	"Prometheus S"	28
	"Maxim"	20
	"Circe"	16
	"Lamprey"	16
	"Rockeye"	500
	"Tempest"	1000
	"Hornet"	500
	"Tornado"	628
	"Harpoon"	836
	"Trebuchet"	200
	"Piranha"	100
	"Stiletto II"	100
	"Infyrno"	100
	"EMP Adv."	100
)

#Objects		;! 125 total

$Name: Alpha 1		;! Object #0
$Display Name: XSTR("Alpha 1", 4974)
$Class: GVF Serapis
$Team: Friendly
$Location: 4439.012695, -3691.363281, 1568.614136
$Orientation:
	0.049308, 0.232978, 0.971232,
	0.446646, 0.864622, -0.230080,
	-0.893353, 0.445141, -0.061426
$AI Behavior: None
$Cargo 1:  XSTR("Nothing", 4975)
+Initial Hull: 100
+Subsystem: Pilot
+Primary Banks: ( "Maxim" "Prometheus S" )
$Arrival Location: Hyperspace
$Arrival Cue: ( false ) 
$Departure Location: Hyperspace
$Departure Cue: ( false ) 
$Determination: 10
+Flags: ( "cargo-known" "player-start" )
+Flags2: ( "no-subspace-drive" "ship-locked" )
+Respawn priority: 0
+Orders Accepted: 33023		;! note that this is a bitfield!!!
+Group: 0
+Score: 8

$Name: Hedetet		;! Object #1
$Display Name: XSTR("Hedetet", 5750)
$Class: GVD Typhon
$Team: Friendly
$Location: 12.884372, -0.000244, -37.851563
$Orientation:
	0.610735, 0.774141, -0.166457,
	0.155145, 0.089155, 0.983862,
	0.776489, -0.626703, -0.065654
$AI Behavior: None
+AI Class: General
$Cargo 1:  XSTR("Nothing", 4975)
+Initial Hull: 100
+Initial Shields: 100
+Subsystem: Pilot
+Subsystem: turret01
+Subsystem: turret02
+Subsystem: turret03
+Subsystem: turret04
+Subsystem: turret05
+Subsystem: turret06
+Subsystem: turret07
+Sbank Ammo: ( 0 )
+Subsystem: turret08
+Sbank Ammo: ( 0 )
+Subsystem: turret09
+Sbank Ammo: ( 0 )
+Subsystem: turret10
+Subsystem: turret11
+Subsystem: turret12
+Subsystem: turret13
+Sbank Ammo: ( 0 )
+Subsystem: turret14
+Subsystem: turret15
+Subsystem: weapons
$Damage: 45
+Subsystem: engine
$Damage: 100
+Subsystem: fighterbay 2
$Damage: 100
$Arrival Location: Hyperspace
$Arrival Cue: ( true ) 
$Departure Location: Hyperspace
$Departure Cue: ( false ) 
$Determination: 10
+Flags: ( "cargo-known" "no-shields" "escort" )
+Flags2: ( )
+Respawn priority: 0
+Escort priority: 100
+Special Hitpoints: 140000
+Orders Accepted: 0		;! note that this is a bitfield!!!
+Group: 0
+Use Table Score:
+Score: 1000
$Texture Replace:
+old: typhon
+new: typhon-debris

$Name: Alpha 2		;! Object #2
$Display Name: XSTR("Alpha 2", 5172)
$Class: GVF Serapis
$Callsign: XSTR("Charge", 5166)

$Team: Friendly
$Location: 4524.579590, -3759.657227, 1478.024170
$Orientation:
	0.049308, 0.232978, 0.971231,
	0.446645, 0.864622, -0.230080,
	-0.893351, 0.445141, -0.061426
$AI Behavior: None
+AI Class: Olym-General
$Cargo 1:  XSTR("Nothing", 4975)
+Initial Hull: 100
+Subsystem: Pilot
+Primary Banks: ( "Maxim" "Prometheus S" )
$Arrival Location: Hyperspace
$Arrival Cue: ( false ) 
$Departure Location: Hyperspace
$Departure Cue: ( false ) 
$Determination: 10
+Flags: ( "cargo-known" )
+Flags2: ( "ship-locked" )
+Respawn priority: 0
+Orders Accepted: 33023		;! note that this is a bitfield!!!
+Group: 0
+Score: 8
+Persona Index: 4

$Name: Alpha 3		;! Object #3
$Display Name: XSTR("Alpha 3", 5173)
$Class: GVF Serapis
$Callsign: XSTR("Skips", 5167)

$Team: Friendly
$Location: 4535.003906, -3713.693848, 1671.031738
$Orientation:
	0.049308, 0.232978, 0.971231,
	0.446645, 0.864622, -0.230080,
	-0.893351, 0.445141, -0.061426
$AI Behavior: None
+AI Class: Olym-General
$Cargo 1:  XSTR("Nothing", 4975)
+Initial Hull: 100
+Subsystem: Pilot
+Primary Banks: ( "Maxim" "Prometheus S" )
$Arrival Location: Hyperspace
$Arrival Cue: ( false ) 
$Departure Location: Hyperspace
$Departure Cue: ( false ) 
$Determination: 10
+Flags: ( "cargo-known" )
+Flags2: ( "ship-locked" )
+Respawn priority: 0
+Orders Accepted: 33023		;! note that this is a bitfield!!!
+Group: 0
+Score: 8
+Persona Index: 1

$Name: Alpha 4		;! Object #4
$Display Name: XSTR("Alpha 4", 5995)
$Class: GVF Serapis
$Callsign: XSTR("Nehebu", 6007)

$Team: Friendly
$Location: 4619.173340, -3780.968750, 1581.601685
$Orientation:
	0.049308, 0.232978, 0.971231,
	0.446645, 0.864622, -0.230080,
	-0.893351, 0.445141, -0.061426
$AI Behavior: None
+AI Class: Olym-General
$Cargo 1:  XSTR("Nothing", 4975)
+Initial Hull: 100
+Subsystem: Pilot
+Primary Banks: ( "Maxim" "Prometheus S" )
$Arrival Location: Hyperspace
$Arrival Cue: ( false ) 
$Departure Location: Hyperspace
$Departure Cue: ( false ) 
$Determination: 10
+Flags: ( "cargo-known" )
+Flags2: ( "ship-locked" )
+Respawn priority: 0
+Orders Accepted: 33023		;! note that this is a bitfield!!!
+Group: 0
+Score: 8
+Persona Index: 5

$Name: Edjo 1		;! Object #5
$Display Name: XSTR("Edjo 1", 6753)
$Class: GVSG Edjo
$Team: Friendly
$Location: 595.692383, -858.665039, 405.326172
$Orientation:
	0.611631, 0.771353, -0.175846,
	0.162909, 0.094710, 0.982085,
	0.774189, -0.629320, -0.067733
$AI Behavior: None
$Cargo 1:  XSTR("Nothing", 4975)
+Initial Hull: 100
+Initial Shields: 100
+Subsystem: Pilot
+Subsystem: Turret01a
$Arrival Location: Hyperspace
$Arrival Cue: ( true ) 
$Departure Location: Hyperspace
$Departure Cue: ( false ) 
$Determination: 10
+Flags: ( "cargo-known" "no-shields" )
+Flags2: ( )
+Respawn priority: 0
+Group: 0
+Use Table Score:
+Score: 6

$Name: Edjo 2		;! Object #6
$Display Name: XSTR("Edjo 2", 6754)
$Class: GVSG Edjo
$Team: Friendly
$Location: 842.693542, -62.214722, -205.144958
$Orientation:
	0.611631, 0.771353, -0.175846,
	0.162909, 0.094710, 0.982085,
	0.774189, -0.629320, -0.067733
$AI Behavior: None
$Cargo 1:  XSTR("Nothing", 4975)
+Initial Hull: 100
+Initial Shields: 100
+Subsystem: Pilot
+Subsystem: Turret01a
$Arrival Location: Hyperspace
$Arrival Cue: ( true ) 
$Departure Location: Hyperspace
$Departure Cue: ( false ) 
$Determination: 10
+Flags: ( "cargo-known" "no-shields" )
+Flags2: ( )
+Respawn priority: 0
+Group: 0
+Use Table Score:
+Score: 6

$Name: Edjo 3		;! Object #7
$Display Name: XSTR("Edjo 3", 6755)
$Class: GVSG Edjo
$Team: Friendly
$Location: -256.151550, -199.635620, 269.026093
$Orientation:
	0.611631, 0.771353, -0.175846,
	0.162909, 0.094710, 0.982085,
	0.774189, -0.629320, -0.067733
$AI Behavior: None
$Cargo 1:  XSTR("Nothing", 4975)
+Initial Hull: 100
+Initial Shields: 100
+Subsystem: Pilot
+Subsystem: Turret01a
$Arrival Location: Hyperspace
$Arrival Cue: ( true ) 
$Departure Location: Hyperspace
$Departure Cue: ( false ) 
$Determination: 10
+Flags: ( "cargo-known" "no-shields" )
+Flags2: ( )
+Respawn priority: 0
+Group: 0
+Use Table Score:
+Score: 6

$Name: Edjo 4		;! Object #8
$Display Name: XSTR("Edjo 4", 6756)
$Class: GVSG Edjo
$Team: Friendly
$Location: 71.025085, 461.396332, -409.059326
$Orientation:
	0.611631, 0.771353, -0.175846,
	0.162909, 0.094710, 0.982085,
	0.774189, -0.629320, -0.067733
$AI Behavior: None
$Cargo 1:  XSTR("Nothing", 4975)
+Initial Hull: 100
+Initial Shields: 100
+Subsystem: Pilot
+Subsystem: Turret01a
$Arrival Location: Hyperspace
$Arrival Cue: ( true ) 
$Departure Location: Hyperspace
$Departure Cue: ( false ) 
$Determination: 10
+Flags: ( "cargo-known" "no-shields" )
+Flags2: ( )
+Respawn priority: 0
+Group: 0
+Use Table Score:
+Score: 6

$Name: Edjo 5		;! Object #9
$Display Name: XSTR("Edjo 5", 6757)
$Class: GVSG Edjo
$Team: Friendly
$Location: -506.987854, 821.633423, 334.798126
$Orientation:
	0.611631, 0.771353, -0.175846,
	0.162909, 0.094710, 0.982085,
	0.774189, -0.629320, -0.067733
$AI Behavior: None
$Cargo 1:  XSTR("Nothing", 4975)
+Initial Hull: 100
+Initial Shields: 100
+Subsystem: Pilot
+Subsystem: Turret01a
$Arrival Location: Hyperspace
$Arrival Cue: ( true ) 
$Departure Location: Hyperspace
$Departure Cue: ( false ) 
$Determination: 10
+Flags: ( "cargo-known" "no-shields" )
+Flags2: ( )
+Respawn priority: 0
+Group: 0
+Use Table Score:
+Score: 6

$Name: Edjo 6		;! Object #10
$Display Name: XSTR("Edjo 6", 6758)
$Class: GVSG Edjo
$Team: Friendly
$Location: -806.997070, 541.218750, -548.473999
$Orientation:
	0.611631, 0.771353, -0.175846,
	0.162909, 0.094710, 0.982085,
	0.774189, -0.629320, -0.067733
$AI Behavior: None
$Cargo 1:  XSTR("Nothing", 4975)
+Initial Hull: 100
+Initial Shields: 100
+Subsystem: Pilot
+Subsystem: Turret01a
$Arrival Location: Hyperspace
$Arrival Cue: ( true ) 
$Departure Location: Hyperspace
$Departure Cue: ( false ) 
$Determination: 10
+Flags: ( "cargo-known" "no-shields" )
+Flags2: ( )
+Respawn priority: 0
+Group: 0
+Use Table Score:
+Score: 6

$Name: Beta 1		;! Object #11
$Display Name: XSTR("Beta 1", 5289)
$Class: GVF Thoth
$Team: Friendly
$Location: 4505.770508, -4026.064697, 1041.627686
$Orientation:
	0.058040, 0.224443, 0.972757,
	0.440619, 0.868598, -0.226700,
	-0.895816, 0.441773, -0.048480
$AI Behavior: None
+AI Class: Olym-General
$Cargo 1:  XSTR("Nothing", 4975)
+Initial Velocity: 33
+Initial Hull: 100
+Subsystem: Pilot
+Primary Banks: ( "Prometheus S" )
$Arrival Location: Hyperspace
$Arrival Cue: ( false ) 
$Departure Location: Hyperspace
$Departure Cue: ( false ) 
$Determination: 10
+Flags: ( "cargo-known" )
+Flags2: ( "ship-locked" )
+Respawn priority: 0
+Orders Accepted: 33023		;! note that this is a bitfield!!!
+Group: 0
+Use Table Score:
+Score: 10

$Name: Beta 2		;! Object #12
$Display Name: XSTR("Beta 2", 5290)
$Class: GVF Thoth
$Team: Friendly
$Location: 4589.815430, -4095.700439, 945.811218
$Orientation:
	0.058040, 0.224443, 0.972757,
	0.440619, 0.868598, -0.226700,
	-0.895816, 0.441773, -0.048480
$AI Behavior: None
+AI Class: Olym-General
$Cargo 1:  XSTR("Nothing", 4975)
+Initial Velocity: 33
+Initial Hull: 100
+Subsystem: Pilot
+Primary Banks: ( "Prometheus S" )
$Arrival Location: Hyperspace
$Arrival Cue: ( false ) 
$Departure Location: Hyperspace
$Departure Cue: ( false ) 
$Determination: 10
+Flags: ( "cargo-known" )
+Flags2: ( "ship-locked" )
+Respawn priority: 0
+Orders Accepted: 33023		;! note that this is a bitfield!!!
+Group: 0
+Use Table Score:
+Score: 10

$Name: Beta 3		;! Object #13
$Display Name: XSTR("Beta 3", 5291)
$Class: GVF Thoth
$Team: Friendly
$Location: 4601.651367, -4049.295898, 1146.512573
$Orientation:
	0.058040, 0.224443, 0.972757,
	0.440619, 0.868598, -0.226700,
	-0.895816, 0.441773, -0.048480
$AI Behavior: None
+AI Class: Olym-General
$Cargo 1:  XSTR("Nothing", 4975)
+Initial Velocity: 33
+Initial Hull: 100
+Subsystem: Pilot
+Primary Banks: ( "Prometheus S" )
$Arrival Location: Hyperspace
$Arrival Cue: ( false ) 
$Departure Location: Hyperspace
$Departure Cue: ( false ) 
$Determination: 10
+Flags: ( "cargo-known" )
+Flags2: ( "ship-locked" )
+Respawn priority: 0
+Orders Accepted: 33023		;! note that this is a bitfield!!!
+Group: 0
+Use Table Score:
+Score: 10

$Name: Beta 4		;! Object #14
$Display Name: XSTR("Beta 4", 6026)
$Class: GVF Thoth
$Team: Friendly
$Location: 4682.312988, -4116.255859, 1054.042114
$Orientation:
	0.058040, 0.224443, 0.972757,
	0.440619, 0.868598, -0.226700,
	-0.895816, 0.441773, -0.048480
$AI Behavior: None
+AI Class: Olym-General
$Cargo 1:  XSTR("Nothing", 4975)
+Initial Velocity: 33
+Initial Hull: 100
+Subsystem: Pilot
+Primary Banks: ( "Prometheus S" )
$Arrival Location: Hyperspace
$Arrival Cue: ( false ) 
$Departure Location: Hyperspace
$Departure Cue: ( false ) 
$Determination: 10
+Flags: ( "cargo-known" )
+Flags2: ( "ship-locked" )
+Respawn priority: 0
+Orders Accepted: 33023		;! note that this is a bitfield!!!
+Group: 0
+Use Table Score:
+Score: 10

$Name: Gamma 1		;! Object #15
$Display Name: XSTR("Gamma 1", 5561)
$Class: GVF Horus
$Team: Friendly
$Location: 4685.359375, -3611.671631, 2248.986816
$Orientation:
	0.058040, 0.224443, 0.972757,
	0.440619, 0.868598, -0.226700,
	-0.895816, 0.441773, -0.048480
$AI Behavior: None
+AI Class: Olym-General
$Cargo 1:  XSTR("Nothing", 4975)
+Initial Velocity: 33
+Initial Hull: 100
+Subsystem: Pilot
+Primary Banks: ( "Mekhu HL-7" "Prometheus S" )
+Secondary Banks: ( "Tornado" "Harpoon" )
$Arrival Location: Hyperspace
$Arrival Cue: ( false ) 
$Departure Location: Hyperspace
$Departure Cue: ( false ) 
$Determination: 10
+Flags: ( "cargo-known" )
+Flags2: ( "ship-locked" )
+Respawn priority: 0
+Orders Accepted: 33023		;! note that this is a bitfield!!!
+Group: 0
+Use Table Score:
+Score: 10

$Name: Gamma 2		;! Object #16
$Display Name: XSTR("Gamma 2", 5562)
$Class: GVF Horus
$Team: Friendly
$Location: 4766.382324, -3679.092285, 2155.504150
$Orientation:
	0.058040, 0.224443, 0.972757,
	0.440619, 0.868598, -0.226700,
	-0.895816, 0.441773, -0.048480
$AI Behavior: None
+AI Class: Olym-General
$Cargo 1:  XSTR("Nothing", 4975)
+Initial Velocity: 33
+Initial Hull: 100
+Subsystem: Pilot
+Primary Banks: ( "Mekhu HL-7" "Prometheus S" )
+Secondary Banks: ( "Tornado" "Harpoon" )
$Arrival Location: Hyperspace
$Arrival Cue: ( false ) 
$Departure Location: Hyperspace
$Departure Cue: ( false ) 
$Determination: 10
+Flags: ( "cargo-known" )
+Flags2: ( "ship-locked" )
+Respawn priority: 0
+Orders Accepted: 33023		;! note that this is a bitfield!!!
+Group: 0
+Use Table Score:
+Score: 10

$Name: Gamma 3		;! Object #17
$Display Name: XSTR("Gamma 3", 5563)
$Class: GVF Horus
$Team: Friendly
$Location: 4778.926758, -3632.702637, 2357.619629
$Orientation:
	0.058040, 0.224443, 0.972757,
	0.440619, 0.868598, -0.226700,
	-0.895816, 0.441773, -0.048480
$AI Behavior: None
+AI Class: Olym-General
$Cargo 1:  XSTR("Nothing", 4975)
+Initial Velocity: 33
+Initial Hull: 100
+Subsystem: Pilot
+Primary Banks: ( "Mekhu HL-7" "Prometheus S" )
+Secondary Banks: ( "Tornado" "Harpoon" )
$Arrival Location: Hyperspace
$Arrival Cue: ( false ) 
$Departure Location: Hyperspace
$Departure Cue: ( false ) 
$Determination: 10
+Flags: ( "cargo-known" )
+Flags2: ( "ship-locked" )
+Respawn priority: 0
+Orders Accepted: 33023		;! note that this is a bitfield!!!
+Group: 0
+Use Table Score:
+Score: 10

$Name: Gamma 4		;! Object #18
$Display Name: XSTR("Gamma 4", 5564)
$Class: GVF Horus
$Team: Friendly
$Location: 4864.135742, -3703.090332, 2261.192871
$Orientation:
	0.058040, 0.224443, 0.972757,
	0.440619, 0.868598, -0.226700,
	-0.895816, 0.441773, -0.048480
$AI Behavior: None
+AI Class: Olym-General
$Cargo 1:  XSTR("Nothing", 4975)
+Initial Velocity: 33
+Initial Hull: 100
+Subsystem: Pilot
+Primary Banks: ( "Mekhu HL-7" "Prometheus S" )
+Secondary Banks: ( "Tornado" "Harpoon" )
$Arrival Location: Hyperspace
$Arrival Cue: ( false ) 
$Departure Location: Hyperspace
$Departure Cue: ( false ) 
$Determination: 10
+Flags: ( "cargo-known" )
+Flags2: ( "ship-locked" )
+Respawn priority: 0
+Orders Accepted: 33023		;! note that this is a bitfield!!!
+Group: 0
+Use Table Score:
+Score: 10

$Name: Zeta 1		;! Object #19
$Display Name: XSTR("Zeta 1", 5019)
$Class: GVF Tauret
$Team: Friendly
$Location: -141.651245, 569.187683, 1055.240601
$Orientation:
	-0.246632, -0.473097, -0.845785,
	0.000000, 0.872745, -0.488177,
	0.969109, -0.120400, -0.215247
$AI Behavior: None
+AI Class: Olym-Colonel
$Cargo 1:  XSTR("Nothing", 4975)
+Initial Velocity: 70
+Initial Hull: 100
+Subsystem: Pilot
+Secondary Banks: ( "Harpoon" "Hornet" )
$Arrival Location: Hyperspace
$Arrival Cue: ( false ) 
$Departure Location: Hyperspace
$Departure Cue: ( false ) 
$Determination: 10
+Flags: ( "cargo-known" )
+Flags2: ( )
+Respawn priority: 0
+Orders Accepted: 0		;! note that this is a bitfield!!!
+Group: 0
+Use Table Score:
+Score: 10

$Name: Zeta 2		;! Object #20
$Display Name: XSTR("Zeta 2", 5020)
$Class: GVF Tauret
$Team: Friendly
$Location: 938.376404, 754.404907, -190.596924
$Orientation:
	0.973666, 0.000000, 0.227977,
	-0.221933, 0.228753, 0.947849,
	-0.052151, -0.973485, 0.222729
$AI Behavior: None
+AI Class: Olym-Colonel
$Cargo 1:  XSTR("Nothing", 4975)
+Initial Velocity: 70
+Initial Hull: 100
+Subsystem: Pilot
+Secondary Banks: ( "Harpoon" "Hornet" )
$Arrival Location: Hyperspace
$Arrival Cue: ( false ) 
$Departure Location: Hyperspace
$Departure Cue: ( false ) 
$Determination: 10
+Flags: ( "cargo-known" )
+Flags2: ( )
+Respawn priority: 0
+Orders Accepted: 0		;! note that this is a bitfield!!!
+Group: 0
+Use Table Score:
+Score: 10

$Name: Zeta 3		;! Object #21
$Display Name: XSTR("Zeta 3", 5021)
$Class: GVF Tauret
$Team: Friendly
$Location: -819.273804, 312.136169, 791.307861
$Orientation:
	0.028737, 0.971148, -0.236738,
	-0.117026, 0.238476, 0.964071,
	0.992713, 0.000000, 0.120503
$AI Behavior: None
+AI Class: Olym-Colonel
$Cargo 1:  XSTR("Nothing", 4975)
+Initial Velocity: 70
+Initial Hull: 100
+Subsystem: Pilot
+Secondary Banks: ( "Harpoon" "Hornet" )
$Arrival Location: Hyperspace
$Arrival Cue: ( false ) 
$Departure Location: Hyperspace
$Departure Cue: ( false ) 
$Determination: 10
+Flags: ( "cargo-known" )
+Flags2: ( )
+Respawn priority: 0
+Orders Accepted: 0		;! note that this is a bitfield!!!
+Group: 0
+Use Table Score:
+Score: 10

$Name: Aries 1		;! Object #22
$Display Name: XSTR("Aries 1", 5286)
$Class: SF Aeshma
$Team: Hostile
$Location: 830.180847, 575.834717, 388.879395
$Orientation:
	0.808180, 0.108195, -0.578913,
	0.087957, -0.994130, -0.063005,
	-0.582331, 0.000000, -0.812952
$AI Behavior: None
+AI Class: Olym-Captain
$Cargo 1:  XSTR("Nothing", 4975)
+Initial Velocity: 70
+Initial Hull: 100
+Subsystem: Pilot
+Secondary Banks: ( "Rockeye#Shivan" )
$Arrival Location: Hyperspace
$Arrival Cue: ( false ) 
$Departure Location: Hyperspace
$Departure Cue: ( false ) 
$Determination: 10
+Flags: ( )
+Flags2: ( )
+Respawn priority: 0
+Orders Accepted: 0		;! note that this is a bitfield!!!
+Group: 0
+Use Table Score:
+Score: 12

$Name: Aries 2		;! Object #23
$Display Name: XSTR("Aries 2", 5287)
$Class: SF Aeshma
$Team: Hostile
$Location: -654.214661, 646.446228, 380.255981
$Orientation:
	0.877583, -0.479425, 0.000000,
	0.479425, 0.877583, 0.000000,
	0.000000, 0.000000, 1.000000
$AI Behavior: None
+AI Class: Olym-Captain
$Cargo 1:  XSTR("Nothing", 4975)
+Initial Velocity: 70
+Initial Hull: 100
+Subsystem: Pilot
+Secondary Banks: ( "Rockeye#Shivan" )
$Arrival Location: Hyperspace
$Arrival Cue: ( false ) 
$Departure Location: Hyperspace
$Departure Cue: ( false ) 
$Determination: 10
+Flags: ( )
+Flags2: ( )
+Respawn priority: 0
+Orders Accepted: 0		;! note that this is a bitfield!!!
+Group: 0
+Use Table Score:
+Score: 12

$Name: Gemini 1		;! Object #24
$Display Name: XSTR("Gemini 1", 5549)
$Class: SB Nephilim
$Team: Hostile
$Location: -817.763306, 494.149353, 706.711914
$Orientation:
	-0.256311, 0.000000, 0.966595,
	0.000000, 1.000000, 0.000000,
	-0.966595, 0.000000, -0.256311
$AI Behavior: None
+AI Class: Olym-Captain
$Cargo 1:  XSTR("Nothing", 4975)
+Initial Velocity: 70
+Initial Hull: 100
+Subsystem: Pilot
+Secondary Banks: ( "Shivan Weak Bomb" "Piranha#Shivan" "Hornet#Shivan" "Rockeye#Shivan" )
+Sbank Ammo: ( 33 33 100 100 )
+Subsystem: turret01
+Subsystem: turret02
$Arrival Location: Hyperspace
$Arrival Cue: ( false ) 
$Departure Location: Hyperspace
$Departure Cue: ( false ) 
$Determination: 10
+Flags: ( )
+Flags2: ( )
+Respawn priority: 0
+Orders Accepted: 0		;! note that this is a bitfield!!!
+Group: 0
+Use Table Score:
+Score: 11

$Name: Gemini 2		;! Object #25
$Display Name: XSTR("Gemini 2", 5550)
$Class: SB Nephilim
$Team: Hostile
$Location: 280.082031, 102.884125, -704.151611
$Orientation:
	0.113672, 0.661816, 0.741002,
	-0.790003, 0.512489, -0.336533,
	-0.602477, -0.547138, 0.581091
$AI Behavior: None
+AI Class: Olym-Captain
$Cargo 1:  XSTR("Nothing", 4975)
+Initial Velocity: 70
+Initial Hull: 100
+Subsystem: Pilot
+Secondary Banks: ( "Shivan Weak Bomb" "Piranha#Shivan" "Hornet#Shivan" "Rockeye#Shivan" )
+Sbank Ammo: ( 33 33 100 100 )
+Subsystem: turret01
+Subsystem: turret02
$Arrival Location: Hyperspace
$Arrival Cue: ( false ) 
$Departure Location: Hyperspace
$Departure Cue: ( false ) 
$Determination: 10
+Flags: ( )
+Flags2: ( )
+Respawn priority: 0
+Orders Accepted: 0		;! note that this is a bitfield!!!
+Group: 0
+Use Table Score:
+Score: 11

$Name: Gemini 3		;! Object #26
$Display Name: XSTR("Gemini 3", 5551)
$Class: SB Nephilim
$Team: Hostile
$Location: -286.272797, -689.958252, 1265.012207
$Orientation:
	-0.953920, 0.134428, -0.268266,
	-0.004895, 0.886944, 0.461852,
	0.300023, 0.441883, -0.845415
$AI Behavior: None
+AI Class: Olym-Captain
$Cargo 1:  XSTR("Nothing", 4975)
+Initial Velocity: 70
+Initial Hull: 100
+Subsystem: Pilot
+Secondary Banks: ( "Shivan Weak Bomb" "Piranha#Shivan" "Hornet#Shivan" "Rockeye#Shivan" )
+Sbank Ammo: ( 33 33 100 100 )
+Subsystem: turret01
+Subsystem: turret02
$Arrival Location: Hyperspace
$Arrival Cue: ( false ) 
$Departure Location: Hyperspace
$Departure Cue: ( false ) 
$Determination: 10
+Flags: ( )
+Flags2: ( )
+Respawn priority: 0
+Orders Accepted: 0		;! note that this is a bitfield!!!
+Group: 0
+Use Table Score:
+Score: 11

$Name: Sagittarius 1		;! Object #27
$Display Name: XSTR("Sagittarius 1", 5292)
$Class: SF Basilisk
$Team: Hostile
$Location: -39.672852, 615.412842, 939.128662
$Orientation:
	-0.651230, 0.000000, 0.758881,
	0.000000, 1.000000, 0.000000,
	-0.758881, 0.000000, -0.651230
$AI Behavior: None
+AI Class: Olym-Captain
$Cargo 1:  XSTR("Nothing", 4975)
+Initial Velocity: 33
+Subsystem: Pilot
+Secondary Banks: ( "Rockeye#Shivan" "Hornet#Shivan" )
$Arrival Location: Hyperspace
$Arrival Cue: ( false ) 
$Departure Location: Hyperspace
$Departure Cue: ( false ) 
$Determination: 10
+Flags: ( )
+Flags2: ( )
+Respawn priority: 0
+Orders Accepted: 0		;! note that this is a bitfield!!!
+Group: 0
+Use Table Score:
+Score: 12

$Name: Dantalion		;! Object #28
$Display Name: XSTR("Dantalion", 6759)
$Class: SCv Moloch
$Team: Hostile
$Location: -1386.984131, -0.000244, -3415.063232
$Orientation:
	0.341592, 0.506821, -0.791485,
	0.515146, 0.603402, 0.608712,
	0.786091, -0.615662, -0.054969
$AI Behavior: None
+AI Class: Olym-Captain
$AI Goals: ( goals ( ai-waypoints-once "Dantalion path" 50 ) )
$Cargo 1:  XSTR("Nothing", 4975)
+Initial Velocity: 33
+Initial Hull: 100
+Initial Shields: 100
+Subsystem: Pilot
+Subsystem: turret01
+Subsystem: turret02
+Subsystem: turret03
+Subsystem: turret04
+Sbank Ammo: ( 0 )
+Subsystem: turret05
+Subsystem: turret06
+Subsystem: turret07
+Subsystem: turret08
+Subsystem: turret09
+Subsystem: turret10
+Subsystem: turret11
+Primary Banks: ( "Shivan Turret Laser" )
+Subsystem: turret12
+Subsystem: turret13
+Sbank Ammo: ( 0 )
+Subsystem: turret14
+Subsystem: turret15
+Subsystem: turret16
+Sbank Ammo: ( 0 )
$Arrival Location: Hyperspace
$Arrival Cue: ( is-event-true-delay 
   "-----P2_ATTACK-----" 
   163 
)
$Departure Location: Hyperspace
$Departure Cue: ( false ) 
$Determination: 10
+Flags: ( "no-shields" "escort" "no-arrival-music" )
+Flags2: ( )
+Respawn priority: 0
+Escort priority: 99
+Special Hitpoints: 75000
+Orders Accepted: 0		;! note that this is a bitfield!!!
+Group: 0
+Use Table Score:
+Score: 440

$Name: Sopedu		;! Object #29
$Display Name: XSTR("Sopedu", 6468)
$Class: GVCv Sobek
$Team: Friendly
$Location: 6127.542969, -4285.443848, -4574.891113
$Orientation:
	0.367718, 0.131037, 0.920659,
	0.311374, 0.915527, -0.254672,
	-0.876259, 0.380317, 0.295854
$AI Behavior: None
+AI Class: Major
$AI Goals: ( goals ( ai-waypoints-once "Sopedu path" 50 ) )
$Cargo 1:  XSTR("Nothing", 4975)
+Initial Velocity: 33
+Initial Hull: 100
+Initial Shields: 100
+Subsystem: Pilot
+Subsystem: turret01
+Subsystem: turret02
+Subsystem: turret03
+Subsystem: turret04
+Subsystem: turret05
+Subsystem: turret06
+Subsystem: turret07
+Subsystem: turret08
+Subsystem: turret09
+Subsystem: turret10
+Subsystem: turret11
+Subsystem: turret12
+Subsystem: turret13
+Subsystem: turret14
+Subsystem: turret15
+Subsystem: turret16
+Subsystem: turret17
+Subsystem: turret18
+Subsystem: turret19
+Subsystem: turret20
+Subsystem: turret21
+Subsystem: turret22
$Arrival Location: Hyperspace
$Arrival Cue: ( or 
   ( has-arrived-delay 110 "Dantalion" ) 
   ( is-event-true-delay 
      "Destroy Dantalion beam" 
      21 
   )
   ( is-event-true-delay 
      "Load Checkpoint 2" 
      0 
   )
)
$Departure Location: Hyperspace
$Departure Cue: ( is-event-true-delay 
   "Cover Sopedu trigger" 
   65 
)
$Determination: 10
+Flags: ( "cargo-known" "no-shields" "escort" )
+Flags2: ( )
+Respawn priority: 0
+Escort priority: 98
+Orders Accepted: 0		;! note that this is a bitfield!!!
+Group: 0
+Use Table Score:
+Score: 400

$Name: Sagittarius 2		;! Object #30
$Display Name: XSTR("Sagittarius 2", 5293)
$Class: SF Basilisk
$Team: Hostile
$Location: 1157.071045, 323.208008, 599.047852
$Orientation:
	-0.879488, 0.449531, -0.156286,
	0.469885, 0.768029, -0.435135,
	-0.075574, -0.456132, -0.886699
$AI Behavior: None
+AI Class: Olym-Captain
$Cargo 1:  XSTR("Nothing", 4975)
+Initial Velocity: 33
+Subsystem: Pilot
+Secondary Banks: ( "Rockeye#Shivan" "Hornet#Shivan" )
$Arrival Location: Hyperspace
$Arrival Cue: ( false ) 
$Departure Location: Hyperspace
$Departure Cue: ( false ) 
$Determination: 10
+Flags: ( )
+Flags2: ( )
+Respawn priority: 0
+Orders Accepted: 0		;! note that this is a bitfield!!!
+Group: 0
+Use Table Score:
+Score: 12

$Name: Sagittarius 3		;! Object #31
$Display Name: XSTR("Sagittarius 3", 5294)
$Class: SF Basilisk
$Team: Hostile
$Location: -83.094727, -691.010132, -1106.879150
$Orientation:
	0.304732, 0.475527, -0.825236,
	0.457485, 0.686869, 0.564730,
	0.835373, -0.549624, -0.008235
$AI Behavior: None
+AI Class: Olym-Captain
$Cargo 1:  XSTR("Nothing", 4975)
+Initial Velocity: 33
+Subsystem: Pilot
+Secondary Banks: ( "Rockeye#Shivan" "Hornet#Shivan" )
$Arrival Location: Hyperspace
$Arrival Cue: ( false ) 
$Departure Location: Hyperspace
$Departure Cue: ( false ) 
$Determination: 10
+Flags: ( )
+Flags2: ( )
+Respawn priority: 0
+Orders Accepted: 0		;! note that this is a bitfield!!!
+Group: 0
+Use Table Score:
+Score: 12

$Name: Taurus 1		;! Object #32
$Display Name: XSTR("Taurus 1", 5297)
$Class: SB Nahema
$Team: Hostile
$Location: 2200.903564, -0.000427, 3997.296631
$Orientation:
	1.000000, 0.000000, 0.000000,
	0.000000, 1.000000, 0.000000,
	0.000000, 0.000000, 1.000000
$AI Behavior: None
