#Mission Info

$Version: 0.10
$Name:  XSTR("Wake of Reprisal", 5463)
$Author: Colt
$Created: 12/18/19 at 14:01:48
$Modified: 02/14/22 at 01:27:51
$Notes:
This is a FRED2_OPEN created mission.
$End Notes:

$Mission Desc:
 XSTR("The 78th must lead an Allied strike against Shivan forces around the second Knossos portal to draw out a hostile hunter-killer group.", 5464)
$end_multi_text
+Game Type Flags: 1
+Flags: 132
+NebAwacs: 5000.000000

+Storm: s_active

+Fog Near Mult: 1.000000

+Fog Far Mult: 1.000000

+Disallow Support: 0
+Hull Repair Ceiling: 0.000000
+Subsystem Repair Ceiling: 100.000000

+Viewer pos: -1845.848633, 922.090698, 3451.473389
+Viewer orient:
	0.790084, -0.000002, -0.612999,
	0.220419, 0.933117, 0.284092,
	0.571999, -0.359573, 0.737241

$Starting wing names: ( "Alpha" "Beta" "" )

$Load Screen 1024: shepherds_2.png

$AI Profile: Olym

#Sexp_variables

$Variables:
(
		0		"GasMinersEscaped_Count"		"0"		"number"
		1		"autoGenVar1"		"SG Rahu"		"string"
		2		"autoGenVar2"		"#Command"		"string"
)

#Command Briefing

#Briefing
$start_briefing
$num_stages: 6
$start_stage
$multi_text
 XSTR("Pilots, have a seat.

The Allied evacuation from the nebula theatre is now in full swing. The $f GVD $f Toeris and the last of the $f 13th entered $b Gamma $b Draconis ten minutes ago, and $f 5th $f Fleet and the $f 6th $f Battlegroup will form the bulk of the next wave moving out. $h Shivan attacks are intensifying on our position, but our squadrons are pushing themselves to the limit to cover the beachhead around the node, and engineers aboard the $f Ionia are working around the clock to keep us in this fight. The $f GVD $f Memphis continues to harass Shivan staging grounds in an effort to buy time for our rallying points, but with more of our positions coming under attack, the $g 78th's being deployed to help relieve the pressure on our forces.", 5465)
$end_multi_text
$voice: none.wav
$camera_pos: -5435.612305, 21550.398438, 15533.219727
$camera_orient:
	0.000029, -0.000002, -1.000000,
	0.999887, 0.015043, 0.000029,
	0.015043, -0.999887, 0.000002
$camera_time: 500
$num_lines: 0
$num_icons: 11
$Flags: 1
$Formula: ( true ) 
$start_icon
$type: 33
$team: Friendly
$class: GTF Ulysses
$pos: -5196.224121, 100.001953, 23412.466797
$label:  XSTR("Gamma Draconis", 5105)
+id: 1
$hlight: 0
$mirror: 0
$multi_text
$end_multi_text
$end_icon
$start_icon
$type: 18
$team: Friendly
$class: GVD Typhon
$pos: -8118.929199, -50.000000, 23209.419922
$label:  XSTR("6th Battlegroup", 5466)
+id: 2
$hlight: 0
$mirror: 0
$multi_text
$end_multi_text
$end_icon
$start_icon
$type: 6
$team: Friendly
$class: GTD Hecate
$pos: -3104.924805, 0.000000, 19260.738281
$label:  XSTR("2nd Fleet", 5467)
+id: 3
$hlight: 0
$mirror: 0
$multi_text
$end_multi_text
$end_icon
$start_icon
$type: 6
$team: Friendly
$class: GVD Hatshepsut
$pos: -4540.931641, -0.001953, 12037.165039
$label:  XSTR("11th Battlegroup", 5468)
+id: 4
$hlight: 0
$mirror: 1
$multi_text
$end_multi_text
$end_icon
$start_icon
$type: 28
$team: Friendly
$class: GTCv Deimos
$pos: -5948.717773, 0.000000, 16870.546875
$label:  XSTR("5th Fleet", 5469)
+id: 5
$hlight: 0
$mirror: 0
$multi_text
$end_multi_text
$end_icon
$start_icon
$type: 19
$team: Friendly
$class: GTC Leviathan
$pos: -8370.231445, 0.000000, 13306.443359
$label:  XSTR("Provisional GTVA Forces", 5470)
+id: 6
$hlight: 0
$mirror: 0
$multi_text
$end_multi_text
$end_icon
$start_icon
$type: 19
$team: Hostile
$class: SC Cain
$pos: -1820.365234, 247.087891, 10871.333984
+id: 7
$hlight: 0
$mirror: 0
$multi_text
$end_multi_text
$end_icon
$start_icon
$type: 28
$team: Hostile
$class: SCv Moloch
$pos: -3510.411133, 0.000000, 7540.982910
+id: 8
$hlight: 0
$mirror: 0
$multi_text
$end_multi_text
$end_icon
$start_icon
$type: 19
$team: Hostile
$class: SC Cain
$pos: -7315.330078, 591.265625, 7738.214355
+id: 9
$hlight: 0
$mirror: 0
$multi_text
$end_multi_text
$end_icon
$start_icon
$type: 19
$team: Hostile
$class: SD Ravana
$pos: -5366.496582, 50.000000, 7872.286133
$label:  XSTR("Shivan Armada", 5471)
+id: 10
$hlight: 0
$mirror: 0
$multi_text
$end_multi_text
$end_icon
$start_icon
$type: 28
$team: Hostile
$class: SCv Moloch
$pos: -8743.130859, 0.000000, 9333.259766
+id: 11
$hlight: 0
$mirror: 0
$multi_text
$end_multi_text
$end_icon
$end_stage
$start_stage
$multi_text
 XSTR("Our onboard tacticians have recommended immediate action against a $h Shivan hunter-killer group the $f Memphis encountered at one of their recent engagement zones. This group, led by the $y Moloch$| -class corvette $h SCv $h Leyak$|, has been an elusive pain to our fleets' proverbial ass since allied operations resumed in the nebula, and are responsible for the loss of multiple allied cruisers and fighter wings. The rest of this formation consists of the $y Rakshasa$| -class cruisers $h Gusion and $h Rofocal and the $y Cain cruiser $h Wendigo$|. Although these ships have yet to appear at any allied position since last contact, it is only a matter of time before they strike again. A plan has been crafted to draw them out into the open and eliminate them, thus allowing lagging allied units to make their runs for the node more safely.

Under Executive Order 21, the Admiral has released the following intel directly to our squadron. It is classified $y Level $y Psi$|, and any unauthorized disclosure of this information will be punishable under the $y Deneb $y Convention$|, $y section $y 21.3.5$|.", 5472)
$end_multi_text
$voice: none.wav
$camera_pos: -12388.058594, 14058.013672, 5116.340820
$camera_orient:
	0.000841, -0.000003, -1.000000,
	0.999928, -0.011960, 0.000841,
	-0.011960, -0.999929, -0.000007
$camera_time: 500
$num_lines: 0
$num_icons: 5
$Flags: 2
$Formula: ( true ) 
$start_icon
$type: 18
$team: Hostile
$class: SC Rakshasa
$pos: -14868.116211, 43.578125, 3758.965088
$label:  XSTR("Rofocal", 5473)
+id: 12
$hlight: 0
$mirror: 0
$multi_text
$end_multi_text
$end_icon
$start_icon
$type: 18
$team: Hostile
$class: SC Cain
$pos: -11113.871094, 103.270508, 1568.807373
$label:  XSTR("Wendigo", 5474)
+id: 13
$hlight: 0
$mirror: 0
$multi_text
$end_multi_text
$end_icon
$start_icon
$type: 18
$team: Hostile
$class: SC Rakshasa
$pos: -11063.324219, 0.000000, 8154.879883
$label:  XSTR("Gusion", 5475)
+id: 14
$hlight: 0
$mirror: 0
$multi_text
$end_multi_text
$end_icon
$start_icon
$type: 28
$team: Hostile
$class: SCv Moloch
$pos: -12673.175781, 0.001953, 5092.744629
$label:  XSTR("Leyak", 5476)
+id: 15
$hlight: 0
$mirror: 0
$multi_text
$end_multi_text
$end_icon
$start_icon
$type: 26
$team: Unknown
$class: Knossos
$pos: 13596.082031, -0.001953, 5707.397461
$label:  XSTR("Knossos", 4224)
+id: 16
$hlight: 0
$mirror: 0
$multi_text
$end_multi_text
$end_icon
$end_stage
$start_stage
$multi_text
 XSTR("At 1704 hours, fighters wings from the $f GVD $f Psamtik made an astounding discovery: a second $y Knossos portal located deep within the nebula. Command had ordered the $f Psamtik to secure the portal and pave the way for an exploration of the region beyond. Due to the strong energy field exerted from the subspace portal, as well as a highly-charged nebular storm in the region, they were dropped out of subspace in a position vulnerable to the second $h Sathanas as it emerged from the device.

Although the $f Security $f Council's $y Office $y of $y Applied $y Research would love to get a closer look at this device, our strategic position hinders it. Instead we will conduct an assault on $h Shivan targets around the portal. The Shivan battlegroup was encountered relatively close to this location, and we hope an attack in this sector will draw a response from them.", 5477)
$end_multi_text
$voice: none.wav
$camera_pos: 13348.421875, 17203.341797, 5667.134766
$camera_orient:
	0.000841, -0.000003, -1.000000,
	0.998835, 0.048246, 0.000840,
	0.048246, -0.998836, 0.000044
$camera_time: 5500
$num_lines: 0
$num_icons: 1
$Flags: 0
$Formula: ( true ) 
$start_icon
$type: 26
$team: Unknown
$class: Knossos
$pos: 14076.554688, -0.001953, 4943.412109
$label:  XSTR("Knossos", 4224)
+id: 16
$hlight: 0
$mirror: 0
$multi_text
$end_multi_text
$end_icon
$end_stage
$start_stage
$multi_text
 XSTR("$g Alpha and $f Beta wings, you will form the first attack group. Because of the aforementioned issues plaguing subspace vectoring to this location, Admiral Ranov sortied a $y Pegasus stealth fighter to drop a navigation buoy about five kilometers from the portal. This will help your wings exit subspace at a safe distance.

Before deploying the beacon, our scout reported that the $h Shivans had begun to set up a cargo depot not far from the portal, with transports, freighters and warships both entering and exiting at the portal. The depot is defended by around a dozen $h sentry $h guns and a wing of $y Manticore$| -class fighters. Engage these fighters first, as it's expected more Shivan fighters will jump into the area after you arrive. Once the area is clear, you may hit the depot before the next stage of the operation commences. It's not a primary objective, but denying the Shivans their supplies is always a sound idea.", 5478)
$end_multi_text
$voice: none.wav
$camera_pos: 15518.087891, 13553.510742, 10139.801758
$camera_orient:
	0.000841, -0.000003, -1.000000,
	0.999870, 0.016116, 0.000841,
	0.016116, -0.999870, 0.000017
$camera_time: 1000
$num_lines: 0
$num_icons: 13
$Flags: 0
$Formula: ( true ) 
$start_icon
$type: 26
$team: Unknown
$class: Knossos
$pos: 14076.554688, -0.001953, 4943.412109
$label:  XSTR("Knossos", 4224)
+id: 16
$hlight: 0
$mirror: 0
$multi_text
$end_multi_text
$end_icon
$start_icon
$type: 32
$team: Hostile
$class: SSG Belial
$pos: 15511.300781, 297.066406, 9985.452148
+id: 17
$hlight: 0
$mirror: 0
$multi_text
$end_multi_text
$end_icon
$start_icon
$type: 32
$team: Hostile
$class: SSG Belial
$pos: 15512.970703, 297.066406, 8000.440430
+id: 18
$hlight: 0
$mirror: 0
$multi_text
$end_multi_text
$end_icon
$start_icon
$type: 32
$team: Hostile
$class: SSG Belial
$pos: 14514.807617, 215.000000, 8964.232422
+id: 19
$hlight: 0
$mirror: 0
$multi_text
$end_multi_text
$end_icon
$start_icon
$type: 32
$team: Hostile
$class: SSG Belial
$pos: 16461.513672, 297.066406, 8970.338867
$label:  XSTR("Sentry Guns", 5479)
+id: 20
$hlight: 0
$mirror: 0
$multi_text
$end_multi_text
$end_icon
$start_icon
$type: 3
$team: Hostile
$class: SC 5
$pos: 15512.080078, 215.000000, 9008.038086
$label:  XSTR("Cargo Depot", 5480)
+id: 21
$hlight: 0
$mirror: 0
$multi_text
$end_multi_text
$end_icon
$start_icon
$type: 9
$team: Friendly
$class: GTNB Pharos
$pos: 17740.521484, 297.066406, 14918.693359
$label:  XSTR("Ingress Route", 5481)
+id: 22
$hlight: 0
$mirror: 0
$multi_text
$end_multi_text
$end_icon
$start_icon
$type: 1
$team: Friendly
$class: GTF Hercules Mark II
$pos: 17172.531250, 591.265625, 13231.591797
$label:  XSTR("Alpha", 5152)
+id: 23
$hlight: 0
$mirror: 0
$multi_text
$end_multi_text
$end_icon
$start_icon
$type: 1
$team: Friendly
$class: GTF Hercules Mark II
$pos: 15994.990234, 826.638672, 14547.291016
$label:  XSTR("Beta", 5482)
+id: 24
$hlight: 0
$mirror: 0
$multi_text
$end_multi_text
$end_icon
$start_icon
$type: 1
$team: Hostile
$class: SF Manticore
$pos: 14115.639648, 211.847656, 11294.022461
$label:  XSTR("Gemini", 5483)
+id: 25
$hlight: 0
$mirror: 0
$multi_text
$end_multi_text
$end_icon
$start_icon
$type: 18
$team: Friendly
$class: GVC Mentu
$pos: 21071.568359, 895.489258, 15853.066406
$label:  XSTR("Khevtoth", 5484)
+id: 26
$hlight: 0
$mirror: 0
$multi_text
$end_multi_text
$end_icon
$start_icon
$type: 1
$team: Friendly
$class: GVF Seth
$pos: 20108.765625, 913.316406, 17353.064453
$label:  XSTR("Kappa", 5485)
+id: 27
$hlight: 0
$mirror: 0
$multi_text
$end_multi_text
$end_icon
$start_icon
$type: 18
$team: Friendly
$class: GTC Aeolus
$pos: 18621.476563, 728.646484, 19404.271484
$label:  XSTR("Ascendant", 5486)
+id: 28
$hlight: 0
$mirror: 0
$multi_text
$end_multi_text
$end_icon
$end_stage
$start_stage
$multi_text
 XSTR("Command will then deploy the $f GVC $f Khevtoth and the $f GTC $f Ascendant along with $f Gamma wing from the 251st squadron off the $f Memphis$|. The cruisers will form a blockade of the portal, engaging $h Shivan forces that either enter the nebula from the portal or are attempting to depart through it. Your job is to provide fighter cover for our warships.

Should we lose either cruiser, Command will abort the operation.", 5487)
$end_multi_text
$voice: none.wav
$camera_pos: 15518.087891, 13553.510742, 10139.801758
$camera_orient:
	0.000841, -0.000003, -1.000000,
	0.999870, 0.016116, 0.000841,
	0.016116, -0.999870, 0.000017
$camera_time: 1000
$num_lines: 1
$line_start: 7
$line_end: 8
$num_icons: 10
$Flags: 0
$Formula: ( true ) 
$start_icon
$type: 26
$team: Unknown
$class: Knossos
$pos: 14076.554688, -0.001953, 4943.412109
$label:  XSTR("Knossos", 4224)
+id: 16
$hlight: 0
$mirror: 0
$multi_text
$end_multi_text
$end_icon
$start_icon
$type: 9
$team: Friendly
$class: GTNB Pharos
$pos: 17740.521484, 297.066406, 14918.693359
$label:  XSTR("Ingress Route", 5481)
+id: 22
$hlight: 0
$mirror: 0
$multi_text
$end_multi_text
$end_icon
$start_icon
$type: 1
$team: Friendly
$class: GTF Hercules Mark II
$pos: 15535.427734, 591.265625, 7120.509766
$label:  XSTR("Alpha", 5152)
+id: 23
$hlight: 0
$mirror: 0
$multi_text
$end_multi_text
$end_icon
$start_icon
$type: 1
$team: Friendly
$class: GTF Hercules Mark II
$pos: 13654.218750, 826.638672, 8363.796875
$label:  XSTR("Beta", 5482)
+id: 24
$hlight: 0
$mirror: 0
$multi_text
$end_multi_text
$end_icon
$start_icon
$type: 18
$team: Friendly
$class: GVC Mentu
$pos: 16397.324219, 895.489258, 9613.489258
$label:  XSTR("Khevtoth", 5484)
+id: 26
$hlight: 0
$mirror: 0
$multi_text
$end_multi_text
$end_icon
$start_icon
$type: 1
$team: Friendly
$class: GVF Seth
$pos: 15279.444336, 913.316406, 11106.758789
$label:  XSTR("Gamma", 5488)
+id: 27
$hlight: 0
$mirror: 0
$multi_text
$end_multi_text
$end_icon
$start_icon
$type: 18
$team: Friendly
$class: GTC Aeolus
$pos: 13488.925781, 728.646484, 11117.177734
$label:  XSTR("Ascendant", 5486)
+id: 28
$hlight: 0
$mirror: 0
$multi_text
$end_multi_text
$end_icon
$start_icon
$type: 20
$team: Hostile
$class: SF Mara
$pos: 13928.911133, 297.064453, 4946.263672
+id: 29
$hlight: 0
$mirror: 0
$multi_text
$end_multi_text
$end_icon
$start_icon
$type: 20
$team: Hostile
$class: SF Basilisk
$pos: 14220.305664, 2741.738281, 13908.012695
+id: 30
$hlight: 0
$mirror: 0
$multi_text
$end_multi_text
$end_icon
$start_icon
$type: 17
$team: Friendly
$class: GTB Boanerges
$pos: 22307.960938, 297.059570, 15896.750000
$label:  XSTR("Zeta", 5489)
+id: 31
$hlight: 0
$mirror: 0
$multi_text
$end_multi_text
$end_icon
$end_stage
$start_stage
$multi_text
 XSTR("If the $h Shivans take the bait, we'll spring our trap. $f Zeta wing from the 333rd Axe Devils bomber squadron will jump in. Flying $y Boanerges bombers, they'll be armed with $y Cyclops torpedoes and will begin their bombing runs on the Shivan battlegroup. You job at this stage will be three-fold: bomber escort, beam disarmament and warship protection. $g Alpha $g 1$|, you'll have full command of all wings deployed during this operation.

A lot of lives are counting on you. Good luck out there, pilots.", 5490)
$end_multi_text
$voice: none.wav
$camera_pos: 15518.087891, 13553.510742, 10139.801758
$camera_orient:
	0.000841, -0.000003, -1.000000,
	0.999870, 0.016116, 0.000841,
	0.016116, -0.999870, 0.000017
$camera_time: 2000
$num_lines: 0
$num_icons: 9
$Flags: 0
$Formula: ( true ) 
$start_icon
$type: 26
$team: Unknown
$class: Knossos
$pos: 14076.554688, -0.001953, 4943.412109
$label:  XSTR("Knossos", 4224)
+id: 16
$hlight: 0
$mirror: 0
$multi_text
$end_multi_text
$end_icon
$start_icon
$type: 9
$team: Friendly
$class: GTNB Pharos
$pos: 17740.521484, 297.066406, 14918.693359
$label:  XSTR("Ingress Route", 5481)
+id: 22
$hlight: 0
$mirror: 0
$multi_text
$end_multi_text
$end_icon
$start_icon
$type: 1
$team: Friendly
$class: GTF Hercules Mark II
$pos: 15535.427734, 591.265625, 7120.509766
$label:  XSTR("Alpha", 5152)
+id: 23
$hlight: 0
$mirror: 0
$multi_text
$end_multi_text
$end_icon
$start_icon
$type: 1
$team: Friendly
$class: GTF Hercules Mark II
$pos: 13654.218750, 826.638672, 8363.796875
$label:  XSTR("Beta", 5482)
+id: 24
$hlight: 0
$mirror: 0
$multi_text
$end_multi_text
$end_icon
$start_icon
$type: 18
$team: Friendly
$class: GVC Mentu
$pos: 16397.324219, 895.489258, 9613.489258
$label:  XSTR("Khevtoth", 5484)
+id: 26
$hlight: 0
$mirror: 0
$multi_text
$end_multi_text
$end_icon
$start_icon
$type: 1
$team: Friendly
$class: GVF Seth
$pos: 15279.444336, 913.316406, 11106.758789
$label:  XSTR("Gamma", 5488)
+id: 27
$hlight: 0
$mirror: 0
$multi_text
$end_multi_text
$end_icon
$start_icon
$type: 18
$team: Friendly
$class: GTC Aeolus
$pos: 13488.925781, 728.646484, 11117.177734
$label:  XSTR("Ascendant", 5486)
+id: 28
$hlight: 0
$mirror: 0
$multi_text
$end_multi_text
$end_icon
$start_icon
$type: 28
$team: Hostile
$class: SCv Moloch
$pos: 14220.305664, 2741.738281, 13908.012695
$label:  XSTR("Leyak Battle Group", 5491)
+id: 30
$hlight: 1
$mirror: 1
$multi_text
$end_multi_text
$end_icon
$start_icon
$type: 17
$team: Friendly
$class: GTB Boanerges
$pos: 15723.253906, 297.059570, 15058.412109
$label:  XSTR("Zeta", 5489)
+id: 31
$hlight: 0
$mirror: 0
$multi_text
$end_multi_text
$end_icon
$end_stage
$end_briefing

#Debriefing_info

$Num stages: 4

$Formula: ( and 
   ( is-goal-true-delay 
      "M2-P4: Destroy Cruisers" 
      0 
   )
   ( is-destroyed-delay 0 "Ascendant" ) 
   ( is-destroyed-delay 0 "Khevtoth" ) 
   ( or 
      ( has-departed-delay 0 "Rahu 1" ) 
      ( has-departed-delay 0 "Rahu 2" ) 
      ( has-departed-delay 0 "Rahu 3" ) 
      ( has-departed-delay 0 "Rahu 4" ) 
   )
)
$Multi text
    XSTR("Welcome back, pilots. You flew through hell out there and made it back safely. It is a shame the same can not be said of the cruisers deployed during this operation. There was nothing you could have done to save either the Ascendant or the Khevtoth. 

The vessel you encountered was the SD Andromalius. This destroyer has been a menace to our forces in the nebula ever since we returned to it following the defeat of the first Sathanas. The Andromalius is now directly responsible for the destruction of eight of our warships during this conflict. Before arriving in your field of operation it had shock-jumped the GVD Amunet of the 6th Battlegroup, destroying a vessel that has seen combat since the Terran-Vasudan War and taking with it some of the most experienced officers in the Alliance. It is also responsible for the destruction of the GTCv Valiant and multiple convoys over the past six hours. Striking the Knossos was a risky move, but we can take solace in knowing that our distraction allowed for more of our forces to escape its wrath.

I've just gotten another deploy order for our squadron. I hate to send you guys back out there after the last mission, but time's short. Report back to the deck in five, and I'll fill you in on your next mission.", 5492)
$end_multi_text
$Voice: none.wav
$Recommendation text:
    XSTR("There was nothing you could have done to save the Ascendant or the Khevtoth.", 5493)
$end_multi_text

$Formula: ( and 
   ( or 
      ( is-destroyed-delay 0 "Ascendant" ) 
      ( is-destroyed-delay 0 "Khevtoth" ) 
   )
   ( not 
      ( has-arrived-delay 0 "Andromalius" ) 
   )
)
$Multi text
    XSTR("We sustained heavy losses out there today. Our squadron's job was simple, and yet we failed. I'm afraid that Command will overlook our squadron for future assignments.", 5494)
$end_multi_text
$Voice: none.wav
$Recommendation text:
    XSTR("Intercepting bombers and disarming beams will greatly increase the odds of survival for the cruisers. Consider switching to the Perseus to quickly close the distance between different threats.", 5495)
$end_multi_text

$Formula: ( and 
   ( is-goal-true-delay 
      "M2-P4: Destroy Cruisers" 
      0 
   )
   ( is-goal-true-delay 
      "M2-B1: Destroy Miners" 
      0 
   )
   ( is-destroyed-delay 0 "Ascendant" ) 
   ( is-destroyed-delay 0 "Khevtoth" ) 
)
$Multi text
    XSTR("Welcome back, pilots. You flew through hell out there and made it back safely. It is a shame the same can not be said of the cruisers deployed during this operation. There was nothing you could have done to save either the Ascendant or the Khevtoth. 

The vessel you encountered was the SD Andromalius. This destroyer has been a menace to our forces in the nebula ever since we returned to it following the defeat of the first Sathanas. The Andromalius is now directly responsible for the destruction of eight of our warships during this conflict. Before arriving in your field of operation it had shock-jumped the GVD Amunet of the 6th Battlegroup, destroying a vessel that has seen combat since the Terran-Vasudan War and taking with it some of the most experienced officers in the Alliance. It is also responsible for the destruction of the GTCv Valiant and multiple convoys over the past six hours. Striking the Knossos was a risky move, but we can take solace in knowing that our distraction allowed for more of our forces to escape its wrath.

While engaging the SC Raum and its reinforcements, you managed to completely destroy that Shivan gas mining convoy without letting a single ship escape. Job well done.

I've just gotten another deploy order for our squadron. I hate to send you guys back out there after the last mission, but time's short. Report back to the deck in five, and I'll fill you in on your next mission.", 5496)
$end_multi_text
$Voice: none.wav
$Recommendation text:
    XSTR("There was nothing you could have done to save the Ascendant or the Khevtoth.", 5493)
$end_multi_text

$Formula: ( and 
   ( has-departed-delay 0 "Alpha 1" ) 
   ( not 
      ( has-arrived-delay 0 "Andromalius" ) 
   )
)
$Multi text
    XSTR("You withdrew from the battlefield and left your wingmates behind. Because of this you are hereby stripped of your wings and all privileges bestowed upon you as an officer of the Galactic Terran-Vasudan Alliance. You will be interned to the Ionia's brig until we return to allied space. You are a disgrace to both the Alliance and to our squadron.", 5165)
$end_multi_text
$Voice: none.wav
$Recommendation text:
    XSTR("", 3307)
$end_multi_text


#Callsigns:
$Callsign: XSTR("Charge", 5166)
$Callsign: XSTR("Skips", 5167)
$Callsign: XSTR("Volley", 5168)
$Callsign: XSTR("Nugget", 5169)
$Callsign: XSTR("Spades", 5171)

#end


#Players		;! 1 total

$Starting Shipname: Alpha 1
$Ship Choices: (
	"GTF Ulysses"	6
	"GTF Perseus"	6
	"GTF Myrmidon"	6
)

+Weaponry Pool: (
	"Subach HL-7"	22
	"Akheton SDG"	16
	"Morning Star"	16
	"Prometheus R"	16
	"Prometheus S"	22
	"Maxim"	16
	"Circe"	16
	"Lamprey"	16
	"Rockeye"	500
	"Tempest"	3920
	"Hornet"	2000
	"Tornado"	500
	"Harpoon"	740
	"Trebuchet"	100
	"Stiletto II"	100
	"Infyrno"	100
	"Mekhu HL-7"	0
)

#Objects		;! 149 total

$Name: Alpha 1		;! Object #0
$Display Name: XSTR("Alpha 1", 4974)
$Class: GTF Hercules Mark II
$Team: Friendly
$Location: -5903.946777, 1001.614868, 576.926636
$Orientation:
	0.573521, 0.000000, -0.819192,
	0.392742, 0.877582, 0.274960,
	0.718908, -0.479425, 0.503312
$AI Behavior: None
$Cargo 1:  XSTR("Nothing", 4975)
+Initial Hull: 100
+Subsystem: Pilot
+Primary Banks: ( "Subach HL-7" "Prometheus S" )
+Secondary Banks: ( "Tempest" "Harpoon" )
$Arrival Location: Hyperspace
$Arrival Cue: ( false ) 
$Departure Location: Hyperspace
$Departure Cue: ( false ) 
$Determination: 10
+Flags: ( "cargo-known" "player-start" )
+Flags2: ( )
+Respawn priority: 0
+Orders Accepted: 33023		;! note that this is a bitfield!!!
+Group: 0
+Score: 8

$Name: Alpha 2		;! Object #1
$Display Name: XSTR("Alpha 2", 5172)
$Class: GTF Hercules Mark II
$Callsign: XSTR("Charge", 5166)

$Team: Friendly
$Location: -6033.999512, 1049.368530, 610.268494
$Orientation:
	0.573520, 0.000000, -0.819191,
	0.392741, 0.877583, 0.274960,
	0.718908, -0.479426, 0.503311
$AI Behavior: None
+AI Class: Olym-General
$Cargo 1:  XSTR("Nothing", 4975)
+Initial Hull: 100
+Subsystem: Pilot
+Primary Banks: ( "Subach HL-7" "Prometheus S" )
+Secondary Banks: ( "Tempest" "Harpoon" )
$Arrival Location: Hyperspace
$Arrival Cue: ( false ) 
$Departure Location: Hyperspace
$Departure Cue: ( false ) 
$Determination: 10
+Flags: ( "cargo-known" )
+Flags2: ( )
+Respawn priority: 0
+Orders Accepted: 33023		;! note that this is a bitfield!!!
+Group: 0
+Score: 8
+Persona Index: 4

$Name: Alpha 3		;! Object #2
$Display Name: XSTR("Alpha 3", 5173)
$Class: GTF Hercules Mark II
$Callsign: XSTR("Skips", 5167)

$Team: Friendly
$Location: -5917.114746, 1049.367920, 443.317749
$Orientation:
	0.573520, 0.000000, -0.819191,
	0.392741, 0.877583, 0.274960,
	0.718908, -0.479426, 0.503311
$AI Behavior: None
+AI Class: Olym-General
$Cargo 1:  XSTR("Nothing", 4975)
+Initial Hull: 100
+Subsystem: Pilot
+Primary Banks: ( "Subach HL-7" "Prometheus S" )
+Secondary Banks: ( "Tempest" "Harpoon" )
$Arrival Location: Hyperspace
$Arrival Cue: ( false ) 
$Departure Location: Hyperspace
$Departure Cue: ( false ) 
$Determination: 10
+Flags: ( "cargo-known" )
+Flags2: ( )
+Respawn priority: 0
+Orders Accepted: 33023		;! note that this is a bitfield!!!
+Group: 0
+Score: 8
+Persona Index: 1

$Name: Knossos		;! Object #3
$Display Name: XSTR("Knossos", 4224)
$Class: Knossos
$Team: Unknown
$Location: 4.904065, 0.000000, 4987.961426
$Orientation:
	1.000000, 0.000000, 0.000000,
	0.000000, 1.000000, 0.000000,
	0.000000, 0.000000, 1.000000
$AI Behavior: None
+AI Class: Olym-Captain
$Cargo 1:  XSTR("Nothing", 4975)
+Initial Velocity: 33
+Initial Hull: 100
+Initial Shields: 100
+Subsystem: Pilot
$Arrival Location: Hyperspace
$Arrival Cue: ( true ) 
$Departure Location: Hyperspace
$Departure Cue: ( false ) 
$Determination: 10
+Flags: ( "cargo-known" "protect-ship" "no-shields" "invulnerable" "hidden-from-sensors" "beam-protect-ship" "flak-protect-ship" "laser-protect-ship" "missile-protect-ship" "don't-collide-invisible" )
+Flags2: ( )
+Respawn priority: 0
+Group: 0
+Use Table Score:
+Score: 0

$Name: SC 5-1		;! Object #4
$Display Name: XSTR("SC 5-1", 5497)
$Class: SC 5
$Team: Hostile
$Location: -2296.613525, 0.000488, 4101.373535
$Orientation:
	0.955247, -0.274685, -0.109778,
	0.279396, 0.959713, 0.029814,
	0.097166, -0.059152, 0.993509
$AI Behavior: None
+AI Class: Olym-Lieutenant
$Cargo 1:  XSTR("Bombs", 5498)
+Initial Velocity: 33
+Initial Hull: 100
+Initial Shields: 100
+Subsystem: Pilot
$Arrival Location: Hyperspace
$Arrival Cue: ( true ) 
$Departure Location: Hyperspace
$Departure Cue: ( false ) 
$Determination: 10
+Flags: ( "no-shields" )
+Flags2: ( )
+Respawn priority: 0
+Group: 0
+Use Table Score:
+Score: 0

$Name: SC 5-2		;! Object #5
$Display Name: XSTR("SC 5-2", 5499)
$Class: SC 5
$Team: Hostile
$Location: -2296.613525, 0.000488, 4001.373535
$Orientation:
	0.995953, 0.000000, -0.089879,
	-0.017856, 0.980067, -0.197865,
	0.088087, 0.198669, 0.976100
$AI Behavior: None
+AI Class: Olym-Lieutenant
$Cargo 1:  XSTR("Lasers", 5500)
+Initial Velocity: 33
+Initial Hull: 100
+Initial Shields: 100
+Subsystem: Pilot
$Arrival Location: Hyperspace
$Arrival Cue: ( true ) 
$Departure Location: Hyperspace
$Departure Cue: ( false ) 
$Determination: 10
+Flags: ( "no-shields" )
+Flags2: ( )
+Respawn priority: 0
+Group: 0
+Use Table Score:
+Score: 0

$Name: SC 5-3		;! Object #6
$Display Name: XSTR("SC 5-3", 5501)
$Class: SC 5
$Team: Hostile
$Location: -2296.613525, 0.000488, 3901.373535
$Orientation:
	0.992809, 0.000000, 0.119712,
	-0.005983, 0.998751, 0.049620,
	-0.119563, -0.049979, 0.991568
$AI Behavior: None
+AI Class: Olym-Lieutenant
$Cargo 1:  XSTR("Engines", 5502)
+Initial Velocity: 33
+Initial Hull: 100
+Initial Shields: 100
+Subsystem: Pilot
$Arrival Location: Hyperspace
$Arrival Cue: ( true ) 
$Departure Location: Hyperspace
$Departure Cue: ( false ) 
$Determination: 10
+Flags: ( "no-shields" )
+Flags2: ( )
+Respawn priority: 0
+Group: 0
+Use Table Score:
+Score: 0

$Name: SC 5-4		;! Object #7
$Display Name: XSTR("SC 5-4", 5503)
$Class: SC 5
$Team: Hostile
$Location: -2396.613525, 0.000488, 4101.373535
$Orientation:
	0.987980, -0.149319, 0.039989,
	0.149438, 0.988771, 0.000000,
	-0.039540, 0.005976, 0.999200
$AI Behavior: None
+AI Class: Olym-Lieutenant
$Cargo 1:  XSTR("Bombs", 5498)
+Initial Velocity: 33
+Initial Hull: 100
+Initial Shields: 100
+Subsystem: Pilot
$Arrival Location: Hyperspace
$Arrival Cue: ( true ) 
$Departure Location: Hyperspace
$Departure Cue: ( false ) 
$Determination: 10
+Flags: ( "no-shields" )
+Flags2: ( )
+Respawn priority: 0
+Group: 0
+Use Table Score:
+Score: 0

$Name: SC 5-5		;! Object #8
$Display Name: XSTR("SC 5-5", 5504)
$Class: SC 5
$Team: Hostile
$Location: -2396.613525, 0.000488, 4001.373535
$Orientation:
	0.998750, 0.000000, -0.049979,
	0.002498, 0.998750, 0.049917,
	0.049917, -0.049979, 0.997502
$AI Behavior: None
+AI Class: Olym-Lieutenant
$Cargo 1:  XSTR("Engines", 5502)
+Initial Velocity: 33
+Initial Hull: 100
+Initial Shields: 100
+Subsystem: Pilot
$Arrival Location: Hyperspace
$Arrival Cue: ( true ) 
$Departure Location: Hyperspace
$Departure Cue: ( false ) 
$Determination: 10
+Flags: ( "no-shields" )
+Flags2: ( )
+Respawn priority: 0
+Group: 0
+Use Table Score:
+Score: 0

$Name: SC 5-6		;! Object #9
$Display Name: XSTR("SC 5-6", 5505)
$Class: SC 5
$Team: Hostile
$Location: -2396.613525, 0.000488, 3901.373535
$Orientation:
	0.995953, 0.089879, 0.000000,
	-0.089515, 0.991922, 0.089879,
	0.008078, -0.089515, 0.995953
$AI Behavior: None
+AI Class: Olym-Lieutenant
$Cargo 1:  XSTR("Lasers", 5500)
+Initial Velocity: 33
+Initial Hull: 100
+Initial Shields: 100
+Subsystem: Pilot
$Arrival Location: Hyperspace
$Arrival Cue: ( true ) 
$Departure Location: Hyperspace
$Departure Cue: ( false ) 
$Determination: 10
+Flags: ( "no-shields" )
+Flags2: ( )
+Respawn priority: 0
+Group: 0
+Use Table Score:
+Score: 0

$Name: SC 5-7		;! Object #10
$Display Name: XSTR("SC 5-7", 5506)
$Class: SC 5
$Team: Hostile
$Location: -2496.613525, 0.000488, 4101.373535
$Orientation:
	0.996802, 0.079915, 0.000000,
	-0.079915, 0.996802, 0.000000,
	0.000000, 0.000000, 1.000000
$AI Behavior: None
+AI Class: Olym-Lieutenant
$Cargo 1:  XSTR("Parts", 5223)
+Initial Velocity: 33
+Initial Hull: 100
+Initial Shields: 100
+Subsystem: Pilot
$Arrival Location: Hyperspace
$Arrival Cue: ( true ) 
$Departure Location: Hyperspace
$Departure Cue: ( false ) 
$Determination: 10
+Flags: ( "no-shields" )
+Flags2: ( )
+Respawn priority: 0
+Group: 0
+Use Table Score:
+Score: 0

$Name: SC 5-8		;! Object #11
$Display Name: XSTR("SC 5-8", 5507)
$Class: SC 5
$Team: Hostile
$Location: -2496.613525, 0.000488, 4001.373535
$Orientation:
	0.998750, 0.000000, -0.049979,
	0.000000, 1.000000, 0.000000,
	0.049979, 0.000000, 0.998750
$AI Behavior: None
+AI Class: Olym-Lieutenant
$Cargo 1:  XSTR("Parts", 5223)
+Initial Velocity: 33
+Initial Hull: 100
+Initial Shields: 100
+Subsystem: Pilot
$Arrival Location: Hyperspace
$Arrival Cue: ( true ) 
$Departure Location: Hyperspace
$Departure Cue: ( false ) 
$Determination: 10
+Flags: ( "no-shields" )
+Flags2: ( )
+Respawn priority: 0
+Group: 0
+Use Table Score:
+Score: 0

$Name: SC 5-9		;! Object #12
$Display Name: XSTR("SC 5-9", 5508)
$Class: SC 5
$Team: Hostile
$Location: -2496.613525, 0.000488, 3901.373535
$Orientation:
	0.999200, 0.000000, 0.039989,
	0.000000, 1.000000, 0.000000,
	-0.039989, 0.000000, 0.999200
$AI Behavior: None
+AI Class: Olym-Lieutenant
$Cargo 1:  XSTR("Bombs", 5498)
+Initial Velocity: 33
+Initial Hull: 100
+Initial Shields: 100
+Subsystem: Pilot
$Arrival Location: Hyperspace
$Arrival Cue: ( true ) 
$Departure Location: Hyperspace
$Departure Cue: ( false ) 
$Determination: 10
+Flags: ( "no-shields" )
+Flags2: ( )
+Respawn priority: 0
+Group: 0
+Use Table Score:
+Score: 0

$Name: SC 5-10		;! Object #13
$Display Name: XSTR("SC 5-10", 5509)
$Class: SC 5
$Team: Hostile
$Location: -2346.613525, 100.000488, 4051.373535
$Orientation:
	0.996802, 0.000000, 0.079915,
	-0.010360, 0.991562, 0.129220,
	-0.079240, -0.129634, 0.988391
$AI Behavior: None
+AI Class: Olym-Lieutenant
$Cargo 1:  XSTR("Parts", 5223)
+Initial Velocity: 33
+Initial Hull: 100
+Initial Shields: 100
+Subsystem: Pilot
$Arrival Location: Hyperspace
$Arrival Cue: ( true ) 
$Departure Location: Hyperspace
$Departure Cue: ( false ) 
$Determination: 10
+Flags: ( "no-shields" )
+Flags2: ( )
+Respawn priority: 0
+Group: 0
+Use Table Score:
+Score: 0

$Name: SC 5-11		;! Object #14
$Display Name: XSTR("SC 5-11", 5510)
$Class: SC 5
$Team: Hostile
$Location: -2346.613525, 100.000488, 3951.373535
$Orientation:
	0.988326, -0.149371, -0.029995,
	0.152255, 0.975428, 0.159247,
	0.005472, -0.161954, 0.986783
$AI Behavior: None
+AI Class: Olym-Lieutenant
$Cargo 1:  XSTR("Missiles", 5511)
+Initial Velocity: 33
+Initial Hull: 100
+Initial Shields: 100
+Subsystem: Pilot
$Arrival Location: Hyperspace
$Arrival Cue: ( true ) 
$Departure Location: Hyperspace
$Departure Cue: ( false ) 
$Determination: 10
+Flags: ( "no-shields" )
+Flags2: ( )
+Respawn priority: 0
+Group: 0
+Use Table Score:
+Score: 0

$Name: SC 5-12		;! Object #15
$Display Name: XSTR("SC 5-12", 5512)
$Class: SC 5
$Team: Hostile
$Location: -2446.613525, 100.000488, 4051.373535
$Orientation:
	0.993757, 0.019878, -0.109778,
	-0.019999, 0.999800, 0.000000,
	0.109756, 0.002195, 0.993956
$AI Behavior: None
+AI Class: Olym-Lieutenant
$Cargo 1:  XSTR("Lasers", 5500)
+Initial Velocity: 33
+Initial Hull: 100
+Initial Shields: 100
+Subsystem: Pilot
$Arrival Location: Hyperspace
$Arrival Cue: ( true ) 
$Departure Location: Hyperspace
$Departure Cue: ( false ) 
$Determination: 10
+Flags: ( "no-shields" )
+Flags2: ( )
+Respawn priority: 0
+Group: 0
+Use Table Score:
+Score: 0

$Name: SC 5-13		;! Object #16
$Display Name: XSTR("SC 5-13", 5513)
$Class: SC 5
$Team: Hostile
$Location: -2446.613525, 100.000488, 3951.373535
$Orientation:
	0.999200, 0.000000, 0.039989,
	0.001999, 0.998750, -0.049939,
	-0.039939, 0.049979, 0.997951
$AI Behavior: None
+AI Class: Olym-Lieutenant
$Cargo 1:  XSTR("Lasers", 5500)
+Initial Velocity: 33
+Initial Hull: 100
+Initial Shields: 100
+Subsystem: Pilot
$Arrival Location: Hyperspace
$Arrival Cue: ( true ) 
$Departure Location: Hyperspace
$Departure Cue: ( false ) 
$Determination: 10
+Flags: ( "no-shields" )
+Flags2: ( )
+Respawn priority: 0
+Group: 0
+Use Table Score:
+Score: 0

$Name: SC 5-14		;! Object #17
$Display Name: XSTR("SC 5-14", 5514)
$Class: SC 5
$Team: Hostile
$Location: -2396.613525, 200.000488, 4001.373535
$Orientation:
	0.995004, -0.099833, 0.000000,
	0.099833, 0.995004, 0.000000,
	0.000000, 0.000000, 1.000000
$AI Behavior: None
+AI Class: Olym-Lieutenant
$Cargo 1:  XSTR("Shivan Bath Salts", 5515)
+Initial Velocity: 33
+Initial Hull: 100
+Initial Shields: 100
+Subsystem: Pilot
$Arrival Location: Hyperspace
$Arrival Cue: ( true ) 
$Departure Location: Hyperspace
$Departure Cue: ( false ) 
$Determination: 10
+Flags: ( "no-shields" )
+Flags2: ( )
+Respawn priority: 0
+Group: 0
+Use Table Score:
+Score: 0

$Name: SC 5-15		;! Object #18
$Display Name: XSTR("SC 5-15", 5516)
$Class: SC 5
$Team: Hostile
$Location: -2346.613525, -99.999512, 4051.373535
$Orientation:
	0.988434, 0.139292, 0.059964,
	-0.142336, 0.988560, 0.049889,
	-0.052329, -0.057847, 0.996953
$AI Behavior: None
+AI Class: Olym-Lieutenant
$Cargo 1:  XSTR("Missiles", 5511)
+Initial Velocity: 33
+Initial Hull: 100
+Initial Shields: 100
+Subsystem: Pilot
$Arrival Location: Hyperspace
$Arrival Cue: ( true ) 
$Departure Location: Hyperspace
$Departure Cue: ( false ) 
$Determination: 10
+Flags: ( "no-shields" )
+Flags2: ( )
+Respawn priority: 0
+Group: 0
+Use Table Score:
+Score: 0

$Name: SC 5-16		;! Object #19
$Display Name: XSTR("SC 5-16", 5517)
$Class: SC 5
$Team: Hostile
$Location: -2346.613525, -99.999512, 3951.373535
$Orientation:
	0.994557, 0.099788, -0.029995,
	-0.100947, 0.994089, -0.039971,
	0.025830, 0.042782, 0.998751
$AI Behavior: None
+AI Class: Olym-Lieutenant
$Cargo 1:  XSTR("Lasers", 5500)
+Initial Velocity: 33
+Initial Hull: 100
+Initial Shields: 100
+Subsystem: Pilot
$Arrival Location: Hyperspace
$Arrival Cue: ( true ) 
$Departure Location: Hyperspace
$Departure Cue: ( false ) 
$Determination: 10
+Flags: ( "no-shields" )
+Flags2: ( )
+Respawn priority: 0
+Group: 0
+Use Table Score:
+Score: 0

$Name: SC 5-17		;! Object #20
$Display Name: XSTR("SC 5-17", 5518)
$Class: SC 5
$Team: Hostile
$Location: -2446.613525, -99.999512, 4051.373535
$Orientation:
	0.991022, 0.119497, -0.059964,
	-0.119712, 0.992809, 0.000000,
	0.059533, 0.007178, 0.998201
$AI Behavior: None
+AI Class: Olym-Lieutenant
$Cargo 1:  XSTR("Missiles", 5511)
+Initial Velocity: 33
+Initial Hull: 100
+Initial Shields: 100
+Subsystem: Pilot
$Arrival Location: Hyperspace
$Arrival Cue: ( true ) 
$Departure Location: Hyperspace
$Departure Cue: ( false ) 
$Determination: 10
+Flags: ( "no-shields" )
+Flags2: ( )
+Respawn priority: 0
+Group: 0
+Use Table Score:
+Score: 0

$Name: SC 5-18		;! Object #21
$Display Name: XSTR("SC 5-18", 5519)
$Class: SC 5
$Team: Hostile
$Location: -2446.613525, -99.999512, 3951.373535
$Orientation:
	0.996953, 0.059889, 0.049979,
	-0.059964, 0.998201, 0.000000,
	-0.049889, -0.002997, 0.998750
$AI Behavior: None
+AI Class: Olym-Lieutenant
$Cargo 1:  XSTR("Bombs", 5498)
+Initial Velocity: 33
+Initial Hull: 100
+Initial Shields: 100
+Subsystem: Pilot
$Arrival Location: Hyperspace
$Arrival Cue: ( true ) 
$Departure Location: Hyperspace
$Departure Cue: ( false ) 
$Determination: 10
+Flags: ( "no-shields" )
+Flags2: ( )
+Respawn priority: 0
+Group: 0
+Use Table Score:
+Score: 0

$Name: SC 5-19		;! Object #22
$Display Name: XSTR("SC 5-19", 5520)
$Class: SC 5
$Team: Hostile
$Location: -2396.613525, -199.999512, 4001.373535
$Orientation:
	0.994161, 0.059721, 0.089879,
	-0.059964, 0.998201, 0.000000,
	-0.089717, -0.005389, 0.995953
$AI Behavior: None
+AI Class: Olym-Lieutenant
$Cargo 1:  XSTR("Engines", 5502)
+Initial Velocity: 33
+Initial Hull: 100
+Initial Shields: 100
+Subsystem: Pilot
$Arrival Location: Hyperspace
$Arrival Cue: ( true ) 
$Departure Location: Hyperspace
$Departure Cue: ( false ) 
$Determination: 10
+Flags: ( "no-shields" )
+Flags2: ( )
+Respawn priority: 0
+Group: 0
+Use Table Score:
+Score: 0

$Name: SAC 2-1		;! Object #23
$Display Name: XSTR("SAC 2-1", 5521)
$Class: SAC 2
$Team: Hostile
$Location: -2296.627441, -50.000122, 3701.354980
$Orientation:
	0.996005, -0.081750, 0.035948,
	0.079915, 0.995556, 0.049819,
	-0.039861, -0.046747, 0.998111
$AI Behavior: None
+AI Class: Olym-Lieutenant
$Cargo 1:  XSTR("Electronics", 5205)
+Initial Velocity: 33
+Initial Hull: 100
+Initial Shields: 100
+Subsystem: Pilot
$Arrival Location: Hyperspace
$Arrival Cue: ( true ) 
$Departure Location: Hyperspace
$Departure Cue: ( false ) 
$Determination: 10
+Flags: ( "no-shields" )
+Flags2: ( )
+Respawn priority: 0
+Group: 0
+Use Table Score:
+Score: 0

$Name: SAC 2-2		;! Object #24
$Display Name: XSTR("SAC 2-2", 5522)
$Class: SAC 2
$Team: Hostile
$Location: -2446.627441, -50.000122, 3701.354980
$Orientation:
	0.999550, -0.001799, 0.029942,
	0.000000, 0.998200, 0.059964,
	-0.029995, -0.059937, 0.997751
$AI Behavior: None
+AI Class: Olym-Lieutenant
$Cargo 1:  XSTR("Electronics", 5205)
+Initial Velocity: 33
+Initial Hull: 100
+Initial Shields: 100
+Subsystem: Pilot
$Arrival Location: Hyperspace
$Arrival Cue: ( true ) 
$Departure Location: Hyperspace
$Departure Cue: ( false ) 
$Determination: 10
+Flags: ( "no-shields" )
+Flags2: ( )
+Respawn priority: 0
+Group: 0
+Use Table Score:
+Score: 0

$Name: SAC 2-3		;! Object #25
$Display Name: XSTR("SAC 2-3", 5523)
$Class: SAC 2
$Team: Hostile
$Location: -2296.627441, 49.999878, 3551.354980
$Orientation:
	0.995556, 0.052194, 0.078384,
	-0.049979, 0.998301, -0.029958,
	-0.079815, 0.025907, 0.996473
$AI Behavior: None
+AI Class: Olym-Lieutenant
$Cargo 1:  XSTR("Munitions", 5524)
+Initial Velocity: 33
+Initial Hull: 100
+Initial Shields: 100
+Subsystem: Pilot
$Arrival Location: Hyperspace
$Arrival Cue: ( true ) 
$Departure Location: Hyperspace
$Departure Cue: ( false ) 
