#Mission Info

$Version: 0.10
$Name:  XSTR("Outro - Heavens", 7353)
$Author: Colt
$Created: 06/07/21 at 14:46:38
$Modified: 01/25/22 at 19:49:24
$Notes:
This is a FRED2_OPEN created mission.
$End Notes:

$Mission Desc:
 XSTR("The survivors are enroute to Epsilon Pegasi to rest and refit.
", 7354)
$end_multi_text
+Game Type Flags: 1
+Flags: 17040392
+Fog Near Mult: 25.000000

+Fog Far Mult: 25.000000

+Disallow Support: 1
+Hull Repair Ceiling: 0.000000
+Subsystem Repair Ceiling: 100.000000

+Viewer pos: 2164.615723, 408.660278, 2008.157471
+Viewer orient:
	-0.131143, 0.000002, -0.991364,
	0.287328, 0.957078, -0.038007,
	0.948812, -0.289831, -0.125515


$Load Screen 1024: Shepherds_Outro.png

$AI Profile: Olym

#Sexp_variables

$Variables:
(
		0		"autoGenVar1"		"Epsilon Pegasi"		"string"
)

#Command Briefing

#Briefing
$start_briefing
$num_stages: 0
$end_briefing

#Debriefing_info

$Num stages: 0

#Players		;! 1 total

$Starting Shipname: Alpha 1
$Ship Choices: (
	"GTF Ulysses"	5
	"GTF Hercules"	5
	"GTF Hercules Mark II"	5
	"GTF Ares"	5
	"GTF Erinyes"	5
	"GTF Loki"	5
	"GTF Pegasus"	5
	"GTF Perseus"	5
	"GTF Myrmidon"	5
	"SF Mara (terrans)"	5
	"GTB Artemis"	5
	"GTB Artemis D.H."	5
	"GTB Medusa"	5
	"GTB Ursa"	5
	"GTB Zeus"	5
	"GTB Boanerges"	5
	"GVF Ptah"	5
)

+Weaponry Pool: (
	"Subach HL-7"	17
	"Subach HL-D"	16
	"Mekhu HL-7"	16
	"Mekhu HL-7D"	16
	"Akheton SDG"	16
	"Morning Star"	16
	"MorningStar D"	16
	"Prometheus R"	17
	"Prometheus S"	16
	"Prometheus D"	16
	"Maxim"	16
	"Maxim D"	16
	"UD-8 Kayser"	16
	"UD-D Kayser"	16
	"Circe"	16
	"Lamprey"	16
	"Vasudan Light Laser"	16
	"ML-16 Laser"	16
	"Disruptor"	16
	"Avenger"	16
	"Flail"	16
	"Prometheus"	16
	"Banshee"	16
	"Leech Cannon"	16
	"S-Breaker"	16
	"D-Advanced"	16
	"Railgun"	16
	"Rockeye"	500
	"Rockeye D"	500
	"Tempest"	500
	"Tempest D"	500
	"Hornet"	500
	"Hornet D"	500
	"Hornet#Weak"	500
	"Tornado"	500
	"Tornado D"	500
	"Harpoon"	516
	"Harpoon D"	500
	"Harpoon#Weak"	500
	"Trebuchet"	500
	"TAG-A"	500
	"TAG-B"	500
	"TAG-C"	500
	"Piranha"	500
	"Stiletto II"	500
	"Infyrno"	500
	"Infyrno D"	500
	"Cyclops"	500
	"Cyclops#short"	500
	"Helios"	500
	"EMP Adv."	500
	"Rockeye#Shivan"	500
	"Rockeye D#Shivan"	500
	"Tempest#Shivan"	500
	"Tempest D#Shivan"	500
	"Hornet#Shivan"	500
	"Hornet D#Shivan"	500
	"Hornet#Weak#Shivan"	500
	"Tornado#Shivan"	500
	"Tornado D#Shivan"	500
	"Harpoon#Shivan"	500
	"Harpoon D#Shivan"	500
	"Harpoon#Weak#Shivan"	500
	"Trebuchet#Shivan"	500
	"Piranha#Shivan"	500
	"Shivan Disruptor"	500
	"Shivan Area Bomb"	500
	"Shivan Bomb"	500
	"Shivan Bomb#Short"	500
	"Shivan Megabomb"	500
	"EMP Adv.#Shivan"	500
	"MX-50"	500
	"D-Missile"	500
	"Fury"	500
	"Interceptor"	500
	"Phoenix V"	500
	"Synaptic"	500
	"Stiletto"	500
	"Tsunami"	500
	"Harbinger"	500
	"Cluster Bomb"	500
	"EM Pulse"	500
)

#Objects		;! 66 total

$Name: Alpha 1		;! Object #0
$Display Name: XSTR("Alpha 1", 4974)
$Class: GTF Ulysses
$Team: Friendly
$Location: 67.555664, 0.005859, -30050.996094
$Orientation:
	1.000000, 0.000000, 0.000000,
	0.000000, 1.000000, 0.000000,
	0.000000, 0.000000, 1.000000
$AI Behavior: None
$Cargo 1:  XSTR("Nothing", 4975)
+Initial Hull: 100
+Subsystem: Pilot
+Subsystem: communication
$Damage: 100
+Subsystem: navigation
$Damage: 100
+Subsystem: weapons
$Damage: 100
+Subsystem: sensors
$Damage: 100
+Subsystem: engines
$Damage: 100
$Arrival Location: Hyperspace
$Arrival Cue: ( false ) 
$Departure Location: Hyperspace
$Departure Cue: ( false ) 
$Determination: 10
+Flags: ( "cargo-known" "player-start" )
+Flags2: ( )
+Respawn priority: 0
+Group: 0
+Use Table Score:
+Score: 8

$Name: Memphis		;! Object #1
$Display Name: XSTR("Memphis", 5747)
$Class: GVD Hatshepsut
$Team: Friendly
$Location: 3749.917725, -179.119629, 2172.071289
$Orientation:
	-0.506891, 0.000000, 0.862010,
	0.000048, 1.000000, 0.000028,
	-0.862010, 0.000055, -0.506891
$AI Behavior: None
$AI Goals: ( goals ( ai-waypoints-once "Fleet wp" 50 ) )
$Cargo 1:  XSTR("Nothing", 4975)
+Initial Velocity: 33
+Initial Hull: 100
+Initial Shields: 100
+Subsystem: Pilot
+Subsystem: turret01
+Subsystem: turret02
+Subsystem: turret03
+Subsystem: turret04
+Subsystem: turret05
+Subsystem: turret06
+Subsystem: turret07
+Subsystem: turret08
+Subsystem: turret09
+Subsystem: turret10
+Subsystem: turret11
+Subsystem: turret12
+Subsystem: turret13
+Subsystem: turret14
+Subsystem: turret15
+Subsystem: turret16
+Subsystem: turret17
+Subsystem: turret18
+Subsystem: turret19
+Subsystem: turret20
+Subsystem: turret21
+Subsystem: turret22
+Subsystem: turret23
+Subsystem: turret24
+Subsystem: turret25
+Subsystem: turret26
+Subsystem: turret27
+Subsystem: turret28
+Subsystem: turret29
+Subsystem: turret30
$Arrival Location: Hyperspace
$Arrival Cue: ( true ) 
$Departure Location: Hyperspace
+Departure delay: 93
$Departure Cue: ( true ) 
$Determination: 10
+Flags: ( "cargo-known" "no-shields" )
+Flags2: ( )
+Respawn priority: 0
+Orders Accepted: 0		;! note that this is a bitfield!!!
+Group: 0
+Use Table Score:
+Score: 1400

$Name: Arensnuphis		;! Object #2
$Display Name: XSTR("Arensnuphis", 6933)
$Class: GVCv Sobek
$Team: Friendly
$Location: 3759.921631, 388.263611, 2739.620605
$Orientation:
	-0.507020, 0.000000, 0.861934,
	-0.000103, 1.000000, -0.000061,
	-0.861934, -0.000120, -0.507020
$AI Behavior: None
$AI Goals: ( goals ( ai-waypoints-once "Fleet wp" 50 ) )
$Cargo 1:  XSTR("Nothing", 4975)
+Initial Velocity: 33
+Initial Hull: 100
+Initial Shields: 100
+Subsystem: Pilot
+Subsystem: turret01
+Subsystem: turret02
+Subsystem: turret03
+Subsystem: turret04
+Subsystem: turret05
+Subsystem: turret06
+Subsystem: turret07
+Subsystem: turret08
+Subsystem: turret09
+Subsystem: turret10
+Subsystem: turret11
+Subsystem: turret12
+Subsystem: turret13
+Subsystem: turret14
+Subsystem: turret15
+Subsystem: turret16
+Subsystem: turret17
+Subsystem: turret18
+Subsystem: turret19
+Subsystem: turret20
+Subsystem: turret21
+Subsystem: turret22
$Arrival Location: Hyperspace
$Arrival Cue: ( true ) 
$Departure Location: Hyperspace
+Departure delay: 147
$Departure Cue: ( true ) 
$Determination: 10
+Flags: ( "cargo-known" "no-shields" )
+Flags2: ( )
+Respawn priority: 0
+Orders Accepted: 0		;! note that this is a bitfield!!!
+Group: 0
+Use Table Score:
+Score: 400

$Name: Maahes		;! Object #3
$Display Name: XSTR("Maahes", 6266)
$Class: GVCv Sobek
$Team: Friendly
$Location: 3719.936768, 149.665314, 1238.221436
$Orientation:
	-0.506681, 0.000000, 0.862133,
	-0.000040, 1.000000, -0.000023,
	-0.862133, -0.000046, -0.506681
$AI Behavior: None
$AI Goals: ( goals ( ai-waypoints-once "Fleet wp" 50 ) )
$Cargo 1:  XSTR("Nothing", 4975)
+Initial Velocity: 33
+Initial Hull: 100
+Initial Shields: 100
+Subsystem: Pilot
+Subsystem: turret01
+Subsystem: turret02
+Subsystem: turret03
+Subsystem: turret04
+Subsystem: turret05
+Subsystem: turret06
+Subsystem: turret07
+Subsystem: turret08
+Subsystem: turret09
+Subsystem: turret10
+Subsystem: turret11
+Subsystem: turret12
+Subsystem: turret13
+Subsystem: turret14
+Subsystem: turret15
+Subsystem: turret16
+Subsystem: turret17
+Subsystem: turret18
+Subsystem: turret19
+Subsystem: turret20
+Subsystem: turret21
+Subsystem: turret22
$Arrival Location: Hyperspace
$Arrival Cue: ( true ) 
$Departure Location: Hyperspace
+Departure delay: 116
$Departure Cue: ( true ) 
$Determination: 10
+Flags: ( "cargo-known" "no-shields" )
+Flags2: ( )
+Respawn priority: 0
+Orders Accepted: 0		;! note that this is a bitfield!!!
+Group: 0
+Use Table Score:
+Score: 400

$Name: Mesehti		;! Object #4
$Display Name: XSTR("Mesehti", 5731)
$Class: GVC Mentu
$Team: Friendly
$Location: 4329.055176, -394.058228, 1475.099487
$Orientation:
	-0.506675, 0.000000, 0.862137,
	0.000105, 1.000000, 0.000062,
	-0.862137, 0.000121, -0.506675
$AI Behavior: None
$AI Goals: ( goals ( ai-waypoints-once "Fleet wp" 50 ) )
$Cargo 1:  XSTR("Nothing", 4975)
+Initial Velocity: 33
+Initial Hull: 100
+Initial Shields: 100
+Subsystem: Pilot
+Subsystem: Turret01
+Subsystem: Turret02
+Subsystem: Turret03
+Subsystem: Turret04
+Subsystem: Turret05
+Subsystem: Turret06
+Subsystem: Turret07
+Subsystem: Turret08
+Subsystem: Turret09
+Subsystem: Turret10
+Subsystem: Turret11
+Subsystem: Turret12
+Subsystem: Turret13
+Subsystem: Turret14
+Subsystem: Turret15
+Subsystem: Turret16
$Arrival Location: Hyperspace
$Arrival Cue: ( and 
   ( is-previous-goal-true 
      "shepherds_03" 
      "M3-S1: Protect Mesehti" 
   )
   ( has-time-elapsed 23 ) 
)
$Departure Location: Hyperspace
$Departure Cue: ( has-departed-delay 3 "Shu" ) 
$Determination: 10
+Flags: ( "cargo-known" "no-shields" )
+Flags2: ( )
+Respawn priority: 0
+Orders Accepted: 0		;! note that this is a bitfield!!!
+Group: 0
+Use Table Score:
+Score: 100

$Name: Shu		;! Object #5
$Display Name: XSTR("Shu", 6469)
$Class: GVC Mentu
$Team: Friendly
$Location: 3257.860596, -0.006592, 2969.351074
$Orientation:
	-0.507140, 0.000000, 0.861864,
	-0.000000, 1.000000, -0.000000,
	-0.861864, -0.000000, -0.507140
$AI Behavior: None
$AI Goals: ( goals ( ai-waypoints-once "Fleet wp" 50 ) )
$Cargo 1:  XSTR("Nothing", 4975)
+Initial Velocity: 33
+Initial Hull: 100
+Initial Shields: 100
+Subsystem: Pilot
+Subsystem: Turret01
+Subsystem: Turret02
+Subsystem: Turret03
+Subsystem: Turret04
+Subsystem: Turret05
+Subsystem: Turret06
+Subsystem: Turret07
+Subsystem: Turret08
+Subsystem: Turret09
+Subsystem: Turret10
+Subsystem: Turret11
+Subsystem: Turret12
+Subsystem: Turret13
+Subsystem: Turret14
+Subsystem: Turret15
+Subsystem: Turret16
$Arrival Location: Hyperspace
$Arrival Cue: ( true ) 
$Departure Location: Hyperspace
+Departure delay: 132
$Departure Cue: ( true ) 
$Determination: 10
+Flags: ( "cargo-known" "no-shields" )
+Flags2: ( )
+Respawn priority: 0
+Orders Accepted: 0		;! note that this is a bitfield!!!
+Group: 0
+Use Table Score:
+Score: 100

$Name: Syracuse		;! Object #6
$Display Name: XSTR("Syracuse", 6253)
$Class: GTCv Deimos
$Team: Friendly
$Location: 4374.751465, -538.840576, 3599.497070
$Orientation:
	-0.507159, 0.000000, 0.861853,
	0.000143, 1.000000, 0.000084,
	-0.861853, 0.000166, -0.507159
$AI Behavior: None
$AI Goals: ( goals ( ai-waypoints-once "Fleet wp" 50 ) )
$Cargo 1:  XSTR("Nothing", 4975)
+Initial Velocity: 33
+Initial Hull: 100
+Initial Shields: 100
+Subsystem: Pilot
+Subsystem: Turret01
+Subsystem: Turret02
+Subsystem: Turret03
+Subsystem: Turret04
+Subsystem: Turret05
+Subsystem: Turret06
+Subsystem: Turret07
+Subsystem: Turret08
+Subsystem: Turret09
+Subsystem: Turret10
+Subsystem: Turret11
+Subsystem: Turret12
+Subsystem: Turret13
+Subsystem: Turret14
+Subsystem: Turret15
+Subsystem: Turret16
+Subsystem: Turret17
+Subsystem: Turret18
+Subsystem: Turret19
+Subsystem: Turret20
+Subsystem: Turret21
+Subsystem: Turret22
+Subsystem: Turret23
+Subsystem: Turret24
+Subsystem: Turret25
+Subsystem: Turret26
$Arrival Location: Hyperspace
$Arrival Cue: ( and 
   ( is-previous-goal-true 
      "shepherds_09" 
      "M8-B: Destroy all cruisers" 
   )
   ( has-time-elapsed 24 ) 
)
$Departure Location: Hyperspace
$Departure Cue: ( has-departed-delay 5 "Shu" ) 
$Determination: 10
+Flags: ( "cargo-known" "no-shields" )
+Flags2: ( )
+Respawn priority: 0
+Orders Accepted: 0		;! note that this is a bitfield!!!
+Group: 0
+Use Table Score:
+Score: 800
$Texture Replace:
+old: nameplate
+new: gtcv_syracuse

$Name: Audacious		;! Object #7
$Display Name: XSTR("Audacious", 6025)
$Class: GTC Leviathan
$Team: Friendly
$Location: 4432.774414, -245.673615, 1736.274048
$Orientation:
	-0.506721, 0.000000, 0.862110,
	0.000065, 1.000000, 0.000038,
	-0.862110, 0.000076, -0.506721
$AI Behavior: None
$AI Goals: ( goals ( ai-waypoints-once "Fleet wp" 50 ) )
$Cargo 1:  XSTR("Nothing", 4975)
+Initial Velocity: 33
+Initial Hull: 100
+Initial Shields: 100
+Subsystem: Pilot
+Subsystem: Turret01
+Subsystem: turret02
+Subsystem: turret03
+Subsystem: turret04
+Subsystem: turret05
+Subsystem: turret06
+Subsystem: Turret07
+Subsystem: Turret08
+Subsystem: turret09a-01-main
$Arrival Location: Hyperspace
$Arrival Cue: ( and 
   ( is-previous-goal-true 
      "shepherds_04" 
      "M4-B1: Protect Audacious" 
   )
   ( has-time-elapsed 22 ) 
)
$Departure Location: Hyperspace
$Departure Cue: ( has-departed-delay 11 "Shu" ) 
$Determination: 10
+Flags: ( "cargo-known" "no-shields" )
+Flags2: ( )
+Respawn priority: 0
+Orders Accepted: 0		;! note that this is a bitfield!!!
+Group: 0
+Use Table Score:
+Score: 200
$Texture Replace:
+old: nameplate
+new: gtc_audacious

$Name: Sigma 1		;! Object #8
$Display Name: XSTR("Sigma 1", 5046)
$Class: GVF Tauret
$Team: Friendly
$Location: 3280.294922, -67.984467, 1311.050537
$Orientation:
	-0.506811, 0.000000, 0.862057,
	0.000039, 1.000000, 0.000023,
	-0.862057, 0.000045, -0.506811
$AI Behavior: None
$Cargo 1:  XSTR("Nothing", 4975)
+Initial Velocity: 33
+Initial Hull: 100
+Subsystem: Pilot
$Arrival Location: Hyperspace
$Arrival Cue: ( false ) 
$Departure Location: Hyperspace
$Departure Cue: ( false ) 
$Determination: 10
+Flags: ( "cargo-known" )
+Flags2: ( )
+Respawn priority: 0
+Orders Accepted: 0		;! note that this is a bitfield!!!
+Group: 0
+Use Table Score:
+Score: 10

$Name: Sigma 2		;! Object #9
$Display Name: XSTR("Sigma 2", 5047)
$Class: GVF Tauret
$Team: Friendly
$Location: 3413.061035, -67.984436, 1279.988281
$Orientation:
	-0.506786, 0.000000, 0.862072,
	0.000039, 1.000000, 0.000023,
	-0.862072, 0.000045, -0.506786
$AI Behavior: None
$Cargo 1:  XSTR("Nothing", 4975)
+Initial Velocity: 33
+Initial Hull: 100
+Subsystem: Pilot
$Arrival Location: Hyperspace
$Arrival Cue: ( false ) 
$Departure Location: Hyperspace
$Departure Cue: ( false ) 
$Determination: 10
+Flags: ( "cargo-known" )
+Flags2: ( )
+Respawn priority: 0
+Orders Accepted: 0		;! note that this is a bitfield!!!
+Group: 0
+Use Table Score:
+Score: 10

$Name: Sigma 3		;! Object #10
$Display Name: XSTR("Sigma 3", 5048)
$Class: GVF Tauret
$Team: Friendly
$Location: 3320.027832, -67.984436, 1452.688721
$Orientation:
	-0.506838, 0.000000, 0.862041,
	0.000039, 1.000000, 0.000023,
	-0.862041, 0.000045, -0.506838
$AI Behavior: None
$Cargo 1:  XSTR("Nothing", 4975)
+Initial Velocity: 33
+Initial Hull: 100
+Subsystem: Pilot
$Arrival Location: Hyperspace
$Arrival Cue: ( false ) 
$Departure Location: Hyperspace
$Departure Cue: ( false ) 
$Determination: 10
+Flags: ( "cargo-known" )
+Flags2: ( )
+Respawn priority: 0
+Orders Accepted: 0		;! note that this is a bitfield!!!
+Group: 0
+Use Table Score:
+Score: 10

$Name: Sigma 4		;! Object #11
$Display Name: XSTR("Sigma 4", 5049)
$Class: GVF Tauret
$Team: Friendly
$Location: 3548.504395, -67.984436, 1241.270020
$Orientation:
	-0.506759, 0.000000, 0.862088,
	0.000039, 1.000000, 0.000023,
	-0.862088, 0.000045, -0.506759
$AI Behavior: None
$Cargo 1:  XSTR("Nothing", 4975)
+Initial Velocity: 33
+Initial Hull: 100
+Subsystem: Pilot
$Arrival Location: Hyperspace
$Arrival Cue: ( false ) 
$Departure Location: Hyperspace
$Departure Cue: ( false ) 
$Determination: 10
+Flags: ( "cargo-known" )
+Flags2: ( )
+Respawn priority: 0
+Orders Accepted: 0		;! note that this is a bitfield!!!
+Group: 0
+Use Table Score:
+Score: 10

$Name: Rho 1		;! Object #12
$Display Name: XSTR("Rho 1", 6308)
$Class: GVF Serapis
$Team: Friendly
$Location: 3750.271240, 258.107483, 3005.003418
$Orientation:
	-0.507082, 0.000000, 0.861898,
	-0.000069, 1.000000, -0.000040,
	-0.861898, -0.000080, -0.507082
$AI Behavior: None
$Cargo 1:  XSTR("Nothing", 4975)
+Initial Velocity: 33
+Initial Hull: 100
+Subsystem: Pilot
$Arrival Location: Hyperspace
$Arrival Cue: ( false ) 
$Departure Location: Hyperspace
$Departure Cue: ( false ) 
$Determination: 10
+Flags: ( "cargo-known" )
+Flags2: ( )
+Respawn priority: 0
+Orders Accepted: 0		;! note that this is a bitfield!!!
+Group: 0
+Use Table Score:
+Score: 12

$Name: Rho 2		;! Object #13
$Display Name: XSTR("Rho 2", 6309)
$Class: GVF Serapis
$Team: Friendly
$Location: 3887.487305, 258.107483, 2965.134766
$Orientation:
	-0.507054, 0.000000, 0.861914,
	-0.000069, 1.000000, -0.000040,
	-0.861914, -0.000080, -0.507054
$AI Behavior: None
$Cargo 1:  XSTR("Nothing", 4975)
+Initial Velocity: 33
+Initial Hull: 100
+Subsystem: Pilot
$Arrival Location: Hyperspace
$Arrival Cue: ( false ) 
$Departure Location: Hyperspace
$Departure Cue: ( false ) 
$Determination: 10
+Flags: ( "cargo-known" )
+Flags2: ( )
+Respawn priority: 0
+Orders Accepted: 0		;! note that this is a bitfield!!!
+Group: 0
+Use Table Score:
+Score: 12

$Name: Rho 3		;! Object #14
$Display Name: XSTR("Rho 3", 6310)
$Class: GVF Serapis
$Team: Friendly
$Location: 3793.568115, 258.107483, 3145.250488
$Orientation:
	-0.507108, 0.000000, 0.861882,
	-0.000069, 1.000000, -0.000040,
	-0.861882, -0.000080, -0.507108
$AI Behavior: None
$Cargo 1:  XSTR("Nothing", 4975)
+Initial Velocity: 33
+Initial Hull: 100
+Subsystem: Pilot
$Arrival Location: Hyperspace
$Arrival Cue: ( false ) 
$Departure Location: Hyperspace
$Departure Cue: ( false ) 
$Determination: 10
+Flags: ( "cargo-known" )
+Flags2: ( )
+Respawn priority: 0
+Orders Accepted: 0		;! note that this is a bitfield!!!
+Group: 0
+Use Table Score:
+Score: 12

$Name: Rho 4		;! Object #15
$Display Name: XSTR("Rho 4", 6311)
$Class: GVF Serapis
$Team: Friendly
$Location: 4018.706055, 258.107483, 2933.932861
$Orientation:
	-0.507029, 0.000000, 0.861929,
	-0.000069, 1.000000, -0.000040,
	-0.861929, -0.000080, -0.507029
$AI Behavior: None
$Cargo 1:  XSTR("Nothing", 4975)
+Initial Velocity: 33
+Initial Hull: 100
+Subsystem: Pilot
$Arrival Location: Hyperspace
$Arrival Cue: ( false ) 
$Departure Location: Hyperspace
$Departure Cue: ( false ) 
$Determination: 10
+Flags: ( "cargo-known" )
+Flags2: ( )
+Respawn priority: 0
+Orders Accepted: 0		;! note that this is a bitfield!!!
+Group: 0
+Use Table Score:
+Score: 12

$Name: Arachnas		;! Object #16
$Display Name: XSTR("Arachnas", 7355)
$Class: SI Arachnas
$Team: Hostile
$Location: -21566.996094, -0.000488, 10102.791992
$Orientation:
	0.926741, -0.348828, 0.139543,
	0.375323, 0.876290, -0.302074,
	-0.016908, 0.332318, 0.943016
$AI Behavior: None
$Cargo 1:  XSTR("Nothing", 4975)
+Initial Velocity: 33
+Initial Hull: 100
+Initial Shields: 100
+Subsystem: Pilot
+Subsystem: Turret01
+Subsystem: Turret02
+Subsystem: Turret03
+Subsystem: Turret04
+Subsystem: Turret05
+Subsystem: Turret06
+Subsystem: Turret07
+Subsystem: Turret08
+Subsystem: Turret09
+Subsystem: Turret10
+Subsystem: Turret11
+Subsystem: Turret12
+Subsystem: Turret13
+Subsystem: Turret14
+Subsystem: Turret15
+Subsystem: Turret16
+Subsystem: Turret17
+Subsystem: Turret18
+Subsystem: Turret19
+Subsystem: Turret20
+Subsystem: Turret21
+Subsystem: Turret22
+Subsystem: Turret23
+Subsystem: Turret24
+Subsystem: Turret25
+Subsystem: Turret26
+Subsystem: Turret27
+Subsystem: Turret28
+Subsystem: Turret29
+Subsystem: Turret30
+Subsystem: Turret31
+Subsystem: Turret32
+Subsystem: Turret33
+Subsystem: Turret34
+Subsystem: Turret35
+Subsystem: Turret36
+Subsystem: Turret37
+Subsystem: Turret38
+Subsystem: Turret39
+Subsystem: Turret40
+Subsystem: Turret41
+Subsystem: Turret42
+Subsystem: Turret43
+Subsystem: Turret44
+Subsystem: Turret45
$Arrival Location: Hyperspace
$Arrival Cue: ( is-event-true-delay "Nebula" 0 ) 
$Departure Location: Hyperspace
$Departure Cue: ( false ) 
$Determination: 10
+Flags: ( "no-shields" "no-arrival-warp" )
+Flags2: ( )
+Respawn priority: 0
+Orders Accepted: 0		;! note that this is a bitfield!!!
+Group: 0
+Use Table Score:
+Score: 3000

$Name: Alexandria		;! Object #17
$Display Name: XSTR("Alexandria", 7356)
$Class: GTC Aeolus
$Team: Hostile
$Location: -9839.072266, 38.305618, 9626.032227
$Orientation:
	0.083182, 0.071634, 0.993957,
	0.301132, 0.948978, -0.093595,
	-0.949949, 0.307097, 0.057367
$AI Behavior: None
$Cargo 1:  XSTR("Nothing", 4975)
+Initial Hull: 12
+Initial Shields: 100
+Subsystem: Pilot
+Subsystem: Turret01
$Damage: 100
+Subsystem: Turret02
$Damage: 100
+Subsystem: Turret03
$Damage: 95
+Subsystem: Turret04
$Damage: 100
+Subsystem: Turret05
$Damage: 96
+Subsystem: Turret06
$Damage: 89
+Subsystem: turret07
$Damage: 68
+Subsystem: turret08
$Damage: 100
+Subsystem: turret09
$Damage: 100
+Subsystem: turret10
$Damage: 65
+Subsystem: turret11
$Damage: 79
+Subsystem: turret12
$Damage: 100
+Subsystem: Engine
$Damage: 100
+Subsystem: Communication
$Damage: 100
+Subsystem: Sensors
$Damage: 100
+Subsystem: Navigation
$Damage: 100
+Subsystem: Weapons
$Damage: 100
$Arrival Location: Hyperspace
$Arrival Cue: ( true ) 
$Departure Location: Hyperspace
$Departure Cue: ( false ) 
$Determination: 10
+Flags: ( "cargo-known" "protect-ship" "no-shields" "beam-protect-ship" "flak-protect-ship" "laser-protect-ship" "missile-protect-ship" )
+Flags2: ( )
+Respawn priority: 0
+Orders Accepted: 1		;! note that this is a bitfield!!!
+Group: 0
+Use Table Score:
+Score: 500
$Texture Replace:
+old: aeolusdet
+new: ntfaedet
+old: aeolusdet-ao
+new: ntfaedet-ao
+old: aeolusdet-glow
+new: ntfaedet-glow
+old: aeolusdet-normal
+new: ntfaedet-normal
+old: aeolusdet-reflect
+new: ntfaedet-reflect
+old: aeolusuv
+new: ntfaemain
+old: aeolusuv-ao
+new: ntfaemain-ao
+old: aeolusuv-glow
+new: ntfaemain-glow
+old: aeolusuv-normal
+new: ntfaemain-normal
+old: aeolusuv-reflect
+new: ntfaemain-reflect
+old: nameplate
+new: ntc_alexandria

$Name: Alexandria Pharos 1		;! Object #18
$Display Name: XSTR("Alexandria Pharos 1", 7357)
$Class: GTNB Pharos
$Team: Friendly
$Location: -9407.939453, -0.000092, 9513.808594
$Orientation:
	0.086041, 0.862405, -0.498855,
	-0.146580, 0.506220, 0.849856,
	0.985450, 0.000000, 0.169967
$AI Behavior: None
$Cargo 1:  XSTR("Nothing", 4975)
+Initial Velocity: 33
+Initial Shields: 100
+Subsystem: Pilot
$Arrival Location: Hyperspace
$Arrival Cue: ( true ) 
$Departure Location: Hyperspace
$Departure Cue: ( false ) 
$Determination: 10
+Flags: ( "cargo-known" "no-shields" )
+Flags2: ( "no_collide" )
+Respawn priority: 0
+Group: 0
+Use Table Score:
+Score: 0

$Name: Shivan Comm Node 19		;! Object #19
$Display Name: XSTR("Shivan Comm Node 19", 7358)
$Class: Shivan Comm Node
$Team: Hostile
$Location: -20110.347656, 1090.752197, 15076.830078
$Orientation:
	0.926740, -0.348828, 0.139543,
	0.375323, 0.876290, -0.302074,
	-0.016908, 0.332318, 0.943016
$AI Behavior: None
$Cargo 1:  XSTR("Nothing", 4975)
+Initial Velocity: 33
+Initial Hull: 100
+Initial Shields: 100
+Subsystem: Pilot
$Arrival Location: Hyperspace
$Arrival Cue: ( is-event-true-delay "Nebula" 0 ) 
$Departure Location: Hyperspace
$Departure Cue: ( false ) 
$Determination: 10
+Flags: ( "no-shields" "no-arrival-warp" "don't-collide-invisible" )
+Flags2: ( )
+Respawn priority: 0
+Group: 0
+Use Table Score:
+Score: 300

$Name: Shivan Comm Node 20		;! Object #20
$Display Name: XSTR("Shivan Comm Node 20", 7359)
$Class: Shivan Comm Node
$Team: Hostile
$Location: -17305.886719, -1075.969971, 12275.847656
$Orientation:
	0.926740, -0.348828, 0.139543,
	0.375323, 0.876290, -0.302074,
	-0.016908, 0.332318, 0.943016
$AI Behavior: None
$Cargo 1:  XSTR("Nothing", 4975)
+Initial Velocity: 33
+Initial Hull: 100
+Initial Shields: 100
+Subsystem: Pilot
$Arrival Location: Hyperspace
$Arrival Cue: ( is-event-true-delay "Nebula" 0 ) 
$Departure Location: Hyperspace
$Departure Cue: ( false ) 
$Determination: 10
+Flags: ( "no-shields" "no-arrival-warp" "don't-collide-invisible" )
+Flags2: ( )
+Respawn priority: 0
+Group: 0
+Use Table Score:
+Score: 300

$Name: Shivan Comm Node 21		;! Object #21
$Display Name: XSTR("Shivan Comm Node 21", 7360)
$Class: Shivan Comm Node
$Team: Hostile
$Location: -18200.304688, -2499.732422, 7034.339844
$Orientation:
	0.926740, -0.348828, 0.139543,
	0.375323, 0.876290, -0.302074,
	-0.016908, 0.332318, 0.943016
$AI Behavior: None
$Cargo 1:  XSTR("Nothing", 4975)
+Initial Velocity: 33
+Initial Hull: 100
+Initial Shields: 100
+Subsystem: Pilot
$Arrival Location: Hyperspace
$Arrival Cue: ( is-event-true-delay "Nebula" 0 ) 
$Departure Location: Hyperspace
$Departure Cue: ( false ) 
$Determination: 10
+Flags: ( "no-shields" "no-arrival-warp" "don't-collide-invisible" )
+Flags2: ( )
+Respawn priority: 0
+Group: 0
+Use Table Score:
+Score: 300

$Name: Shivan Comm Node 22		;! Object #22
$Display Name: XSTR("Shivan Comm Node 22", 7361)
$Class: Shivan Comm Node
$Team: Hostile
$Location: -23754.250000, -898.958130, 4777.378418
$Orientation:
	0.926740, -0.348828, 0.139543,
	0.375323, 0.876290, -0.302074,
	-0.016908, 0.332318, 0.943016
$AI Behavior: None
$Cargo 1:  XSTR("Nothing", 4975)
+Initial Velocity: 33
+Initial Hull: 100
+Initial Shields: 100
+Subsystem: Pilot
$Arrival Location: Hyperspace
$Arrival Cue: ( is-event-true-delay "Nebula" 0 ) 
$Departure Location: Hyperspace
$Departure Cue: ( false ) 
$Determination: 10
+Flags: ( "no-shields" "no-arrival-warp" "don't-collide-invisible" )
+Flags2: ( )
+Respawn priority: 0
+Group: 0
+Use Table Score:
+Score: 300

$Name: Shivan Comm Node 23		;! Object #23
$Display Name: XSTR("Shivan Comm Node 23", 7362)
$Class: Shivan Comm Node
$Team: Hostile
$Location: -26492.484375, 1305.919556, 7771.313477
$Orientation:
	0.926740, -0.348828, 0.139543,
	0.375323, 0.876290, -0.302074,
	-0.016908, 0.332318, 0.943016
$AI Behavior: None
$Cargo 1:  XSTR("Nothing", 4975)
+Initial Velocity: 33
+Initial Hull: 100
+Initial Shields: 100
+Subsystem: Pilot
$Arrival Location: Hyperspace
$Arrival Cue: ( is-event-true-delay "Nebula" 0 ) 
$Departure Location: Hyperspace
$Departure Cue: ( false ) 
$Determination: 10
+Flags: ( "no-shields" "no-arrival-warp" "don't-collide-invisible" )
+Flags2: ( )
+Respawn priority: 0
+Group: 0
+Use Table Score:
+Score: 300

$Name: Shivan Comm Node 24		;! Object #24
$Display Name: XSTR("Shivan Comm Node 24", 7363)
$Class: Shivan Comm Node
$Team: Hostile
$Location: -25999.394531, 2753.140137, 12582.220703
$Orientation:
	0.926740, -0.348828, 0.139543,
	0.375323, 0.876290, -0.302074,
	-0.016908, 0.332318, 0.943016
$AI Behavior: None
$Cargo 1:  XSTR("Nothing", 4975)
+Initial Velocity: 33
+Initial Hull: 100
+Initial Shields: 100
+Subsystem: Pilot
$Arrival Location: Hyperspace
$Arrival Cue: ( is-event-true-delay "Nebula" 0 ) 
$Departure Location: Hyperspace
$Departure Cue: ( false ) 
$Determination: 10
+Flags: ( "no-shields" "no-arrival-warp" "don't-collide-invisible" )
+Flags2: ( )
+Respawn priority: 0
+Group: 0
+Use Table Score:
+Score: 300

$Name: SD Ravana 25		;! Object #25
$Display Name: XSTR("SD Ravana 25", 7364)
$Class: SD Ravana
$Team: Hostile
$Location: -22019.167969, 528.288391, 12095.960938
$Orientation:
	-0.019628, -0.109334, -0.993811,
	0.264528, 0.958013, -0.110620,
	0.964178, -0.265062, 0.010118
$AI Behavior: None
$Cargo 1:  XSTR("Nothing", 4975)
+Initial Velocity: 33
+Initial Hull: 100
+Initial Shields: 100
+Subsystem: Pilot
+Subsystem: Turret01
+Subsystem: Turret02
+Subsystem: Turret03
+Subsystem: Turret04
+Subsystem: Turret05
+Subsystem: Turret06
+Subsystem: Turret07
+Subsystem: Turret08
+Subsystem: Turret09
+Subsystem: Turret10
+Subsystem: Turret11
+Subsystem: Turret12
+Subsystem: Turret13
+Subsystem: Turret14
+Subsystem: Turret15
+Subsystem: Turret16
+Subsystem: Turret17
+Subsystem: Turret18
+Subsystem: Turret19
+Subsystem: Turret20
+Subsystem: Turret21
+Subsystem: Turret22
+Subsystem: Turret23
+Subsystem: Turret24
+Subsystem: Turret25
+Subsystem: Turret26
+Subsystem: Turret27
+Subsystem: Turret28
+Subsystem: Turret29
+Subsystem: Turret30
$Arrival Location: Hyperspace
$Arrival Cue: ( is-event-true-delay "Nebula" 0 ) 
$Departure Location: Hyperspace
$Departure Cue: ( false ) 
$Determination: 10
+Flags: ( "no-shields" "no-arrival-warp" )
+Flags2: ( )
+Respawn priority: 0
+Orders Accepted: 0		;! note that this is a bitfield!!!
+Group: 0
+Use Table Score:
+Score: 670

$Name: SCv Moloch 26		;! Object #26
$Display Name: XSTR("SCv Moloch 26", 7365)
$Class: SCv Moloch
$Team: Hostile
$Location: -20538.250000, -845.548706, 9700.389648
$Orientation:
	-0.681056, 0.000000, -0.732232,
	0.223374, 0.952334, -0.207762,
	0.697329, -0.305059, -0.648593
$AI Behavior: None
$Cargo 1:  XSTR("Nothing", 4975)
+Initial Velocity: 33
+Initial Hull: 100
+Initial Shields: 100
+Subsystem: Pilot
+Subsystem: turret01
+Subsystem: turret02
+Subsystem: turret03
+Subsystem: turret04
+Subsystem: turret05
+Subsystem: turret06
+Subsystem: turret07
+Subsystem: turret08
+Subsystem: turret09
+Subsystem: turret10
+Subsystem: turret11
+Subsystem: turret12
+Subsystem: turret13
+Subsystem: turret14
+Subsystem: turret15
+Subsystem: turret16
$Arrival Location: Hyperspace
$Arrival Cue: ( is-event-true-delay "Nebula" 0 ) 
$Departure Location: Hyperspace
$Departure Cue: ( false ) 
$Determination: 10
+Flags: ( "no-shields" "no-arrival-warp" )
+Flags2: ( )
+Respawn priority: 0
+Orders Accepted: 0		;! note that this is a bitfield!!!
+Group: 0
+Use Table Score:
+Score: 440

$Name: SCv Moloch 27		;! Object #27
$Display Name: XSTR("SCv Moloch 27", 7366)
$Class: SCv Moloch
$Team: Hostile
$Location: -20932.986328, -845.547729, 9120.238281
$Orientation:
	0.674876, 0.000000, 0.737931,
	0.314314, 0.904752, -0.287456,
	-0.667644, 0.425939, 0.610595
$AI Behavior: None
$Cargo 1:  XSTR("Nothing", 4975)
+Initial Velocity: 33
+Initial Hull: 100
+Initial Shields: 100
+Subsystem: Pilot
+Subsystem: turret01
+Subsystem: turret02
+Subsystem: turret03
+Subsystem: turret04
+Subsystem: turret05
+Subsystem: turret06
+Subsystem: turret07
+Subsystem: turret08
+Subsystem: turret09
+Subsystem: turret10
+Subsystem: turret11
+Subsystem: turret12
+Subsystem: turret13
+Subsystem: turret14
+Subsystem: turret15
+Subsystem: turret16
$Arrival Location: Hyperspace
$Arrival Cue: ( is-event-true-delay "Nebula" 0 ) 
$Departure Location: Hyperspace
$Departure Cue: ( false ) 
$Determination: 10
+Flags: ( "no-shields" "no-arrival-warp" )
+Flags2: ( )
+Respawn priority: 0
+Orders Accepted: 0		;! note that this is a bitfield!!!
+Group: 0
+Use Table Score:
+Score: 440

$Name: SC Rakshasa 28		;! Object #28
$Display Name: XSTR("SC Rakshasa 28", 7367)
$Class: SC Rakshasa
$Team: Hostile
$Location: -19007.558594, -0.006714, 8337.243164
$Orientation:
	0.710914, 0.000000, -0.703279,
	0.000000, 1.000000, 0.000000,
	0.703279, 0.000000, 0.710914
$AI Behavior: None
$AI Goals: ( goals ( ai-waypoints-once "rak wp" 50 ) )
$Cargo 1:  XSTR("Nothing", 4975)
+Initial Velocity: 33
+Initial Hull: 100
+Initial Shields: 100
+Subsystem: Pilot
+Subsystem: turret01
+Subsystem: turret02
+Subsystem: turret03
+Subsystem: turret04
+Subsystem: turret05
+Subsystem: turret06
+Subsystem: turret07
+Subsystem: turret08
+Subsystem: turret09
+Subsystem: turret10
+Subsystem: turret11
+Subsystem: turret12
+Subsystem: turret13
+Subsystem: turret14
$Arrival Location: Hyperspace
$Arrival Cue: ( is-event-true-delay "Nebula" 0 ) 
$Departure Location: Hyperspace
$Departure Cue: ( false ) 
$Determination: 10
+Flags: ( "no-shields" "no-arrival-warp" )
+Flags2: ( )
+Respawn priority: 0
+Orders Accepted: 0		;! note that this is a bitfield!!!
+Group: 0
+Use Table Score:
+Score: 300

$Name: SC Cain 29		;! Object #29
$Display Name: XSTR("SC Cain 29", 7368)
$Class: SC Cain
$Team: Hostile
$Location: -18398.156250, 44.015198, 12314.557617
$Orientation:
	-0.862001, 0.000000, -0.506907,
	0.000000, 1.000000, 0.000000,
	0.506907, 0.000000, -0.862001
$AI Behavior: None
$AI Goals: ( goals ( ai-waypoints-once "cruisers wp" 50 ) )
$Cargo 1:  XSTR("Nothing", 4975)
+Initial Velocity: 33
+Initial Hull: 100
+Initial Shields: 100
+Subsystem: Pilot
+Subsystem: turret01
+Subsystem: turret02
+Subsystem: turret03
+Subsystem: turret04
+Subsystem: turret05
+Subsystem: turret06
+Subsystem: turret07
+Subsystem: turret08
+Subsystem: turret09
$Arrival Location: Hyperspace
$Arrival Cue: ( is-event-true-delay "Nebula" 0 ) 
$Departure Location: Hyperspace
$Departure Cue: ( false ) 
$Determination: 10
+Flags: ( "no-shields" "no-arrival-warp" )
+Flags2: ( )
+Respawn priority: 0
+Orders Accepted: 0		;! note that this is a bitfield!!!
+Group: 0
+Use Table Score:
+Score: 150

$Name: SC Cain 30		;! Object #30
$Display Name: XSTR("SC Cain 30", 7369)
$Class: SC Cain
$Team: Hostile
$Location: -18921.328125, 238.920715, 12353.537109
$Orientation:
	-0.862001, 0.000000, -0.506907,
	0.000000, 1.000000, 0.000000,
	0.506907, 0.000000, -0.862001
$AI Behavior: None
$AI Goals: ( goals ( ai-waypoints-once "cruisers wp" 50 ) )
$Cargo 1:  XSTR("Nothing", 4975)
+Initial Velocity: 33
+Initial Hull: 100
+Initial Shields: 100
+Subsystem: Pilot
+Subsystem: turret01
+Subsystem: turret02
+Subsystem: turret03
+Subsystem: turret04
+Subsystem: turret05
+Subsystem: turret06
+Subsystem: turret07
+Subsystem: turret08
+Subsystem: turret09
$Arrival Location: Hyperspace
$Arrival Cue: ( is-event-true-delay "Nebula" 0 ) 
$Departure Location: Hyperspace
$Departure Cue: ( false ) 
$Determination: 10
+Flags: ( "no-shields" "no-arrival-warp" )
+Flags2: ( )
+Respawn priority: 0
+Orders Accepted: 0		;! note that this is a bitfield!!!
+Group: 0
+Use Table Score:
+Score: 150

$Name: SC Lilith 31		;! Object #31
$Display Name: XSTR("SC Lilith 31", 7370)
$Class: SC Lilith
$Team: Hostile
$Location: -18619.914063, -107.389038, 11901.244141
$Orientation:
	-0.862001, 0.000000, -0.506907,
	0.000000, 1.000000, 0.000000,
	0.506907, 0.000000, -0.862001
$AI Behavior: None
$AI Goals: ( goals ( ai-waypoints-once "cruisers wp" 50 ) )
$Cargo 1:  XSTR("Nothing", 4975)
+Initial Velocity: 33
+Initial Hull: 100
+Initial Shields: 100
+Subsystem: Pilot
+Subsystem: turret01
+Subsystem: turret02
+Subsystem: turret03
+Subsystem: turret04
+Subsystem: turret05
+Subsystem: turret06
+Subsystem: turret07
+Subsystem: turret08
+Subsystem: turret09
$Arrival Location: Hyperspace
$Arrival Cue: ( is-event-true-delay "Nebula" 0 ) 
$Departure Location: Hyperspace
$Departure Cue: ( false ) 
$Determination: 10
+Flags: ( "no-shields" "no-arrival-warp" )
+Flags2: ( )
+Respawn priority: 0
+Orders Accepted: 0		;! note that this is a bitfield!!!
+Group: 0
+Use Table Score:
+Score: 210

$Name: SC Cain 32		;! Object #32
$Display Name: XSTR("SC Cain 32", 7371)
$Class: SC Cain
$Team: Hostile
$Location: -22774.660156, 1433.634888, 8942.364258
$Orientation:
	0.070737, 0.000000, -0.997495,
	0.672599, 0.738469, 0.047697,
	0.736619, -0.674288, 0.052237
$AI Behavior: None
$Cargo 1:  XSTR("Nothing", 4975)
+Initial Velocity: 33
+Initial Hull: 100
+Initial Shields: 100
+Subsystem: Pilot
+Subsystem: turret01
+Subsystem: turret02
+Subsystem: turret03
+Subsystem: turret04
+Subsystem: turret05
+Subsystem: turret06
+Subsystem: turret07
+Subsystem: turret08
+Subsystem: turret09
$Arrival Location: Hyperspace
$Arrival Cue: ( is-event-true-delay "Nebula" 0 ) 
$Departure Location: Hyperspace
$Departure Cue: ( false ) 
$Determination: 10
+Flags: ( "no-shields" "no-arrival-warp" )
+Flags2: ( )
+Respawn priority: 0
+Orders Accepted: 0		;! note that this is a bitfield!!!
+Group: 0
+Use Table Score:
+Score: 150

$Name: SAC 3 33		;! Object #33
$Display Name: XSTR("SAC 3 33", 7372)
$Class: SAC 3
$Team: Hostile
$Location: -17148.675781, -684.910889, 8452.079102
$Orientation:
	1.000000, 0.000000, 0.000000,
	0.000000, 1.000000, 0.000000,
	0.000000, 0.000000, 1.000000
$AI Behavior: None
$Cargo 1:  XSTR("Nothing", 4975)
+Initial Velocity: 33
+Initial Hull: 100
+Initial Shields: 100
+Subsystem: Pilot
$Arrival Location: Hyperspace
$Arrival Cue: ( is-event-true-delay "Nebula" 0 ) 
$Departure Location: Hyperspace
$Departure Cue: ( false ) 
$Determination: 10
+Flags: ( "no-shields" "no-arrival-warp" )
+Flags2: ( )
+Respawn priority: 0
+Group: 0
+Use Table Score:
+Score: 0

$Name: SAC 3 34		;! Object #34
$Display Name: XSTR("SAC 3 34", 7373)
$Class: SAC 3
$Team: Hostile
$Location: -16651.070313, -684.912109, 8454.164063
$Orientation:
	1.000000, 0.000000, 0.000000,
	0.000000, 1.000000, 0.000000,
	0.000000, 0.000000, 1.000000
$AI Behavior: None
$Cargo 1:  XSTR("Nothing", 4975)
+Initial Velocity: 33
+Initial Hull: 100
+Initial Shields: 100
+Subsystem: Pilot
$Arrival Location: Hyperspace
$Arrival Cue: ( is-event-true-delay "Nebula" 0 ) 
$Departure Location: Hyperspace
$Departure Cue: ( false ) 
$Determination: 10
+Flags: ( "no-shields" "no-arrival-warp" )
+Flags2: ( )
+Respawn priority: 0
+Group: 0
+Use Table Score:
+Score: 0

$Name: SAC 3 35		;! Object #35
$Display Name: XSTR("SAC 3 35", 7374)
$Class: SAC 3
$Team: Hostile
$Location: -16151.224609, -684.912109, 8449.718750
$Orientation:
	1.000000, 0.000000, 0.000000,
	0.000000, 1.000000, 0.000000,
	0.000000, 0.000000, 1.000000
$AI Behavior: None
$Cargo 1:  XSTR("Nothing", 4975)
+Initial Velocity: 33
+Initial Hull: 100
+Initial Shields: 100
+Subsystem: Pilot
$Arrival Location: Hyperspace
$Arrival Cue: ( is-event-true-delay "Nebula" 0 ) 
$Departure Location: Hyperspace
$Departure Cue: ( false ) 
$Determination: 10
+Flags: ( "no-shields" "no-arrival-warp" )
+Flags2: ( )
+Respawn priority: 0
+Group: 0
+Use Table Score:
+Score: 0

$Name: SAC 3 36		;! Object #36
$Display Name: XSTR("SAC 3 36", 7375)
$Class: SAC 3
$Team: Hostile
$Location: -16902.458984, -684.911865, 7953.507813
$Orientation:
	1.000000, 0.000000, 0.000000,
	0.000000, 1.000000, 0.000000,
	0.000000, 0.000000, 1.000000
$AI Behavior: None
$Cargo 1:  XSTR("Nothing", 4975)
+Initial Velocity: 33
+Initial Hull: 100
+Initial Shields: 100
+Subsystem: Pilot
$Arrival Location: Hyperspace
$Arrival Cue: ( is-event-true-delay "Nebula" 0 ) 
$Departure Location: Hyperspace
$Departure Cue: ( false ) 
$Determination: 10
+Flags: ( "no-shields" "no-arrival-warp" )
+Flags2: ( )
+Respawn priority: 0
+Group: 0
+Use Table Score:
+Score: 0

$Name: SAC 3 37		;! Object #37
$Display Name: XSTR("SAC 3 37", 7376)
$Class: SAC 3
$Team: Hostile
$Location: -16382.023438, -684.912109, 7947.744141
$Orientation:
	1.000000, 0.000000, 0.000000,
	0.000000, 1.000000, 0.000000,
	0.000000, 0.000000, 1.000000
$AI Behavior: None
$Cargo 1:  XSTR("Nothing", 4975)
+Initial Velocity: 33
+Initial Hull: 100
+Initial Shields: 100
+Subsystem: Pilot
$Arrival Location: Hyperspace
$Arrival Cue: ( is-event-true-delay "Nebula" 0 ) 
$Departure Location: Hyperspace
$Departure Cue: ( false ) 
$Determination: 10
+Flags: ( "no-shields" "no-arrival-warp" )
+Flags2: ( )
+Respawn priority: 0
+Group: 0
+Use Table Score:
+Score: 0

$Name: SC 5 38		;! Object #38
$Display Name: XSTR("SC 5 38", 7377)
$Class: SC 5
$Team: Hostile
$Location: -22877.648438, 1727.112061, 8867.702148
$Orientation:
	0.408488, 0.000000, 0.912764,
	0.691731, 0.652438, -0.309569,
	-0.595522, 0.757843, 0.266513
$AI Behavior: None
$Cargo 1:  XSTR("Nothing", 4975)
+Initial Velocity: 33
+Initial Hull: 100
+Initial Shields: 100
+Subsystem: Pilot
$Arrival Location: Hyperspace
$Arrival Cue: ( is-event-true-delay "Nebula" 0 ) 
$Departure Location: Hyperspace
$Departure Cue: ( false ) 
$Determination: 10
+Flags: ( "no-shields" "no-arrival-warp" )
+Flags2: ( )
+Respawn priority: 0
+Group: 0
+Use Table Score:
+Score: 0

$Name: SC 5 39		;! Object #39
$Display Name: XSTR("SC 5 39", 7378)
$Class: SC 5
$Team: Hostile
$Location: -22799.138672, 1726.715942, 9042.311523
$Orientation:
	0.408488, 0.000000, 0.912764,
	0.691731, 0.652438, -0.309569,
	-0.595522, 0.757843, 0.266513
$AI Behavior: None
$Cargo 1:  XSTR("Nothing", 4975)
+Initial Velocity: 33
+Initial Hull: 100
+Initial Shields: 100
+Subsystem: Pilot
$Arrival Location: Hyperspace
$Arrival Cue: ( is-event-true-delay "Nebula" 0 ) 
$Departure Location: Hyperspace
$Departure Cue: ( false ) 
$Determination: 10
+Flags: ( "no-shields" "no-arrival-warp" )
+Flags2: ( )
+Respawn priority: 0
+Group: 0
+Use Table Score:
+Score: 0

$Name: SC 5 40		;! Object #40
$Display Name: XSTR("SC 5 40", 7379)
$Class: SC 5
$Team: Hostile
$Location: -22924.173828, 1888.076172, 9102.978516
$Orientation:
	0.408488, 0.000000, 0.912764,
	0.691731, 0.652438, -0.309569,
	-0.595522, 0.757843, 0.266513
$AI Behavior: None
$Cargo 1:  XSTR("Nothing", 4975)
+Initial Velocity: 33
+Initial Hull: 100
+Initial Shields: 100
+Subsystem: Pilot
$Arrival Location: Hyperspace
$Arrival Cue: ( is-event-true-delay "Nebula" 0 ) 
$Departure Location: Hyperspace
$Departure Cue: ( false ) 
$Determination: 10
+Flags: ( "no-shields" "no-arrival-warp" )
+Flags2: ( )
+Respawn priority: 0
+Group: 0
+Use Table Score:
+Score: 0

$Name: SC 5 41		;! Object #41
$Display Name: XSTR("SC 5 41", 7380)
