#Mission Info

$Version: 0.10
$Name:  XSTR("Demon Dogfight- Light", 3921)
$Author: Brad Johnson
$Created: 03/29/99 at 11:38:30
$Modified: 09/14/99 at 20:19:47
$Notes:
This is a FRED created mission
$End Notes:

$Mission Desc:
 XSTR("12-player light fighter dogfight around a Shivan Demon-class destroyer.", 3922)
$end_multi_text

+Game Type Flags: 34

+Flags: 0

+Num Players: 12

+Num Respawns: 15

+Red Alert: 0

+Scramble: 0

+Disallow Support: 0

+Player Entry Delay:
1.000000

+Viewer pos: -33.159576, 4479.508301, -3579.107666
+Viewer orient:
	1.000000, 0.000000, 0.000000,
	0.000000, 0.728556, 0.684987,
	0.000000, -0.684987, 0.728556

;;FSO 3.6.0;; $Skybox Model: starfield.pof

#Plot Info

$Tour:  XSTR("Blah", 601)
$Pre-Briefing Cutscene: Blah
$Pre-Mission Cutscene: Blah
$Next Mission Success: Blah
$Next Mission Partial: Blah
$Next Mission Failure: Blah

#Command Briefing

#Briefing
$start_briefing
$num_stages: 1
$start_stage
$multi_text
 XSTR("In this combat simulation, you will engage 11 other Allied pilots in a dogfight.  Your objective is to achieve as many kills as possible during the mission.  This exercise will end when the time limit is reached or at the host's discretion.  The simulator will then display scores for each player.  AI kills do not count toward your final score.", 3903)
$end_multi_text
$voice: DOG_MB_01.wav
$camera_pos: -33.159576, 4479.508301, -3579.107666
$camera_orient:
	1.000000, 0.000000, 0.000000,
	0.000000, 0.728556, 0.684987,
	0.000000, -0.684987, 0.728556
$camera_time: 500
$num_lines: 0
$num_icons: 5
$Flags: 0
$Formula: ( true ) 
$start_icon
$type: 6
$team: Hostile
$class: SD Demon
$pos: -14.665134, 0.000091, 1095.354004
$label: XSTR("Demon", 5100)
+id: 1
$hlight: 0
$multi_text
$end_multi_text
$end_icon
$start_icon
$type: 0
$team: Hostile
$class: GTF Loki
$pos: -1052.697998, 683.112000, -142.686951
$label: XSTR("Hostile", 5099)
+id: 2
$hlight: 0
$multi_text
$end_multi_text
$end_icon
$start_icon
$type: 22
$team: Friendly
$class: GTF Loki
$pos: -713.480774, 683.111877, 2002.390747
+id: 3
$hlight: 0
$multi_text
$end_multi_text
$end_icon
$start_icon
$type: 0
$team: Hostile
$class: GTF Loki
$pos: 877.019470, 683.111328, 1173.174927
$label: XSTR("Hostile", 5099)
+id: 4
$hlight: 0
$multi_text
$end_multi_text
$end_icon
$start_icon
$type: 0
$team: Hostile
$class: GTF Loki
$pos: 1167.179932, 683.112000, -227.848511
$label: XSTR("Hostile", 5099)
+id: 5
$hlight: 0
$multi_text
$end_multi_text
$end_icon
$end_stage
$end_briefing

#Debriefing_info

$Num stages: 0

#Players		;! 12 total

$Starting Shipname: Alpha 1
$Ship Choices: (
	"PVF Horus"	12
	"PVF Thoth"	12
	"GTF Valkyrie"	12
	"GTF Loki"	12
	"GTF Ulysses"	12
)

+Weaponry Pool: (
	"Avenger"	99
	"Prometheus"	99
	"MX-50"	9999
	"Fury"	9999
	"Hornet"	9999
	"Interceptor"	9999
)

#Objects		;! 13 total

$Name: Alpha 1		;! Object #0
$Display Name: XSTR("Alpha 1", 4364)
$Class: GTF Loki
$Team: Friendly
$Location: 636.700012, -406.600006, -6.700000
$Orientation:
	0.860875, 0.000000, 0.508817,
	0.154027, 0.953081, -0.260600,
	-0.484944, 0.302715, 0.820483
$IFF: IFF 1
$AI Behavior: None
+AI Class: General
$Cargo 1:  XSTR("Nothing", 611)
+Initial Velocity: 100
+Initial Hull: 100
+Subsystem: Pilot
+Primary Banks: ( "Avenger" "Prometheus" )
+Secondary Banks: ( "Fury" )
$Arrival Location: Hyperspace
$Arrival Cue: ( false ) 
$Departure Location: Hyperspace
$Departure Cue: ( false ) 
$Determination: 10
+Flags: ( "cargo-known" "player-start" )+Respawn priority: 0

+Group: 0
+Score: 12

$Name: Demon		;! Object #1
$Display Name: XSTR("Demon", 5100)
$Class: SD Demon
$Team: Hostile
$Location: -14.665134, 0.000091, 1095.354004
$Orientation:
	1.000000, 0.000000, 0.000000,
	0.000000, 1.000000, 0.000000,
	0.000000, 0.000000, 1.000000
$IFF: IFF 1
$AI Behavior: None
$Cargo 1:  XSTR("Nothing", 611)
+Initial Velocity: 33
+Initial Hull: 100
+Initial Shields: 100
+Subsystem: Pilot
+Subsystem: turret01-base
+Subsystem: turret02-base
+Subsystem: turret03a-base
+Subsystem: turret04-base
+Subsystem: turret05-base
+Subsystem: turret06a-base
+Subsystem: turret07a-base
+Subsystem: turret08-base
+Subsystem: turret09-base
+Subsystem: turret10-base
+Subsystem: turret11-base
+Subsystem: turret12-base
+Subsystem: turret13-base
+Subsystem: turret14-base
+Subsystem: turret15-base
+Subsystem: turret16-base
+Subsystem: turret17-base
+Subsystem: turret18-base
+Subsystem: turret19-base
+Subsystem: turret20-base
+Subsystem: turret21-base
+Subsystem: turret22
+Subsystem: turret23
+Subsystem: turret24
+Subsystem: turret25
+Subsystem: turret26
$Arrival Location: Hyperspace
$Arrival Cue: ( true ) 
$Departure Location: Hyperspace
$Departure Cue: ( false ) 
$Determination: 10
+Flags: ( "protect-ship" "no-shields" "invulnerable" "hidden-from-sensors" )+Respawn priority: 0

+Orders Accepted: 0		;! note that this is a bitfield!!!
+Group: 0
+Score: 5000

$Name: Alpha 2		;! Object #2
$Display Name: XSTR("Alpha 2", 4410)
$Class: GTF Loki
$Team: Friendly
$Location: -787.935120, -406.600067, 5.562903
$Orientation:
	0.815553, 0.000000, -0.578682,
	-0.168457, 0.956691, -0.237411,
	0.553620, 0.291104, 0.780233
$IFF: IFF 1
$AI Behavior: None
+AI Class: General
$Cargo 1:  XSTR("Nothing", 611)
+Initial Velocity: 100
+Initial Hull: 100
+Subsystem: Pilot
+Primary Banks: ( "Avenger" "Prometheus" )
+Secondary Banks: ( "Fury" )
$Arrival Location: Hyperspace
$Arrival Cue: ( false ) 
$Departure Location: Hyperspace
$Departure Cue: ( false ) 
$Determination: 10
+Flags: ( "cargo-known" "player-start" )+Respawn priority: 0

+Group: 0
+Score: 12

$Name: Alpha 3		;! Object #3
$Display Name: XSTR("Alpha 3", 4433)
$Class: GTF Loki
$Team: Friendly
$Location: 599.301758, -406.600189, 2000.869995
$Orientation:
	-0.827684, 0.000000, 0.561194,
	0.195504, 0.937357, 0.288341,
	-0.526040, 0.348370, -0.775835
$IFF: IFF 1
$AI Behavior: None
+AI Class: General
$Cargo 1:  XSTR("Nothing", 611)
+Initial Velocity: 100
+Initial Hull: 100
+Subsystem: Pilot
+Primary Banks: ( "Avenger" "Prometheus" )
+Secondary Banks: ( "Fury" )
$Arrival Location: Hyperspace
$Arrival Cue: ( false ) 
$Departure Location: Hyperspace
$Departure Cue: ( false ) 
$Determination: 10
+Flags: ( "cargo-known" "player-start" )+Respawn priority: 0

+Group: 0
+Score: 12

$Name: Alpha 4		;! Object #4
$Display Name: XSTR("Alpha 4", 4434)
$Class: GTF Loki
$Team: Friendly
$Location: -713.480774, -406.599915, 2002.390747
$Orientation:
	-0.792162, 0.000000, -0.610311,
	-0.204230, 0.942349, 0.265083,
	0.575126, 0.334632, -0.746492
$IFF: IFF 1
$AI Behavior: None
+AI Class: General
$Cargo 1:  XSTR("Nothing", 611)
+Initial Velocity: 100
+Initial Hull: 100
+Subsystem: Pilot
+Primary Banks: ( "Avenger" "Prometheus" )
+Secondary Banks: ( "Fury" )
$Arrival Location: Hyperspace
$Arrival Cue: ( false ) 
$Departure Location: Hyperspace
$Departure Cue: ( false ) 
$Determination: 10
+Flags: ( "cargo-known" "player-start" )+Respawn priority: 0

+Group: 0
+Score: 12

$Name: Beta 1		;! Object #5
$Display Name: XSTR("Beta 1", 4458)
$Class: GTF Loki
$Team: Friendly
$Location: 723.596252, 596.699951, 1008.468689
$Orientation:
	0.116882, 0.000000, 0.993146,
	-0.621692, 0.779837, 0.073166,
	-0.774492, -0.625983, 0.091149
$IFF: IFF 1
$AI Behavior: None
+AI Class: General
$Cargo 1:  XSTR("Nothing", 611)
+Initial Velocity: 100
+Initial Hull: 100
+Subsystem: Pilot
+Primary Banks: ( "Avenger" "Prometheus" )
+Secondary Banks: ( "Fury" )
$Arrival Location: Hyperspace
$Arrival Cue: ( false ) 
$Departure Location: Hyperspace
$Departure Cue: ( false ) 
$Determination: 10
+Flags: ( "cargo-known" "player-start" )+Respawn priority: 0

+Group: 0
+Score: 12

$Name: Beta 2		;! Object #6
$Display Name: XSTR("Beta 2", 4459)
$Class: GTF Loki
$Team: Friendly
$Location: -789.993774, 596.700195, 1008.468750
$Orientation:
	0.111365, 0.000000, -0.993779,
	0.603729, 0.794313, 0.067655,
	0.789372, -0.607508, 0.088459
$IFF: IFF 1
$AI Behavior: None
+AI Class: General
$Cargo 1:  XSTR("Nothing", 611)
+Initial Velocity: 100
+Initial Hull: 100
+Subsystem: Pilot
+Primary Banks: ( "Avenger" "Prometheus" )
+Secondary Banks: ( "Fury" )
$Arrival Location: Hyperspace
$Arrival Cue: ( false ) 
$Departure Location: Hyperspace
$Departure Cue: ( false ) 
$Determination: 10
+Flags: ( "cargo-known" "player-start" )+Respawn priority: 0

+Group: 0
+Score: 12

$Name: Beta 3		;! Object #7
$Display Name: XSTR("Beta 3", 4460)
$Class: GTF Loki
$Team: Friendly
$Location: -7.400000, 596.700012, -284.500000
$Orientation:
	0.999986, 0.000000, 0.005265,
	-0.002090, 0.917857, 0.396905,
	-0.004833, -0.396910, 0.917845
$IFF: IFF 1
$AI Behavior: None
+AI Class: General
$Cargo 1:  XSTR("Nothing", 611)
+Initial Velocity: 100
+Initial Hull: 100
+Subsystem: Pilot
+Primary Banks: ( "Avenger" "Prometheus" )
+Secondary Banks: ( "Fury" )
$Arrival Location: Hyperspace
$Arrival Cue: ( false ) 
$Departure Location: Hyperspace
$Departure Cue: ( false ) 
$Determination: 10
+Flags: ( "cargo-known" "player-start" )+Respawn priority: 0

+Group: 0
+Score: 12

$Name: Beta 4		;! Object #8
$Display Name: XSTR("Beta 4", 4461)
$Class: GTF Loki
$Team: Friendly
$Location: -11.352060, 596.700012, 2452.831543
$Orientation:
	-0.999997, 0.000000, 0.002441,
	-0.000982, 0.915462, -0.402403,
	-0.002234, -0.402404, -0.915459
$IFF: IFF 1
$AI Behavior: None
+AI Class: General
$Cargo 1:  XSTR("Nothing", 611)
+Initial Velocity: 100
+Initial Hull: 100
+Subsystem: Pilot
+Primary Banks: ( "Avenger" "Prometheus" )
+Secondary Banks: ( "Fury" )
$Arrival Location: Hyperspace
$Arrival Cue: ( false ) 
$Departure Location: Hyperspace
$Departure Cue: ( false ) 
$Determination: 10
+Flags: ( "cargo-known" "player-start" )+Respawn priority: 0

+Group: 0
+Score: 12

$Name: Gamma 1		;! Object #9
$Display Name: XSTR("Gamma 1", 4665)
$Class: GTF Loki
$Team: Friendly
$Location: 636.700012, 683.111755, -6.700000
$Orientation:
	0.860875, 0.000000, 0.508817,
	0.154027, 0.953081, -0.260600,
	-0.484944, 0.302715, 0.820483
$IFF: IFF 1
$AI Behavior: None
+AI Class: General
$Cargo 1:  XSTR("Nothing", 611)
+Initial Velocity: 100
+Initial Hull: 100
+Subsystem: Pilot
+Primary Banks: ( "Avenger" "Prometheus" )
+Secondary Banks: ( "Fury" )
$Arrival Location: Hyperspace
$Arrival Cue: ( false ) 
$Departure Location: Hyperspace
$Departure Cue: ( false ) 
$Determination: 10
+Flags: ( "cargo-known" "player-start" )+Respawn priority: 0

+Group: 0
+Score: 12

$Name: Gamma 2		;! Object #10
$Display Name: XSTR("Gamma 2", 4908)
$Class: GTF Loki
$Team: Friendly
$Location: -787.935120, 683.111694, 5.562903
$Orientation:
	0.815553, 0.000000, -0.578682,
	-0.168457, 0.956691, -0.237411,
	0.553620, 0.291104, 0.780233
$IFF: IFF 1
$AI Behavior: None
+AI Class: General
$Cargo 1:  XSTR("Nothing", 611)
+Initial Velocity: 100
+Initial Hull: 100
+Subsystem: Pilot
+Primary Banks: ( "Avenger" "Prometheus" )
+Secondary Banks: ( "Fury" )
$Arrival Location: Hyperspace
$Arrival Cue: ( false ) 
$Departure Location: Hyperspace
$Departure Cue: ( false ) 
$Determination: 10
+Flags: ( "cargo-known" "player-start" )+Respawn priority: 0

+Group: 0
+Score: 12

$Name: Gamma 3		;! Object #11
$Display Name: XSTR("Gamma 3", 4909)
$Class: GTF Loki
$Team: Friendly
$Location: 599.301758, 683.111572, 2000.869995
$Orientation:
	-0.827684, 0.000000, 0.561194,
	0.195504, 0.937357, 0.288341,
	-0.526040, 0.348370, -0.775835
$IFF: IFF 1
$AI Behavior: None
+AI Class: General
$Cargo 1:  XSTR("Nothing", 611)
+Initial Velocity: 100
+Initial Hull: 100
+Subsystem: Pilot
+Primary Banks: ( "Avenger" "Prometheus" )
+Secondary Banks: ( "Fury" )
$Arrival Location: Hyperspace
$Arrival Cue: ( false ) 
$Departure Location: Hyperspace
$Departure Cue: ( false ) 
$Determination: 10
+Flags: ( "cargo-known" "player-start" )+Respawn priority: 0

+Group: 0
+Score: 12

$Name: Gamma 4		;! Object #12
$Display Name: XSTR("Gamma 4", 4910)
$Class: GTF Loki
$Team: Friendly
$Location: -713.480774, 683.111877, 2002.390747
$Orientation:
	-0.792162, 0.000000, -0.610311,
	-0.204230, 0.942349, 0.265083,
	0.575126, 0.334632, -0.746492
$IFF: IFF 1
$AI Behavior: None
+AI Class: General
$Cargo 1:  XSTR("Nothing", 611)
+Initial Velocity: 100
+Initial Hull: 100
+Subsystem: Pilot
+Primary Banks: ( "Avenger" "Prometheus" )
+Secondary Banks: ( "Fury" )
$Arrival Location: Hyperspace
$Arrival Cue: ( false ) 
$Departure Location: Hyperspace
$Departure Cue: ( false ) 
$Determination: 10
+Flags: ( "cargo-known" "player-start" )+Respawn priority: 0

+Group: 0
+Score: 12

#Wings		;! 3 total

$Name: Alpha
$Waves: 1
$Wave Threshold: 0
$Special Ship: 0		;! Alpha 1

$Arrival Location: Hyperspace
$Arrival Cue: ( true ) 
$Departure Location: Hyperspace
$Departure Cue: ( false ) 
$Ships: (		;! 4 total
	"Alpha 1"
	"Alpha 2"
	"Alpha 3"
	"Alpha 4"
)
+Hotkey: 0
+Flags:( )

$Name: Beta
$Waves: 1
$Wave Threshold: 0
$Special Ship: 2		;! Beta 3

$Arrival Location: Hyperspace
$Arrival Cue: ( true ) 
$Departure Location: Hyperspace
$Departure Cue: ( false ) 
$Ships: (		;! 4 total
	"Beta 1"
	"Beta 2"
	"Beta 3"
	"Beta 4"
)
+Hotkey: 1
+Flags:( )

$Name: Gamma
$Waves: 1
$Wave Threshold: 0
$Special Ship: 0		;! Gamma 1

$Arrival Location: Hyperspace
$Arrival Cue: ( true ) 
$Departure Location: Hyperspace
$Departure Cue: ( false ) 
$Ships: (		;! 4 total
	"Gamma 1"
	"Gamma 2"
	"Gamma 3"
	"Gamma 4"
)
+Hotkey: 2
+Flags:( )

#Events		;! 0 total


#Goals		;! 1 total

$Type: Primary
+Name: Goal name
$MessageNew:  XSTR("Score as many kills as possible during mission", 3904)
$end_multi_text
$Formula: ( has-time-elapsed 99999 ) 

#Waypoints		;! 0 lists total


#Messages		;! 207 total


#Reinforcements		;! 0 total


#Background bitmaps		;! 34 total

$Num stars: 998
$Ambient light level: 0
$Sun: SunWhite
+Angles: 0.488692 0.000000 1.378809
+Scale: 1.000000
$Starbitmap: dneb14
+Angles: 0.000000 2.321286 0.000000
+ScaleX: 4.000000
+ScaleY: 4.000000
+DivX: 2
+DivY: 2
$Starbitmap: dneb09
+Angles: 0.401425 0.663225 0.139626
+ScaleX: 2.000000
+ScaleY: 4.000000
+DivX: 1
+DivY: 1
$Starbitmap: dneb11
+Angles: 0.820304 4.834558 0.000000
+ScaleX: 2.000000
+ScaleY: 3.000000
+DivX: 1
+DivY: 1
$Starbitmap: dneb10
+Angles: 0.000000 1.308996 0.558505
+ScaleX: 2.000000
+ScaleY: 4.000000
+DivX: 1
+DivY: 2
$Starbitmap: dneb14
+Angles: 6.021381 0.890117 5.794488
+ScaleX: 4.000000
+ScaleY: 3.000000
+DivX: 1
+DivY: 1
$Starbitmap: dneb10
+Angles: 5.951568 2.740165 5.602502
+ScaleX: 1.000000
+ScaleY: 1.000000
+DivX: 1
+DivY: 1
$Starbitmap: dneb09
+Angles: 0.000000 0.000000 5.951568
+ScaleX: 2.000000
+ScaleY: 2.000000
+DivX: 1
+DivY: 1
$Starbitmap: dneb11
+Angles: 5.881755 5.009091 5.532689
+ScaleX: 3.000000
+ScaleY: 2.000000
+DivX: 2
+DivY: 1
$Starbitmap: dneb14
+Angles: 5.585049 0.383972 5.393063
+ScaleX: 2.000000
+ScaleY: 3.000000
+DivX: 1
+DivY: 1
$Starbitmap: dneb10
+Angles: 0.558505 0.628318 6.126101
+ScaleX: 4.000000
+ScaleY: 3.000000
+DivX: 2
+DivY: 1
$Starbitmap: dneb11
+Angles: 5.218530 0.000000 5.218530
+ScaleX: 2.000000
+ScaleY: 2.000000
+DivX: 1
+DivY: 1
$Starbitmap: dneb09
+Angles: 5.009091 5.585049 5.218530
+ScaleX: 3.000000
+ScaleY: 2.000000
+DivX: 1
+DivY: 1
$Starbitmap: dneb14
+Angles: 5.585049 5.585049 0.925024
+ScaleX: 2.000000
+ScaleY: 1.000000
+DivX: 1
+DivY: 1
$Starbitmap: dneb10
+Angles: 5.777035 2.321286 0.802851
+ScaleX: 3.000000
+ScaleY: 3.000000
+DivX: 1
+DivY: 1
$Starbitmap: dneb11
+Angles: 6.021381 4.468040 0.628318
+ScaleX: 2.000000
+ScaleY: 2.000000
+DivX: 1
+DivY: 1
$Starbitmap: dneb09
+Angles: 5.585049 0.575958 0.925024
+ScaleX: 3.000000
+ScaleY: 4.000000
+DivX: 1
+DivY: 2
$Starbitmap: dneb14
+Angles: 5.358157 2.740165 0.628318
+ScaleX: 3.000000
+ScaleY: 2.000000
+DivX: 1
+DivY: 1
$Starbitmap: dneb10
+Angles: 5.131264 5.951568 0.506145
+ScaleX: 3.000000
+ScaleY: 3.000000
+DivX: 1
+DivY: 1
$Starbitmap: dneb11
+Angles: 4.991638 0.855211 0.418879
+ScaleX: 3.000000
+ScaleY: 4.000000
+DivX: 1
+DivY: 2
$Starbitmap: dneb09
+Angles: 4.764745 1.692968 0.191986
+ScaleX: 4.000000
+ScaleY: 4.000000
+DivX: 2
+DivY: 2
$Starbitmap: dneb14
+Angles: 5.253437 3.455749 1.117010
+ScaleX: 3.000000
+ScaleY: 3.000000
+DivX: 1
+DivY: 1
$Starbitmap: dneb10
+Angles: 5.078904 1.256636 1.308996
+ScaleX: 3.000000
+ScaleY: 2.000000
+DivX: 1
+DivY: 1
$Starbitmap: dneb11
+Angles: 4.886918 1.867501 1.553342
+ScaleX: 2.000000
+ScaleY: 4.000000
+DivX: 1
+DivY: 1
$Starbitmap: dneb09
+Angles: 3.508109 0.383972 1.378809
+ScaleX: 3.000000
+ScaleY: 3.000000
+DivX: 1
+DivY: 1
$Starbitmap: dneb14
+Angles: 3.385936 1.570795 1.169370
+ScaleX: 4.000000
+ScaleY: 3.000000
+DivX: 2
+DivY: 1
$Starbitmap: dneb10
+Angles: 4.799652 1.797688 1.815141
+ScaleX: 3.000000
+ScaleY: 2.000000
+DivX: 1
+DivY: 1
$Starbitmap: dneb11
+Angles: 4.886918 4.276053 2.076940
+ScaleX: 2.000000
+ScaleY: 4.000000
+DivX: 1
+DivY: 1
$Starbitmap: dneb09
+Angles: 4.345866 0.366519 2.216566
+ScaleX: 3.000000
+ScaleY: 3.000000
+DivX: 1
+DivY: 1
$Starbitmap: dneb14
+Angles: 3.874628 1.570795 2.408552
+ScaleX: 4.000000
+ScaleY: 3.000000
+DivX: 2
+DivY: 1
$Starbitmap: dneb10
+Angles: 4.031707 0.558505 0.959930
+ScaleX: 4.000000
+ScaleY: 3.000000
+DivX: 2
+DivY: 1
$Starbitmap: dneb11
+Angles: 4.345866 1.797688 0.715584
+ScaleX: 3.000000
+ScaleY: 2.000000
+DivX: 1
+DivY: 1
$Starbitmap: dneb14
+Angles: 4.520399 2.146753 0.541052
+ScaleX: 2.000000
+ScaleY: 4.000000
+DivX: 1
+DivY: 1
$Starbitmap: dneb11
+Angles: 3.577922 0.366519 0.663225
+ScaleX: 3.000000
+ScaleY: 3.000000
+DivX: 1
+DivY: 1
$Starbitmap: dneb11
+Angles: 3.961894 1.570795 0.506145
+ScaleX: 4.000000
+ScaleY: 3.000000
+DivX: 2
+DivY: 1

#Asteroid Fields

#Music

$Event Music: 3: Leviticus
;;FSO 3.6.9;; $Substitute Event Music: FS1-3: Chaser
$Briefing Music: Brief3
;;FSO 3.6.9;; $Substitute Briefing Music: FS1-BRIEF3
;;FSO 3.6.9;; $Debriefing Success Music: FS1-Success
;;FSO 3.6.9;; $Debriefing Average Music: FS1-Success
;;FSO 3.6.9;; $Debriefing Fail Music: FS1-Failure

#End

