#Mission Info

$Version: 0.10
$Name:  XSTR("The Master of Illusion", 5982)
$Author: Ryan Glasnapp
$Created: 08/02/98 at 13:21:33
$Modified: 11/11/07 at 16:55:41
$Notes:
This is a FRED created mission
$End Notes:

$Mission Desc:
 XSTR("Secure the area for the arrival of the GTSC Houdini which is conducing a special experiment on a shivan convoy.", 5983)
$end_multi_text

+Game Type Flags: 1

+Flags: 0

+Red Alert: 0

+Scramble: 0

+Disallow Support: 0

+Player Entry Delay:
1.000000

+Viewer pos: 893.432739, 5242.871094, -4081.641113
+Viewer orient:
	1.000000, 0.000000, 0.000000,
	0.000000, 0.866025, 0.500000,
	0.000000, -0.500000, 0.866025
+SquadReassignName: Galactic Terran Alliance
+SquadReassignLogo: GTA.pcx

;;FSO 3.6.0;; $Skybox Model: starfield.pof

#Plot Info

$Tour:  XSTR("Blah", 601)
$Pre-Briefing Cutscene: Blah
$Pre-Mission Cutscene: Blah
$Next Mission Success: Blah
$Next Mission Partial: Blah
$Next Mission Failure: Blah

#Sexp_variables

$Variables:
(
		0		"autoGenVar1"		"#Command"		"string"
)

#Command Briefing

$Stage Text:
 XSTR("Attention Pilots, you have been selected by Terran Intelligence to help the scientists aboard the GTSC  Houdini test a vital experiment.  This experiment has been designated Operation Rainbow. Operation Rainbow is an experiment in making our ships invisible to radar. This is the first large scale run with this Operation so be prepared for anything.", 5984)
$end_multi_text
$Ani Filename: cb_bastion.ani
+Wave Filename: none

#Briefing
$start_briefing
$num_stages: 4
$start_stage
$multi_text
 XSTR("Alpha, Beta and Gamma wings will warp in to destroy the HOL forces in the area.", 5985)
$end_multi_text
$voice: none.wav
$camera_pos: 454.176666, 434.235229, 4247.156738
$camera_orient:
	1.000000, 0.000000, 0.000000,
	0.000000, 0.866025, 0.500000,
	0.000000, -0.500000, 0.866025
$camera_time: 1000
$num_lines: 0
$num_icons: 3
$Flags: 0
$Formula: ( true ) 
$start_icon
$type: 1
$team: Friendly
$class: GTF Ulysses
$pos: 442.712646, 12.887501, 5032.634277
$label: XSTR("Alpha", 4500)
+id: 2
$hlight: 1
$multi_text
$end_multi_text
$end_icon
$start_icon
$type: 1
$team: Friendly
$class: GTF Hercules
$pos: 357.015289, 0.003933, 4880.983398
$label: XSTR("Beta", 4555)
+id: 3
$hlight: 1
$multi_text
$end_multi_text
$end_icon
$start_icon
$type: 17
$team: Friendly
$class: GTB Medusa
$pos: 549.052856, 6.644517, 4864.013672
$label: XSTR("Gamma", 4576)
+id: 4
$hlight: 1
$multi_text
$end_multi_text
$end_icon
$end_stage
$start_stage
$multi_text
 XSTR("They will then destroy the HOL cruisers $h Remora and $h Romora before they reach the jump node.", 5986)
$end_multi_text
$voice: none.wav
$camera_pos: 3073.962402, 5242.871094, -4081.641113
$camera_orient:
	1.000000, 0.000000, 0.000000,
	0.000000, 0.866025, 0.500000,
	0.000000, -0.500000, 0.866025
$camera_time: 1000
$num_lines: 0
$num_icons: 10
$Flags: 0
$Formula: ( true ) 
$start_icon
$type: 18
$team: Hostile
$class: PVC Aten
$pos: -14544.634766, -0.002925, 40097.906250
$label: XSTR("PVC Remora", 5987)
+id: 5
$hlight: 0
$multi_text
$end_multi_text
$end_icon
$start_icon
$type: 18
$team: Hostile
$class: PVC Aten
$pos: -11222.538086, -0.001604, 4971.283691
$label: XSTR("PVC Romora", 5988)
+id: 6
$hlight: 0
$multi_text
$end_multi_text
$end_icon
$start_icon
$type: 9
$team: Friendly
$class: Terran NavBuoy
$pos: 37993.847656, -0.001423, 12105.571289
$label: XSTR("Jump Node 1", 4855)
+id: 7
$hlight: 0
$multi_text
$end_multi_text
$end_icon
$start_icon
$type: 9
$team: Friendly
$class: Terran NavBuoy
$pos: -31930.640625, -0.000683, 10840.083008
$label: XSTR("Jump Node 0", 4496)
+id: 8
$hlight: 0
$multi_text
$end_multi_text
$end_icon
$start_icon
$type: 1
$team: Hostile
$class: PVF Horus
$pos: 22008.818359, 0.002794, 50231.906250
$label: XSTR("Cancer", 5989)
+id: 9
$hlight: 0
$multi_text
$end_multi_text
$end_icon
$start_icon
$type: 1
$team: Hostile
$class: PVF Seth
$pos: 21705.162109, -0.001107, 17515.367188
$label: XSTR("Aries", 4482)
+id: 10
$hlight: 0
$multi_text
$end_multi_text
$end_icon
$start_icon
$type: 1
$team: Hostile
$class: PVF Thoth
$pos: 7919.058594, -0.003322, 24302.705078
$label: XSTR("Virgo", 5925)
+id: 11
$hlight: 0
$multi_text
$end_multi_text
$end_icon
$start_icon
$type: 18
$team: Hostile
$class: PVC Aten
$pos: 1020.212952, -0.000662, 6566.759277
$label: XSTR("PVC Remora", 5987)
+id: 12
$hlight: 1
$multi_text
$end_multi_text
$end_icon
$start_icon
$type: 18
$team: Hostile
$class: PVC Aten
$pos: 964.046814, -0.000072, 3222.952148
$label: XSTR("PVC Romora", 5988)
+id: 13
$hlight: 1
$multi_text
$end_multi_text
$end_icon
$start_icon
$type: 9
$team: Friendly
$class: Terran NavBuoy
$pos: 5651.614746, 0.000532, 7401.642090
$label: XSTR("Jump Node 1", 4855)
+id: 14
$hlight: 0
$multi_text
$end_multi_text
$end_icon
$end_stage
$start_stage
$multi_text
 XSTR("The GTSC Houdini will then warp in.  Destroy any hostiles that attack the Houdini.", 5990)
$end_multi_text
$voice: none.wav
$camera_pos: 1551.541626, 5242.871094, -4081.641113
$camera_orient:
	1.000000, 0.000000, 0.000000,
	0.000000, 0.866025, 0.500000,
	0.000000, -0.500000, 0.866025
$camera_time: 1000
$num_lines: 0
$num_icons: 7
$Flags: 1
$Formula: ( true ) 
$start_icon
$type: 18
$team: Hostile
$class: PVC Aten
$pos: -11222.538086, -0.001604, 4971.283691
$label: XSTR("PVC Romora", 5988)
+id: 6
$hlight: 0
$multi_text
$end_multi_text
$end_icon
$start_icon
$type: 9
$team: Friendly
$class: Terran NavBuoy
$pos: 37993.847656, -0.001423, 12105.571289
$label: XSTR("Jump Node 1", 4855)
+id: 7
$hlight: 0
$multi_text
$end_multi_text
$end_icon
$start_icon
$type: 9
$team: Friendly
$class: Terran NavBuoy
$pos: -31930.640625, -0.000683, 10840.083008
$label: XSTR("Jump Node 0", 4496)
+id: 8
$hlight: 0
$multi_text
$end_multi_text
$end_icon
$start_icon
$type: 1
$team: Hostile
$class: PVF Horus
$pos: 22008.818359, 0.002794, 50231.906250
$label: XSTR("Cancer", 5989)
+id: 9
$hlight: 0
$multi_text
$end_multi_text
$end_icon
$start_icon
$type: 1
$team: Hostile
$class: PVF Seth
$pos: 21705.162109, -0.001107, 17515.367188
$label: XSTR("Aries", 4482)
+id: 10
$hlight: 0
$multi_text
$end_multi_text
$end_icon
$start_icon
$type: 9
$team: Friendly
$class: Terran NavBuoy
$pos: 5651.614746, 0.000532, 7401.642090
$label: XSTR("Jump Node 1", 4855)
+id: 14
$hlight: 0
$multi_text
$end_multi_text
$end_icon
$start_icon
$type: 4
$team: Friendly
$class: GTSC Faustus
$pos: -514.656311, 2260.000244, 2039.133423
$label: XSTR("Houdini", 5991)
+id: 15
$hlight: 1
$multi_text
$end_multi_text
$end_icon
$end_stage
$start_stage
$multi_text
 XSTR("Initial reconnaissance indicates that a Shivan cargo convoy will be arriving. This convoy was specifically picked for initial testing because of its limited fighter cover.  Follow any instructions from the Houdini to the letter. Delta wing is also available if you need any reinforcements.", 5992)
$end_multi_text
$voice: none.wav
$camera_pos: 893.432739, 5242.871094, -4081.641113
$camera_orient:
	1.000000, 0.000000, 0.000000,
	0.000000, 0.866025, 0.500000,
	0.000000, -0.500000, 0.866025
$camera_time: 1000
$num_lines: 0
$num_icons: 8
$Flags: 0
$Formula: ( true ) 
$start_icon
$type: 18
$team: Hostile
$class: PVC Aten
$pos: -11222.538086, -0.001604, 4971.283691
$label: XSTR("PVC Romora", 5988)
+id: 6
$hlight: 0
$multi_text
$end_multi_text
$end_icon
$start_icon
$type: 9
$team: Friendly
$class: Terran NavBuoy
$pos: 37993.847656, -0.001423, 12105.571289
$label: XSTR("Jump Node 1", 4855)
+id: 7
$hlight: 0
$multi_text
$end_multi_text
$end_icon
$start_icon
$type: 9
$team: Friendly
$class: Terran NavBuoy
$pos: -31930.640625, -0.000683, 10840.083008
$label: XSTR("Jump Node 0", 4496)
+id: 8
$hlight: 0
$multi_text
$end_multi_text
$end_icon
$start_icon
$type: 1
$team: Hostile
$class: PVF Horus
$pos: 22008.818359, 0.002794, 50231.906250
$label: XSTR("Cancer", 5989)
+id: 9
$hlight: 0
$multi_text
$end_multi_text
$end_icon
$start_icon
$type: 1
$team: Hostile
$class: PVF Seth
$pos: 21705.162109, -0.001107, 17515.367188
$label: XSTR("Aries", 4482)
+id: 10
$hlight: 0
$multi_text
$end_multi_text
$end_icon
$start_icon
$type: 9
$team: Friendly
$class: Terran NavBuoy
$pos: 5651.614746, 0.000532, 7401.642090
$label: XSTR("Jump Node 1", 4855)
+id: 14
$hlight: 0
$multi_text
$end_multi_text
$end_icon
$start_icon
$type: 4
$team: Friendly
$class: GTSC Faustus
$pos: 984.872437, 2260.000244, 1948.763428
$label: XSTR("Houdini", 5991)
+id: 15
$hlight: 1
$multi_text
$end_multi_text
$end_icon
$start_icon
$type: 14
$team: Unknown
$class: SFr Asmodeus
$pos: -1368.757446, 1812.294922, 2025.687256
$label: XSTR("Freighter Convoy", 5993)
+id: 17
$hlight: 0
$multi_text
$end_multi_text
$end_icon
$end_stage
$end_briefing

#Debriefing_info

$Num stages: 8

$Formula: ( is-goal-true-delay 
   "Protect GTSC Houdini" 
   7 
)
$Multi text
    XSTR("The scientist aboard the Houdini thank you for protecting them and their equipment. Although Operation Rainbow did not proceed as they had expected they learned a great deal about our current technological limits. The scientists on board the Houdini decided to scrap Operation Rainbow and start working with the Harbinger project to speed its process.", 5994)
$end_multi_text
$Voice: none.wav
$Recommendation text:
    XSTR("", 606)
$end_multi_text

$Formula: ( is-goal-false-delay 
   "Protect GTSC Houdini" 
   2 
)
$Multi text
    XSTR("The Houdini had very important scientists and equipment on board. Such a loss is a devastating blow to the GTA. These scientists may have gone on to develop something to help us defeat the Shivans.", 5995)
$end_multi_text
$Voice: none.wav
$Recommendation text:
    XSTR("Try to keep the Shivans from destroying it. You might try leaving a wing that will always guard the Houdini.", 5996)
$end_multi_text

$Formula: ( is-goal-true-delay 
   "HOL forces destroyed" 
   0 
)
$Multi text
    XSTR("Destroying the Hammer of Light convoy not only cleared the area for the Houdini, but it also may have protected some of our forces from future attacks", 5997)
$end_multi_text
$Voice: none.wav
$Recommendation text:
    XSTR("", 606)
$end_multi_text

$Formula: ( is-goal-false-delay 
   "HOL forces destroyed" 
   0 
)
$Multi text
    XSTR("Even though the Houdini was not affected by the departure of the HOL convoy, some of our forces later may encounter them again. And all of us would rather be fighting Shivans than rogue Vasudans.", 5998)
$end_multi_text
$Voice: none.wav
$Recommendation text:
    XSTR("Try to destroy the fighter wings first and then go after the cruisers.", 5999)
$end_multi_text

$Formula: ( is-goal-true-delay 
   "Destroy Shivan Convoy" 
   0 
)
$Multi text
    XSTR("Assisting the Vasudan Special Ops task force in the destruction of that Shivan convoy has strengthened the bond between our two intelligence communities.", 6000)
$end_multi_text
$Voice: none.wav
$Recommendation text:
    XSTR("", 606)
$end_multi_text

$Formula: ( and 
   ( is-goal-false-delay 
      "Destroy Shivan Convoy" 
      0 
   )
   ( is-event-true-delay 
      "Terrans Assist" 
      0 
   )
)
$Multi text
    XSTR("Even though the Shivan convoy was not completely destroyed.  At least you made it back alive since the Lucifer jumped in. Few pilots have seen that ship and lived.", 6001)
$end_multi_text
$Voice: none.wav
$Recommendation text:
    XSTR("Try sending a wing of fighters against the Shivan wings that come in with the Lucifer. Have the rest go after the Asmodeus class of freighters since they are faster than the Mephisto class.", 6002)
$end_multi_text

$Formula: ( is-goal-true-delay 
   "Scan the Shivan Cargo" 
   0 
)
$Multi text
    XSTR("The information from your sensor logs on the Shivan cargo is a very important discovery.  It has provided us with specific details on non-war materials that the Shivans transfer.", 6003)
$end_multi_text
$Voice: none.wav
$Recommendation text:
    XSTR("", 606)
$end_multi_text

$Formula: ( is-goal-false-delay 
   "Scan the Shivan Cargo" 
   0 
)
$Multi text
    XSTR("Those Shivan cargo containers may have had valuable information on them. Especially considering that the Lucifer warped in when they came under attack.", 6004)
$end_multi_text
$Voice: none.wav
$Recommendation text:
    XSTR("Try to scan the cargo containers before they get destroyed or depart.", 6005)
$end_multi_text

#Players		;! 1 total

$Starting Shipname: Alpha 1
$Ship Choices: (
	"GTF Ulysses"	5
	"GTF Apollo"	5
	"GTF Valkyrie"	5
	"GTF Hercules"	5
	"GTB Athena"	5
	"GTB Medusa"	5
	"GTB Ursa"	5
)

+Weaponry Pool: (
	"ML-16 Laser"	5
	"Disruptor"	8
	"Avenger"	10
	"Flail"	5
	"Prometheus"	14
	"Banshee"	6
	"MX-50"	50
	"Fury"	760
	"Interceptor"	200
	"Hornet"	260
	"Phoenix V"	50
	"Synaptic"	62
	"Stiletto"	50
	"Tsunami"	37
	"Harbinger"	5
)

#Objects		;! 76 total

$Name: Alpha 1		;! Object #0
$Display Name: XSTR("Alpha 1", 4322)
$Class: GTF Ulysses
$Team: Friendly
$Location: 425.453827, 0.003041, 5086.099609
$Orientation:
	1.000000, 0.000017, 0.000034,
	-0.000017, 1.000000, 0.000000,
	-0.000034, 0.000000, 1.000000
$IFF: IFF 1
$AI Behavior: None
$Cargo 1:  XSTR("Nothing", 611)
+Initial Velocity: 33
+Initial Hull: 100
+Subsystem: Pilot
+Primary Banks: ( "Prometheus" "Prometheus" )
+Secondary Banks: ( "Interceptor" )
$Arrival Location: Hyperspace
$Arrival Cue: ( false ) 
$Departure Location: Hyperspace
$Departure Cue: ( false ) 
$Determination: 10
+Flags: ( "cargo-known" "player-start" )
+Respawn priority: 0
+Group: 0
+Score: 12

$Name: Alpha 2		;! Object #1
$Display Name: XSTR("Alpha 2", 4368)
$Class: GTF Ulysses
$Team: Friendly
$Location: 467.851318, 0.003039, 5026.618164
$Orientation:
	1.000000, 0.000000, 0.000000,
	0.000000, 1.000000, 0.000000,
	0.000000, 0.000000, 1.000000
$IFF: IFF 1
$AI Behavior: None
+AI Class: Colonel
$AI Goals: ( goals ( ai-chase-any 70 ) ( ai-chase-wing "Cancer" 80 ) ( ai-chase-wing "Aries" 75 ) ( ai-chase-wing "Virgo" 70 ) )
$Cargo 1:  XSTR("Nothing", 611)
+Initial Velocity: 33
+Initial Hull: 100
+Subsystem: Pilot
+Primary Banks: ( "Prometheus" "Prometheus" )
+Secondary Banks: ( "Interceptor" )
$Arrival Location: Hyperspace
$Arrival Cue: ( false ) 
$Departure Location: Hyperspace
$Departure Cue: ( false ) 
$Determination: 10
+Flags: ( "cargo-known" )
+Respawn priority: 0
+Group: 0
+Score: 12

$Name: Alpha 3		;! Object #2
$Display Name: XSTR("Alpha 3", 4391)
$Class: GTF Ulysses
$Team: Friendly
$Location: 394.684265, 0.003041, 5028.538086
$Orientation:
	1.000000, 0.000000, 0.000000,
	0.000000, 1.000000, 0.000000,
	0.000000, 0.000000, 1.000000
$IFF: IFF 1
$AI Behavior: None
+AI Class: Colonel
$AI Goals: ( goals ( ai-chase-any 70 ) ( ai-chase-wing "Cancer" 80 ) ( ai-chase-wing "Aries" 75 ) ( ai-chase-wing "Virgo" 70 ) )
$Cargo 1:  XSTR("Nothing", 611)
+Initial Velocity: 33
+Initial Hull: 100
+Subsystem: Pilot
+Primary Banks: ( "Prometheus" "Prometheus" )
+Secondary Banks: ( "Interceptor" )
$Arrival Location: Hyperspace
$Arrival Cue: ( false ) 
$Departure Location: Hyperspace
$Departure Cue: ( false ) 
$Determination: 10
+Flags: ( "cargo-known" )
+Respawn priority: 0
+Group: 0
+Score: 12

$Name: Alpha 4		;! Object #3
$Display Name: XSTR("Alpha 4", 4392)
$Class: GTF Ulysses
$Team: Friendly
$Location: 425.453827, 0.003029, 4986.118164
$Orientation:
	1.000000, 0.000000, 0.000000,
	0.000000, 1.000000, 0.000000,
	0.000000, 0.000000, 1.000000
$IFF: IFF 1
$AI Behavior: None
+AI Class: Colonel
$AI Goals: ( goals ( ai-chase-any 70 ) ( ai-chase-wing "Cancer" 80 ) ( ai-chase-wing "Aries" 75 ) ( ai-chase-wing "Virgo" 70 ) )
$Cargo 1:  XSTR("Nothing", 611)
+Initial Velocity: 33
+Initial Hull: 100
+Subsystem: Pilot
+Primary Banks: ( "Prometheus" "Prometheus" )
+Secondary Banks: ( "Interceptor" )
$Arrival Location: Hyperspace
$Arrival Cue: ( false ) 
$Departure Location: Hyperspace
$Departure Cue: ( false ) 
$Determination: 10
+Flags: ( "cargo-known" )
+Respawn priority: 0
+Group: 0
+Score: 12

$Name: Remora		;! Object #4
$Display Name: XSTR("Remora", 6006)
$Class: PVC Aten
$Team: Hostile
$Location: 1104.435303, -518.922241, 10126.198242
$Orientation:
	-0.002701, 0.002202, -0.999994,
	0.144609, 0.989487, 0.001788,
	0.989485, -0.144603, -0.002991
$IFF: IFF 1
$AI Behavior: None
$AI Goals: ( goals ( ai-waypoints "Waypoint path 1" 50 ) )
$Cargo 1:  XSTR("Nothing", 611)
+Initial Velocity: 33
+Initial Hull: 100
+Initial Shields: 0
+Subsystem: Pilot
+Subsystem: turret01a
+Subsystem: turret02a
+Subsystem: turret03
+Subsystem: turret04
+Subsystem: turret05
+Subsystem: turret06
$Arrival Location: Hyperspace
$Arrival Cue: ( true ) 
$Departure Location: Hyperspace
$Departure Cue: ( < 
   ( distance 
      "Remora" 
      "Waypoint path 1:1" 
   )
   100 
)
$Determination: 10
+Flags: ( "cargo-known" "no-shields" )
+Respawn priority: 0
+Orders Accepted: 1		;! note that this is a bitfield!!!
+Group: 0
+Score: 150

$Name: Romora		;! Object #5
$Display Name: XSTR("Romora", 6007)
$Class: PVC Aten
$Team: Hostile
$Location: 990.989502, -519.070923, 9619.598633
$Orientation:
	-0.008629, 0.028073, -0.999569,
	0.352627, 0.935476, 0.023228,
	0.935724, -0.352274, -0.017971
$IFF: IFF 1
$AI Behavior: None
$AI Goals: ( goals ( ai-waypoints "Waypoint path 2" 50 ) )
$Cargo 1:  XSTR("Nothing", 611)
+Initial Velocity: 33
+Initial Hull: 100
+Initial Shields: 0
+Subsystem: Pilot
+Subsystem: turret01a
+Subsystem: turret02a
+Subsystem: turret03
+Subsystem: turret04
+Subsystem: turret05
+Subsystem: turret06
$Arrival Location: Hyperspace
$Arrival Cue: ( true ) 
$Departure Location: Hyperspace
$Departure Cue: ( < 
   ( distance 
      "Romora" 
      "Waypoint path 2:1" 
   )
   100 
)
$Determination: 10
+Flags: ( "cargo-known" "no-shields" )
+Respawn priority: 0
+Orders Accepted: 1		;! note that this is a bitfield!!!
+Group: 0
+Score: 150

$Name: Beta 1		;! Object #6
$Display Name: XSTR("Beta 1", 4416)
$Class: GTF Hercules
$Team: Friendly
$Location: 255.050507, 0.003948, 5038.313965
$Orientation:
	1.000000, 0.000000, 0.000000,
	0.000000, 1.000000, 0.000000,
	0.000000, 0.000000, 1.000000
$IFF: IFF 1
$AI Behavior: None
+AI Class: Colonel
$AI Goals: ( goals ( ai-chase-any 70 ) ( ai-chase-wing "Cancer" 80 ) ( ai-chase-wing "Aries" 75 ) ( ai-chase-wing "Virgo" 70 ) )
$Cargo 1:  XSTR("Nothing", 611)
+Initial Velocity: 33
+Initial Hull: 100
+Subsystem: Pilot
+Primary Banks: ( "Prometheus" "Banshee" )
+Secondary Banks: ( "Interceptor" "Hornet" )
$Arrival Location: Hyperspace
$Arrival Cue: ( false ) 
$Departure Location: Hyperspace
$Departure Cue: ( false ) 
$Determination: 10
+Flags: ( "cargo-known" )
+Respawn priority: 0
+Group: 0
+Score: 12

$Name: Beta 2		;! Object #7
$Display Name: XSTR("Beta 2", 4417)
$Class: GTF Hercules
$Team: Friendly
$Location: 208.952011, 0.003938, 4985.179688
$Orientation:
	1.000000, 0.000000, 0.000000,
	0.000000, 1.000000, 0.000000,
	0.000000, 0.000000, 1.000000
$IFF: IFF 1
$AI Behavior: None
+AI Class: Colonel
$AI Goals: ( goals ( ai-chase-any 70 ) ( ai-chase-wing "Cancer" 80 ) ( ai-chase-wing "Aries" 75 ) ( ai-chase-wing "Virgo" 70 ) )
$Cargo 1:  XSTR("Nothing", 611)
+Initial Velocity: 33
+Initial Hull: 100
+Subsystem: Pilot
$Arrival Location: Hyperspace
$Arrival Cue: ( false ) 
$Departure Location: Hyperspace
$Departure Cue: ( false ) 
$Determination: 10
+Flags: ( "cargo-known" )
+Respawn priority: 0
+Group: 0
+Score: 12

$Name: Beta 3		;! Object #8
$Display Name: XSTR("Beta 3", 4418)
$Class: GTF Hercules
$Team: Friendly
$Location: 290.824158, 0.003939, 4975.766113
$Orientation:
	1.000000, 0.000000, 0.000000,
	0.000000, 1.000000, 0.000000,
	0.000000, 0.000000, 1.000000
$IFF: IFF 1
$AI Behavior: None
+AI Class: Colonel
$AI Goals: ( goals ( ai-chase-any 70 ) ( ai-chase-wing "Cancer" 80 ) ( ai-chase-wing "Aries" 75 ) ( ai-chase-wing "Virgo" 70 ) )
$Cargo 1:  XSTR("Nothing", 611)
+Initial Velocity: 33
+Initial Hull: 100
+Subsystem: Pilot
$Arrival Location: Hyperspace
$Arrival Cue: ( false ) 
$Departure Location: Hyperspace
$Departure Cue: ( false ) 
$Determination: 10
+Flags: ( "cargo-known" )
+Respawn priority: 0
+Group: 0
+Score: 12

$Name: Beta 4		;! Object #9
$Display Name: XSTR("Beta 4", 4419)
$Class: GTF Hercules
$Team: Friendly
$Location: 252.034149, 0.003936, 4912.440918
$Orientation:
	1.000000, 0.000000, 0.000000,
	0.000000, 1.000000, 0.000000,
	0.000000, 0.000000, 1.000000
$IFF: IFF 1
$AI Behavior: None
+AI Class: Colonel
$AI Goals: ( goals ( ai-chase-any 70 ) ( ai-chase-wing "Cancer" 80 ) ( ai-chase-wing "Aries" 75 ) ( ai-chase-wing "Virgo" 70 ) )
$Cargo 1:  XSTR("Nothing", 611)
+Initial Velocity: 33
+Initial Hull: 100
+Subsystem: Pilot
$Arrival Location: Hyperspace
$Arrival Cue: ( false ) 
$Departure Location: Hyperspace
$Departure Cue: ( false ) 
$Determination: 10
+Flags: ( "cargo-known" )
+Respawn priority: 0
+Group: 0
+Score: 12

$Name: Virgo 1		;! Object #10
$Display Name: XSTR("Virgo 1", 4371)
$Class: PVF Thoth
$Team: Hostile
$Location: 1361.262329, -519.071289, 10226.424805
$Orientation:
	-0.167011, 0.009478, -0.985910,
	0.111504, 0.993720, -0.009335,
	0.979630, -0.111492, -0.167019
$IFF: IFF 1
$AI Behavior: None
$AI Goals: ( goals ( ai-guard "Remora" 70 ) ( ai-chase-any 60 ) )
$Cargo 1:  XSTR("Nothing", 611)
+Initial Velocity: 33
+Initial Hull: 100
+Subsystem: Pilot
$Arrival Location: Hyperspace
$Arrival Cue: ( false ) 
$Departure Location: Hyperspace
$Departure Cue: ( false ) 
$Determination: 10
+Flags: ( "cargo-known" )
+Respawn priority: 0
+Group: 0
+Score: 14

$Name: Virgo 2		;! Object #11
$Display Name: XSTR("Virgo 2", 4372)
$Class: PVF Thoth
$Team: Hostile
$Location: 1397.480591, -523.407654, 10197.473633
$Orientation:
	0.041882, 0.003996, -0.999115,
	0.111471, 0.993730, 0.008647,
	0.992885, -0.111734, 0.041174
$IFF: IFF 1
$AI Behavior: None
$AI Goals: ( goals ( ai-guard "Remora" 70 ) ( ai-chase-any 60 ) )
$Cargo 1:  XSTR("Nothing", 611)
+Initial Velocity: 33
+Initial Hull: 100
+Subsystem: Pilot
$Arrival Location: Hyperspace
$Arrival Cue: ( false ) 
$Departure Location: Hyperspace
$Departure Cue: ( false ) 
$Determination: 10
+Flags: ( "cargo-known" )
+Respawn priority: 0
+Group: 0
+Score: 14

$Name: Virgo 3		;! Object #12
$Display Name: XSTR("Virgo 3", 4445)
$Class: PVF Thoth
$Team: Hostile
$Location: 1337.633667, -516.707275, 10195.797852
$Orientation:
	-0.204446, 0.034373, -0.978274,
	0.135125, 0.990807, 0.006574,
	0.969507, -0.130845, -0.207211
$IFF: IFF 1
$AI Behavior: None
$AI Goals: ( goals ( ai-guard "Remora" 70 ) ( ai-chase-any 60 ) )
$Cargo 1:  XSTR("Nothing", 611)
+Initial Velocity: 33
+Initial Hull: 100
+Subsystem: Pilot
$Arrival Location: Hyperspace
$Arrival Cue: ( false ) 
$Departure Location: Hyperspace
$Departure Cue: ( false ) 
$Determination: 10
+Flags: ( "cargo-known" )
+Respawn priority: 0
+Group: 0
+Score: 14

$Name: Cancer 1		;! Object #13
$Display Name: XSTR("Cancer 1", 4376)
$Class: PVF Horus
$Team: Hostile
$Location: 827.594055, -507.716675, 9915.297852
$Orientation:
	0.069837, 0.100123, -0.992521,
	0.188818, 0.975638, 0.111706,
	0.979526, -0.195207, 0.049231
$IFF: IFF 1
$AI Behavior: None
$AI Goals: ( goals ( ai-chase-any 70 ) )
$Cargo 1:  XSTR("Nothing", 611)
+Initial Velocity: 33
+Initial Hull: 100
+Subsystem: Pilot
+Primary Banks: ( "Avenger" "Avenger" )
+Secondary Banks: ( "Hornet" "Phoenix V" )
$Arrival Location: Hyperspace
$Arrival Cue: ( false ) 
$Departure Location: Hyperspace
$Departure Cue: ( false ) 
$Determination: 10
+Flags: ( "cargo-known" )
+Respawn priority: 0
+Group: 0
+Score: 10

$Name: Cancer 2		;! Object #14
$Display Name: XSTR("Cancer 2", 4377)
$Class: PVF Horus
$Team: Hostile
$Location: 862.943970, -512.350464, 9877.465820
$Orientation:
	0.014435, -0.004856, -0.999884,
	0.330931, 0.943655, 0.000194,
	0.943544, -0.330896, 0.015228
$IFF: IFF 1
$AI Behavior: None
$AI Goals: ( goals ( ai-chase-any 70 ) )
$Cargo 1:  XSTR("Nothing", 611)
+Initial Velocity: 33
+Initial Hull: 100
+Subsystem: Pilot
+Primary Banks: ( "Avenger" "Avenger" )
+Secondary Banks: ( "Hornet" "Phoenix V" )
$Arrival Location: Hyperspace
$Arrival Cue: ( false ) 
$Departure Location: Hyperspace
$Departure Cue: ( false ) 
$Determination: 10
+Flags: ( "cargo-known" )
+Respawn priority: 0
+Group: 0
+Score: 10

$Name: Cancer 3		;! Object #15
$Display Name: XSTR("Cancer 3", 4413)
$Class: PVF Horus
$Team: Hostile
$Location: 812.919250, -509.136353, 9841.887695
$Orientation:
	0.045632, -0.003398, -0.998953,
	0.318036, 0.948011, 0.011303,
	0.946980, -0.318218, 0.044340
$IFF: IFF 1
$AI Behavior: None
$AI Goals: ( goals ( ai-chase-any 70 ) )
$Cargo 1:  XSTR("Nothing", 611)
+Initial Velocity: 33
+Initial Hull: 100
+Subsystem: Pilot
+Primary Banks: ( "Avenger" "Avenger" )
+Secondary Banks: ( "Hornet" "Phoenix V" )
$Arrival Location: Hyperspace
$Arrival Cue: ( false ) 
$Departure Location: Hyperspace
$Departure Cue: ( false ) 
$Determination: 10
+Flags: ( "cargo-known" )
+Respawn priority: 0
+Group: 0
+Score: 10

$Name: Cancer 4		;! Object #16
$Display Name: XSTR("Cancer 4", 4414)
$Class: PVF Horus
$Team: Hostile
$Location: 775.849182, -502.808838, 9874.709961
$Orientation:
	0.011640, 0.030455, -0.999468,
	0.277601, 0.960147, 0.032490,
	0.960626, -0.277832, 0.002722
$IFF: IFF 1
$AI Behavior: None
$AI Goals: ( goals ( ai-chase-any 70 ) )
$Cargo 1:  XSTR("Nothing", 611)
+Initial Velocity: 33
+Initial Hull: 100
+Subsystem: Pilot
+Primary Banks: ( "Avenger" "Avenger" )
+Secondary Banks: ( "Hornet" "Phoenix V" )
$Arrival Location: Hyperspace
$Arrival Cue: ( false ) 
$Departure Location: Hyperspace
$Departure Cue: ( false ) 
$Determination: 10
+Flags: ( "cargo-known" )
+Respawn priority: 0
+Group: 0
+Score: 10

$Name: Aries 1		;! Object #17
$Display Name: XSTR("Aries 1", 4373)
$Class: PVF Seth
$Team: Hostile
$Location: 1383.307739, -507.538696, 9622.495117
$Orientation:
	-0.046996, 0.010702, -0.998838,
	0.281574, 0.959535, -0.002967,
	0.958388, -0.281386, -0.048108
$IFF: IFF 1
$AI Behavior: None
$AI Goals: ( goals ( ai-guard "Romora" 70 ) ( ai-chase-any 60 ) )
$Cargo 1:  XSTR("Nothing", 611)
+Initial Velocity: 33
+Initial Hull: 100
+Subsystem: Pilot
+Primary Banks: ( "Avenger" "Avenger" )
+Secondary Banks: ( "Hornet" "Interceptor" )
$Arrival Location: Hyperspace
$Arrival Cue: ( false ) 
$Departure Location: Hyperspace
$Departure Cue: ( false ) 
$Determination: 10
+Flags: ( "cargo-known" )
+Respawn priority: 0
+Group: 0
+Score: 12

$Name: Aries 2		;! Object #18
$Display Name: XSTR("Aries 2", 4374)
$Class: PVF Seth
$Team: Hostile
$Location: 1325.774292, -501.649048, 9652.673828
$Orientation:
	-0.002363, 0.014722, -0.999889,
	0.221848, 0.974983, 0.013831,
	0.975078, -0.221791, -0.005570
$IFF: IFF 1
$AI Behavior: None
$AI Goals: ( goals ( ai-guard "Romora" 70 ) ( ai-chase-any 60 ) )
$Cargo 1:  XSTR("Nothing", 611)
+Initial Velocity: 33
+Initial Hull: 100
+Subsystem: Pilot
+Primary Banks: ( "Avenger" "Avenger" )
+Secondary Banks: ( "Hornet" "Interceptor" )
$Arrival Location: Hyperspace
$Arrival Cue: ( false ) 
$Departure Location: Hyperspace
$Departure Cue: ( false ) 
$Determination: 10
+Flags: ( "cargo-known" )
+Respawn priority: 0
+Group: 0
+Score: 12

$Name: Aries 3		;! Object #19
$Display Name: XSTR("Aries 3", 4375)
$Class: PVF Seth
$Team: Hostile
$Location: 1325.367065, -502.858643, 9591.850586
$Orientation:
	0.100371, 0.024165, -0.994657,
	0.255726, 0.965493, 0.049262,
	0.961525, -0.259304, 0.090728
$IFF: IFF 1
$AI Behavior: None
$AI Goals: ( goals ( ai-guard "Romora" 70 ) ( ai-chase-any 60 ) )
$Cargo 1:  XSTR("Nothing", 611)
+Initial Velocity: 33
+Initial Hull: 100
+Subsystem: Pilot
+Primary Banks: ( "Avenger" "Avenger" )
+Secondary Banks: ( "Hornet" "Interceptor" )
$Arrival Location: Hyperspace
$Arrival Cue: ( false ) 
$Departure Location: Hyperspace
$Departure Cue: ( false ) 
$Determination: 10
+Flags: ( "cargo-known" )
+Respawn priority: 0
+Group: 0
+Score: 12

$Name: Aries 4		;! Object #20
$Display Name: XSTR("Aries 4", 4405)
$Class: PVF Seth
$Team: Hostile
$Location: 1284.052612, -495.359497, 9624.230469
$Orientation:
	0.033144, -0.004661, -0.999440,
	0.271931, 0.962306, 0.004530,
	0.961746, -0.271929, 0.033162
$IFF: IFF 1
$AI Behavior: None
$AI Goals: ( goals ( ai-guard "Romora" 70 ) ( ai-chase-any 60 ) )
$Cargo 1:  XSTR("Nothing", 611)
+Initial Velocity: 33
+Initial Hull: 100
+Subsystem: Pilot
+Primary Banks: ( "Avenger" "Avenger" )
+Secondary Banks: ( "Hornet" "Interceptor" )
$Arrival Location: Hyperspace
$Arrival Cue: ( false ) 
$Departure Location: Hyperspace
$Departure Cue: ( false ) 
$Determination: 10
+Flags: ( "cargo-known" )
+Respawn priority: 0
+Group: 0
+Score: 12

$Name: Gamma 1		;! Object #21
$Display Name: XSTR("Gamma 1", 4623)
$Class: GTB Medusa
$Team: Friendly
$Location: 699.401306, 0.000015, 5065.299316
$Orientation:
	1.000000, 0.000000, 0.000000,
	0.000000, 1.000000, 0.000000,
	0.000000, 0.000000, 1.000000
$IFF: IFF 1
$AI Behavior: None
+AI Class: Colonel
$AI Goals: ( goals ( ai-chase-any 70 ) ( ai-chase-wing "Cancer" 80 ) ( ai-chase-wing "Aries" 75 ) ( ai-chase-wing "Virgo" 70 ) )
$Cargo 1:  XSTR("Nothing", 611)
+Initial Velocity: 33
+Initial Hull: 100
+Subsystem: Pilot
+Secondary Banks: ( "Hornet" "Synaptic" "Tsunami" )
+Subsystem: turret01a
$Arrival Location: Hyperspace
$Arrival Cue: ( false ) 
$Departure Location: Hyperspace
$Departure Cue: ( false ) 
$Determination: 10
+Flags: ( "cargo-known" )
+Respawn priority: 0
+Group: 0
+Score: 17

$Name: Gamma 2		;! Object #22
$Display Name: XSTR("Gamma 2", 4866)
$Class: GTB Medusa
$Team: Friendly
$Location: 641.839905, 0.000024, 4975.554199
$Orientation:
	1.000000, 0.000000, 0.000000,
	0.000000, 1.000000, 0.000000,
	0.000000, 0.000000, 1.000000
$IFF: IFF 1
$AI Behavior: None
+AI Class: Colonel
$AI Goals: ( goals ( ai-chase-any 70 ) ( ai-chase-wing "Cancer" 80 ) ( ai-chase-wing "Aries" 75 ) ( ai-chase-wing "Virgo" 70 ) )
$Cargo 1:  XSTR("Nothing", 611)
+Initial Velocity: 33
+Initial Hull: 100
+Subsystem: Pilot
+Secondary Banks: ( "Hornet" "Synaptic" "Tsunami" )
+Subsystem: turret01a
$Arrival Location: Hyperspace
$Arrival Cue: ( false ) 
$Departure Location: Hyperspace
$Departure Cue: ( false ) 
$Determination: 10
+Flags: ( "cargo-known" )
+Respawn priority: 0
+Group: 0
+Score: 17

$Name: Houdini		;! Object #23
$Display Name: XSTR("Houdini", 5991)
$Class: GTSC Faustus
$Team: Friendly
$Location: -3685.000000, 2260.000000, 10113.000000
$Orientation:
	0.277121, 0.000000, -0.960835,
	0.000000, 1.000000, 0.000000,
	0.960835, 0.000000, 0.277121
$IFF: IFF 1
$AI Behavior: None
$AI Goals: ( goals ( ai-waypoints-once "Waypoint path 3" 60 ) )
$Cargo 1:  XSTR("Nothing", 611)
+Initial Velocity: 33
+Initial Hull: 100
+Initial Shields: 0
+Subsystem: Pilot
+Subsystem: turret01
+Subsystem: turret02
+Subsystem: turret03
+Subsystem: turret04
+Subsystem: turret05
+Subsystem: turret06
$Arrival Location: Hyperspace
+Arrival Delay: 2
$Arrival Cue: ( is-event-true-delay 
   "Houdini jumps in" 
   0 
)
$Departure Location: Hyperspace
$Departure Cue: ( < 
   ( distance 
      "Houdini" 
      "Waypoint path 4:1" 
   )
   200 
)
$Determination: 10
+Flags: ( "cargo-known" "no-shields" "escort" )
+Respawn priority: 0
+Escort priority: 0
+Orders Accepted: 1		;! note that this is a bitfield!!!
+Group: 0
+Score: 50
;;FSO 3.6.8;;$Texture Replace:
;;FSO 3.6.8;;+old: nameplate
;;FSO 3.6.8;;+new: GTSC_Houdini

$Name: Pisces 1		;! Object #24
$Display Name: XSTR("Pisces 1", 4378)
$Class: PVF Anubis
$Team: Hostile
$Location: -2980.288086, 1433.372925, 8957.020508
$Orientation:
	0.417595, 0.000000, -0.908634,
	0.000000, 1.000000, 0.000000,
	0.908634, 0.000000, 0.417595
$IFF: IFF 1
$AI Behavior: None
$Cargo 1:  XSTR("Nothing", 611)
+Initial Velocity: 33
+Initial Hull: 100
+Subsystem: Pilot
$Arrival Location: Hyperspace
$Arrival Cue: ( false ) 
$Departure Location: Hyperspace
$Departure Cue: ( false ) 
$Determination: 10
+Flags: ( "cargo-known" )
+Respawn priority: 0
+Group: 0
+Score: 6

$Name: Pisces 2		;! Object #25
$Display Name: XSTR("Pisces 2", 4379)
$Class: PVF Anubis
$Team: Hostile
$Location: -3055.554443, 1433.372925, 8969.795898
$Orientation:
	0.589788, 0.000000, -0.807558,
	0.000000, 1.000000, 0.000000,
	0.807558, 0.000000, 0.589788
$IFF: IFF 1
$AI Behavior: None
$Cargo 1:  XSTR("Nothing", 611)
+Initial Velocity: 33
+Initial Hull: 100
+Subsystem: Pilot
$Arrival Location: Hyperspace
$Arrival Cue: ( false ) 
$Departure Location: Hyperspace
$Departure Cue: ( false ) 
$Determination: 10
+Flags: ( "cargo-known" )
+Respawn priority: 0
+Group: 0
+Score: 6

$Name: Pisces 3		;! Object #26
$Display Name: XSTR("Pisces 3", 4380)
$Class: PVF Anubis
$Team: Hostile
$Location: -3014.920898, 1433.372925, 8866.505859
$Orientation:
	0.689499, 0.000000, -0.724287,
	0.000000, 1.000000, 0.000000,
	0.724287, 0.000000, 0.689499
$IFF: IFF 1
$AI Behavior: None
$Cargo 1:  XSTR("Nothing", 611)
+Initial Velocity: 33
+Initial Hull: 100
+Subsystem: Pilot
$Arrival Location: Hyperspace
$Arrival Cue: ( false ) 
$Departure Location: Hyperspace
$Departure Cue: ( false ) 
$Determination: 10
+Flags: ( "cargo-known" )
+Respawn priority: 0
+Group: 0
+Score: 6

$Name: Pisces 4		;! Object #27
$Display Name: XSTR("Pisces 4", 4409)
$Class: PVF Anubis
$Team: Hostile
$Location: -3091.952637, 1433.372925, 8869.460938
$Orientation:
	0.453596, 0.000000, -0.891207,
	0.000000, 1.000000, 0.000000,
	0.891207, 0.000000, 0.453596
$IFF: IFF 1
$AI Behavior: None
$Cargo 1:  XSTR("Nothing", 611)
+Initial Velocity: 33
+Initial Hull: 100
+Subsystem: Pilot
$Arrival Location: Hyperspace
$Arrival Cue: ( false ) 
$Departure Location: Hyperspace
$Departure Cue: ( false ) 
$Determination: 10
+Flags: ( "cargo-known" )
+Respawn priority: 0
+Group: 0
+Score: 6

$Name: Zarathud 1		;! Object #28
$Display Name: XSTR("Zarathud 1", 6008)
$Class: SFr Asmodeus
$Team: Unknown
$Location: -3891.627441, 1812.756958, 10094.218750
$Orientation:
	-0.168381, -0.001892, -0.985720,
	-0.011239, 0.999937, 0.000001,
	0.985658, 0.011080, -0.168391
$IFF: IFF 1
$AI Behavior: None
$AI Goals: ( goals ( ai-waypoints-once "Waypoint path 4" 50 ) ( ai-dock "Cargo 5" "cargo dock01" "cargo dock" 89 ) )
$Cargo 1:  XSTR("Nothing", 611)
+Initial Hull: 100
+Initial Shields: 0
+Subsystem: Pilot
+Subsystem: a-turret01
+Subsystem: a-turret02
+Subsystem: a-turret03
+Subsystem: a-turret04
$Arrival Location: Hyperspace
$Arrival Cue: ( is-event-true-delay 
   "Experiement Begins" 
   10 
)
$Departure Location: Hyperspace
$Departure Cue: ( < 
   ( distance 
      "Waypoint path 4:1" 
      "Zarathud 1" 
   )
   100 
)
$Determination: 10
+Flags: ( "no-shields" "scannable" )
+Respawn priority: 0
+Orders Accepted: 0		;! note that this is a bitfield!!!
+Group: 0
+Score: 30

$Name: Cargo 1		;! Object #29
$Display Name: XSTR("Cargo 1", 5043)
$Class: SAC 2
$Team: Unknown
$Location: -3886.153076, 1825.281616, 10073.897461
$Orientation:
	-0.145068, -0.455650, -0.878259,
	-0.086458, 0.890091, -0.447508,
	0.985637, 0.011015, -0.168518
$IFF: IFF 1
$AI Behavior: None
$Cargo 1:  XSTR("Magnetic Monopoles", 6009)
+Initial Velocity: 33
+Initial Hull: 100
+Initial Shields: 0
+Subsystem: Pilot
$Arrival Location: In front of ship
+Arrival Distance: 124
$Arrival Anchor: Zarathud 1
$Arrival Cue: ( false ) 
$Departure Location: Hyperspace
$Departure Cue: ( false ) 
$Determination: 10
+Flags: ( "no-shields" )
+Respawn priority: 0
+Docked With: Zarathud 1
$Docker Point: cargo dock01
$Dockee Point: cargo dock01
+Group: 0

$Name: Zarathud 2		;! Object #30
$Display Name: XSTR("Zarathud 2", 6010)
$Class: SFr Asmodeus
$Team: Unknown
$Location: -3964.328857, 1813.044556, 10189.098633
$Orientation:
	-0.352816, -0.034279, -0.935065,
	-0.033330, 0.999155, -0.024053,
	0.935099, 0.022678, -0.353660
$IFF: IFF 1
$AI Behavior: None
$AI Goals: ( goals ( ai-waypoints-once "Waypoint path 2" 50 ) ( ai-dock "Cargo 4" "cargo dock01" "cargo dock" 89 ) )
$Cargo 1:  XSTR("Nothing", 611)
+Initial Hull: 100
+Initial Shields: 0
+Subsystem: Pilot
+Subsystem: a-turret01
+Subsystem: a-turret02
+Subsystem: a-turret03
+Subsystem: a-turret04
$Arrival Location: Hyperspace
$Arrival Cue: ( is-event-true-delay 
   "Experiement Begins" 
   10 
)
$Departure Location: Hyperspace
$Departure Cue: ( < 
   ( distance 
      "Zarathud 2" 
      "Waypoint path 2:1" 
   )
   100 
)
$Determination: 10
+Flags: ( "no-shields" "scannable" )
+Respawn priority: 0
+Orders Accepted: 0		;! note that this is a bitfield!!!
+Group: 0
+Score: 30

$Name: Cargo 2		;! Object #31
$Display Name: XSTR("Cargo 2", 5045)
$Class: SAC 2
$Team: Unknown
$Location: -3963.103027, 1825.045166, 10167.784180
$Orientation:
	-0.299235, -0.484151, -0.822226,
	-0.189873, 0.874690, -0.445943,
	0.935097, 0.022676, -0.353665
$IFF: IFF 1
$AI Behavior: None
$Cargo 1:  XSTR("Spherical Chickens", 6011)
+Initial Velocity: 33
+Initial Hull: 100
+Initial Shields: 0
+Subsystem: Pilot
$Arrival Location: In front of ship
+Arrival Distance: 124
$Arrival Anchor: Zarathud 2
$Arrival Cue: ( false ) 
$Departure Location: Hyperspace
$Departure Cue: ( false ) 
$Determination: 10
+Flags: ( "no-shields" )
+Respawn priority: 0
+Docked With: Zarathud 2
$Docker Point: cargo dock01
$Dockee Point: cargo dock01
+Group: 0

$Name: Zarathud 3		;! Object #32
$Display Name: XSTR("Zarathud 3", 6012)
$Class: SFr Asmodeus
$Team: Unknown
$Location: -4051.697754, 1799.308716, 9960.582031
$Orientation:
	-0.138749, -0.000172, -0.990328,
	-0.001240, 0.999999, 0.000001,
	0.990327, 0.001228, -0.138748
$IFF: IFF 1
$AI Behavior: None
$AI Goals: ( goals ( ai-waypoints-once "Waypoint path 1" 60 ) ( ai-dock "Cargo 1" "cargo dock01" "cargo dock01" 89 ) )
$Cargo 1:  XSTR("Nothing", 611)
+Initial Velocity: 100
+Initial Hull: 100
+Initial Shields: 0
+Subsystem: Pilot
+Subsystem: a-turret01
+Subsystem: a-turret02
+Subsystem: a-turret03
+Subsystem: a-turret04
$Arrival Location: Hyperspace
$Arrival Cue: ( is-event-true-delay 
   "Experiement Begins" 
   10 
)
$Departure Location: Hyperspace
$Departure Cue: ( < 
   ( distance 
      "Zarathud 3" 
      "Waypoint path 1:1" 
   )
   10 
)
$Determination: 10
+Flags: ( "no-shields" "scannable" )
+Respawn priority: 0
+Orders Accepted: 0		;! note that this is a bitfield!!!
+Group: 0
+Score: 30

$Name: Cargo 3		;! Object #33
$Display Name: XSTR("Cargo 3", 5047)
$Class: SAC 2
$Team: Unknown
$Location: -4045.491455, 1811.778687, 9940.438477
$Orientation:
	-0.123101, -0.454144, -0.882383,
	-0.064097, 0.890927, -0.449599,
	0.990322, 0.001212, -0.138782
$IFF: IFF 1
$AI Behavior: None
$Cargo 1:  XSTR("Graviton Generators", 6013)
+Initial Velocity: 33
+Initial Hull: 100
+Initial Shields: 0
+Subsystem: Pilot
$Arrival Location: In front of ship
+Arrival Distance: 124
$Arrival Anchor: Zarathud 3
$Arrival Cue: ( false ) 
$Departure Location: Hyperspace
$Departure Cue: ( false ) 
$Determination: 10
+Flags: ( "no-shields" )
+Respawn priority: 0
+Docked With: Zarathud 3
$Docker Point: cargo dock01
$Dockee Point: cargo dock01
+Group: 0

$Name: Balaam 1		;! Object #34
$Display Name: XSTR("Balaam 1", 6014)
$Class: SFr Mephisto
$Team: Unknown
$Location: -4207.024902, 1800.743286, 10046.517578
$Orientation:
	0.000002, -0.707106, 0.707107,
	0.000000, 0.707107, 0.707106,
	-1.000000, -0.000001, 0.000001
$IFF: IFF 1
$AI Behavior: None
$AI Goals: ( goals ( ai-waypoints-once "Waypoint path 4" 50 ) ( ai-dock "Cargo 6" "cargo dock01" "cargo dock" 89 ) )
$Cargo 1:  XSTR("Nothing", 611)
+Initial Velocity: 100
+Initial Hull: 100
+Initial Shields: 0
+Subsystem: Pilot
+Subsystem: turret01
+Subsystem: turret02
+Subsystem: turret03
+Subsystem: turret04
$Arrival Location: Hyperspace
$Arrival Cue: ( is-event-true-delay 
   "Experiement Begins" 
   10 
)
$Departure Location: Hyperspace
$Departure Cue: ( or 
   ( or 
      ( < ( hits-left "Balaam 1" ) 0 ) 
      ( < ( hits-left "Cargo 4" ) 0 ) 
   )
   ( < 
      ( distance 
         "Balaam 1" 
         "Waypoint path 4:1" 
      )
      100 
   )
)
$Determination: 10
+Flags: ( "no-shields" )
+Respawn priority: 0
+Orders Accepted: 0		;! note that this is a bitfield!!!
+Group: 0
+Score: 30

$Name: Cargo 4		;! Object #35
$Display Name: XSTR("Cargo 4", 5103)
$Class: SC 5
$Team: Unknown
$Location: -4209.500488, 1812.757324, 10046.999023
$Orientation:
	1.000000, -0.000001, 0.000000,
	0.000000, 1.000000, -0.000000,
	-0.000000, 0.000000, 1.000000
$IFF: IFF 1
$AI Behavior: None
