#Mission Info

$Version: 0.10
$Name:  XSTR("Avenging Angels", 1972)
$Author: Duncan McPherson
$Created: 02/13/98 at 14:28:22
$Modified: 11/12/07 at 00:39:36
$Notes:
I am the god of beer and fire!

$End Notes:

$Mission Desc:
 XSTR("A mission in which the player is sent to stop a traitor and the exchange of military technology with the enemy.", 1973)
$end_multi_text

+Game Type Flags: 1

+Flags: 0

+Red Alert: 0

+Scramble: 0

+Disallow Support: 0

+Player Entry Delay:
1.000000

+Viewer pos: -705.140930, 3333.240967, 2089.086182
+Viewer orient:
	0.999994, 0.000000, 0.003466,
	-0.003464, 0.029814, 0.999549,
	-0.000103, -0.999555, 0.029814
+SquadReassignName: Galactic Terran Alliance
+SquadReassignLogo: GTA.pcx

;;FSO 3.6.0;; $Skybox Model: starfield.pof

#Plot Info

$Tour:  XSTR("Blah", 601)
$Pre-Briefing Cutscene: Blah
$Pre-Mission Cutscene: Blah
$Next Mission Success: Blah
$Next Mission Partial: Blah
$Next Mission Failure: Blah

#Sexp_variables

$Variables:
(
		0		"autoGenVar1"		"#Command"		"string"
)

#Command Briefing

$Stage Text:
 XSTR("$b * $b GTD $b Galatea
$b * $b Antares $b System
$b * $b 1/15/35

$b Lt. $b McCarthy

Terran Command has informed us that Lt. Alex McCarthy, formerly stationed onboard the GTD Intrepid, has defected to the Vasudans along with an unknown number of fighters and several personnel.  

He has also managed to steal the plans for the Avenger prototype cannon.  These need to be recovered immediately.

Vasudan agents under Terran control have leaked information regarding McCarthy's plans to the Antares system.  Since the Galatea is already in Antares, we have been assigned to lead an attack on McCarthy's forces.", 1974)
$end_multi_text
$Ani Filename: cb_mccarthy.ani
+Wave Filename: CBrief_4_a.wav

$Stage Text:
 XSTR("This operation is to be carried out by the numbers.  Traitors to the Terran cause are not to be tolerated.  McCarthy will serve as an example when he is brought in.", 1975)
$end_multi_text
$Ani Filename: cb_mccarthy.ani
+Wave Filename: CBrief_4_b.wav

$Stage Text:
 XSTR("$b New $b Technology: $b Valkyrie $b Interceptor

The Galatea has received a full complement of the new Valkyrie Interceptor Fighters.  

Some of you may remember the Angel Scout Fighter.  It has been completely modified and fitted with two additional engines, making it the fastest fighter in the fleet.  It has been re-designated the Valkyrie.  It should enable you to make short work of enemy fighters.

Report for mission briefing in twenty minutes.", 1976)
$end_multi_text
$Ani Filename: cb_valkyrie.ani
+Wave Filename: CBrief_4_c.wav

#Briefing
$start_briefing
$num_stages: 9
$start_stage
$multi_text
 XSTR("Plans for the Avenger weapon prototype have been stolen by Lt. McCarthy.  His transport has been located here in Antares.  It has been designated $h Omega.", 1977)
$end_multi_text
$voice: Brief_4_a.wav
$camera_pos: -705.140930, 3333.240967, 2089.086182
$camera_orient:
	0.999994, 0.000000, 0.003466,
	-0.003464, 0.029814, 0.999550,
	-0.000103, -0.999555, 0.029814
$camera_time: 500
$num_lines: 0
$num_icons: 6
$Flags: 1
$Formula: ( true ) 
$start_icon
$type: 34
$team: Neutral
$class: GTT Elysium
$pos: -405.496368, 225.104584, 2068.413574
$label: XSTR("Omega", 6149)
+id: 1
$hlight: 1
$multi_text
$end_multi_text
$end_icon
$start_icon
$type: 1
$team: Neutral
$class: GTF Apollo
$pos: -1005.427246, 135.994995, 2535.888672
$label: XSTR("Traitors", 6997)
+id: 2
$hlight: 0
$multi_text
$end_multi_text
$end_icon
$start_icon
$type: 1
$team: Neutral
$class: GTF Apollo
$pos: -961.386230, 301.921906, 1828.064575
$label: XSTR("Traitors", 6997)
+id: 3
$hlight: 0
$multi_text
$end_multi_text
$end_icon
$start_icon
$type: 34
$team: Neutral
$class: PVT Isis
$pos: 786.734375, 382.264740, 2080.482178
$label: XSTR("Rasputin", 6998)
+id: 4
$hlight: 0
$multi_text
$end_multi_text
$end_icon
$start_icon
$type: 0
$team: Neutral
$class: PVF Horus
$pos: 1320.463013, 405.701660, 2270.112305
$label: XSTR("Vasudan", 6999)
+id: 5
$hlight: 0
$multi_text
$end_multi_text
$end_icon
$start_icon
$type: 0
$team: Neutral
$class: PVF Horus
$pos: 1334.849365, 352.070526, 1719.109131
$label: XSTR("Vasudan", 6999)
+id: 6
$hlight: 0
$multi_text
$end_multi_text
$end_icon
$end_stage
$start_stage
$multi_text
 XSTR("One of McCarthy's accomplices has been captured, and has revealed his intentions for the stolen plans.  Not surprisingly, McCarthy intends to sell the Avenger to the Vasudans.  His Vasudan contact has been designated $h Rasputin.", 1978)
$end_multi_text
$voice: Brief_4_b.wav
$camera_pos: 283.330627, 5888.352539, 1572.144165
$camera_orient:
	0.999994, 0.000000, 0.003466,
	-0.003464, 0.029814, 0.999550,
	-0.000103, -0.999555, 0.029814
$camera_time: 1000
$num_lines: 0
$num_icons: 6
$Flags: 2
$Formula: ( true ) 
$start_icon
$type: 34
$team: Neutral
$class: GTT Elysium
$pos: -405.496368, 225.104584, 2068.413574
$label: XSTR("Omega", 6149)
+id: 1
$hlight: 1
$multi_text
$end_multi_text
$end_icon
$start_icon
$type: 1
$team: Neutral
$class: GTF Apollo
$pos: -1005.427246, 135.994995, 2535.888672
$label: XSTR("Traitors", 6997)
+id: 2
$hlight: 0
$multi_text
$end_multi_text
$end_icon
$start_icon
$type: 1
$team: Neutral
$class: GTF Apollo
$pos: -961.386230, 301.921906, 1828.064575
$label: XSTR("Traitors", 6997)
+id: 3
$hlight: 0
$multi_text
$end_multi_text
$end_icon
$start_icon
$type: 34
$team: Neutral
$class: PVT Isis
$pos: 789.232666, 382.264618, 2059.915527
$label: XSTR("Rasputin", 6998)
+id: 4
$hlight: 0
$multi_text
$end_multi_text
$end_icon
$start_icon
$type: 0
$team: Neutral
$class: PVF Horus
$pos: 1320.463013, 405.701660, 2270.112305
$label: XSTR("Vasudan", 6999)
+id: 5
$hlight: 0
$multi_text
$end_multi_text
$end_icon
$start_icon
$type: 0
$team: Neutral
$class: PVF Horus
$pos: 1334.849365, 352.070526, 1719.109131
$label: XSTR("Vasudan", 6999)
+id: 6
$hlight: 0
$multi_text
$end_multi_text
$end_icon
$end_stage
$start_stage
$multi_text
 XSTR("Your squadron will arrive before the exchange takes place.  You are to destroy all hostile fighters, including any renegade Terrans.  However, we want McCarthy alive.  Your ships have been equipped with Disruptors suitable for disabling the engines on the Omega.", 1979)
$end_multi_text
$voice: Brief_4_c.wav
$camera_pos: 283.330627, 5888.352539, 1572.144165
$camera_orient:
	0.999994, 0.000000, 0.003466,
	-0.003464, 0.029814, 0.999550,
	-0.000103, -0.999555, 0.029814
$camera_time: 500
$num_lines: 0
$num_icons: 6
$Flags: 0
$Formula: ( true ) 
$start_icon
$type: 34
$team: Neutral
$class: GTT Elysium
$pos: 431.502075, 225.104507, 2072.548340
$label: XSTR("Om.", 7000)
+id: 1
$hlight: 1
$multi_text
$end_multi_text
$end_icon
$start_icon
$type: 1
$team: Neutral
$class: GTF Apollo
$pos: -1005.427246, 135.994995, 2535.888672
$label: XSTR("Traitors", 6997)
+id: 2
$hlight: 0
$multi_text
$end_multi_text
$end_icon
$start_icon
$type: 1
$team: Neutral
$class: GTF Apollo
$pos: -961.386230, 301.921906, 1828.064575
$label: XSTR("Traitors", 6997)
+id: 3
$hlight: 0
$multi_text
$end_multi_text
$end_icon
$start_icon
$type: 34
$team: Neutral
$class: PVT Isis
$pos: 789.232666, 382.264618, 2059.915527
$label: XSTR("Ras.", 7001)
+id: 4
$hlight: 0
$multi_text
$end_multi_text
$end_icon
$start_icon
$type: 0
$team: Neutral
$class: PVF Horus
$pos: 1320.463013, 405.701660, 2270.112305
$label: XSTR("Vasudan", 6999)
+id: 5
$hlight: 0
$multi_text
$end_multi_text
$end_icon
$start_icon
$type: 0
$team: Neutral
$class: PVF Horus
$pos: 1334.849365, 352.070526, 1719.109131
$label: XSTR("Vasudan", 6999)
+id: 6
$hlight: 0
$multi_text
$end_multi_text
$end_icon
$end_stage
$start_stage
$multi_text
 XSTR("Alpha wing and Beta wing, each consisting of four fighters, will be sent in to carry out the mission.  You will jump in approximately six kilometers away from the exchange.  Get to the Omega as soon as possible.", 1980)
$end_multi_text
$voice: Brief_4_d.wav
$camera_pos: 283.330627, 5888.352539, 1572.144165
$camera_orient:
	0.999994, 0.000000, 0.003466,
	-0.003465, 0.024032, 0.999705,
	-0.000083, -0.999711, 0.024032
$camera_time: 500
$num_lines: 0
$num_icons: 8
$Flags: 0
$Formula: ( true ) 
$start_icon
$type: 34
$team: Neutral
$class: GTT Elysium
$pos: -147.213440, 225.104263, 2058.249512
$label: XSTR("Omega", 6149)
+id: 1
$hlight: 0
$multi_text
$end_multi_text
$end_icon
$start_icon
$type: 1
$team: Neutral
$class: GTF Apollo
$pos: -1005.427246, 135.994995, 2535.888672
$label: XSTR("Traitors", 6997)
+id: 2
$hlight: 0
$multi_text
$end_multi_text
$end_icon
$start_icon
$type: 1
$team: Neutral
$class: GTF Apollo
$pos: -961.386230, 301.921906, 1828.064575
$label: XSTR("Traitors", 6997)
+id: 3
$hlight: 0
$multi_text
$end_multi_text
$end_icon
$start_icon
$type: 34
$team: Neutral
$class: PVT Isis
$pos: 789.232666, 382.264618, 2059.915527
$label: XSTR("Rasputin", 6998)
+id: 4
$hlight: 0
$multi_text
$end_multi_text
$end_icon
$start_icon
$type: 0
$team: Neutral
$class: PVF Horus
$pos: 1335.319214, 405.702148, 1717.343628
$label: XSTR("Vasudan", 6999)
+id: 5
$hlight: 0
$multi_text
$end_multi_text
$end_icon
$start_icon
$type: 0
$team: Neutral
$class: PVF Horus
$pos: 1320.816162, 352.070251, 2266.093506
$label: XSTR("Vasudan", 6999)
+id: 6
$hlight: 0
$multi_text
$end_multi_text
$end_icon
$start_icon
$type: 1
$team: Friendly
$class: GTF Valkyrie
$pos: 1021.096497, 645.394348, 1026.421997
$label: XSTR("Alpha", 4583)
+id: 7
$hlight: 1
$multi_text
$end_multi_text
$end_icon
$start_icon
$type: 1
$team: Friendly
$class: GTF Apollo
$pos: 1540.719971, 1367.384644, 1103.724487
$label: XSTR("Beta", 4637)
+id: 8
$hlight: 1
$multi_text
$end_multi_text
$end_icon
$end_stage
$start_stage
$multi_text
 XSTR("Expect to encounter significant resistance.  Beta wing will focus on attacking the Vasudan forces.  Alpha wing will be expected to disable the Omega.  Request Beta wing's assistance if necessary.", 1981)
$end_multi_text
$voice: Brief_4_e.wav
$camera_pos: 283.330627, 5888.352539, 1572.144165
$camera_orient:
	0.999994, 0.000000, 0.003466,
	-0.003465, 0.024032, 0.999705,
	-0.000083, -0.999711, 0.024032
$camera_time: 600
$num_lines: 0
$num_icons: 8
$Flags: 0
$Formula: ( true ) 
$start_icon
$type: 34
$team: Neutral
$class: GTT Elysium
$pos: -261.960999, 225.104401, 2244.342041
$label: XSTR("Omega", 6149)
+id: 1
$hlight: 1
$multi_text
$end_multi_text
$end_icon
$start_icon
$type: 1
$team: Neutral
$class: GTF Apollo
$pos: -1005.427246, 135.994995, 2535.888672
$label: XSTR("Traitors", 6997)
+id: 2
$hlight: 0
$multi_text
$end_multi_text
$end_icon
$start_icon
$type: 1
$team: Neutral
$class: GTF Apollo
$pos: -587.509949, 301.922028, 1132.651367
$label: XSTR("Traitors", 6997)
+id: 3
$hlight: 0
$multi_text
$end_multi_text
$end_icon
$start_icon
$type: 34
$team: Neutral
$class: PVT Isis
$pos: 648.690186, 382.264465, 1896.599487
$label: XSTR("Rasputin", 6998)
+id: 4
$hlight: 0
$multi_text
$end_multi_text
$end_icon
$start_icon
$type: 0
$team: Neutral
$class: PVF Horus
$pos: 1463.535889, 405.702209, 2385.687012
$label: XSTR("Vasudan", 6999)
+id: 5
$hlight: 0
$multi_text
$end_multi_text
$end_icon
$start_icon
$type: 0
$team: Neutral
$class: PVF Horus
$pos: 924.632629, 352.070343, 1077.838135
$label: XSTR("Vasudan", 6999)
+id: 6
$hlight: 0
$multi_text
$end_multi_text
$end_icon
$start_icon
$type: 1
$team: Friendly
$class: GTF Valkyrie
$pos: 30.455284, 645.394592, 1544.522461
$label: XSTR("Alpha", 4583)
+id: 7
$hlight: 0
$multi_text
$end_multi_text
$end_icon
$start_icon
$type: 1
$team: Friendly
$class: GTF Apollo
$pos: 1217.832886, 1367.385010, 1651.110718
$label: XSTR("Beta", 4637)
+id: 8
$hlight: 0
$multi_text
$end_multi_text
$end_icon
$end_stage
$start_stage
$multi_text
 XSTR("After McCarthy's transport is disabled, the $f GTT $f Comet will jump into the area and dock with it.  You are to ensure the safety of the Comet, especially during the docking operation with Omega.", 1982)
$end_multi_text
$voice: Brief_4_f.wav
$camera_pos: 283.330627, 5888.352539, 1572.144165
$camera_orient:
	0.999994, 0.000000, 0.003466,
	-0.003465, 0.024032, 0.999705,
	-0.000083, -0.999711, 0.024032
$camera_time: 500
$num_lines: 0
$num_icons: 6
$Flags: 0
$Formula: ( true ) 
$start_icon
$type: 34
$team: Neutral
$class: GTT Elysium
$pos: -488.231171, 225.104248, 2057.067383
$label: XSTR("Omega", 6149)
+id: 1
$hlight: 1
$multi_text
$end_multi_text
$end_icon
$start_icon
$type: 34
$team: Neutral
$class: PVT Isis
$pos: 648.690186, 382.264465, 1896.599487
$label: XSTR("Rasputin", 6998)
+id: 4
$hlight: 0
$multi_text
$end_multi_text
$end_icon
$start_icon
$type: 0
$team: Neutral
$class: PVF Horus
$pos: 1463.535889, 405.702209, 2385.687012
$label: XSTR("Vasudan", 6999)
+id: 5
$hlight: 0
$multi_text
$end_multi_text
$end_icon
$start_icon
$type: 1
$team: Friendly
$class: GTF Valkyrie
$pos: 71.511520, 645.394714, 1640.664429
$label: XSTR("Alpha", 4583)
+id: 7
$hlight: 0
$multi_text
$end_multi_text
$end_icon
$start_icon
$type: 1
$team: Friendly
$class: GTF Apollo
$pos: 1217.832886, 1367.385010, 1651.110718
$label: XSTR("Beta", 4637)
+id: 8
$hlight: 0
$multi_text
$end_multi_text
$end_icon
$start_icon
$type: 34
$team: Friendly
$class: GTT Elysium
$pos: -1116.268066, 0.000101, 2558.435303
$label: XSTR("GTT Comet", 7002)
+id: 9
$hlight: 0
$multi_text
$end_multi_text
$end_icon
$end_stage
$start_stage
$multi_text
 XSTR("After the Comet and the Omega have left the area, it is your responsibility to eliminate any remaining hostiles.  Once the area is clear, you are to jump back to the Galatea.", 1983)
$end_multi_text
$voice: Brief_4_g.wav
$camera_pos: 283.330627, 5888.352539, 1572.144165
$camera_orient:
	0.999994, 0.000000, 0.003466,
	-0.003465, 0.024032, 0.999705,
	-0.000083, -0.999711, 0.024032
$camera_time: 500
$num_lines: 0
$num_icons: 3
$Flags: 0
$Formula: ( true ) 
$start_icon
$type: 34
$team: Neutral
$class: GTT Elysium
$pos: 494.839813, 225.104462, 1533.680786
+id: 1
$hlight: 1
$multi_text
$end_multi_text
$end_icon
$start_icon
$type: 1
$team: Friendly
$class: GTF Valkyrie
$pos: 1808.764526, 645.394409, 1126.694824
$label: XSTR("Alpha", 4583)
+id: 7
$hlight: 0
$multi_text
$end_multi_text
$end_icon
$start_icon
$type: 34
$team: Friendly
$class: GTT Elysium
$pos: 490.830170, 0.000123, 1987.271851
$label: XSTR("GTT Comet", 7002)
+id: 9
$hlight: 0
$multi_text
$end_multi_text
$end_icon
$end_stage
$start_stage
$multi_text
 XSTR("Note that you will be required to engage Terran pilots.  These pilots are traitors to the Alliance, and no quarter should be given.  Thousands of lives are at stake.  Do not hesitate to use deadly force on the traitors.  They are your enemy.", 1984)
$end_multi_text
$voice: Brief_4_h.wav
$camera_pos: 283.330627, 5888.352539, 1572.144165
$camera_orient:
	0.999994, 0.000000, 0.003466,
	-0.003465, 0.024032, 0.999705,
	-0.000083, -0.999711, 0.024032
$camera_time: 500
$num_lines: 0
$num_icons: 4
$Flags: 1
$Formula: ( true ) 
$start_icon
$type: 34
$team: Neutral
$class: GTT Elysium
$pos: 494.839813, 225.104462, 1533.680786
$label: XSTR("Omega", 6149)
+id: 1
$hlight: 0
$multi_text
$end_multi_text
$end_icon
$start_icon
$type: 1
$team: Friendly
$class: GTF Valkyrie
$pos: 1808.764526, 645.394409, 1126.694824
$label: XSTR("Alpha", 4583)
+id: 7
$hlight: 0
$multi_text
$end_multi_text
$end_icon
$start_icon
$type: 1
$team: Neutral
$class: GTF Apollo
$pos: -475.953491, 301.919830, 1508.741577
$label: XSTR("Traitors Beta", 7003)
+id: 17
$hlight: 1
$multi_text
$end_multi_text
$end_icon
$start_icon
$type: 1
$team: Neutral
$class: GTF Apollo
$pos: -111.315247, 135.993668, 2260.504639
$label: XSTR("Traitors Alpha", 7004)
+id: 18
$hlight: 1
$multi_text
$end_multi_text
$end_icon
$end_stage
$start_stage
$multi_text
 XSTR("If you encounter significant resistance or experience severe losses, $f Delta wing will be sent by Terran Command to assist.  If further assistance is needed, call in $f Epsilon wing, as well.  Good luck, pilot.", 1985)
$end_multi_text
$voice: Brief_4_i.wav
$camera_pos: 283.330627, 5888.352539, 1572.144165
$camera_orient:
	0.999994, 0.000000, 0.003465,
	-0.003461, 0.049593, 0.998764,
	-0.000172, -0.998770, 0.049593
$camera_time: 1000
$num_lines: 0
$num_icons: 7
$Flags: 2
$Formula: ( true ) 
$start_icon
$type: 1
$team: Friendly
$class: GTF Apollo
$pos: -1908.518555, 0.000013, 1474.706543
$label: XSTR("Delta", 4452)
+id: 10
$hlight: 0
$multi_text
$end_multi_text
$end_icon
$start_icon
$type: 1
$team: Friendly
$class: GTF Apollo
$pos: 2240.104980, 0.000097, 2045.861938
$label: XSTR("Epsilon", 5022)
+id: 11
$hlight: 0
$multi_text
$end_multi_text
$end_icon
$start_icon
$type: 1
$team: Neutral
$class: PVF Anubis
$pos: -1347.733765, 0.000223, 2167.600342
$label: XSTR("Vasudan Fighters", 7005)
+id: 12
$hlight: 0
$multi_text
$end_multi_text
$end_icon
$start_icon
$type: 1
$team: Neutral
$class: PVF Anubis
$pos: 1699.307739, -0.000203, 2694.320313
$label: XSTR("Vasudan Fighters", 7005)
+id: 13
$hlight: 0
$multi_text
$end_multi_text
$end_icon
$start_icon
$type: 1
$team: Neutral
$class: PVF Anubis
$pos: 455.687378, -0.000147, 2103.443848
$label: XSTR("Vasudan Fighters", 7005)
+id: 14
$hlight: 0
$multi_text
$end_multi_text
$end_icon
$start_icon
$type: 1
$team: Friendly
$class: GTF Apollo
$pos: 222.777969, 651.978638, 1271.762085
$label: XSTR("Alpha", 4583)
+id: 15
$hlight: 0
$multi_text
$end_multi_text
$end_icon
$start_icon
$type: 1
$team: Friendly
$class: GTF Apollo
$pos: 997.141235, 1408.346802, 1655.839111
$label: XSTR("Beta", 4637)
+id: 16
$hlight: 0
$multi_text
$end_multi_text
$end_icon
$end_stage
$end_briefing

#Debriefing_info

$Num stages: 7

$Formula: ( is-destroyed-delay 0 "Omega" ) 
$Multi text
    XSTR("We wanted McCarthy taken alive, Pilot.  Your squad's lack of control is disturbing.  We are not pleased with this.", 1986)
$end_multi_text
$Voice: DeBrief_4_a.wav
$Recommendation text:
    XSTR("Make sure you use your disruptors when trying to disable McCarthy.  They do minimal damage to a ship's hull, while inflicting normal damage on its electronics and subsystems.  Once Omega is disabled, hostile ships may try to destroy him.  Make sure they do not.", 1987)
$end_multi_text

$Formula: ( is-goal-true-delay 
   "Capture the Omega" 
   0 
)
$Multi text
    XSTR("We were able to recover the Avenger prototype.  Good job.  McCarthy has been apprehended and will go to trial soon.", 1988)
$end_multi_text
$Voice: DeBrief_4_b.wav
$Recommendation text:
    XSTR("", 606)
$end_multi_text

$Formula: ( and 
   ( is-goal-false-delay 
      "Capture the Omega" 
      0 
   )
   ( not 
      ( is-destroyed-delay 0 "Omega" ) 
   )
)
$Multi text
    XSTR("We were not able to recover the stolen Avenger prototype.  This was your primary objective, and you failed.  	
	
The Vasudans will surely use this against us in future encounters.", 1989)
$end_multi_text
$Voice: DeBrief_4_c.wav
$Recommendation text:
    XSTR("Make sure you disable the Omega as soon as possible in order to recover the prototype.  Once the Omega's engines are destroyed, the GTT Comet will arrive and capture the Omega.", 1990)
$end_multi_text

$Formula: ( false ) 
$Multi text
    XSTR("This section has been removed", 1991)
$end_multi_text
$Voice: DeBrief_4_d.wav
$Recommendation text:
    XSTR("This section has been removed", 1991)
$end_multi_text

$Formula: ( and 
   ( is-goal-true-delay 
      "Capture the Rasputin" 
      0 
   )
   ( is-goal-true-delay 
      "Capture the Omega" 
      0 
   )
)
$Multi text
    XSTR("Intelligence has told us that you were cautious and managed to disable the Rasputin.  Key Vasudan personnel were on board, and their capture will assist our cause.  

This was an intelligent decision on your part, and you are to be commended for your attention to detail.

Intelligence has requested that you be awarded a Commendation Medal for your part in this capture.", 1992)
$end_multi_text
$Voice: DeBrief_4_f.wav
$Recommendation text:
    XSTR("", 606)
$end_multi_text

$Formula: ( and 
   ( is-goal-false-delay 
      "Capture the Rasputin" 
      0 
   )
   ( is-event-false-delay 
      "Rasputin dead" 
      0 
   )
)
$Multi text
    XSTR("Unfortunately, the Rasputin got away from us.  This is not a major loss, but every Vasudan that escapes will cost us in the long run.", 1993)
$end_multi_text
$Voice: DeBrief_4_g.wav
$Recommendation text:
    XSTR("Taking out enemy transports is always a good idea.  But destroying them isn't your only option.", 1994)
$end_multi_text

$Formula: ( is-event-true-delay 
   "Rasputin dead" 
   0 
)
$Multi text
    XSTR("The Rasputin and all of its contents were destroyed.  Excellent work.  It is very likely that key Vasudan personnel were on board.", 1995)
$end_multi_text
$Voice: DeBrief_4_h.wav
$Recommendation text:
    XSTR("The destruction of the Vasudan transport is not your only alternative.  Perhaps it would be beneficial to the Alliance if the transport were captured.", 1996)
$end_multi_text

#Players		;! 1 total

$Starting Shipname: Alpha 1
$Ship Choices: (
	"GTF Valkyrie"	4
)

+Weaponry Pool: (
	"ML-16 Laser"	14
	"Disruptor"	14
	"MX-50"	105
	"Fury"	320
)

#Objects		;! 34 total

$Name: Alpha 1		;! Object #0
$Display Name: XSTR("Alpha 1", 4405)
$Class: GTF Valkyrie
$Team: Friendly
$Location: 1860.210449, 651.978455, -1954.638672
$Orientation:
	0.689540, 0.723874, -0.023271,
	-0.723932, 0.687936, -0.051645,
	-0.021376, 0.052458, 0.998394
$IFF: IFF 1
$AI Behavior: None
$Cargo 1:  XSTR("Nothing", 611)
+Initial Velocity: 100
+Initial Hull: 100
+Initial Shields: 0
+Subsystem: Pilot
+Primary Banks: ( "ML-16 Laser" "Disruptor" )
$Arrival Location: Hyperspace
$Arrival Cue: ( false ) 
$Departure Location: Hyperspace
$Departure Cue: ( false ) 
$Determination: 10
+Flags: ( "cargo-known" "no-shields" "player-start" )
+Respawn priority: 0
+Group: 0
+Score: 10

$Name: Alpha 2		;! Object #1
$Display Name: XSTR("Alpha 2", 4451)
$Class: GTF Valkyrie
$Team: Friendly
$Location: 1786.371338, 567.207642, -2048.780273
$Orientation:
	0.689540, 0.723874, -0.023271,
	-0.723932, 0.687936, -0.051645,
	-0.021376, 0.052458, 0.998394
$IFF: IFF 1
$AI Behavior: None
$Cargo 1:  XSTR("Nothing", 611)
+Initial Hull: 100
+Initial Shields: 0
+Subsystem: Pilot
+Primary Banks: ( "ML-16 Laser" "Disruptor" )
$Arrival Location: Hyperspace
$Arrival Cue: ( false ) 
$Departure Location: Hyperspace
$Departure Cue: ( false ) 
$Determination: 10
+Flags: ( "cargo-known" "no-shields" )
+Respawn priority: 0
+Group: 0
+Score: 10

$Name: Alpha 3		;! Object #2
$Display Name: XSTR("Alpha 3", 4474)
$Class: GTF Valkyrie
$Team: Friendly
$Location: 1935.006836, 723.580750, -2049.311035
$Orientation:
	0.689540, 0.723874, -0.023271,
	-0.723932, 0.687936, -0.051645,
	-0.021376, 0.052458, 0.998394
$IFF: IFF 1
$AI Behavior: None
$Cargo 1:  XSTR("Nothing", 611)
+Initial Hull: 100
+Initial Shields: 0
+Subsystem: Pilot
+Primary Banks: ( "ML-16 Laser" "Disruptor" )
$Arrival Location: Hyperspace
$Arrival Cue: ( false ) 
$Departure Location: Hyperspace
$Departure Cue: ( false ) 
$Determination: 10
+Flags: ( "cargo-known" "no-shields" )
+Respawn priority: 0
+Group: 0
+Score: 10

$Name: Beta 1		;! Object #3
$Display Name: XSTR("Beta 1", 4499)
$Class: GTF Apollo
$Team: Friendly
$Location: 2545.460205, 1372.031250, -1968.656372
$Orientation:
	0.689540, 0.723874, -0.023271,
	-0.723932, 0.687936, -0.051645,
	-0.021376, 0.052458, 0.998394
$IFF: IFF 1
$AI Behavior: None
$Cargo 1:  XSTR("Nothing", 611)
+Initial Velocity: 33
+Initial Hull: 100
+Initial Shields: 0
+Subsystem: Pilot
+Primary Banks: ( "ML-16 Laser" "Disruptor" )
$Arrival Location: Hyperspace
$Arrival Cue: ( false ) 
$Departure Location: Hyperspace
$Departure Cue: ( false ) 
$Determination: 10
+Flags: ( "cargo-known" "no-shields" )
+Respawn priority: 0
+Group: 0
+Score: 10

$Name: Beta 2		;! Object #4
$Display Name: XSTR("Beta 2", 4500)
$Class: GTF Apollo
$Team: Friendly
$Location: 2474.181396, 1290.107422, -2060.776855
$Orientation:
	0.689540, 0.723874, -0.023271,
	-0.723932, 0.687936, -0.051645,
	-0.021376, 0.052458, 0.998394
$IFF: IFF 1
$AI Behavior: None
$Cargo 1:  XSTR("Nothing", 611)
+Initial Velocity: 33
+Initial Hull: 100
+Initial Shields: 0
+Subsystem: Pilot
+Primary Banks: ( "ML-16 Laser" "Disruptor" )
$Arrival Location: Hyperspace
$Arrival Cue: ( false ) 
$Departure Location: Hyperspace
$Departure Cue: ( false ) 
$Determination: 10
+Flags: ( "cargo-known" "no-shields" )
+Respawn priority: 0
+Group: 0
+Score: 10

$Name: Beta 3		;! Object #5
$Display Name: XSTR("Beta 3", 4501)
$Class: GTF Apollo
$Team: Friendly
$Location: 2621.405518, 1444.662109, -2065.745605
$Orientation:
	0.689540, 0.723874, -0.023271,
	-0.723932, 0.687936, -0.051645,
	-0.021376, 0.052458, 0.998394
$IFF: IFF 1
$AI Behavior: None
$Cargo 1:  XSTR("Nothing", 611)
+Initial Velocity: 33
+Initial Hull: 100
+Initial Shields: 0
+Subsystem: Pilot
+Primary Banks: ( "ML-16 Laser" "Disruptor" )
$Arrival Location: Hyperspace
$Arrival Cue: ( false ) 
$Departure Location: Hyperspace
$Departure Cue: ( false ) 
$Determination: 10
+Flags: ( "cargo-known" "no-shields" )
+Respawn priority: 0
+Group: 0
+Score: 10

$Name: Omega		;! Object #6
$Display Name: XSTR("Omega", 6149)
$Class: GTT Elysium
$Team: Neutral
$Location: -2014.049072, 225.103134, 2530.257813
$Orientation:
	-0.131914, 0.544138, -0.828561,
	-0.162502, 0.812686, 0.559585,
	0.977851, 0.208460, -0.018781
$IFF: IFF 1
$AI Behavior: None
$AI Goals: ( goals ( ai-waypoints-once "Freighter waypoint" 50 ) )
$Cargo 1:  XSTR("Avenger Prototype", 1997)
+Initial Hull: 100
+Initial Shields: 0
+Subsystem: Pilot
+Subsystem: weapons
$Damage: 100
+Subsystem: turret01
$Damage: 100
+Primary Banks: ( "" )
$Arrival Location: Hyperspace
$Arrival Cue: ( true ) 
$Departure Location: Hyperspace
$Departure Cue: ( are-waypoints-done-delay 
   "Omega" 
   "Waypoint path 1" 
   3 
)
$Determination: 10
+Flags: ( "cargo-known" "protect-ship" "no-shields" "escort" )
+Respawn priority: 0
+Escort priority: 0
+Hotkey: 7
+Group: 0
+Score: 10

$Name: Rasputin		;! Object #7
$Display Name: XSTR("Rasputin", 6998)
$Class: PVT Isis
$Team: Neutral
$Location: 2257.973145, 382.263336, 1974.884399
$Orientation:
	0.214060, 0.972413, 0.092702,
	0.132174, 0.065195, -0.989082,
	-0.967838, 0.223975, -0.114573
$IFF: IFF 1
$AI Behavior: None
+AI Class: Lieutenant
$Cargo 1:  XSTR("Nothing", 611)
+Initial Velocity: 10
+Initial Hull: 50
+Initial Shields: 0
+Subsystem: Pilot
+Subsystem: turret01
$Damage: 100
+Primary Banks: ( "Vasudan Light Laser" )
+Subsystem: turret02
$Damage: 100
+Primary Banks: ( "Vasudan Light Laser" )
+Subsystem: weapons
$Damage: 100
$Arrival Location: Hyperspace
$Arrival Cue: ( is-previous-goal-true 
   "sm1-03a" 
   "Secure Area" 
   ( true ) 
)
$Departure Location: Hyperspace
$Departure Cue: ( are-waypoints-done-delay 
   "Rasputin" 
   "Waypoint path 1" 
   3 
)
$Determination: 10
+Flags: ( "cargo-known" "protect-ship" "no-shields" )
+Respawn priority: 0
+Hotkey: 6
+Group: 0
+Score: 15

$Name: Traitors Alpha 1		;! Object #8
$Display Name: XSTR("Traitors Alpha 1", 7006)
$Class: GTF Apollo
$Team: Neutral
$Location: -2042.961060, 110.146156, 2688.814209
$Orientation:
	-0.065278, 0.544138, -0.836452,
	-0.206702, 0.812686, 0.544809,
	0.976224, 0.208460, 0.059424
$IFF: IFF 1
$AI Behavior: None
+AI Class: Lieutenant
$Cargo 1:  XSTR("Nothing", 611)
+Initial Hull: 100
+Initial Shields: 0
+Subsystem: Pilot
+Primary Banks: ( "ML-16 Laser" "ML-16 Laser" )
+Secondary Banks: ( "" "" )
+Sbank Ammo: ( 0 0 )
$Arrival Location: Hyperspace
$Arrival Cue: ( false ) 
$Departure Location: Hyperspace
$Departure Cue: ( false ) 
$Determination: 10
+Flags: ( "cargo-known" "no-shields" )
+Respawn priority: 0
+Group: 0
+Score: 10

$Name: Traitors Alpha 2		;! Object #9
$Display Name: XSTR("Traitors Alpha 2", 7007)
$Class: GTF Apollo
$Team: Neutral
$Location: -2059.873535, 161.841125, 2608.825928
$Orientation:
	-0.246243, 0.544138, -0.802046,
	-0.082826, 0.812686, 0.576786,
	0.965663, 0.208460, -0.155049
$IFF: IFF 1
$AI Behavior: None
+AI Class: Lieutenant
$Cargo 1:  XSTR("Nothing", 611)
+Initial Hull: 100
+Initial Shields: 0
+Subsystem: Pilot
+Primary Banks: ( "ML-16 Laser" "ML-16 Laser" )
+Secondary Banks: ( "" "" )
+Sbank Ammo: ( 0 0 )
$Arrival Location: Hyperspace
$Arrival Cue: ( false ) 
$Departure Location: Hyperspace
$Departure Cue: ( false ) 
$Determination: 10
+Flags: ( "cargo-known" "no-shields" )
+Respawn priority: 0
+Group: 0
+Score: 10

$Name: Traitors Beta 1		;! Object #10
$Display Name: XSTR("Traitors Beta 1", 7008)
$Class: GTF Apollo
$Team: Neutral
$Location: -2079.097168, 272.448425, 2442.608154
$Orientation:
	-0.164942, 0.544138, -0.822623,
	-0.139995, 0.812686, 0.565635,
	0.976317, 0.208460, -0.057869
$IFF: IFF 1
$AI Behavior: None
+AI Class: Lieutenant
$Cargo 1:  XSTR("Nothing", 611)
+Initial Hull: 100
+Initial Shields: 0
+Subsystem: Pilot
+Primary Banks: ( "ML-16 Laser" "ML-16 Laser" )
+Secondary Banks: ( "" "" )
+Sbank Ammo: ( 0 0 )
$Arrival Location: Hyperspace
$Arrival Cue: ( false ) 
$Departure Location: Hyperspace
$Departure Cue: ( false ) 
$Determination: 10
+Flags: ( "cargo-known" "no-shields" )
+Respawn priority: 0
+Group: 0
+Score: 10

$Name: Traitors Beta 2		;! Object #11
$Display Name: XSTR("Traitors Beta 2", 7009)
$Class: GTF Apollo
$Team: Neutral
$Location: -2088.427734, 331.391357, 2354.295654
$Orientation:
	-0.246243, 0.544138, -0.802046,
	-0.082826, 0.812686, 0.576786,
	0.965663, 0.208460, -0.155049
$IFF: IFF 1
$AI Behavior: None
+AI Class: Lieutenant
$Cargo 1:  XSTR("Nothing", 611)
+Initial Hull: 100
+Initial Shields: 0
+Subsystem: Pilot
+Primary Banks: ( "ML-16 Laser" "ML-16 Laser" )
+Secondary Banks: ( "" "" )
+Sbank Ammo: ( 0 0 )
$Arrival Location: Hyperspace
$Arrival Cue: ( false ) 
$Departure Location: Hyperspace
$Departure Cue: ( false ) 
$Determination: 10
+Flags: ( "cargo-known" "no-shields" )
+Respawn priority: 0
+Group: 0
+Score: 10

$Name: Aries 1		;! Object #12
$Display Name: XSTR("Aries 1", 4456)
$Class: PVF Horus
$Team: Neutral
$Location: 2389.472656, 405.700409, 2039.652466
$Orientation:
	0.200235, 0.972412, 0.119669,
	0.259277, 0.065195, -0.963600,
	-0.944818, 0.223974, -0.239070
$IFF: IFF 1
$AI Behavior: None
+AI Class: Lieutenant
$AI Goals: ( goals ( ai-guard "Rasputin" 89 ) )
$Cargo 1:  XSTR("Nothing", 611)
+Initial Hull: 100
+Initial Shields: 0
+Subsystem: Pilot
+Primary Banks: ( "Vasudan Light Laser" "" )
+Secondary Banks: ( "" "" )
+Sbank Ammo: ( 0 0 )
$Arrival Location: Hyperspace
$Arrival Cue: ( false ) 
$Departure Location: Hyperspace
$Departure Cue: ( false ) 
$Determination: 10
+Flags: ( "cargo-known" "no-shields" )
+Respawn priority: 0
+Group: 0
+Score: 10

$Name: Aries 2		;! Object #13
$Display Name: XSTR("Aries 2", 4457)
$Class: PVF Horus
$Team: Neutral
$Location: 2335.457031, 352.069733, 1854.960449
$Orientation:
	0.202589, 0.972412, 0.115641,
	0.239955, 0.065195, -0.968592,
	-0.949410, 0.223974, -0.220128
$IFF: IFF 1
$AI Behavior: None
+AI Class: Lieutenant
$AI Goals: ( goals ( ai-guard "Rasputin" 89 ) )
$Cargo 1:  XSTR("Nothing", 611)
+Initial Hull: 100
+Initial Shields: 0
+Subsystem: Pilot
+Primary Banks: ( "Vasudan Light Laser" "" )
+Secondary Banks: ( "" "" )
+Sbank Ammo: ( 0 0 )
$Arrival Location: Hyperspace
$Arrival Cue: ( false ) 
$Departure Location: Hyperspace
$Departure Cue: ( false ) 
$Determination: 10
+Flags: ( "cargo-known" "no-shields" )
+Respawn priority: 0
+Group: 0
+Score: 10

$Name: Aries 3		;! Object #14
$Display Name: XSTR("Aries 3", 4458)
$Class: PVB Osiris
$Team: Neutral
$Location: 2456.445801, 375.636993, 1921.746704
$Orientation:
	0.216744, 0.972412, 0.086239,
	0.102446, 0.065195, -0.992600,
	-0.970838, 0.223975, -0.085489
$IFF: IFF 1
$AI Behavior: None
+AI Class: Lieutenant
$AI Goals: ( goals ( ai-chase-any 89 ) )
$Cargo 1:  XSTR("Nothing", 611)
+Initial Hull: 100
+Initial Shields: 0
+Subsystem: Pilot
+Primary Banks: ( "Vasudan Light Laser" )
+Secondary Banks: ( "MX-50" "" "" )
+Sbank Ammo: ( 50 0 0 )
+Subsystem: turret01
+Primary Banks: ( "Vasudan Light Laser" )
+Subsystem: turret02
+Primary Banks: ( "Vasudan Light Laser" )
$Arrival Location: Hyperspace
$Arrival Cue: ( false ) 
$Departure Location: Hyperspace
$Departure Cue: ( false ) 
$Determination: 10
+Flags: ( "cargo-known" "no-shields" )
+Respawn priority: 0
+Group: 0
+Score: 17

$Name: GTT Comet		;! Object #15
$Display Name: XSTR("GTT Comet", 7002)
$Class: GTT Elysium
$Team: Friendly
$Location: -573.732483, -0.000077, 2617.410156
$Orientation:
	0.588253, 0.297141, 0.752108,
	0.684118, -0.678782, -0.266905,
	0.431208, 0.671538, -0.602575
$IFF: IFF 1
$AI Behavior: None
$AI Goals: ( goals ( ai-dock "Omega" "topside docking" "topside docking" 89 ) )
$Cargo 1:  XSTR("Nothing", 611)
+Initial Velocity: 100
+Initial Hull: 100
+Initial Shields: 0
+Subsystem: Pilot
+Subsystem: turret01
$Arrival Location: Hyperspace
$Arrival Cue: ( is-disabled-delay 3 "Omega" ) 
$Departure Location: Hyperspace
$Departure Cue: ( has-docked-delay 
   "GTT Comet" 
   "Omega" 
   1 
   20 
)
$Determination: 10
+Flags: ( "cargo-known" "protect-ship" "no-shields" )
+Respawn priority: 0
+Hotkey: 5
+Orders Accepted: 0		;! note that this is a bitfield!!!
+Group: 0
+Score: 10

$Name: GT Intelligence 1		;! Object #16
$Display Name: XSTR("GT Intelligence 1", 7010)
$Class: GTT Elysium
$Team: Friendly
$Location: 778.212952, -0.000005, 2989.579590
$Orientation:
	-0.268300, 0.941195, 0.205348,
	0.963269, 0.264624, 0.045689,
	-0.011338, 0.210063, -0.977622
$IFF: IFF 1
$AI Behavior: None
+AI Class: Colonel
$AI Goals: ( goals ( ai-dock "Rasputin" "topside docking" "main dock" 89 ) )
$Cargo 1:  XSTR("Nothing", 611)
+Initial Velocity: 100
+Initial Hull: 100
+Initial Shields: 0
+Subsystem: Pilot
+Subsystem: turret01
+Primary Banks: ( "" )
$Arrival Location: Hyperspace
$Arrival Cue: ( false ) 
$Departure Location: Hyperspace
$Departure Cue: ( false ) 
$Determination: 10
+Flags: ( "cargo-known" "no-shields" "invulnerable" )
+Respawn priority: 0
+Hotkey: 4
+Orders Accepted: 0		;! note that this is a bitfield!!!
+Group: 0
+Score: 10

$Name: GT Intelligence 2		;! Object #17
$Display Name: XSTR("GT Intelligence 2", 7011)
$Class: GTF Valkyrie
$Team: Friendly
$Location: 750.908508, 95.784180, 3010.477295
$Orientation:
	-0.268300, 0.941195, 0.205348,
	0.963269, 0.264624, 0.045689,
	-0.011338, 0.210063, -0.977622
$IFF: IFF 1
$AI Behavior: None
$AI Goals: ( goals ( ai-guard "GT Intelligence 1" 89 ) )
$Cargo 1:  XSTR("Nothing", 611)
+Initial Velocity: 100
+Initial Hull: 100
+Initial Shields: 0
+Subsystem: Pilot
$Arrival Location: Hyperspace
$Arrival Cue: ( false ) 
$Departure Location: Hyperspace
$Departure Cue: ( false ) 
$Determination: 10
+Flags: ( "cargo-known" "no-shields" "invulnerable" )
+Respawn priority: 0
+Orders Accepted: 0		;! note that this is a bitfield!!!
+Group: 0
+Score: 10

$Name: Delta 1		;! Object #18
$Display Name: XSTR("Delta 1", 4464)
$Class: GTF Apollo
$Team: Friendly
$Location: -921.494141, 0.000048, 1141.431885
$Orientation:
	1.000000, 0.000000, 0.000000,
	0.000000, 1.000000, 0.000000,
	0.000000, 0.000000, 1.000000
$IFF: IFF 1
$AI Behavior: None
$Cargo 1:  XSTR("Nothing", 611)
+Initial Hull: 100
+Initial Shields: 0
+Subsystem: Pilot
+Primary Banks: ( "ML-16 Laser" "ML-16 Laser" )
$Arrival Location: Hyperspace
$Arrival Cue: ( false ) 
$Departure Location: Hyperspace
$Departure Cue: ( false ) 
$Determination: 10
+Flags: ( "cargo-known" "no-shields" )
+Respawn priority: 0
+Group: 0
+Score: 10

$Name: Delta 2		;! Object #19
$Display Name: XSTR("Delta 2", 4465)
$Class: GTF Apollo
$Team: Friendly
$Location: -1039.763916, -0.000172, 1083.960693
$Orientation:
	1.000000, 0.000000, 0.000000,
	0.000000, 1.000000, 0.000000,
	0.000000, 0.000000, 1.000000
$IFF: IFF 1
$AI Behavior: None
$Cargo 1:  XSTR("Nothing", 611)
+Initial Hull: 100
+Initial Shields: 0
+Subsystem: Pilot
+Primary Banks: ( "ML-16 Laser" "ML-16 Laser" )
$Arrival Location: Hyperspace
$Arrival Cue: ( false ) 
$Departure Location: Hyperspace
$Departure Cue: ( false ) 
$Determination: 10
+Flags: ( "cargo-known" "no-shields" )
+Respawn priority: 0
+Group: 0
+Score: 10

$Name: Delta 3		;! Object #20
$Display Name: XSTR("Delta 3", 4507)
$Class: GTF Apollo
$Team: Friendly
$Location: -835.203979, -0.000003, 1038.132690
$Orientation:
	1.000000, 0.000000, 0.000000,
	0.000000, 1.000000, 0.000000,
	0.000000, 0.000000, 1.000000
$IFF: IFF 1
$AI Behavior: None
$Cargo 1:  XSTR("Nothing", 611)
+Initial Hull: 100
+Initial Shields: 0
+Subsystem: Pilot
+Primary Banks: ( "ML-16 Laser" "ML-16 Laser" )
$Arrival Location: Hyperspace
$Arrival Cue: ( false ) 
$Departure Location: Hyperspace
$Departure Cue: ( false ) 
$Determination: 10
+Flags: ( "cargo-known" "no-shields" )
+Respawn priority: 0
+Group: 0
+Score: 10

$Name: Delta 4		;! Object #21
$Display Name: XSTR("Delta 4", 4508)
$Class: GTF Apollo
$Team: Friendly
$Location: -974.364746, -0.000060, 991.883850
$Orientation:
	1.000000, 0.000000, 0.000000,
	0.000000, 1.000000, 0.000000,
	0.000000, 0.000000, 1.000000
$IFF: IFF 1
$AI Behavior: None
$Cargo 1:  XSTR("Nothing", 611)
+Initial Hull: 100
+Initial Shields: 0
+Subsystem: Pilot
+Primary Banks: ( "ML-16 Laser" "ML-16 Laser" )
$Arrival Location: Hyperspace
$Arrival Cue: ( false ) 
$Departure Location: Hyperspace
$Departure Cue: ( false ) 
$Determination: 10
+Flags: ( "cargo-known" "no-shields" )
+Respawn priority: 0
+Group: 0
+Score: 10

$Name: Epsilon 1		;! Object #22
$Display Name: XSTR("Epsilon 1", 4440)
$Class: GTF Apollo
$Team: Friendly
$Location: 988.133667, 0.000041, 1629.315674
$Orientation:
	1.000000, 0.000000, 0.000000,
	0.000000, 1.000000, 0.000000,
	0.000000, 0.000000, 1.000000
$IFF: IFF 1
$AI Behavior: None
$Cargo 1:  XSTR("Nothing", 611)
+Initial Hull: 100
+Subsystem: Pilot
+Primary Banks: ( "ML-16 Laser" "ML-16 Laser" )
$Arrival Location: Hyperspace
$Arrival Cue: ( false ) 
$Departure Location: Hyperspace
$Departure Cue: ( false ) 
$Determination: 10
+Flags: ( "cargo-known" )
+Respawn priority: 0
+Group: 0
+Score: 10

$Name: Epsilon 2		;! Object #23
$Display Name: XSTR("Epsilon 2", 4441)
$Class: GTF Apollo
$Team: Friendly
$Location: 898.672180, -0.000006, 1592.320190
$Orientation:
	1.000000, 0.000000, 0.000000,
	0.000000, 1.000000, 0.000000,
	0.000000, 0.000000, 1.000000
$IFF: IFF 1
$AI Behavior: None
$Cargo 1:  XSTR("Nothing", 611)
+Initial Hull: 100
+Subsystem: Pilot
+Primary Banks: ( "ML-16 Laser" "ML-16 Laser" )
$Arrival Location: Hyperspace
$Arrival Cue: ( false ) 
$Departure Location: Hyperspace
$Departure Cue: ( false ) 
$Determination: 10
+Flags: ( "cargo-known" )
+Respawn priority: 0
+Group: 0
+Score: 10

$Name: Epsilon 3		;! Object #24
$Display Name: XSTR("Epsilon 3", 4442)
$Class: GTF Apollo
$Team: Friendly
$Location: 1072.982056, -0.000086, 1525.946899
$Orientation:
	1.000000, 0.000000, 0.000000,
	0.000000, 1.000000, 0.000000,
	0.000000, 0.000000, 1.000000
$IFF: IFF 1
$AI Behavior: None
$Cargo 1:  XSTR("Nothing", 611)
+Initial Hull: 100
+Subsystem: Pilot
+Primary Banks: ( "ML-16 Laser" "ML-16 Laser" )
$Arrival Location: Hyperspace
$Arrival Cue: ( false ) 
$Departure Location: Hyperspace
$Departure Cue: ( false ) 
$Determination: 10
+Flags: ( "cargo-known" )
+Respawn priority: 0
+Group: 0
+Score: 10

$Name: Epsilon 4		;! Object #25
$Display Name: XSTR("Epsilon 4", 4509)
$Class: GTF Apollo
$Team: Friendly
$Location: 972.768921, 0.000049, 1460.884155
$Orientation:
	1.000000, 0.000000, 0.000000,
	0.000000, 1.000000, 0.000000,
	0.000000, 0.000000, 1.000000
$IFF: IFF 1
$AI Behavior: None
$Cargo 1:  XSTR("Nothing", 611)
+Initial Hull: 100
+Subsystem: Pilot
+Primary Banks: ( "ML-16 Laser" "ML-16 Laser" )
$Arrival Location: Hyperspace
$Arrival Cue: ( false ) 
$Departure Location: Hyperspace
$Departure Cue: ( false ) 
$Determination: 10
+Flags: ( "cargo-known" )
+Respawn priority: 0
+Group: 0
+Score: 10

$Name: Cancer 1		;! Object #26
$Display Name: XSTR("Cancer 1", 4459)
$Class: PVF Anubis
$Team: Neutral
$Location: 1646.349121, 0.000082, 2060.425781
$Orientation:
	-0.469688, -0.872699, -0.133381,
	-0.881585, 0.471670, 0.018322,
	0.046922, 0.126192, -0.990896
$IFF: IFF 1
$AI Behavior: None
$Cargo 1:  XSTR("Nothing", 611)
+Initial Hull: 100
+Initial Shields: 0
+Subsystem: Pilot
+Primary Banks: ( "Vasudan Light Laser" )
+Secondary Banks: ( "" )
