#Mission Info

$Version: 0.10
$Name:  XSTR("La Ruota della Fortuna", 2328)
$Author: Duncan McPherson
$Created: 02/24/98 at 12:24:03
$Modified: 11/12/07 at 00:43:26
$Notes:
This is a FRED created mission
$End Notes:

$Mission Desc:
 XSTR("The player is sent to destroy a HOL outpost, but gets more than s/he bargained for when a group of wily Shivans arrives on the scene beforehand.  John Ritter, Tommy Lee Jones, Sandra Bernhardt (action/comedy -- TV-14)", 2329)
$end_multi_text

+Game Type Flags: 1

+Flags: 0

+Red Alert: 0

+Scramble: 0

+Disallow Support: 0

+Player Entry Delay:
1.000000

+Viewer pos: -8063.027832, 7023.857422, 3403.474609
+Viewer orient:
	1.000000, 0.000000, 0.000000,
	0.000000, 0.322024, 0.946732,
	0.000000, -0.946732, 0.322024
+SquadReassignName: Galactic Terran Alliance
+SquadReassignLogo: GTA.pcx

;;FSO 3.6.0;; $Skybox Model: starfield.pof

#Plot Info

$Tour:  XSTR("Blah", 601)
$Pre-Briefing Cutscene: Blah
$Pre-Mission Cutscene: Blah
$Next Mission Success: Blah
$Next Mission Partial: Blah
$Next Mission Failure: Blah

#Sexp_variables

$Variables:
(
		0		"autoGenVar1"		"#GTD Galatea"		"string"
)

#Command Briefing

$Stage Text:
 XSTR("$b * $b GTD $b Galatea
$b * $b Antares $b System
$b * $b 2/15/35

$b Our $b Mission

The Hammer of Light has decimated the Vasudan fleet at Vega.  Most of the surviving Vasudan forces have retreated to Deneb and Antares.  Because our fleet is also holding Antares, relations between the VPE and the GTA have been strained.  

In order to quell the tension, we have been ordered to eliminate all Hammer of Light outposts in the vicinity.  Fortunately, we have some new tools to assist us.", 2330)
$end_multi_text
$Ani Filename: cb_starmap04.ani
+Wave Filename: CBrief_2_3_a.wav

$Stage Text:
 XSTR("$b New $b Technology: $b Phoenix $b V $b Missile

Our first new weapon is the Phoenix V anti-bomber warhead.  This missile can puncture even the thickest of shields, and can also be used effectively against larger targets, like freighters.  More details are available in the Tech Room.", 2331)
$end_multi_text
$Ani Filename: cb_phoenix.ani
+Wave Filename: CBrief_2_3_b.wav

$Stage Text:
 XSTR("$b New $b Technology: $b Medusa $b Bomber

We have also acquired a wing of the new Medusa bombers.  Though they are slower and less maneuverable than the Athena, they are far more powerful.  Once again, full details can be found in the Tech Room.", 2332)
$end_multi_text
$Ani Filename: cb_medusa.ani
+Wave Filename: CBrief_2_3_c.wav

$Stage Text:
 XSTR("$b New $b Technology: $b Tsunami $b Space $b Bomb

The new Tsunami bomb is the ultimate anti-cruiser weapon, and can be carried by the Medusas.  Just a few of these will take out any cruiser, and the Hammer of Light Aten-class cruisers are no exception.  You'll be using this bomb quite often against major Hammer of Light outposts.", 2333)
$end_multi_text
$Ani Filename: cb_tsunami.ani
+Wave Filename: CBrief_2_3_d.wav

#Briefing
$start_briefing
$num_stages: 2
$start_stage
$multi_text
 XSTR("Here in the Antares system we have detected a small HOL base of operations.  Your squadron is being sent to eliminate it.", 2334)
$end_multi_text
$voice: Brief_2_3_a.wav
$camera_pos: -8063.027832, 7023.857422, 3403.474609
$camera_orient:
	1.000000, 0.000000, 0.000000,
	0.000000, 0.322024, 0.946732,
	0.000000, -0.946732, 0.322024
$camera_time: 2000
$num_lines: 0
$num_icons: 5
$Flags: 0
$Formula: ( true ) 
$start_icon
$type: 18
$team: Neutral
$class: PVC Aten
$pos: -9093.916992, 443.199860, 6182.582031
$label: XSTR("PVC Aten", 4097)
+id: 1
$hlight: 0
$multi_text
$end_multi_text
$end_icon
$start_icon
$type: 16
$team: Neutral
$class: PVB Osiris
$pos: -8474.309570, 314.927338, 4951.937500
$label: XSTR("PVB Osiris", 4335)
+id: 2
$hlight: 0
$multi_text
$end_multi_text
$end_icon
$start_icon
$type: 16
$team: Neutral
$class: PVB Osiris
$pos: -7637.390625, 506.868561, 5226.795410
$label: XSTR("PVB Osiris", 4335)
+id: 3
$hlight: 0
$multi_text
$end_multi_text
$end_icon
$start_icon
$type: 27
$team: Neutral
$class: PVT Isis
$pos: -7665.585449, 403.845947, 6491.930664
$label: XSTR("PVT Isis", 4342)
+id: 4
$hlight: 0
$multi_text
$end_multi_text
$end_icon
$start_icon
$type: 1
$team: Neutral
$class: PVF Seth
$pos: -9829.885742, 320.716339, 5472.087891
$label: XSTR("PVF Seth", 4330)
+id: 6
$hlight: 0
$multi_text
$end_multi_text
$end_icon
$end_stage
$start_stage
$multi_text
 XSTR("You will destroy all Hammer of Light ships, then jump back to the Galatea.  The Galatea will be monitoring you in case the situation gets out of control.  Good luck.", 2335)
$end_multi_text
$voice: Brief_2_3_b.wav
$camera_pos: -6635.957520, 8968.806641, 2741.913086
$camera_orient:
	1.000000, 0.000000, 0.000000,
	0.000000, 0.292280, 0.956333,
	0.000000, -0.956333, 0.292280
$camera_time: 2000
$num_lines: 0
$num_icons: 8
$Flags: 0
$Formula: ( true ) 
$start_icon
$type: 18
$team: Neutral
$class: PVC Aten
$pos: -9293.798828, 443.200104, 6441.111328
$label: XSTR("PVC Aten", 4097)
+id: 1
$hlight: 0
$multi_text
$end_multi_text
$end_icon
$start_icon
$type: 16
$team: Neutral
$class: PVB Osiris
$pos: -9585.626953, 314.927673, 4263.653809
$label: XSTR("PVB Osiris", 4335)
+id: 2
$hlight: 0
$multi_text
$end_multi_text
$end_icon
$start_icon
$type: 16
$team: Neutral
$class: PVB Osiris
$pos: -7911.870605, 506.867798, 4372.766113
$label: XSTR("PVB Osiris", 4335)
+id: 3
$hlight: 0
$multi_text
$end_multi_text
$end_icon
$start_icon
$type: 27
$team: Neutral
$class: PVT Isis
$pos: -8037.777832, 403.845978, 5778.394043
$label: XSTR("PVT Isis", 4342)
+id: 4
$hlight: 0
$multi_text
$end_multi_text
$end_icon
$start_icon
$type: 1
$team: Neutral
$class: PVF Seth
$pos: -9892.671875, 320.716461, 5476.101074
$label: XSTR("PVF Seth", 4330)
+id: 6
$hlight: 0
$multi_text
$end_multi_text
$end_icon
$start_icon
$type: 1
$team: Friendly
$class: GTF Apollo
$pos: -4230.169434, 424.652466, 4244.359375
$label: XSTR("Alpha", 4583)
+id: 8
$hlight: 0
$multi_text
$end_multi_text
$end_icon
$start_icon
$type: 1
$team: Friendly
$class: GTF Valkyrie
$pos: -3711.932129, 507.671509, 5125.144043
$label: XSTR("Beta", 4637)
+id: 9
$hlight: 0
$multi_text
$end_multi_text
$end_icon
$start_icon
$type: 17
$team: Friendly
$class: GTB Medusa
$pos: -3054.760254, 609.866821, 6250.136719
$label: XSTR("Gamma", 4658)
+id: 10
$hlight: 0
$multi_text
$end_multi_text
$end_icon
$end_stage
$end_briefing

#Debriefing_info

$Num stages: 3

$Formula: ( is-goal-true-delay 
   "Eliminate Shivan Presence" 
   0 
)
$Multi text
    XSTR("We are pleased that you were able to suppress the Shivan influence in the Beta Aquilae system.  Their arrival was unexpected, and battling the Shivans always takes a heavy toll on our forces.  Fortunately, we can take some bitter comfort in the fact that they ''helped'' us eliminate the Hammer of Light presence in Beta Aquilae.

In light of your recent achievements in protecting GTA space from the Shivan threat, we are awarding you with the Distinguished Service Cross.  You are truly an outstanding pilot.", 2336)
$end_multi_text
$Voice: Debrief_2_3_a.wav
$Recommendation text:
    XSTR("", 606)
$end_multi_text

$Formula: ( is-goal-false-delay 
   "Eliminate Shivan Presence" 
   0 
)
$Multi text
    XSTR("Upon evaluating this mission, we have concluded that the Hammer of Light was gathered in the Beta Aquilae system only to lure the Shivans to the area.  Now that a Shivan presence in Beta Aquilae has been established, God help the Alliance.", 2337)
$end_multi_text
$Voice: Debrief_2_3_b.wav
$Recommendation text:
    XSTR("You should be able to hold out until the Galatea arrives without much difficulty.  Try to conserve strength in these first few battles, and then once the Hellions warp in, use everything you have against them.  The Galatea can handle all the fighters and even one cruiser, but you have to help it out in damaging them.  The more turrets you destroy on a cruiser, the less damage the Galatea will receive.", 2338)
$end_multi_text

$Formula: ( percent-ships-destroyed 
   45 
   "Alpha" 
   "Beta" 
   "Gamma" 
)
$Multi text
    XSTR("It saddens us that this mission cost the Alliance so many of her fine pilots.  It is our duty to honor their memories.  Tragedies such as this must strengthen our resolve against our enemies.", 2339)
$end_multi_text
$Voice: Debrief_2_3_c.wav
$Recommendation text:
    XSTR("", 606)
$end_multi_text

#Players		;! 1 total

$Starting Shipname: Alpha 1
$Ship Choices: (
	"GTF Apollo"	2
	"GTF Valkyrie"	2
	"GTB Athena"	1
	"GTB Medusa"	1
)

+Weaponry Pool: (
	"ML-16 Laser"	8
	"Disruptor"	4
	"Avenger"	18
	"Flail"	6
	"MX-50"	310
	"Fury"	480
	"Interceptor"	60
	"Phoenix V"	10
	"Stiletto"	40
	"Tsunami"	12
)

#Objects		;! 44 total

$Name: Alpha 1		;! Object #0
$Display Name: XSTR("Alpha 1", 4405)
$Class: GTF Apollo
$Team: Friendly
$Location: -5914.187500, 487.298370, 3705.780762
$Orientation:
	0.280910, -0.130281, 0.950851,
	0.490988, 0.870786, -0.025741,
	-0.824634, 0.474087, 0.308579
$IFF: IFF 1
$AI Behavior: None
$Cargo 1:  XSTR("Nothing", 611)
+Initial Velocity: 100
+Initial Hull: 100
+Subsystem: Pilot
+Primary Banks: ( "Avenger" "Avenger" )
+Secondary Banks: ( "Interceptor" "MX-50" )
$Arrival Location: Hyperspace
$Arrival Cue: ( false ) 
$Departure Location: Hyperspace
$Departure Cue: ( false ) 
$Determination: 10
+Flags: ( "cargo-known" "player-start" )
+Respawn priority: 0
+Group: 0
+Score: 10

$Name: GTD Galatea		;! Object #1
$Display Name: XSTR("GTD Galatea", 7075)
$Class: GTD Orion#Galatea
$Team: Friendly
$Location: -8390.507813, -0.001248, 2697.560547
$Orientation:
	0.837541, 0.529841, -0.133395,
	-0.544138, 0.830941, -0.115979,
	0.049393, 0.169723, 0.984254
$IFF: IFF 1
$AI Behavior: None
+AI Class: Colonel
$Cargo 1:  XSTR("Nothing", 611)
+Initial Hull: 100
+Initial Shields: 0
+Subsystem: Pilot
+Subsystem: turret01a
+Subsystem: turret02a
+Subsystem: turret03a
+Subsystem: turret04a
+Subsystem: turret05a
+Subsystem: turret06
+Subsystem: turret07
+Subsystem: turret08
+Subsystem: turret09
+Subsystem: turret10
+Subsystem: turret11
+Subsystem: turret12
+Subsystem: turret13
+Subsystem: turret14
+Subsystem: turret15
+Subsystem: turret16
$Arrival Location: Hyperspace
$Arrival Cue: ( or 
   ( is-destroyed-delay 
      7 
      "Vishnu 1" 
      "Vishnu 2" 
   )
   ( has-departed-delay 
      7 
      "Vishnu 1" 
      "Vishnu 2" 
   )
)
$Departure Location: Hyperspace
$Departure Cue: ( or 
   ( is-event-true-delay 
      "Galatea about to leave" 
      6 
   )
   ( < ( hits-left "GTD Galatea" ) 20 ) 
)
$Determination: 10
+Flags: ( "cargo-known" "no-shields" "escort" )
+Respawn priority: 0
+Escort priority: 0
+Hotkey: 7
+Orders Accepted: 0		;! note that this is a bitfield!!!
+Group: 0
+Score: 1750
$Texture Replace:
+old: nameplate
+new: GTD_Galatea

$Name: Alpha 2		;! Object #2
$Display Name: XSTR("Alpha 2", 4451)
$Class: GTF Apollo
$Team: Friendly
$Location: -5861.676758, 453.872253, 3576.645996
$Orientation:
	0.280910, -0.130281, 0.950850,
	0.490988, 0.870786, -0.025742,
	-0.824634, 0.474087, 0.308579
$IFF: IFF 1
$AI Behavior: None
$Cargo 1:  XSTR("Nothing", 611)
+Initial Velocity: 100
+Initial Hull: 100
+Subsystem: Pilot
+Primary Banks: ( "Avenger" "Avenger" )
+Secondary Banks: ( "Interceptor" "MX-50" )
$Arrival Location: Hyperspace
$Arrival Cue: ( false ) 
$Departure Location: Hyperspace
$Departure Cue: ( false ) 
$Determination: 10
+Flags: ( "cargo-known" )
+Respawn priority: 0
+Group: 0
+Score: 10
+Persona Index: 4

$Name: Alpha 3		;! Object #3
$Display Name: XSTR("Alpha 3", 4474)
$Class: GTF Apollo
$Team: Friendly
$Location: -5750.318848, 392.919678, 3638.759033
$Orientation:
	0.280910, -0.130281, 0.950850,
	0.490988, 0.870786, -0.025742,
	-0.824634, 0.474087, 0.308579
$IFF: IFF 1
$AI Behavior: None
$Cargo 1:  XSTR("Nothing", 611)
+Initial Velocity: 100
+Initial Hull: 100
+Subsystem: Pilot
+Primary Banks: ( "Avenger" "Avenger" )
+Secondary Banks: ( "Interceptor" "MX-50" )
$Arrival Location: Hyperspace
$Arrival Cue: ( false ) 
$Departure Location: Hyperspace
$Departure Cue: ( false ) 
$Determination: 10
+Flags: ( "cargo-known" "protect-ship" )
+Respawn priority: 0
+Group: 0
+Score: 10
+Persona Index: 0

$Name: Alpha 4		;! Object #4
$Display Name: XSTR("Alpha 4", 4475)
$Class: GTF Apollo
$Team: Friendly
$Location: -5702.279785, 362.005524, 3509.306396
$Orientation:
	0.280910, -0.130281, 0.950850,
	0.490988, 0.870786, -0.025742,
	-0.824634, 0.474087, 0.308579
$IFF: IFF 1
$AI Behavior: None
$Cargo 1:  XSTR("Nothing", 611)
+Initial Velocity: 100
+Initial Hull: 100
+Subsystem: Pilot
+Primary Banks: ( "Avenger" "Avenger" )
+Secondary Banks: ( "Interceptor" "MX-50" )
$Arrival Location: Hyperspace
$Arrival Cue: ( false ) 
$Departure Location: Hyperspace
$Departure Cue: ( false ) 
$Determination: 10
+Flags: ( "cargo-known" )
+Respawn priority: 0
+Group: 0
+Score: 10
+Persona Index: 4

$Name: Aries 3		;! Object #5
$Display Name: XSTR("Aries 3", 4458)
$Class: PVF Anubis
$Team: Neutral
$Location: -8228.884766, 153.000488, 5580.458496
$Orientation:
	0.650685, 0.680524, 0.336893,
	-0.378290, 0.675195, -0.633253,
	-0.658412, 0.284605, 0.696774
$IFF: IFF 1
$AI Behavior: None
$Cargo 1:  XSTR("Nothing", 611)
+Initial Velocity: 33
+Initial Hull: 100
+Subsystem: Pilot
$Arrival Location: Hyperspace
+Arrival Delay: 1
$Arrival Cue: ( true ) 
$Departure Location: Hyperspace
$Departure Cue: ( false ) 
$Determination: 10
+Flags: ( "cargo-known" )
+Respawn priority: 0
+Destroy At: 7
+Group: 0
+Score: 6

$Name: Leo 1		;! Object #6
$Display Name: XSTR("Leo 1", 4503)
$Class: PVB Osiris
$Team: Neutral
$Location: -8097.074219, 82.808029, 5426.876953
$Orientation:
	0.650685, 0.680524, 0.336893,
	-0.378290, 0.675195, -0.633253,
	-0.658412, 0.284605, 0.696774
$IFF: IFF 1
$AI Behavior: None
$Cargo 1:  XSTR("Nothing", 611)
+Initial Velocity: 33
+Initial Hull: 100
+Subsystem: Pilot
+Subsystem: turret01
+Subsystem: turret02
$Arrival Location: Hyperspace
+Arrival Delay: 1
$Arrival Cue: ( true ) 
$Departure Location: Hyperspace
$Departure Cue: ( false ) 
$Determination: 10
+Flags: ( "cargo-known" )
+Respawn priority: 0
+Destroy At: 1
+Group: 0
+Score: 17

$Name: Maltusa		;! Object #7
$Display Name: XSTR("Maltusa", 7076)
$Class: PVC Aten
$Team: Neutral
$Location: -8604.791992, 443.199493, 6145.417480
$Orientation:
	0.650685, 0.680524, 0.336893,
	-0.378290, 0.675195, -0.633253,
	-0.658412, 0.284605, 0.696774
$IFF: IFF 1
$AI Behavior: None
$Cargo 1:  XSTR("Nothing", 611)
+Initial Velocity: 33
+Initial Hull: 100
+Initial Shields: 0
+Subsystem: Pilot
+Subsystem: turret01a
+Subsystem: turret02a
+Subsystem: turret03
+Subsystem: turret04
+Subsystem: turret05
+Subsystem: turret06
$Arrival Location: Hyperspace
+Arrival Delay: 1
$Arrival Cue: ( true ) 
$Departure Location: Hyperspace
$Departure Cue: ( false ) 
$Determination: 10
+Flags: ( "cargo-known" "no-shields" )
+Respawn priority: 0
+Destroy At: 2
+Group: 0
+Score: 150

$Name: Sentry 1		;! Object #8
$Display Name: XSTR("Sentry 1", 6965)
$Class: PVSG Ankh
$Team: Neutral
$Location: -8565.547852, -1.752593, 5616.568848
$Orientation:
	0.650685, 0.680524, 0.336893,
	-0.378290, 0.675195, -0.633253,
	-0.658412, 0.284605, 0.696774
$IFF: IFF 1
$AI Behavior: None
$Cargo 1:  XSTR("Nothing", 611)
+Initial Velocity: 33
+Initial Hull: 100
+Initial Shields: 0
+Subsystem: Pilot
+Subsystem: turret01a
+Subsystem: turret02a
$Arrival Location: Hyperspace
+Arrival Delay: 1
$Arrival Cue: ( true ) 
$Departure Location: Hyperspace
$Departure Cue: ( false ) 
$Determination: 10
+Flags: ( "cargo-known" "no-shields" )
+Respawn priority: 0
+Destroy At: 7
+Group: 0
+Score: 4

$Name: Sentry 2		;! Object #9
$Display Name: XSTR("Sentry 2", 6966)
$Class: PVSG Ankh
$Team: Neutral
$Location: -8438.150391, -58.806412, 5479.631836
$Orientation:
	0.650685, 0.680524, 0.336893,
	-0.378290, 0.675195, -0.633253,
	-0.658412, 0.284605, 0.696774
$IFF: IFF 1
$AI Behavior: None
$Cargo 1:  XSTR("Nothing", 611)
+Initial Velocity: 33
+Initial Hull: 100
+Initial Shields: 0
+Subsystem: Pilot
+Subsystem: turret01a
+Subsystem: turret02a
$Arrival Location: Hyperspace
+Arrival Delay: 1
$Arrival Cue: ( true ) 
$Departure Location: Hyperspace
$Departure Cue: ( false ) 
$Determination: 10
+Flags: ( "cargo-known" "no-shields" )
+Respawn priority: 0
+Destroy At: 8
+Group: 0
+Score: 4

$Name: Sentry 3		;! Object #10
$Display Name: XSTR("Sentry 3", 6967)
$Class: PVSG Ankh
$Team: Neutral
$Location: -7832.832520, 765.909973, 5997.369629
$Orientation:
	0.650685, 0.680524, 0.336893,
	-0.378290, 0.675195, -0.633253,
	-0.658412, 0.284605, 0.696774
$IFF: IFF 1
$AI Behavior: None
$Cargo 1:  XSTR("Nothing", 611)
+Initial Velocity: 33
+Initial Hull: 100
+Initial Shields: 0
+Subsystem: Pilot
+Subsystem: turret01a
+Subsystem: turret02a
$Arrival Location: Hyperspace
+Arrival Delay: 1
$Arrival Cue: ( true ) 
$Departure Location: Hyperspace
$Departure Cue: ( false ) 
$Determination: 10
+Flags: ( "cargo-known" "no-shields" )
+Respawn priority: 0
+Destroy At: 20
+Group: 0
+Score: 4

$Name: Sentry 4		;! Object #11
$Display Name: XSTR("Sentry 4", 6968)
$Class: PVSG Ankh
$Team: Neutral
$Location: -7700.568848, 715.225342, 5864.319824
$Orientation:
	0.650685, 0.680524, 0.336893,
	-0.378290, 0.675195, -0.633253,
	-0.658412, 0.284605, 0.696774
$IFF: IFF 1
$AI Behavior: None
$Cargo 1:  XSTR("Nothing", 611)
+Initial Velocity: 33
+Initial Hull: 100
+Initial Shields: 0
+Subsystem: Pilot
+Subsystem: turret01a
+Subsystem: turret02a
$Arrival Location: Hyperspace
+Arrival Delay: 1
$Arrival Cue: ( true ) 
$Departure Location: Hyperspace
$Departure Cue: ( false ) 
$Determination: 10
+Flags: ( "cargo-known" "no-shields" )
+Respawn priority: 0
+Destroy At: 20
+Group: 0
+Score: 4

$Name: Durga 1		;! Object #12
$Display Name: XSTR("Durga 1", 4990)
$Class: SF Scorpion
$Team: Hostile
$Location: -8055.989258, 31.945753, 5348.104492
$Orientation:
	0.650685, 0.680524, 0.336893,
	-0.378290, 0.675195, -0.633253,
	-0.658412, 0.284605, 0.696774
$IFF: IFF 1
$AI Behavior: None
+AI Class: Lieutenant
$AI Goals: ( goals ( ai-chase-any 89 ) )
$Cargo 1:  XSTR("Nothing", 611)
+Initial Velocity: 100
+Initial Hull: 98
+Initial Shields: 21
+Subsystem: Pilot
+Sbank Ammo: ( 0 )
$Arrival Location: Hyperspace
$Arrival Cue: ( false ) 
$Departure Location: Hyperspace
$Departure Cue: ( false ) 
$Determination: 10
+Flags: ( )
+Respawn priority: 0
+Orders Accepted: 0		;! note that this is a bitfield!!!
+Group: 0
+Score: 10

$Name: Durga 2		;! Object #13
$Display Name: XSTR("Durga 2", 4991)
$Class: SF Scorpion
$Team: Hostile
$Location: -8036.932617, 82.138153, 5390.238281
$Orientation:
	0.650685, 0.680524, 0.336893,
	-0.378290, 0.675195, -0.633253,
	-0.658412, 0.284605, 0.696774
$IFF: IFF 1
$AI Behavior: None
+AI Class: Lieutenant
$AI Goals: ( goals ( ai-chase-any 89 ) )
$Cargo 1:  XSTR("Nothing", 611)
+Initial Velocity: 100
+Initial Hull: 98
+Initial Shields: 21
+Subsystem: Pilot
+Sbank Ammo: ( 0 )
$Arrival Location: Hyperspace
$Arrival Cue: ( false ) 
$Departure Location: Hyperspace
$Departure Cue: ( false ) 
$Determination: 10
+Flags: ( )
+Respawn priority: 0
+Orders Accepted: 0		;! note that this is a bitfield!!!
+Group: 0
+Score: 10

$Name: Durga 3		;! Object #14
$Display Name: XSTR("Durga 3", 6105)
$Class: SF Scorpion
$Team: Hostile
$Location: -7648.696289, 507.430878, 5611.774902
$Orientation:
	0.650685, 0.680524, 0.336893,
	-0.378290, 0.675195, -0.633253,
	-0.658412, 0.284605, 0.696774
$IFF: IFF 1
$AI Behavior: None
+AI Class: Lieutenant
$AI Goals: ( goals ( ai-chase-any 89 ) )
$Cargo 1:  XSTR("Nothing", 611)
+Initial Velocity: 100
+Initial Hull: 98
+Initial Shields: 21
+Subsystem: Pilot
+Sbank Ammo: ( 0 )
$Arrival Location: Hyperspace
$Arrival Cue: ( false ) 
$Departure Location: Hyperspace
$Departure Cue: ( false ) 
$Determination: 10
+Flags: ( )
+Respawn priority: 0
+Orders Accepted: 0		;! note that this is a bitfield!!!
+Group: 0
+Score: 10

$Name: Durga 4		;! Object #15
$Display Name: XSTR("Durga 4", 6106)
$Class: SF Scorpion
$Team: Hostile
$Location: -7862.581055, 278.238281, 5495.170410
$Orientation:
	0.650685, 0.680524, 0.336893,
	-0.378290, 0.675195, -0.633253,
	-0.658412, 0.284605, 0.696774
$IFF: IFF 1
$AI Behavior: None
+AI Class: Lieutenant
$AI Goals: ( goals ( ai-chase "Alpha 1" 89 ) )
$Cargo 1:  XSTR("Nothing", 611)
+Initial Velocity: 100
+Initial Hull: 98
+Initial Shields: 21
+Subsystem: Pilot
+Sbank Ammo: ( 0 )
$Arrival Location: Hyperspace
$Arrival Cue: ( false ) 
$Departure Location: Hyperspace
$Departure Cue: ( false ) 
$Determination: 10
+Flags: ( )
+Respawn priority: 0
+Orders Accepted: 0		;! note that this is a bitfield!!!
+Group: 0
+Score: 10

$Name: Indra 1		;! Object #16
$Display Name: XSTR("Indra 1", 4655)
$Class: SF Basilisk
$Team: Hostile
$Location: -7659.412598, 467.343597, 5575.434082
$Orientation:
	0.650685, 0.680524, 0.336893,
	-0.378290, 0.675195, -0.633253,
	-0.658412, 0.284605, 0.696774
$IFF: IFF 1
$AI Behavior: None
$AI Goals: ( goals ( ai-chase-any 89 ) )
$Cargo 1:  XSTR("Nothing", 611)
+Initial Velocity: 45
+Initial Hull: 75
+Initial Shields: 75
+Subsystem: Pilot
+Sbank Ammo: ( 0 0 )
$Arrival Location: Hyperspace
$Arrival Cue: ( false ) 
$Departure Location: Hyperspace
$Departure Cue: ( false ) 
$Determination: 10
+Flags: ( )
+Respawn priority: 0
+Orders Accepted: 0		;! note that this is a bitfield!!!
+Group: 0
+Score: 12

$Name: Indra 2		;! Object #17
$Display Name: XSTR("Indra 2", 4656)
$Class: SF Basilisk
$Team: Hostile
$Location: -8195.420898, 138.820419, 5545.350098
$Orientation:
	0.650685, 0.680524, 0.336893,
	-0.378290, 0.675195, -0.633253,
	-0.658412, 0.284605, 0.696774
$IFF: IFF 1
$AI Behavior: None
$AI Goals: ( goals ( ai-chase-any 89 ) )
$Cargo 1:  XSTR("Nothing", 611)
+Initial Velocity: 45
+Initial Hull: 75
+Initial Shields: 75
+Subsystem: Pilot
+Sbank Ammo: ( 0 0 )
$Arrival Location: Hyperspace
$Arrival Cue: ( false ) 
$Departure Location: Hyperspace
$Departure Cue: ( false ) 
$Determination: 10
+Flags: ( )
+Respawn priority: 0
+Orders Accepted: 0		;! note that this is a bitfield!!!
+Group: 0
+Score: 12

$Name: Asura 1		;! Object #18
$Display Name: XSTR("Asura 1", 4987)
$Class: SB Shaitan
$Team: Hostile
$Location: -8312.202148, 366.092224, 5922.903320
$Orientation:
	0.650685, 0.680524, 0.336893,
	-0.378290, 0.675195, -0.633253,
	-0.658412, 0.284605, 0.696774
$IFF: IFF 1
$AI Behavior: None
$AI Goals: ( goals ( ai-chase-any 89 ) )
$Cargo 1:  XSTR("Nothing", 611)
+Initial Velocity: 33
+Initial Hull: 75
+Initial Shields: 50
+Subsystem: Pilot
+Primary Banks: ( "Shivan Light Laser" "Shivan Light Laser" )
+Sbank Ammo: ( 50 )
$Arrival Location: Hyperspace
$Arrival Cue: ( false ) 
$Departure Location: Hyperspace
$Departure Cue: ( false ) 
$Determination: 10
+Flags: ( )
+Respawn priority: 0
+Orders Accepted: 0		;! note that this is a bitfield!!!
+Group: 0
+Score: 15

$Name: Asura 2		;! Object #19
$Display Name: XSTR("Asura 2", 4988)
$Class: SB Shaitan
$Team: Hostile
$Location: -8194.517578, 490.794983, 6025.356934
$Orientation:
	0.650685, 0.680524, 0.336893,
	-0.378290, 0.675195, -0.633253,
	-0.658412, 0.284605, 0.696774
$IFF: IFF 1
$AI Behavior: None
$AI Goals: ( goals ( ai-chase-any 89 ) )
$Cargo 1:  XSTR("Nothing", 611)
+Initial Velocity: 33
+Initial Hull: 75
+Initial Shields: 50
+Subsystem: Pilot
+Primary Banks: ( "Shivan Light Laser" "Shivan Light Laser" )
+Sbank Ammo: ( 50 )
$Arrival Location: Hyperspace
$Arrival Cue: ( false ) 
$Departure Location: Hyperspace
$Departure Cue: ( false ) 
$Determination: 10
+Flags: ( )
+Respawn priority: 0
+Orders Accepted: 0		;! note that this is a bitfield!!!
+Group: 0
+Score: 15

$Name: Asura 3		;! Object #20
$Display Name: XSTR("Asura 3", 4989)
$Class: SB Nephilim
$Team: Hostile
$Location: -8455.196289, 353.310455, 6072.783691
$Orientation:
	0.690601, -0.249685, -0.678770,
	-0.378290, 0.675195, -0.633253,
	0.616415, 0.694097, 0.371837
$IFF: IFF 1
$AI Behavior: None
$AI Goals: ( goals ( ai-chase-any 89 ) )
$Cargo 1:  XSTR("Nothing", 611)
+Initial Velocity: 33
+Initial Hull: 50
+Initial Shields: 50
+Subsystem: Pilot
+Sbank Ammo: ( 50 50 20 10 )
+Subsystem: turret01
+Subsystem: turret02
$Arrival Location: Hyperspace
$Arrival Cue: ( false ) 
$Departure Location: Hyperspace
$Departure Cue: ( false ) 
$Determination: 10
+Flags: ( )
+Respawn priority: 0
+Orders Accepted: 0		;! note that this is a bitfield!!!
+Group: 0
+Score: 20

$Name: Asura 4		;! Object #21
$Display Name: XSTR("Asura 4", 5117)
$Class: SB Nephilim
$Team: Hostile
$Location: -8272.613281, 529.580505, 6215.304688
$Orientation:
	-0.638064, 0.305424, 0.706817,
	-0.378290, 0.675195, -0.633253,
	-0.670650, -0.671438, -0.315279
$IFF: IFF 1
$AI Behavior: None
$AI Goals: ( goals ( ai-chase-any 89 ) )
$Cargo 1:  XSTR("Nothing", 611)
+Initial Velocity: 33
+Initial Hull: 50
+Initial Shields: 50
+Subsystem: Pilot
+Sbank Ammo: ( 50 50 20 10 )
+Subsystem: turret01
+Subsystem: turret02
$Arrival Location: Hyperspace
$Arrival Cue: ( false ) 
$Departure Location: Hyperspace
$Departure Cue: ( false ) 
$Determination: 10
+Flags: ( )
+Respawn priority: 0
+Orders Accepted: 0		;! note that this is a bitfield!!!
+Group: 0
+Score: 20

$Name: Rama 1		;! Object #22
$Display Name: XSTR("Rama 1", 4618)
$Class: SB Nephilim
$Team: Hostile
$Location: -8619.236328, 0.002792, 4046.829102
$Orientation:
	-0.997661, 0.000000, -0.068354,
	0.000000, 1.000000, 0.000000,
	0.068354, 0.000000, -0.997661
$IFF: IFF 1
$AI Behavior: None
+AI Class: Lieutenant
$Cargo 1:  XSTR("Nothing", 611)
+Initial Hull: 100
+Subsystem: Pilot
+Secondary Banks: ( "Unknown Bomb" "Synaptic#Shivan" "" "Unknown Bomb" )
+Sbank Ammo: ( 100 50 0 100 )
+Subsystem: turret01
+Subsystem: turret02
$Arrival Location: Hyperspace
$Arrival Cue: ( false ) 
$Departure Location: Hyperspace
$Departure Cue: ( false ) 
$Determination: 10
+Flags: ( )
+Respawn priority: 0
+Orders Accepted: 0		;! note that this is a bitfield!!!
+Group: 0
+Score: 20

$Name: Rama 2		;! Object #23
$Display Name: XSTR("Rama 2", 4619)
$Class: SF Scorpion
$Team: Hostile
$Location: -8728.919922, 0.002808, 4095.197754
$Orientation:
	-0.997661, 0.000000, -0.068354,
	0.000000, 1.000000, 0.000000,
	0.068354, 0.000000, -0.997661
$IFF: IFF 1
$AI Behavior: None
+AI Class: Lieutenant
$Cargo 1:  XSTR("Nothing", 611)
+Initial Velocity: 33
+Initial Hull: 100
+Subsystem: Pilot
+Secondary Banks: ( "Enemy MX-50#Shivan" )
+Sbank Ammo: ( 20 )
$Arrival Location: Hyperspace
$Arrival Cue: ( false ) 
$Departure Location: Hyperspace
$Departure Cue: ( false ) 
$Determination: 10
+Flags: ( )
+Respawn priority: 0
+Orders Accepted: 0		;! note that this is a bitfield!!!
+Group: 0
+Score: 10

$Name: Rama 3		;! Object #24
$Display Name: XSTR("Rama 3", 4625)
$Class: SB Nephilim
$Team: Hostile
$Location: -7803.401855, 0.002907, 4028.053711
$Orientation:
	-0.988532, 0.000000, 0.151013,
	0.000000, 1.000000, 0.000000,
	-0.151013, 0.000000, -0.988532
$IFF: IFF 1
$AI Behavior: None
+AI Class: Lieutenant
$Cargo 1:  XSTR("Nothing", 611)
+Initial Hull: 100
+Subsystem: Pilot
+Secondary Banks: ( "Unknown Bomb" "Synaptic#Shivan" "" "Unknown Bomb" )
+Sbank Ammo: ( 100 50 0 100 )
+Subsystem: turret01
+Subsystem: turret02
$Arrival Location: Hyperspace
$Arrival Cue: ( false ) 
$Departure Location: Hyperspace
$Departure Cue: ( false ) 
$Determination: 10
+Flags: ( )
+Respawn priority: 0
+Orders Accepted: 0		;! note that this is a bitfield!!!
+Group: 0
+Score: 20

$Name: Rama 4		;! Object #25
$Display Name: XSTR("Rama 4", 4626)
$Class: SF Scorpion
$Team: Hostile
$Location: -7926.584961, 0.002848, 4095.582520
$Orientation:
	-0.988532, 0.000000, 0.151013,
	0.000000, 1.000000, 0.000000,
	-0.151013, 0.000000, -0.988532
$IFF: IFF 1
$AI Behavior: None
+AI Class: Lieutenant
$Cargo 1:  XSTR("Nothing", 611)
+Initial Velocity: 33
+Initial Hull: 100
+Subsystem: Pilot
+Secondary Banks: ( "Enemy MX-50#Shivan" )
+Sbank Ammo: ( 20 )
$Arrival Location: Hyperspace
$Arrival Cue: ( false ) 
$Departure Location: Hyperspace
$Departure Cue: ( false ) 
$Determination: 10
+Flags: ( )
+Respawn priority: 0
+Orders Accepted: 0		;! note that this is a bitfield!!!
+Group: 0
+Score: 10

$Name: Vishnu 1		;! Object #26
$Display Name: XSTR("Vishnu 1", 4620)
$Class: SF Scorpion
$Team: Hostile
$Location: -5516.622070, 271.062561, 3973.900635
$Orientation:
	-0.602189, -0.130281, 0.787652,
	0.310367, 0.870786, 0.381319,
	-0.735555, 0.474087, -0.483943
$IFF: IFF 1
$AI Behavior: None
+AI Class: Major
$AI Goals: ( goals ( ai-chase-wing "Beta" 89 ) )
$Cargo 1:  XSTR("Nothing", 611)
+Initial Velocity: 100
+Initial Hull: 100
+Subsystem: Pilot
$Arrival Location: Hyperspace
$Arrival Cue: ( false ) 
$Departure Location: Hyperspace
$Departure Cue: ( false ) 
$Determination: 10
+Flags: ( )
+Respawn priority: 0
+Orders Accepted: 0		;! note that this is a bitfield!!!
+Group: 0
+Score: 10

$Name: Vishnu 2		;! Object #27
$Display Name: XSTR("Vishnu 2", 4621)
$Class: SF Scorpion
$Team: Hostile
$Location: -5533.516602, 283.331329, 4066.665283
$Orientation:
	-0.602189, -0.130281, 0.787652,
	0.310367, 0.870786, 0.381319,
	-0.735555, 0.474087, -0.483943
$IFF: IFF 1
$AI Behavior: None
+AI Class: Major
$AI Goals: ( goals ( ai-chase-wing "Beta" 89 ) )
$Cargo 1:  XSTR("Nothing", 611)
+Initial Velocity: 100
+Initial Hull: 100
+Subsystem: Pilot
$Arrival Location: Hyperspace
$Arrival Cue: ( false ) 
$Departure Location: Hyperspace
$Departure Cue: ( false ) 
$Determination: 10
+Flags: ( )
+Respawn priority: 0
+Orders Accepted: 0		;! note that this is a bitfield!!!
+Group: 0
+Score: 10

$Name: Arjuna 1		;! Object #28
$Display Name: XSTR("Arjuna 1", 4605)
$Class: SF Scorpion
$Team: Hostile
$Location: -8581.006836, 263.296783, 4395.451660
$Orientation:
	1.000000, 0.000000, 0.000000,
	0.000000, 1.000000, 0.000000,
	0.000000, 0.000000, 1.000000
$IFF: IFF 1
$AI Behavior: None
+AI Class: Lieutenant
$Cargo 1:  XSTR("Nothing", 611)
+Initial Hull: 100
+Subsystem: Pilot
+Secondary Banks: ( "Enemy MX-50#Shivan" )
+Sbank Ammo: ( 20 )
$Arrival Location: Hyperspace
$Arrival Cue: ( false ) 
$Departure Location: Hyperspace
$Departure Cue: ( false ) 
$Determination: 10
+Flags: ( )
+Respawn priority: 0
+Orders Accepted: 0		;! note that this is a bitfield!!!
+Group: 0
+Score: 10

$Name: Arjuna 2		;! Object #29
$Display Name: XSTR("Arjuna 2", 4606)
$Class: SF Scorpion
$Team: Hostile
$Location: -8545.343750, 263.296967, 4240.992188
$Orientation:
	1.000000, 0.000000, 0.000000,
	0.000000, 1.000000, 0.000000,
	0.000000, 0.000000, 1.000000
$IFF: IFF 1
$AI Behavior: None
+AI Class: Lieutenant
$Cargo 1:  XSTR("Nothing", 611)
+Initial Hull: 100
+Subsystem: Pilot
+Secondary Banks: ( "Enemy MX-50#Shivan" )
+Sbank Ammo: ( 20 )
$Arrival Location: Hyperspace
$Arrival Cue: ( false ) 
$Departure Location: Hyperspace
$Departure Cue: ( false ) 
$Determination: 10
+Flags: ( )
+Respawn priority: 0
+Orders Accepted: 0		;! note that this is a bitfield!!!
+Group: 0
+Score: 10

$Name: Krishna 1		;! Object #30
$Display Name: XSTR("Krishna 1", 4609)
$Class: SF Scorpion
$Team: Hostile
$Location: -8008.848633, 180.138092, 4705.839355
$Orientation:
	0.813879, 0.000000, -0.581035,
	0.000000, 1.000000, 0.000000,
	0.581035, 0.000000, 0.813879
$IFF: IFF 1
$AI Behavior: None
$Cargo 1:  XSTR("Nothing", 611)
+Initial Hull: 100
+Subsystem: Pilot
$Arrival Location: Hyperspace
$Arrival Cue: ( false ) 
$Departure Location: Hyperspace
$Departure Cue: ( false ) 
$Determination: 10
+Flags: ( )
+Respawn priority: 0
+Orders Accepted: 0		;! note that this is a bitfield!!!
+Group: 0
+Score: 10

$Name: Krishna 2		;! Object #31
$Display Name: XSTR("Krishna 2", 4610)
$Class: SF Scorpion
$Team: Hostile
$Location: -7919.313477, 180.138229, 4514.711426
$Orientation:
	0.813879, 0.000000, -0.581035,
	0.000000, 1.000000, 0.000000,
	0.581035, 0.000000, 0.813878
$IFF: IFF 1
$AI Behavior: None
$Cargo 1:  XSTR("Nothing", 611)
+Initial Hull: 100
+Subsystem: Pilot
$Arrival Location: Hyperspace
$Arrival Cue: ( false ) 
$Departure Location: Hyperspace
$Departure Cue: ( false ) 
$Determination: 10
+Flags: ( )
+Respawn priority: 0
+Orders Accepted: 0		;! note that this is a bitfield!!!
+Group: 0
+Score: 10

$Name: Arjuna 3		;! Object #32
$Display Name: XSTR("Arjuna 3", 4607)
$Class: SF Scorpion
$Team: Hostile
$Location: -8804.486328, 263.296967, 4368.512207
$Orientation:
	1.000000, 0.000000, 0.000000,
	0.000000, 1.000000, 0.000000,
	0.000000, 0.000000, 1.000000
$IFF: IFF 1
$AI Behavior: None
+AI Class: Lieutenant
$Cargo 1:  XSTR("Nothing", 611)
+Initial Velocity: 33
+Initial Hull: 100
+Subsystem: Pilot
+Secondary Banks: ( "Enemy MX-50#Shivan" )
+Sbank Ammo: ( 20 )
$Arrival Location: Hyperspace
$Arrival Cue: ( false ) 
$Departure Location: Hyperspace
$Departure Cue: ( false ) 
$Determination: 10
+Flags: ( )
+Respawn priority: 0
+Orders Accepted: 0		;! note that this is a bitfield!!!
+Group: 0
+Score: 10

$Name: Krishna 3		;! Object #33
$Display Name: XSTR("Krishna 3", 4611)
$Class: SF Scorpion
$Team: Hostile
$Location: -7863.380371, 180.138016, 4841.015625
$Orientation:
	0.813879, 0.000000, -0.581035,
	0.000000, 1.000000, 0.000000,
	0.581035, 0.000000, 0.813878
$IFF: IFF 1
$AI Behavior: None
$Cargo 1:  XSTR("Nothing", 611)
+Initial Velocity: 33
+Initial Hull: 100
+Subsystem: Pilot
$Arrival Location: Hyperspace
$Arrival Cue: ( false ) 
$Departure Location: Hyperspace
$Departure Cue: ( false ) 
$Determination: 10
+Flags: ( )
+Respawn priority: 0
+Orders Accepted: 0		;! note that this is a bitfield!!!
+Group: 0
+Score: 10

$Name: Hellions 1		;! Object #34
$Display Name: XSTR("Hellions 1", 7077)
$Class: SC Lilith
$Team: Hostile
$Location: -8454.854492, 0.000180, 7516.129883
$Orientation:
	-0.994130, 0.000000, 0.108195,
	0.000000, 1.000000, 0.000000,
	-0.108195, 0.000000, -0.994130
$IFF: IFF 1
$AI Behavior: None
+AI Class: Major
$AI Goals: ( goals ( ai-chase "GTD Galatea" 89 ) )
$Cargo 1:  XSTR("Nothing", 611)
+Initial Hull: 100
+Initial Shields: 0
+Subsystem: Pilot
+Subsystem: turret01
+Subsystem: turret02
+Subsystem: turret03
+Subsystem: turret04
+Subsystem: turret05
+Subsystem: turret06
+Subsystem: turret07
+Subsystem: turret08
+Subsystem: turret09
$Arrival Location: Hyperspace
$Arrival Cue: ( false ) 
$Departure Location: Hyperspace
$Departure Cue: ( false ) 
$Determination: 10
+Flags: ( "no-shields" "escort" )
+Respawn priority: 0
+Escort priority: 0
+Hotkey: 6
+Orders Accepted: 0		;! note that this is a bitfield!!!
+Group: 0
+Score: 450

$Name: Beta 1		;! Object #35
$Display Name: XSTR("Beta 1", 4499)
$Class: GTF Valkyrie
$Team: Friendly
$Location: -6052.904785, 575.206543, 4033.666992
$Orientation:
	0.290404, -0.130281, 0.947994,
	0.490706, 0.870786, -0.030650,
	-0.821507, 0.474087, 0.316810
$IFF: IFF 1
$AI Behavior: None
$Cargo 1:  XSTR("Nothing", 611)
+Initial Hull: 100
+Subsystem: Pilot
+Primary Banks: ( "Avenger" "Avenger" )
$Arrival Location: Hyperspace
$Arrival Cue: ( false ) 
$Departure Location: Hyperspace
$Departure Cue: ( false ) 
$Determination: 10
+Flags: ( "cargo-known" "protect-ship" )
+Respawn priority: 0
+Group: 0
+Score: 10
+Persona Index: 1

$Name: Beta 2		;! Object #36
$Display Name: XSTR("Beta 2", 4500)
$Class: GTF Valkyrie
$Team: Friendly
$Location: -5951.410156, 519.153687, 4073.365967
$Orientation:
	0.290404, -0.130281, 0.947994,
	0.490706, 0.870786, -0.030650,
	-0.821507, 0.474087, 0.316810
$IFF: IFF 1
$AI Behavior: None
$Cargo 1:  XSTR("Nothing", 611)
+Initial Hull: 100
+Subsystem: Pilot
+Primary Banks: ( "Avenger" "Avenger" )
$Arrival Location: Hyperspace
$Arrival Cue: ( false ) 
$Departure Location: Hyperspace
$Departure Cue: ( false ) 
$Determination: 10
+Flags: ( "cargo-known" )
+Respawn priority: 0
+Group: 0
+Score: 10
+Persona Index: 1

$Name: Gamma 1		;! Object #37
$Display Name: XSTR("Gamma 1", 4705)
$Class: GTB Medusa
$Team: Friendly
$Location: -6197.852539, 669.803955, 4468.892578
$Orientation:
	0.437728, -0.130281, 0.889619,
	0.479555, 0.870786, -0.108437,
	-0.760540, 0.474087, 0.443644
$IFF: IFF 1
$AI Behavior: None
$Cargo 1:  XSTR("Nothing", 611)
+Initial Hull: 100
+Subsystem: Pilot
+Secondary Banks: ( "Tsunami" "MX-50" "Stiletto" )
+Subsystem: turret01a
$Arrival Location: Hyperspace
$Arrival Cue: ( false ) 
$Departure Location: Hyperspace
$Departure Cue: ( false ) 
$Determination: 10
+Flags: ( "cargo-known" "protect-ship" )
+Respawn priority: 0
+Group: 0
+Score: 17
+Persona Index: 2

$Name: Gamma 2		;! Object #38
$Display Name: XSTR("Gamma 2", 4948)
$Class: GTB Medusa
$Team: Friendly
$Location: -6017.396973, 569.817017, 4528.503906
$Orientation:
	0.437728, -0.130281, 0.889619,
	0.479555, 0.870786, -0.108437,
	-0.760540, 0.474087, 0.443644
$IFF: IFF 1
$AI Behavior: None
$Cargo 1:  XSTR("Nothing", 611)
+Initial Velocity: 33
+Initial Hull: 100
+Subsystem: Pilot
+Secondary Banks: ( "Tsunami" "MX-50" "Stiletto" )
+Subsystem: turret01a
$Arrival Location: Hyperspace
$Arrival Cue: ( false ) 
$Departure Location: Hyperspace
$Departure Cue: ( false ) 
$Determination: 10
+Flags: ( "cargo-known" )
+Respawn priority: 0
+Group: 0
+Score: 17
+Persona Index: 2

$Name: Delta 1		;! Object #39
$Display Name: XSTR("Delta 1", 4464)
$Class: GTB Medusa
$Team: Friendly
$Location: -9053.697266, -0.000029, 3065.995850
$Orientation:
	1.000000, 0.000000, 0.000000,
	0.000000, 1.000000, 0.000000,
	0.000000, 0.000000, 1.000000
$IFF: IFF 1
$AI Behavior: None
+AI Class: Major
$Cargo 1:  XSTR("Nothing", 611)
+Initial Velocity: 100
+Initial Hull: 100
+Subsystem: Pilot
+Secondary Banks: ( "Interceptor" "MX-50" "Synaptic" )
+Subsystem: turret01a
$Arrival Location: Hyperspace
$Arrival Cue: ( false ) 
$Departure Location: Hyperspace
$Departure Cue: ( false ) 
$Determination: 10
+Flags: ( "cargo-known" )
+Respawn priority: 0
+Group: 0
+Score: 17
+Persona Index: 3

$Name: Delta 2		;! Object #40
$Display Name: XSTR("Delta 2", 4465)
$Class: GTB Medusa
$Team: Friendly
$Location: -9155.467773, 0.000007, 2930.457764
$Orientation:
	1.000000, 0.000000, 0.000000,
	0.000000, 1.000000, 0.000000,
	0.000000, 0.000000, 1.000000
$IFF: IFF 1
$AI Behavior: None
+AI Class: Major
$Cargo 1:  XSTR("Nothing", 611)
+Initial Velocity: 100
+Initial Hull: 100
+Subsystem: Pilot
+Secondary Banks: ( "Interceptor" "MX-50" "Synaptic" )
+Subsystem: turret01a
$Arrival Location: Hyperspace
$Arrival Cue: ( false ) 
$Departure Location: Hyperspace
$Departure Cue: ( false ) 
$Determination: 10
+Flags: ( "cargo-known" )
+Respawn priority: 0
+Group: 0
+Score: 17
+Persona Index: 3

$Name: Delta 3		;! Object #41
$Display Name: XSTR("Delta 3", 4507)
$Class: GTF Valkyrie
$Team: Friendly
$Location: -9018.537109, 0.000014, 2951.799805
$Orientation:
	1.000000, 0.000000, 0.000000,
	0.000000, 1.000000, 0.000000,
	0.000000, 0.000000, 1.000000
$IFF: IFF 1
$AI Behavior: None
+AI Class: Major
$Cargo 1:  XSTR("Nothing", 611)
+Initial Velocity: 100
+Initial Hull: 100
+Subsystem: Pilot
+Primary Banks: ( "Avenger" "Avenger" )
+Secondary Banks: ( "Interceptor" )
$Arrival Location: Hyperspace
$Arrival Cue: ( false ) 
$Departure Location: Hyperspace
$Departure Cue: ( false ) 
$Determination: 10
+Flags: ( "cargo-known" )
+Respawn priority: 0
+Group: 0
+Score: 10
+Persona Index: 3

$Name: Delta 4		;! Object #42
$Display Name: XSTR("Delta 4", 4508)
$Class: GTF Valkyrie
$Team: Friendly
$Location: -9163.843750, 0.000143, 3080.314941
$Orientation:
	1.000000, 0.000000, 0.000000,
	0.000000, 1.000000, 0.000000,
	0.000000, 0.000000, 1.000000
$IFF: IFF 1
$AI Behavior: None
+AI Class: Major
$Cargo 1:  XSTR("Nothing", 611)
+Initial Velocity: 100
+Initial Hull: 100
+Subsystem: Pilot
+Primary Banks: ( "Avenger" "Avenger" )
+Secondary Banks: ( "Interceptor" )
$Arrival Location: Hyperspace
$Arrival Cue: ( false ) 
$Departure Location: Hyperspace
$Departure Cue: ( false ) 
$Determination: 10
+Flags: ( "cargo-known" )
+Respawn priority: 0
+Group: 0
+Score: 10
+Persona Index: 3

$Name: Hellions 2		;! Object #43
$Display Name: XSTR("Hellions 2", 7078)
$Class: SC Cain
$Team: Hostile
$Location: -9162.208008, 0.000273, 7753.137695
$Orientation:
	-0.994130, 0.000000, 0.108195,
	0.000000, 1.000000, 0.000000,
	-0.108195, 0.000000, -0.994130
$IFF: IFF 1
$AI Behavior: None
+AI Class: Major
$AI Goals: ( goals ( ai-chase "GTD Galatea" 89 ) )
$Cargo 1:  XSTR("Nothing", 611)
+Initial Hull: 100
