#Mission Info

$Version: 0.10
$Name:  XSTR("The Meeting", 7126)
$Author: UNICRON
$Created: 09/26/98 at 17:58:20
$Modified: 01/15/12 at 01:04:49
$Notes:
This is a FRED created mission
$End Notes:

$Mission Desc:
 XSTR("A mission in which the players must guard a small transport until it has exchanged it's cargo with the PVT ISIS. (seems simple enough!!!).

Max 6 respawns. recommended 3", 7127)
$end_multi_text

+Game Type Flags: 10

+Flags: 0

+Num Players: 4

+Num Respawns: 6

+Red Alert: 0

+Scramble: 0

+Disallow Support: 0

+Player Entry Delay:
5.000000

+Viewer pos: -535.756470, 12485.491211, 930.884460
+Viewer orient:
	0.996520, 0.000000, -0.083352,
	0.068373, 0.571943, 0.817439,
	0.047673, -0.820293, 0.569953

;;FSO 3.6.0;; $Skybox Model: starfield.pof

#Plot Info

$Tour:  XSTR("Blah", 601)
$Pre-Briefing Cutscene: Blah
$Pre-Mission Cutscene: Blah
$Next Mission Success: Blah
$Next Mission Partial: Blah
$Next Mission Failure: Blah

#Sexp_variables

$Variables:
(
		0		"autoGenVar1"		"#Command"		"string"
)

#Command Briefing

#Briefing
$start_briefing
$num_stages: 3
$start_stage
$multi_text
 XSTR("Pilots attend. We have arranged to meet with the Vasuden transport Isis carrying the vital tactical information regarding the Shivan fleets current deployment.", 7128)
$end_multi_text
$voice: w1.wav
$camera_pos: -545.296509, 648.439453, 7685.776855
$camera_orient:
	0.996520, 0.000000, -0.083352,
	0.068373, 0.571944, 0.817438,
	0.047673, -0.820293, 0.569953
$camera_time: 500
$num_lines: 0
$num_icons: 2
$Flags: 1
$Formula: ( true ) 
$start_icon
$type: 34
$team: Friendly
$class: PVT Isis
$pos: -513.320374, -0.000532, 8051.703613
$label: XSTR("PVT Isis", 4266)
+id: 2
$hlight: 0
$multi_text
$end_multi_text
$end_icon
$start_icon
$type: 1
$team: Friendly
$class: PVF Seth
$pos: -577.409241, -0.000185, 8133.330078
$label: XSTR("Pivit", 7129)
+id: 3
$hlight: 0
$multi_text
$end_multi_text
$end_icon
$end_stage
$start_stage
$multi_text
 XSTR("You will be positioned near to Nav Bouy 24. There you will oversee the docking proceedure and transfer of the tactical data. 

The GTT Elysium is carrying Vasuden Technicians who are hitching a ride back to Vasuda Prime. They will transfer to the Isis upon it's arrival.", 7130)
$end_multi_text
$voice: w2.wav
$camera_pos: -448.639343, 787.196289, 6384.392578
$camera_orient:
	0.997296, 0.000000, 0.073489,
	-0.060283, 0.571943, 0.818075,
	-0.042031, -0.820293, 0.570397
$camera_time: 500
$num_lines: 0
$num_icons: 6
$Flags: 1
$Formula: ( true ) 
$start_icon
$type: 1
$team: Friendly
$class: PVF Seth
$pos: -507.611328, -0.000352, 8136.324707
$label: XSTR("Pivit 2", 7131)
+id: 1
$hlight: 0
$multi_text
$end_multi_text
$end_icon
$start_icon
$type: 34
$team: Friendly
$class: PVT Isis
$pos: -513.320374, -0.000532, 8051.703613
$label: XSTR("PVT Isis", 4266)
+id: 2
$hlight: 0
$multi_text
$end_multi_text
$end_icon
$start_icon
$type: 1
$team: Friendly
$class: PVF Seth
$pos: -577.409241, -0.000185, 8133.330078
$label: XSTR("Pivit", 7129)
+id: 3
$hlight: 0
$multi_text
$end_multi_text
$end_icon
$start_icon
$type: 9
$team: Friendly
$class: Terran NavBuoy
$pos: -433.041016, 0.000138, 6838.682129
$label: XSTR("Terran NavBuoy 24", 7132)
+id: 4
$hlight: 0
$multi_text
$end_multi_text
$end_icon
$start_icon
$type: 1
$team: Friendly
$class: GTF Valkyrie
$pos: -606.460754, -1.175738, 6953.478516
$label: XSTR("Alpha", 4524)
+id: 6
$hlight: 0
$multi_text
$end_multi_text
$end_icon
$start_icon
$type: 34
$team: Friendly
$class: GTT Elysium
$pos: -526.409790, 7.898731, 7076.574707
$label: XSTR("GTT Elysium", 4111)
+id: 7
$hlight: 0
$multi_text
$end_multi_text
$end_icon
$end_stage
$start_stage
$multi_text
 XSTR("We don't expect any resistance as this area of space is rarely used. However you should keep on your toes though pilot. Good Luck.", 7133)
$end_multi_text
$voice: w3.wav
$camera_pos: -665.646545, 4682.754395, 4185.051270
$camera_orient:
	0.999052, 0.000000, -0.043544,
	0.035719, 0.571943, 0.819515,
	0.024905, -0.820293, 0.571401
$camera_time: 500
$num_lines: 0
$num_icons: 6
$Flags: 0
$Formula: ( true ) 
$start_icon
$type: 1
$team: Friendly
$class: PVF Seth
$pos: 230.475403, 0.000062, 8587.423828
$label: XSTR("Pivit", 7129)
+id: 1
$hlight: 0
$multi_text
$end_multi_text
$end_icon
$start_icon
$type: 34
$team: Friendly
$class: PVT Isis
$pos: 49.109520, 0.000856, 7486.449707
$label: XSTR("PVT Isis", 4266)
+id: 2
$hlight: 0
$multi_text
$end_multi_text
$end_icon
$start_icon
$type: 9
$team: Friendly
$class: Terran NavBuoy
$pos: 363.940521, -0.000179, 6323.865723
$label: XSTR("Terran NavBuoy 24", 7132)
+id: 4
$hlight: 0
$multi_text
$end_multi_text
$end_icon
$start_icon
$type: 34
$team: Friendly
$class: GTT Elysium
$pos: 395.515686, 7.898259, 7465.730957
$label: XSTR("GTT Elysium", 4111)
+id: 7
$hlight: 0
$multi_text
$end_multi_text
$end_icon
$start_icon
$type: 1
$team: Friendly
$class: GTF Ulysses
$pos: 1190.158325, 643.108337, 6624.869629
$label: XSTR("Epsilon", 4964)
+id: 9
$hlight: 0
$multi_text
$end_multi_text
$end_icon
$start_icon
$type: 1
$team: Friendly
$class: GTF Valkyrie
$pos: -847.663330, -1.175894, 6660.790039
$label: XSTR("Alpha", 4524)
+id: 10
$hlight: 0
$multi_text
$end_multi_text
$end_icon
$end_stage
$end_briefing

#Debriefing_info

$Num stages: 3

$Formula: ( is-goal-false-delay "Guard Duty" 0 ) 
$Multi text
    XSTR("You have failed to protect the transports during thier meeting. Thanks to you, not only did we loose the tactical data, but over 20 of the Vasudens best enginerring technicians lost their lives.", 7134)
$end_multi_text
$Voice: w1a.wav
$Recommendation text:
    XSTR("Protect the transports at all costs.", 7135)
$end_multi_text

$Formula: ( and 
   ( is-goal-true-delay "Guard Duty" 0 ) 
   ( is-goal-true-delay 
      "Destroy Death Storm" 
      0 
   )
)
$Multi text
    XSTR("We've just recieved a communication from the Vasuden High Council. They have reported that the captain of the Isis was a member of the Hammer of Light. 

As shocking as it is to hear that there are HOL members still at large, It was even more disturbing to have been setup by them. 

Fortunatly due to your efforts the Elysium was not lost in vein. With the destruction of the Death Storm the Shivan attacks in this area appear to have dropped to almost non existant levels. Well Done.", 7136)
$end_multi_text
$Voice: w2a.wav
$Recommendation text:
    XSTR("Congratulations Pilot. Your performance during this mission was amazing.", 7137)
$end_multi_text

$Formula: ( is-event-true-delay "retreat" 0 ) 
$Multi text
    XSTR("We've just recieved a communication from the Vasuden High Command. They have reported that the captain of the Isis was a member of the Hammer of Light. 

As shocking as it is to hear that there are HOL members still at large, It was even more disturbing to have been setup by them. 

With the destuction of the the GTD Prometheus, the Shivan threat in this area appears to be on the increase. The loss of the Prometheus will be greatly mourned.

Dismissed.", 7138)
$end_multi_text
$Voice: w2b.wav
$Recommendation text:
    XSTR("Try to do things differently. The mission can be a success if put your mind to it. Remember you have Bombers, and extra fighter wings. Use them!!", 7139)
$end_multi_text

#Players		;! 4 total

$Starting Shipname: Alpha 1
$Ship Choices: (
	"GTF Ulysses"	5
	"GTF Valkyrie"	5
	"GTB Athena"	5
	"GTB Medusa"	5
)

+Weaponry Pool: (
	"ML-16 Laser"	20
	"Disruptor"	5
	"D-Advanced"	5
	"Avenger"	16
	"Flail"	14
	"Prometheus"	9
	"Banshee"	50
	"MX-50"	50
	"D-Missile"	50
	"Fury"	200
	"Hornet"	410
	"Interceptor"	10
	"Phoenix V"	10
	"Synaptic"	200
	"Stiletto"	400
	"Tsunami"	28
	"Harbinger"	11
)

#Objects		;! 59 total

$Name: Alpha 1		;! Object #0
$Display Name: XSTR("Alpha 1", 4346)
$Class: GTF Ulysses
$Team: Friendly
$Location: -605.617432, 0.000706, 6970.982422
$Orientation:
	0.999800, -0.019710, -0.003383,
	0.019487, 0.998196, -0.056817,
	0.004498, 0.056740, 0.998380
$IFF: IFF 1
$AI Behavior: None
$Cargo 1:  XSTR("Nothing", 611)
+Initial Hull: 100
+Subsystem: Pilot
+Primary Banks: ( "Prometheus" "Flail" )
+Secondary Banks: ( "Hornet" )
$Arrival Location: Hyperspace
$Arrival Cue: ( false ) 
$Departure Location: Hyperspace
$Departure Cue: ( false ) 
$Determination: 10
+Flags: ( "cargo-known" "player-start" )
+Respawn priority: 0
+Group: 0
+Use Table Score:
+Score: 12

$Name: GTSC Faustus 2		;! Object #1
$Display Name: XSTR("GTSC Faustus 2", 7140)
$Class: GTSC Faustus
$Team: Friendly
$Location: 2577.533203, 892.911194, 6923.130371
$Orientation:
	0.821826, 0.072922, 0.565054,
	-0.059806, 0.997338, -0.041726,
	-0.566592, 0.000498, 0.823999
$IFF: IFF 1
$AI Behavior: None
$AI Goals: ( goals ( ai-chase "SC Devils claw" 50 ) )
$Cargo 1:  XSTR("Nothing", 611)
+Initial Velocity: 33
+Initial Hull: 100
+Initial Shields: 100
+Subsystem: Pilot
+Subsystem: turret01
+Subsystem: turret02
+Subsystem: turret03
+Subsystem: turret04
+Subsystem: turret05
+Subsystem: turret06
$Arrival Location: Hyperspace
$Arrival Cue: ( has-arrived-delay 
   5 
   "SC Devils claw" 
)
$Departure Location: Hyperspace
$Departure Cue: ( or 
   ( is-event-true-delay "retreat" 15 ) 
   ( is-destroyed-delay 
      15 
      "SD Death Storm" 
   )
)
$Determination: 10
+Flags: ( "cargo-known" "no-shields" )
+Respawn priority: 0
+Orders Accepted: 1		;! note that this is a bitfield!!!
+Group: 0
+Use Table Score:
+Score: 50

$Name: Zeta 1		;! Object #2
$Display Name: XSTR("Zeta 1", 4483)
$Class: GTF Ulysses
$Team: Friendly
$Location: 2328.718262, 652.397766, 6830.202637
$Orientation:
	0.821826, 0.072922, 0.565054,
	-0.059806, 0.997338, -0.041726,
	-0.566592, 0.000498, 0.823999
$IFF: IFF 1
$AI Behavior: None
+AI Class: Lieutenant
$Cargo 1:  XSTR("Nothing", 611)
+Initial Velocity: 33
+Initial Hull: 100
+Subsystem: Pilot
$Arrival Location: Hyperspace
$Arrival Cue: ( false ) 
$Departure Location: Hyperspace
$Departure Cue: ( false ) 
$Determination: 10
+Flags: ( "cargo-known" )
+Respawn priority: 0
+Group: 0
+Use Table Score:
+Score: 12

$Name: Alpha 2		;! Object #3
$Display Name: XSTR("Alpha 2", 4392)
$Class: GTF Ulysses
$Team: Friendly
$Location: -580.126343, -2.352182, 6938.429688
$Orientation:
	0.999800, -0.019711, -0.003384,
	0.019487, 0.998194, -0.056817,
	0.004498, 0.056740, 0.998379
$IFF: IFF 1
$AI Behavior: None
$Cargo 1:  XSTR("Nothing", 611)
+Initial Hull: 100
+Subsystem: Pilot
+Primary Banks: ( "Prometheus" "Flail" )
+Secondary Banks: ( "Hornet" )
$Arrival Location: Hyperspace
$Arrival Cue: ( false ) 
$Departure Location: Hyperspace
$Departure Cue: ( false ) 
$Determination: 10
+Flags: ( "cargo-known" "player-start" )
+Respawn priority: 0
+Group: 0
+Score: 10

$Name: Alpha 3		;! Object #4
$Display Name: XSTR("Alpha 3", 4415)
$Class: GTF Ulysses
$Team: Friendly
$Location: -632.795166, -1.460700, 6935.975098
$Orientation:
	0.999800, -0.019711, -0.003384,
	0.019487, 0.998194, -0.056817,
	0.004498, 0.056740, 0.998379
$IFF: IFF 1
$AI Behavior: None
$Cargo 1:  XSTR("Nothing", 611)
+Initial Hull: 100
+Subsystem: Pilot
+Primary Banks: ( "Prometheus" "Flail" )
+Secondary Banks: ( "Hornet" )
$Arrival Location: Hyperspace
$Arrival Cue: ( false ) 
$Departure Location: Hyperspace
$Departure Cue: ( false ) 
$Determination: 10
+Flags: ( "cargo-known" "player-start" )
+Respawn priority: 0
+Group: 0
+Score: 10

$Name: Lambda 1		;! Object #5
$Display Name: XSTR("Lambda 1", 7141)
$Class: GTF Valkyrie
$Team: Friendly
$Location: 2215.083496, 738.329102, 7017.116699
$Orientation:
	0.821826, 0.072922, 0.565054,
	-0.059806, 0.997338, -0.041726,
	-0.566592, 0.000498, 0.823999
$IFF: IFF 1
$AI Behavior: None
+AI Class: Lieutenant
$Cargo 1:  XSTR("Nothing", 611)
+Initial Hull: 100
+Subsystem: Pilot
+Primary Banks: ( "Avenger" "Prometheus" )
+Secondary Banks: ( "Interceptor" )
$Arrival Location: Hyperspace
$Arrival Cue: ( false ) 
$Departure Location: Hyperspace
$Departure Cue: ( false ) 
$Determination: 10
+Flags: ( "cargo-known" )
+Respawn priority: 0
+Group: 0
+Use Table Score:
+Score: 10

$Name: Lambda 2		;! Object #6
$Display Name: XSTR("Lambda 2", 7142)
$Class: GTF Valkyrie
$Team: Friendly
$Location: 2240.721191, 743.323486, 6984.990723
$Orientation:
	0.821826, 0.072922, 0.565054,
	-0.059806, 0.997338, -0.041726,
	-0.566592, 0.000498, 0.823999
$IFF: IFF 1
$AI Behavior: None
+AI Class: Lieutenant
$Cargo 1:  XSTR("Nothing", 611)
+Initial Hull: 100
+Subsystem: Pilot
+Primary Banks: ( "Avenger" "Prometheus" )
+Secondary Banks: ( "Interceptor" )
$Arrival Location: Hyperspace
$Arrival Cue: ( false ) 
$Departure Location: Hyperspace
$Departure Cue: ( false ) 
$Determination: 10
+Flags: ( "cargo-known" )
+Respawn priority: 0
+Group: 0
+Use Table Score:
+Score: 10

$Name: Lambda 3		;! Object #7
$Display Name: XSTR("Lambda 3", 7143)
$Class: GTF Valkyrie
$Team: Friendly
$Location: 2188.063477, 744.808105, 6982.568848
$Orientation:
	0.821826, 0.072922, 0.565054,
	-0.059806, 0.997338, -0.041726,
	-0.566592, 0.000498, 0.823999
$IFF: IFF 1
$AI Behavior: None
+AI Class: Lieutenant
$Cargo 1:  XSTR("Nothing", 611)
+Initial Hull: 100
+Subsystem: Pilot
+Primary Banks: ( "Avenger" "Prometheus" )
+Secondary Banks: ( "Interceptor" )
$Arrival Location: Hyperspace
$Arrival Cue: ( false ) 
$Departure Location: Hyperspace
$Departure Cue: ( false ) 
$Determination: 10
+Flags: ( "cargo-known" )
+Respawn priority: 0
+Group: 0
+Use Table Score:
+Score: 10

$Name: Beta 1		;! Object #8
$Display Name: XSTR("Beta 1", 4440)
$Class: GTB Ursa
$Team: Friendly
$Location: 2716.807617, 625.889099, 6721.722168
$Orientation:
	0.821826, 0.072922, 0.565054,
	-0.059806, 0.997338, -0.041726,
	-0.566592, 0.000498, 0.823999
$IFF: IFF 1
$AI Behavior: None
$Cargo 1:  XSTR("Nothing", 611)
+Initial Hull: 100
+Subsystem: Pilot
+Secondary Banks: ( "Hornet" "Harbinger" "Tsunami" )
+Subsystem: b05-turreta
$Arrival Location: Hyperspace
$Arrival Cue: ( false ) 
$Departure Location: Hyperspace
$Departure Cue: ( false ) 
$Determination: 10
+Flags: ( "cargo-known" )
+Respawn priority: 0
+Group: 0
+Score: 10

$Name: Beta 2		;! Object #9
$Display Name: XSTR("Beta 2", 4441)
$Class: GTB Ursa
$Team: Friendly
$Location: 2742.445557, 630.883484, 6689.596191
$Orientation:
	0.821826, 0.072922, 0.565054,
	-0.059806, 0.997338, -0.041726,
	-0.566592, 0.000498, 0.823999
$IFF: IFF 1
$AI Behavior: None
$Cargo 1:  XSTR("Nothing", 611)
+Initial Hull: 100
+Subsystem: Pilot
+Secondary Banks: ( "Hornet" "Harbinger" "Tsunami" )
+Subsystem: b05-turreta
$Arrival Location: Hyperspace
$Arrival Cue: ( false ) 
$Departure Location: Hyperspace
$Departure Cue: ( false ) 
$Determination: 10
+Flags: ( "cargo-known" )
+Respawn priority: 0
+Group: 0
+Score: 10

$Name: Beta 3		;! Object #10
$Display Name: XSTR("Beta 3", 4442)
$Class: GTB Ursa
$Team: Friendly
$Location: 2689.788330, 632.368103, 6687.174316
$Orientation:
	0.821826, 0.072922, 0.565054,
	-0.059806, 0.997338, -0.041726,
	-0.566592, 0.000498, 0.823999
$IFF: IFF 1
$AI Behavior: None
$Cargo 1:  XSTR("Nothing", 611)
+Initial Hull: 100
+Subsystem: Pilot
+Secondary Banks: ( "Hornet" "Harbinger" "Tsunami" )
+Subsystem: b05-turreta
$Arrival Location: Hyperspace
$Arrival Cue: ( false ) 
$Departure Location: Hyperspace
$Departure Cue: ( false ) 
$Determination: 10
+Flags: ( "cargo-known" )
+Respawn priority: 0
+Group: 0
+Score: 10

$Name: Zeta 2		;! Object #11
$Display Name: XSTR("Zeta 2", 4484)
$Class: GTF Ulysses
$Team: Friendly
$Location: 2347.659424, 657.930237, 6795.732910
$Orientation:
	0.821826, 0.072922, 0.565054,
	-0.059806, 0.997338, -0.041726,
	-0.566592, 0.000498, 0.823999
$IFF: IFF 1
$AI Behavior: None
+AI Class: Lieutenant
$Cargo 1:  XSTR("Nothing", 611)
+Initial Velocity: 33
+Initial Hull: 100
+Subsystem: Pilot
+Primary Banks: ( "Avenger" "Avenger" )
+Secondary Banks: ( "Synaptic" )
$Arrival Location: Hyperspace
$Arrival Cue: ( false ) 
$Departure Location: Hyperspace
$Departure Cue: ( false ) 
$Determination: 10
+Flags: ( "cargo-known" )
+Respawn priority: 0
+Group: 0
+Use Table Score:
+Score: 12

$Name: Zeta 3		;! Object #12
$Display Name: XSTR("Zeta 3", 4485)
$Class: GTF Ulysses
$Team: Friendly
$Location: 2309.023926, 658.174988, 6798.875488
$Orientation:
	0.821826, 0.072922, 0.565054,
	-0.059806, 0.997338, -0.041726,
	-0.566592, 0.000498, 0.823999
$IFF: IFF 1
$AI Behavior: None
+AI Class: Lieutenant
$Cargo 1:  XSTR("Nothing", 611)
+Initial Velocity: 33
+Initial Hull: 100
+Subsystem: Pilot
+Primary Banks: ( "Avenger" "Avenger" )
+Secondary Banks: ( "Synaptic" )
$Arrival Location: Hyperspace
$Arrival Cue: ( false ) 
$Departure Location: Hyperspace
$Departure Cue: ( false ) 
$Determination: 10
+Flags: ( "cargo-known" )
+Respawn priority: 0
+Group: 0
+Use Table Score:
+Score: 12

$Name: DELTA 1		;! Object #13
$Display Name: XSTR("DELTA 1", 7144)
$Class: GTF Ulysses
$Team: Friendly
$Location: 2215.927246, -0.000094, 6120.184570
$Orientation:
	1.000000, 0.000000, 0.000000,
	0.000000, 1.000000, 0.000000,
	0.000000, 0.000000, 1.000000
$IFF: IFF 1
$AI Behavior: None
$Cargo 1:  XSTR("Nothing", 611)
+Initial Velocity: 33
+Initial Hull: 100
+Subsystem: Pilot
+Primary Banks: ( "Avenger" "Prometheus" )
+Secondary Banks: ( "Stiletto" )
$Arrival Location: Hyperspace
$Arrival Cue: ( false ) 
$Departure Location: Hyperspace
$Departure Cue: ( false ) 
$Determination: 10
+Flags: ( "cargo-known" )
+Respawn priority: 0
+Group: 0
+Use Table Score:
+Score: 12

$Name: DELTA 2		;! Object #14
$Display Name: XSTR("DELTA 2", 7145)
$Class: GTF Ulysses
$Team: Friendly
$Location: 2278.240234, -0.000067, 6128.088379
$Orientation:
	1.000000, 0.000000, 0.000000,
	0.000000, 1.000000, 0.000000,
	0.000000, 0.000000, 1.000000
$IFF: IFF 1
$AI Behavior: None
$Cargo 1:  XSTR("Nothing", 611)
+Initial Velocity: 33
+Initial Hull: 100
+Subsystem: Pilot
+Primary Banks: ( "Avenger" "Prometheus" )
+Secondary Banks: ( "Stiletto" )
$Arrival Location: Hyperspace
$Arrival Cue: ( false ) 
$Departure Location: Hyperspace
$Departure Cue: ( false ) 
$Determination: 10
+Flags: ( "cargo-known" )
+Respawn priority: 0
+Group: 0
+Use Table Score:
+Score: 12

$Name: DELTA 3		;! Object #15
$Display Name: XSTR("DELTA 3", 7146)
$Class: GTF Ulysses
$Team: Friendly
$Location: 2206.196533, -0.000020, 6173.225586
$Orientation:
	1.000000, 0.000000, 0.000000,
	0.000000, 1.000000, 0.000000,
	0.000000, 0.000000, 1.000000
$IFF: IFF 1
$AI Behavior: None
$Cargo 1:  XSTR("Nothing", 611)
+Initial Velocity: 33
+Initial Hull: 100
+Subsystem: Pilot
+Primary Banks: ( "Avenger" "Prometheus" )
+Secondary Banks: ( "Stiletto" )
$Arrival Location: Hyperspace
$Arrival Cue: ( false ) 
$Departure Location: Hyperspace
$Departure Cue: ( false ) 
$Determination: 10
+Flags: ( "cargo-known" )
+Respawn priority: 0
+Group: 0
+Use Table Score:
+Score: 12

$Name: Epsilon 1		;! Object #16
$Display Name: XSTR("Epsilon 1", 4381)
$Class: GTF Ulysses
$Team: Friendly
$Location: 2364.283691, 640.219421, 6896.943848
$Orientation:
	0.821826, 0.072922, 0.565054,
	-0.059806, 0.997338, -0.041726,
	-0.566592, 0.000498, 0.823999
$IFF: IFF 1
$AI Behavior: None
+AI Class: Lieutenant
$Cargo 1:  XSTR("Nothing", 611)
+Initial Velocity: 33
+Initial Hull: 100
+Subsystem: Pilot
$Arrival Location: Hyperspace
$Arrival Cue: ( false ) 
$Departure Location: Hyperspace
$Departure Cue: ( false ) 
$Determination: 10
+Flags: ( "cargo-known" )
+Respawn priority: 0
+Group: 0
+Use Table Score:
+Score: 12

$Name: Epsilon 2		;! Object #17
$Display Name: XSTR("Epsilon 2", 4382)
$Class: GTF Ulysses
$Team: Friendly
$Location: 2383.225098, 645.751892, 6862.474121
$Orientation:
	0.821826, 0.072922, 0.565054,
	-0.059806, 0.997338, -0.041726,
	-0.566592, 0.000498, 0.823999
$IFF: IFF 1
$AI Behavior: None
+AI Class: Lieutenant
$Cargo 1:  XSTR("Nothing", 611)
+Initial Velocity: 33
+Initial Hull: 100
+Subsystem: Pilot
$Arrival Location: Hyperspace
$Arrival Cue: ( false ) 
$Departure Location: Hyperspace
$Departure Cue: ( false ) 
$Determination: 10
+Flags: ( "cargo-known" )
+Respawn priority: 0
+Group: 0
+Use Table Score:
+Score: 12

$Name: Epsilon 3		;! Object #18
$Display Name: XSTR("Epsilon 3", 4383)
$Class: GTF Ulysses
$Team: Friendly
$Location: 2344.589600, 645.996643, 6865.616699
$Orientation:
	0.821826, 0.072922, 0.565054,
	-0.059806, 0.997338, -0.041726,
	-0.566592, 0.000498, 0.823999
$IFF: IFF 1
$AI Behavior: None
+AI Class: Lieutenant
$Cargo 1:  XSTR("Nothing", 611)
+Initial Velocity: 33
+Initial Hull: 100
+Subsystem: Pilot
$Arrival Location: Hyperspace
$Arrival Cue: ( false ) 
$Departure Location: Hyperspace
$Departure Cue: ( false ) 
$Determination: 10
+Flags: ( "cargo-known" )
+Respawn priority: 0
+Group: 0
+Use Table Score:
+Score: 12

$Name: Eta 1		;! Object #19
$Display Name: XSTR("Eta 1", 7147)
$Class: GTF Apollo
$Team: Friendly
$Location: 2654.755615, 892.296448, 6917.579590
$Orientation:
	0.821826, 0.072922, 0.565054,
	-0.059806, 0.997338, -0.041726,
	-0.566592, 0.000498, 0.823999
$IFF: IFF 1
$AI Behavior: None
$Cargo 1:  XSTR("Nothing", 611)
+Initial Velocity: 33
+Initial Hull: 100
+Subsystem: Pilot
$Arrival Location: Hyperspace
$Arrival Cue: ( false ) 
$Departure Location: Hyperspace
$Departure Cue: ( false ) 
$Determination: 10
+Flags: ( "cargo-known" )
+Respawn priority: 0
+Group: 0
+Use Table Score:
+Score: 10

$Name: Mu 1		;! Object #20
$Display Name: XSTR("Mu 1", 5988)
$Class: GTF Apollo
$Team: Friendly
$Location: 2487.920166, 905.043030, 6931.015137
$Orientation:
	0.821826, 0.072922, 0.565054,
	-0.059806, 0.997338, -0.041726,
	-0.566592, 0.000498, 0.823999
$IFF: IFF 1
$AI Behavior: None
$Cargo 1:  XSTR("Nothing", 611)
+Initial Velocity: 33
+Initial Hull: 100
+Subsystem: Pilot
$Arrival Location: Hyperspace
$Arrival Cue: ( false ) 
$Departure Location: Hyperspace
$Departure Cue: ( false ) 
$Determination: 10
+Flags: ( "cargo-known" )
+Respawn priority: 0
+Group: 0
+Use Table Score:
+Score: 10

$Name: SC Devils claw		;! Object #21
$Display Name: XSTR("SC Devils claw", 7148)
$Class: SC Cain
$Team: Hostile
$Location: -435.471954, 1419.742432, 13144.605469
$Orientation:
	-0.876936, -0.311666, -0.365857,
	-0.227901, 0.939867, -0.254387,
	0.423140, -0.139701, -0.895233
$IFF: IFF 1
$AI Behavior: None
$AI Goals: ( goals ( ai-chase "GTSC Faustus 2" 50 ) ( ai-chase "GTD Prometheus" 50 ) )
$Cargo 1:  XSTR("Nothing", 611)
+Initial Velocity: 33
+Initial Hull: 100
+Initial Shields: 100
+Subsystem: Pilot
+Subsystem: turret01
+Subsystem: turret02
+Subsystem: turret03
+Subsystem: turret04
+Subsystem: turret05
+Subsystem: turret06
+Subsystem: turret07
+Subsystem: turret08
+Subsystem: turret09
$Arrival Location: Hyperspace
$Arrival Cue: ( has-arrived-delay 
   20 
   "SD Death Storm" 
)
$Departure Location: Hyperspace
$Departure Cue: ( is-destroyed-delay 
   5 
   "SD Death Storm" 
)
$Determination: 10
+Flags: ( "no-shields" )
+Respawn priority: 0
+Orders Accepted: 0		;! note that this is a bitfield!!!
+Group: 0
+Score: 100

$Name: Terran NavBuoy 24		;! Object #22
$Display Name: XSTR("Terran NavBuoy 24", 7132)
$Class: Terran NavBuoy
$Team: Friendly
$Location: -433.041016, 0.000138, 6838.682129
$Orientation:
	1.000000, 0.000000, 0.000000,
	0.000000, 1.000000, 0.000000,
	0.000000, 0.000000, 1.000000
$IFF: IFF 1
$AI Behavior: None
$Cargo 1:  XSTR("Nothing", 611)
+Initial Velocity: 33
+Initial Shields: 100
+Subsystem: Pilot
$Arrival Location: Hyperspace
$Arrival Cue: ( true ) 
$Departure Location: Hyperspace
$Departure Cue: ( false ) 
$Determination: 10
+Flags: ( "cargo-known" "no-shields" )
+Respawn priority: 0
+Group: 0
+Use Table Score:
+Score: 2

$Name: Parvati 1		;! Object #23
$Display Name: XSTR("Parvati 1", 6325)
$Class: SB Shaitan
$Team: Hostile
$Location: -2739.484863, 46.768528, 12144.747070
$Orientation:
	0.999950, -0.009975, 0.000202,
	0.009937, 0.993907, -0.109777,
	0.000894, 0.109774, 0.993956
$IFF: IFF 1
$AI Behavior: None
$Cargo 1:  XSTR("Nothing", 611)
+Initial Velocity: 33
+Initial Hull: 100
+Subsystem: Pilot
$Arrival Location: Hyperspace
$Arrival Cue: ( false ) 
$Departure Location: Hyperspace
$Departure Cue: ( false ) 
$Determination: 10
+Flags: ( )
+Respawn priority: 0
+Orders Accepted: 0		;! note that this is a bitfield!!!
+Group: 0
+Use Table Score:
+Score: 15

$Name: Ganesh 1		;! Object #24
$Display Name: XSTR("Ganesh 1", 7149)
$Class: SF Basilisk
$Team: Hostile
$Location: -2831.376465, 1513.889282, 13138.271484
$Orientation:
	0.866319, -0.157968, 0.473854,
	0.103159, 0.984806, 0.139706,
	-0.488722, -0.072148, 0.869452
$IFF: IFF 1
$AI Behavior: None
$Cargo 1:  XSTR("Nothing", 611)
+Initial Velocity: 33
+Subsystem: Pilot
$Arrival Location: Hyperspace
$Arrival Cue: ( false ) 
$Departure Location: Hyperspace
$Departure Cue: ( false ) 
$Determination: 10
+Flags: ( )
+Respawn priority: 0
+Orders Accepted: 0		;! note that this is a bitfield!!!
+Group: 0
+Use Table Score:
+Score: 12

$Name: Ganesh 2		;! Object #25
$Display Name: XSTR("Ganesh 2", 7150)
$Class: SF Basilisk
$Team: Hostile
$Location: -2814.213867, 1511.354126, 13092.458984
$Orientation:
	0.866319, -0.157968, 0.473854,
	0.103159, 0.984806, 0.139706,
	-0.488722, -0.072148, 0.869452
$IFF: IFF 1
$AI Behavior: None
$Cargo 1:  XSTR("Nothing", 611)
+Initial Velocity: 33
+Subsystem: Pilot
$Arrival Location: Hyperspace
$Arrival Cue: ( false ) 
$Departure Location: Hyperspace
$Departure Cue: ( false ) 
$Determination: 10
+Flags: ( )
+Respawn priority: 0
+Orders Accepted: 0		;! note that this is a bitfield!!!
+Group: 0
+Use Table Score:
+Score: 12

$Name: Ganesh 3		;! Object #26
$Display Name: XSTR("Ganesh 3", 7151)
$Class: SF Basilisk
$Team: Hostile
$Location: -2795.238037, 1507.288696, 13141.382813
$Orientation:
	0.866319, -0.157968, 0.473854,
	0.103159, 0.984806, 0.139706,
	-0.488722, -0.072148, 0.869452
$IFF: IFF 1
$AI Behavior: None
$Cargo 1:  XSTR("Nothing", 611)
+Initial Velocity: 33
+Subsystem: Pilot
$Arrival Location: Hyperspace
$Arrival Cue: ( false ) 
$Departure Location: Hyperspace
$Departure Cue: ( false ) 
$Determination: 10
+Flags: ( )
+Respawn priority: 0
+Orders Accepted: 0		;! note that this is a bitfield!!!
+Group: 0
+Use Table Score:
+Score: 12

$Name: Soma 1		;! Object #27
$Display Name: XSTR("Soma 1", 7152)
$Class: SF Dragon
$Team: Hostile
$Location: -2408.936523, 1488.304321, 13069.806641
$Orientation:
	0.866319, -0.157968, 0.473854,
	0.103159, 0.984806, 0.139706,
	-0.488722, -0.072148, 0.869452
$IFF: IFF 1
$AI Behavior: None
+AI Class: Colonel
$Cargo 1:  XSTR("Nothing", 611)
+Initial Velocity: 33
+Subsystem: Pilot
$Arrival Location: Hyperspace
$Arrival Cue: ( false ) 
$Departure Location: Hyperspace
$Departure Cue: ( false ) 
$Determination: 10
+Flags: ( )
+Respawn priority: 0
+Orders Accepted: 0		;! note that this is a bitfield!!!
+Group: 0
+Use Table Score:
+Score: 25

$Name: Soma 2		;! Object #28
$Display Name: XSTR("Soma 2", 7153)
$Class: SF Dragon
$Team: Hostile
$Location: -2427.313477, 1484.497681, 13088.669922
$Orientation:
	0.866319, -0.157968, 0.473854,
	0.103159, 0.984806, 0.139706,
	-0.488722, -0.072148, 0.869452
$IFF: IFF 1
$AI Behavior: None
+AI Class: Colonel
$Cargo 1:  XSTR("Nothing", 611)
+Initial Velocity: 33
+Subsystem: Pilot
$Arrival Location: Hyperspace
$Arrival Cue: ( false ) 
$Departure Location: Hyperspace
$Departure Cue: ( false ) 
$Determination: 10
+Flags: ( )
+Respawn priority: 0
+Orders Accepted: 0		;! note that this is a bitfield!!!
+Group: 0
+Use Table Score:
+Score: 25

$Name: Soma 3		;! Object #29
$Display Name: XSTR("Soma 3", 7154)
$Class: SF Dragon
$Team: Hostile
$Location: -2400.638184, 1481.314087, 13093.284180
$Orientation:
	0.866319, -0.157968, 0.473854,
	0.103159, 0.984806, 0.139706,
	-0.488722, -0.072148, 0.869452
$IFF: IFF 1
$AI Behavior: None
+AI Class: Colonel
$Cargo 1:  XSTR("Nothing", 611)
+Initial Velocity: 33
+Subsystem: Pilot
$Arrival Location: Hyperspace
$Arrival Cue: ( false ) 
$Departure Location: Hyperspace
$Departure Cue: ( false ) 
$Determination: 10
+Flags: ( )
+Respawn priority: 0
+Orders Accepted: 0		;! note that this is a bitfield!!!
+Group: 0
+Use Table Score:
+Score: 25

$Name: Arjuna 1		;! Object #30
$Display Name: XSTR("Arjuna 1", 4547)
$Class: SF Dragon
$Team: Hostile
$Location: -2452.575195, 1491.328735, 13070.285156
$Orientation:
	0.866319, -0.157968, 0.473854,
	0.103159, 0.984806, 0.139706,
	-0.488722, -0.072148, 0.869452
$IFF: IFF 1
$AI Behavior: None
+AI Class: Colonel
$Cargo 1:  XSTR("Nothing", 611)
+Initial Velocity: 33
+Subsystem: Pilot
$Arrival Location: Hyperspace
$Arrival Cue: ( false ) 
$Departure Location: Hyperspace
$Departure Cue: ( false ) 
$Determination: 10
+Flags: ( )
+Respawn priority: 0
+Orders Accepted: 0		;! note that this is a bitfield!!!
+Group: 0
+Use Table Score:
+Score: 25

$Name: Arjuna 2		;! Object #31
$Display Name: XSTR("Arjuna 2", 4548)
$Class: SF Dragon
$Team: Hostile
$Location: -2470.951660, 1487.522095, 13089.149414
$Orientation:
	0.866319, -0.157968, 0.473854,
	0.103159, 0.984806, 0.139706,
	-0.488722, -0.072148, 0.869452
$IFF: IFF 1
$AI Behavior: None
+AI Class: Colonel
$Cargo 1:  XSTR("Nothing", 611)
+Initial Velocity: 33
+Subsystem: Pilot
$Arrival Location: Hyperspace
$Arrival Cue: ( false ) 
$Departure Location: Hyperspace
$Departure Cue: ( false ) 
$Determination: 10
+Flags: ( )
+Respawn priority: 0
+Orders Accepted: 0		;! note that this is a bitfield!!!
+Group: 0
+Use Table Score:
+Score: 25

$Name: Arjuna 3		;! Object #32
$Display Name: XSTR("Arjuna 3", 4549)
$Class: SF Dragon
$Team: Hostile
$Location: -2444.276855, 1484.336548, 13093.765625
$Orientation:
	0.866319, -0.157968, 0.473854,
	0.103159, 0.984806, 0.139706,
	-0.488722, -0.072148, 0.869452
$IFF: IFF 1
$AI Behavior: None
+AI Class: Colonel
$Cargo 1:  XSTR("Nothing", 611)
+Initial Velocity: 33
+Subsystem: Pilot
$Arrival Location: Hyperspace
$Arrival Cue: ( false ) 
$Departure Location: Hyperspace
$Departure Cue: ( false ) 
$Determination: 10
+Flags: ( )
+Respawn priority: 0
+Orders Accepted: 0		;! note that this is a bitfield!!!
+Group: 0
+Use Table Score:
+Score: 25

$Name: GTT Elysium		;! Object #33
$Display Name: XSTR("GTT Elysium", 4111)
$Class: GTT Elysium
$Team: Friendly
$Location: -526.409790, 7.898731, 7076.574707
$Orientation:
	1.000000, 0.000000, 0.000000,
	0.000000, 0.974388, -0.224875,
	0.000000, 0.224875, 0.974388
$IFF: IFF 1
$AI Behavior: None
$AI Goals: ( goals ( ai-stay-still "Waypoint path 1:1" 50 ) )
$Cargo 1:  XSTR("Vesudan Technician's", 7155)
+Initial Hull: 100
+Initial Shields: 100
+Subsystem: Pilot
+Subsystem: turret01
$Arrival Location: Hyperspace
+Arrival Delay: 10
$Arrival Cue: ( true ) 
$Departure Location: Hyperspace
$Departure Cue: ( is-destroyed-delay 0 "PVT Isis" ) 
$Determination: 10
+Flags: ( "cargo-known" "no-shields" )
+Respawn priority: 0
+Orders Accepted: 257		;! note that this is a bitfield!!!
+Group: 0
+Use Table Score:
+Score: 10

$Name: PVT Isis		;! Object #34
$Display Name: XSTR("PVT Isis", 4266)
$Class: PVT Isis
$Team: Friendly
$Location: -507.969421, -0.000552, 8117.354004
$Orientation:
	-0.932215, 0.083463, 0.352151,
	0.096968, 0.995070, 0.020855,
	-0.348674, 0.053588, -0.935711
$IFF: IFF 1
$AI Behavior: None
$AI Goals: ( goals ( ai-dock "GTT Elysium" "main dock" "topside docking" 50 ) )
$Cargo 1:  XSTR("Tactical Information", 7156)
+Initial Velocity: 33
+Initial Hull: 100
+Initial Shields: 100
+Subsystem: Pilot
+Subsystem: turret01
+Subsystem: turret02
$Arrival Location: Hyperspace
$Arrival Cue: ( true ) 
$Departure Location: Hyperspace
$Departure Cue: ( or 
   ( has-arrived-delay 
      5 
      "SD Death Storm" 
   )
   ( is-destroyed-delay 5 "GTT Elysium" ) 
)
$Determination: 10
+Flags: ( "cargo-known" "no-shields" )
+Respawn priority: 0
+Orders Accepted: 0		;! note that this is a bitfield!!!
+Group: 0
+Use Table Score:
+Score: 15

$Name: SD Death Storm		;! Object #35
$Display Name: XSTR("SD Death Storm", 7157)
$Class: SD Demon
$Team: Hostile
$Location: -1317.129272, 622.031189, 13394.372070
$Orientation:
	-0.998534, -0.051449, 0.016948,
	-0.048487, 0.988423, 0.143783,
	-0.024149, 0.142750, -0.989466
$IFF: IFF 1
$AI Behavior: None
+AI Class: Colonel
$AI Goals: ( goals ( ai-chase "GTD Prometheus" 80 ) )
$Cargo 1:  XSTR("Nothing", 611)
+Initial Hull: 100
+Initial Shields: 100
+Subsystem: Pilot
+Subsystem: turret01-base
+Subsystem: turret02-base
+Subsystem: turret03a-base
+Subsystem: turret04-base
+Subsystem: turret05-base
+Subsystem: turret06a-base
+Subsystem: turret07a-base
+Subsystem: turret08-base
+Subsystem: turret09-base
+Subsystem: turret10-base
+Subsystem: turret11-base
+Subsystem: turret12-base
+Subsystem: turret13-base
+Subsystem: turret14-base
+Subsystem: turret15-base
+Subsystem: turret16-base
+Subsystem: turret17-base
+Subsystem: turret18-base
+Subsystem: turret19-base
+Subsystem: turret20-base
+Subsystem: turret21-base
+Subsystem: turret22
+Subsystem: turret23
+Subsystem: turret24
+Subsystem: turret25
+Subsystem: turret26
$Arrival Location: Hyperspace
$Arrival Cue: ( has-docked-delay 
   "PVT Isis" 
   "GTT Elysium" 
   1 
   5 
)
$Departure Location: Hyperspace
$Departure Cue: ( is-destroyed-delay 
   5 
   "GTD Prometheus" 
)
$Determination: 10
+Flags: ( "no-shields" )
+Respawn priority: 0
+Orders Accepted: 0		;! note that this is a bitfield!!!
+Group: 0
+Score: 1200

$Name: GTD Prometheus		;! Object #36
$Display Name: XSTR("GTD Prometheus", 7158)
$Class: GTD Orion
$Team: Friendly
$Location: 3124.788086, 945.619324, 4785.708008
$Orientation:
	0.812727, -0.037205, 0.581457,
	-0.002653, 0.997712, 0.067546,
	-0.582640, -0.056438, 0.810769
$IFF: IFF 1
$AI Behavior: None
+AI Class: Colonel
$Cargo 1:  XSTR("Nothing", 611)
+Initial Velocity: 33
+Initial Hull: 100
+Initial Shields: 100
+Subsystem: Pilot
+Subsystem: turret01a
+Subsystem: turret02a
+Subsystem: turret03a
+Subsystem: turret04a
+Subsystem: turret05a
+Subsystem: turret06
+Subsystem: turret07
+Subsystem: turret08
+Subsystem: turret09
+Subsystem: turret10
+Subsystem: turret11
+Subsystem: turret12
+Subsystem: turret13
+Subsystem: turret14
+Subsystem: turret15
+Subsystem: turret16
$Arrival Location: Hyperspace
$Arrival Cue: ( is-event-true-delay "reponse" 20 ) 
$Departure Location: Hyperspace
$Departure Cue: ( is-destroyed-delay 
   10 
   "SD Death Storm" 
)
$Determination: 10
+Flags: ( "cargo-known" "no-shields" )
+Respawn priority: 0
+Orders Accepted: 0		;! note that this is a bitfield!!!
+Group: 0
+Use Table Score:
+Score: 1750
$Texture Replace:
+old: nameplate
+new: GTD_Prometheus

$Name: Sigma 1		;! Object #37
$Display Name: XSTR("Sigma 1", 5089)
$Class: GTB Athena
$Team: Friendly
$Location: 2021.263916, 732.100159, 6585.679199
$Orientation:
	0.821826, 0.072922, 0.565054,
	-0.059806, 0.997338, -0.041726,
	-0.566592, 0.000498, 0.823999
$IFF: IFF 1
$AI Behavior: None
$AI Goals: ( goals ( ai-chase "SD Death Storm" 50 ) )
$Cargo 1:  XSTR("Nothing", 611)
+Initial Velocity: 33
+Initial Hull: 100
+Subsystem: Pilot
+Secondary Banks: ( "Phoenix V" "Tsunami" )
$Arrival Location: Hyperspace
$Arrival Cue: ( false ) 
$Departure Location: Hyperspace
$Departure Cue: ( false ) 
$Determination: 10
+Flags: ( "cargo-known" )
+Respawn priority: 0
+Group: 0
+Use Table Score:
+Score: 15

$Name: Sigma 2		;! Object #38
$Display Name: XSTR("Sigma 2", 5090)
$Class: GTB Athena
$Team: Friendly
$Location: 1956.086670, 742.362427, 6533.601074
$Orientation:
	0.821826, 0.072922, 0.565054,
	-0.059806, 0.997338, -0.041726,
	-0.566592, 0.000498, 0.823999
$IFF: IFF 1
$AI Behavior: None
$AI Goals: ( goals ( ai-chase "SD Death Storm" 50 ) )
$Cargo 1:  XSTR("Nothing", 611)
+Initial Velocity: 33
+Initial Hull: 100
+Subsystem: Pilot
+Secondary Banks: ( "Phoenix V" "Tsunami" )
$Arrival Location: Hyperspace
$Arrival Cue: ( false ) 
$Departure Location: Hyperspace
$Departure Cue: ( false ) 
$Determination: 10
+Flags: ( "cargo-known" )
+Respawn priority: 0
+Group: 0
+Use Table Score:
+Score: 15

$Name: Omicron 1		;! Object #39
$Display Name: XSTR("Omicron 1", 4528)
$Class: GTB Athena
$Team: Friendly
$Location: 1980.310791, 720.481384, 6658.208496
$Orientation:
	0.821826, 0.072922, 0.565054,
	-0.059806, 0.997338, -0.041726,
	-0.566592, 0.000498, 0.823999
$IFF: IFF 1
$AI Behavior: None
$AI Goals: ( goals ( ai-chase "SD Death Storm" 50 ) )
$Cargo 1:  XSTR("Nothing", 611)
+Initial Velocity: 33
+Initial Hull: 100
+Subsystem: Pilot
+Secondary Banks: ( "Phoenix V" "Tsunami" )
$Arrival Location: Hyperspace
$Arrival Cue: ( false ) 
$Departure Location: Hyperspace
$Departure Cue: ( false ) 
$Determination: 10
+Flags: ( "cargo-known" )
+Respawn priority: 0
+Group: 0
+Use Table Score:
+Score: 15

$Name: Omicron 2		;! Object #40
$Display Name: XSTR("Omicron 2", 4529)
$Class: GTB Athena
$Team: Friendly
$Location: 2050.886475, 719.486755, 6655.657715
$Orientation:
	0.821826, 0.072922, 0.565054,
	-0.059806, 0.997338, -0.041726,
	-0.566592, 0.000498, 0.823999
$IFF: IFF 1
$AI Behavior: None
$AI Goals: ( goals ( ai-chase "SD Death Storm" 50 ) )
$Cargo 1:  XSTR("Nothing", 611)
+Initial Velocity: 33
+Initial Hull: 100
+Subsystem: Pilot
+Secondary Banks: ( "Phoenix V" "Tsunami" )
$Arrival Location: Hyperspace
$Arrival Cue: ( false ) 
$Departure Location: Hyperspace
$Departure Cue: ( false ) 
$Determination: 10
+Flags: ( "cargo-known" )
+Respawn priority: 0
+Group: 0
+Use Table Score:
+Score: 15

$Name: Omicron 3		;! Object #41
$Display Name: XSTR("Omicron 3", 7159)
$Class: GTB Athena
$Team: Friendly
$Location: 2045.953369, 704.717590, 6742.279785
$Orientation:
	0.821826, 0.072922, 0.565054,
	-0.059806, 0.997338, -0.041726,
	-0.566592, 0.000498, 0.823999
$IFF: IFF 1
$AI Behavior: None
$AI Goals: ( goals ( ai-chase "SD Death Storm" 50 ) )
$Cargo 1:  XSTR("Nothing", 611)
+Initial Velocity: 33
+Initial Hull: 100
+Subsystem: Pilot
+Secondary Banks: ( "Phoenix V" "Tsunami" )
$Arrival Location: Hyperspace
$Arrival Cue: ( false ) 
$Departure Location: Hyperspace
$Departure Cue: ( false ) 
$Determination: 10
+Flags: ( "cargo-known" )
+Respawn priority: 0
+Group: 0
+Use Table Score:
+Score: 15

$Name: Varuna 1		;! Object #42
$Display Name: XSTR("Varuna 1", 7160)
$Class: SF Basilisk
$Team: Hostile
$Location: -2717.785645, 1520.262329, 13109.894531
$Orientation:
	0.866319, -0.157968, 0.473854,
	0.103159, 0.984806, 0.139706,
	-0.488722, -0.072148, 0.869452
$IFF: IFF 1
$AI Behavior: None
$Cargo 1:  XSTR("Nothing", 611)
+Initial Velocity: 33
+Subsystem: Pilot
$Arrival Location: Hyperspace
$Arrival Cue: ( false ) 
$Departure Location: Hyperspace
$Departure Cue: ( false ) 
$Determination: 10
+Flags: ( )
+Respawn priority: 0
+Orders Accepted: 0		;! note that this is a bitfield!!!
+Group: 0
+Use Table Score:
+Score: 12

$Name: Varuna 2		;! Object #43
$Display Name: XSTR("Varuna 2", 7161)
$Class: SF Basilisk
$Team: Hostile
$Location: -2746.474609, 1511.354126, 13150.237305
$Orientation:
	0.866319, -0.157968, 0.473854,
	0.103159, 0.984806, 0.139706,
	-0.488722, -0.072148, 0.869452
$IFF: IFF 1
$AI Behavior: None
$Cargo 1:  XSTR("Nothing", 611)
+Initial Velocity: 33
+Subsystem: Pilot
$Arrival Location: Hyperspace
$Arrival Cue: ( false ) 
$Departure Location: Hyperspace
$Departure Cue: ( false ) 
$Determination: 10
+Flags: ( )
+Respawn priority: 0
+Orders Accepted: 0		;! note that this is a bitfield!!!
+Group: 0
+Use Table Score:
+Score: 12

$Name: Varuna 3		;! Object #44
$Display Name: XSTR("Varuna 3", 7162)
$Class: SF Basilisk
$Team: Hostile
$Location: -2697.195313, 1507.288696, 13152.084961
$Orientation:
	0.866319, -0.157968, 0.473854,
	0.103159, 0.984806, 0.139706,
	-0.488722, -0.072148, 0.869452
$IFF: IFF 1
$AI Behavior: None
$Cargo 1:  XSTR("Nothing", 611)
+Initial Velocity: 33
+Subsystem: Pilot
$Arrival Location: Hyperspace
$Arrival Cue: ( false ) 
$Departure Location: Hyperspace
$Departure Cue: ( false ) 
$Determination: 10
+Flags: ( )
+Respawn priority: 0
+Orders Accepted: 0		;! note that this is a bitfield!!!
+Group: 0
+Use Table Score:
+Score: 12

$Name: Sigma 3		;! Object #45
$Display Name: XSTR("Sigma 3", 5091)
$Class: GTB Athena
$Team: Friendly
$Location: 1923.870850, 742.362305, 6623.330566
$Orientation:
	0.821826, 0.072922, 0.565054,
	-0.059806, 0.997338, -0.041726,
	-0.566592, 0.000498, 0.823999
$IFF: IFF 1
$AI Behavior: None
$AI Goals: ( goals ( ai-chase "SD Death Storm" 50 ) )
$Cargo 1:  XSTR("Nothing", 611)
+Initial Velocity: 33
+Initial Hull: 100
