#Mission Info

$Version: 0.10
$Name:  XSTR("Reprise", 5286)
$Author: Joel Reimer
$Created: 08/16/09 at 18:38:59
$Modified: 03/11/23 at 20:19:58
$Notes:
Mission 5 - Vassago's Dirge$End Notes:

$Mission Desc:
 XSTR("The NTC Orpheus and Dr. Rachmann reappear suddenly during an engagement between the GTVA and the Shivans.", 5287)
$end_multi_text
+Game Type Flags: 1
+Flags: 131074
+Fog Near Mult: 1.000000

+Fog Far Mult: 1.000000

+Disallow Support: 0
+Hull Repair Ceiling: 0.000000
+Subsystem Repair Ceiling: 100.000000
+All Teams Attack

+Viewer pos: 478.798981, 997.709778, 3901.275391
+Viewer orient:
	-1.000000, 0.000001, 0.000019,
	-0.000019, 0.020612, -0.999788,
	-0.000001, -0.999788, -0.020612


$Load Screen 640: m5load
$Load Screen 1024: 2_m5load

$Skybox Model: starfield.pof

$AI Profile: NewProfile

#Sexp_variables

$Variables:
(
		0		"currentlyDocking"		"Alpha 1"		"string"
		1		"lightShow"		"0"		"number"
		2		"offTime"		"-1"		"number"
		3		"onTime"		"-1"		"number"
		4		"spoonsFound"		"0"		"number"		"save-on-mission-progress"
		5		"autoGenVar1"		"NTC Aeolus"		"string"
		6		"autoGenVar2"		"PFR Triton Refit"		"string"
		7		"autoGenVar3"		"PFr Satis Refit"		"string"
		8		"autoGenVar4"		"#Command"		"string"
		9		"autoGenVar5"		"#Lemnos"		"string"
)

#Command Briefing

#Briefing
$start_briefing
$num_stages: 2
$start_stage
$multi_text
 XSTR("While responding to a Shivan attack on a cargo depot, the $f GVC $f Mastaba reported that she fell under attack by an $y Aeolus-class cruiser, the $h NTC $h Orpheus. Communications were lost shortly after. You and your wing are being scrambled to aid the Mastaba, but we fear it may be too late.", 5288)
$end_multi_text
$voice: M05_BR01.ogg
$camera_pos: 478.798981, 997.709778, 3901.275391
$camera_orient:
	-1.000000, 0.000001, 0.000019,
	-0.000019, 0.020612, -0.999788,
	-0.000001, -0.999788, -0.020612
$camera_time: 500
$num_lines: 0
$num_icons: 4
$Flags: 0
$Formula: ( true ) 
$start_icon
$type: 18
$team: Hostile
$class: SC Cain
$pos: 97.529663, 0.000000, 4011.754150
$label:  XSTR("SC Euryale", 5289)
+id: 2
$hlight: 0
$mirror: 0
$multi_text
$end_multi_text
$end_icon
$start_icon
$type: 18
$team: Friendly
$class: GVC Aten
$pos: 821.110596, -100.000000, 4033.330811
$label:  XSTR("GVC Mastaba", 5290)
+id: 3
$hlight: 0
$mirror: 0
$multi_text
$end_multi_text
$end_icon
$start_icon
$type: 18
$team: Neutral
$class: GTC Aeolus
$pos: 479.323792, 125.000000, 3716.854736
$label:  XSTR("NTC Orpheus", 5081)
+id: 4
$hlight: 0
$mirror: 0
$multi_text
$end_multi_text
$end_icon
$start_icon
$type: 3
$team: Friendly
$class: VAC 5
$pos: 70.761047, 118.617989, 3783.054199
$label:  XSTR("Cargo Depot", 5291)
+id: 5
$hlight: 0
$mirror: 0
$multi_text
$end_multi_text
$end_icon
$end_stage
$start_stage
$multi_text
 XSTR("Preliminary orders are still to capture the $h Orpheus and $E Dr. $E Rachmann. $f Delta wing is being armed with anti-subsystem weaponry and will join you as soon as their craft are ready. Your fighters are on standby, no time to change loadouts. Good luck.", 5292)
$end_multi_text
$voice: M05_BR02.ogg
$camera_pos: 478.798981, 997.709778, 3901.275391
$camera_orient:
	-1.000000, 0.000001, 0.000019,
	-0.000019, 0.020612, -0.999788,
	-0.000001, -0.999788, -0.020612
$camera_time: 500
$num_lines: 0
$num_icons: 5
$Flags: 0
$Formula: ( true ) 
$start_icon
$type: 6
$team: Hostile
$class: SD Ravana#Vassago
$pos: 458.452179, 850.000000, 4179.527832
$label:  XSTR("SD Vassago#Reference", 5293)
+id: 1
$hlight: 0
$mirror: 0
$multi_text
$end_multi_text
$end_icon
$start_icon
$type: 18
$team: Hostile
$class: SC Cain
$pos: 97.529663, 0.000000, 4011.754150
$label:  XSTR("SC Euryale", 5289)
+id: 2
$hlight: 0
$mirror: 0
$multi_text
$end_multi_text
$end_icon
$start_icon
$type: 18
$team: Friendly
$class: GVC Aten
$pos: 821.110596, -100.000000, 4033.330811
$label:  XSTR("GVC Mastaba", 5290)
+id: 3
$hlight: 0
$mirror: 0
$multi_text
$end_multi_text
$end_icon
$start_icon
$type: 18
$team: Neutral
$class: GTC Aeolus
$pos: 479.323792, 125.000000, 3716.854736
$label:  XSTR("NTC Orpheus", 5081)
+id: 4
$hlight: 0
$mirror: 0
$multi_text
$end_multi_text
$end_icon
$start_icon
$type: 3
$team: Friendly
$class: VAC 5
$pos: 70.761047, 118.617989, 3783.054199
$label:  XSTR("Cargo Depot", 5291)
+id: 5
$hlight: 0
$mirror: 0
$multi_text
$end_multi_text
$end_icon
$end_stage
$end_briefing

#Debriefing_info

$Num stages: 5

$Formula: ( and 
   ( is-event-true-delay 
      "Orpheus Captured" 
      0 
   )
   ( is-event-true-delay 
      "GTVA Jumpout Cue" 
      0 
   )
   ( not 
      ( is-event-true-delay 
         "Alpha 1 Dies" 
         0 
      )
   )
)
$Multi text
    XSTR("Yes, a fine story of heroism and more unanswered questions. But that's okay, that's what this is all about, isn't it?

In any case, I think we're getting there. We're steadily approaching the event that is important to us. But let's not get too far ahead of ourselves... The Carthage and the Vassago. Tell us what happened between those two.", 5294)
$end_multi_text
$Voice: M5_DB1.ogg
$Recommendation text:
    XSTR("", 3307)
$end_multi_text

$Formula: ( and 
   ( is-event-true-delay 
      "Azrael Docked" 
      0 
   )
   ( not 
      ( is-event-true-delay 
         "Alpha 1 Dies" 
         0 
      )
   )
)
$Multi text
    XSTR("No, no, no. That wasn't quite it. The Shivans may have done something that looked like they were going to board the Orpheus, but who knows what the Shivans were really going to do. Let's start again.", 5295)
$end_multi_text
$Voice: M5_DB2.ogg
$Recommendation text:
    XSTR("", 3307)
$end_multi_text

$Formula: ( and 
   ( not 
      ( is-event-true-delay 
         "Azrael Docked" 
         0 
      )
   )
   ( not 
      ( is-event-true-delay 
         "Orpheus Captured" 
         0 
      )
   )
   ( not 
      ( is-event-true-delay 
         "Orpheus Destroyed" 
         0 
      )
   )
   ( not 
      ( is-event-true-delay 
         "Alpha 1 Dies" 
         0 
      )
   )
)
$Multi text
    XSTR("No. I do not like being toyed with. I know your type, you don't leave a mission unfinished. Start again.", 5296)
$end_multi_text
$Voice: M5_DB3.ogg
$Recommendation text:
    XSTR("", 3307)
$end_multi_text

$Formula: ( and 
   ( is-event-true-delay 
      "Orpheus Destroyed" 
      0 
   )
   ( is-event-true-delay 
      "GTVA Jumpout Cue" 
      0 
   )
   ( not 
      ( is-event-true-delay 
         "Alpha 1 Dies" 
         0 
      )
   )
)
$Multi text
    XSTR("How unfortunate that would've been. But that's not what really happened. I've met with some of the Orpheus' crew so why don't we just cut out these gross inaccuracies and we'll start again.", 5297)
$end_multi_text
$Voice: M5_DB4.ogg
$Recommendation text:
    XSTR("", 3307)
$end_multi_text

$Formula: ( is-event-true-delay 
   "Alpha 1 Dies" 
   0 
)
$Multi text
    XSTR("And then you got better, right? I must say medical science has come a long way from the days of trepanning and blood letting to come to the point of bringing back dismembered pilots back to life.

The miracles of modern science.

Why don't we start again.", 5298)
$end_multi_text
$Voice: M5_DB5.ogg
$Recommendation text:
    XSTR("", 3307)
$end_multi_text


#Callsigns:
$Callsign: XSTR("PFR Triton Refit", 5222)

#end


#Players		;! 1 total

$Starting Shipname: Alpha 1
$Ship Choices: (
)

+Weaponry Pool: (
	"Subach HL-7"	4
	"Mekhu HL-7"	4
	"Prometheus S"	16
	"Tempest"	1280
	"Tornado"	128
	"Harpoon"	192
)

#Objects		;! 89 total

$Name: Alpha 2		;! Object #0
$Display Name: XSTR("Alpha 2", 4856)
$Class: GTF Perseus
$Team: Friendly
$Location: -1501.082520, 199.999512, 9315.990234
$Orientation:
	-0.875971, 0.000000, -0.482367,
	0.000000, 1.000000, 0.000000,
	0.482367, 0.000000, -0.875971
+AI Class: Wingman Elite
$Cargo 1:  XSTR("Nothing", 4855)
+Initial Velocity: 100
+Initial Hull: 100
+Subsystem: Pilot
+Primary Banks: ( "Prometheus S" "Prometheus S" )
+Secondary Banks: ( "Tempest" "Harpoon" )
$Arrival Location: Hyperspace
$Arrival Cue: ( false ) 
$Departure Location: Hyperspace
$Departure Cue: ( false ) 
$Determination: 10
+Flags: ( "cargo-known" )
+Flags2: ( )
+Respawn priority: 0
+Group: 0
+Score: 8
+Persona Index: 1

$Name: Alpha 3		;! Object #1
$Display Name: XSTR("Alpha 3", 4857)
$Class: GTF Perseus
$Team: Friendly
$Location: -1648.436768, 199.999512, 9234.526367
$Orientation:
	-0.862133, 0.000000, -0.506682,
	0.000000, 1.000000, 0.000000,
	0.506682, 0.000000, -0.862133
+AI Class: Wingman Elite
$Cargo 1:  XSTR("Nothing", 4855)
+Initial Velocity: 100
+Initial Hull: 100
+Subsystem: Pilot
+Primary Banks: ( "Prometheus S" "Prometheus S" )
+Secondary Banks: ( "Tempest" "Harpoon" )
$Arrival Location: Hyperspace
$Arrival Cue: ( false ) 
$Departure Location: Hyperspace
$Departure Cue: ( false ) 
$Determination: 10
+Flags: ( "cargo-known" )
+Flags2: ( )
+Respawn priority: 0
+Group: 0
+Use Table Score:
+Score: 14
+Persona Index: 4

$Name: Alpha 4		;! Object #2
$Display Name: XSTR("Alpha 4", 4858)
$Class: GTF Perseus
$Team: Friendly
$Location: -1774.593628, 199.999512, 9325.823242
$Orientation:
	-0.856948, 0.000000, -0.515402,
	0.000000, 1.000000, 0.000000,
	0.515402, 0.000000, -0.856948
+AI Class: Wingman Elite
$Cargo 1:  XSTR("Nothing", 4855)
+Initial Velocity: 100
+Initial Hull: 100
+Subsystem: Pilot
+Primary Banks: ( "Prometheus S" "Prometheus S" )
+Secondary Banks: ( "Tempest" "Harpoon" )
$Arrival Location: Hyperspace
$Arrival Cue: ( false ) 
$Departure Location: Hyperspace
$Departure Cue: ( false ) 
$Determination: 10
+Flags: ( "cargo-known" )
+Flags2: ( )
+Respawn priority: 0
+Group: 0
+Use Table Score:
+Score: 14
+Persona Index: 0

$Name: Alpha 1		;! Object #3
$Display Name: XSTR("Alpha 1", 4854)
$Class: GTF Perseus
$Team: Friendly
$Location: -1523.014038, 206.651367, 9170.818359
$Orientation:
	-0.868575, -0.000101, -0.495558,
	0.000469, 0.999999, -0.001026,
	0.495558, -0.001124, -0.868574
$Cargo 1:  XSTR("Nothing", 4855)
+Initial Velocity: 100
+Initial Hull: 100
+Subsystem: Pilot
+Primary Banks: ( "Prometheus S" "Prometheus S" )
+Secondary Banks: ( "Tempest" "Harpoon" )
$Arrival Location: Hyperspace
$Arrival Cue: ( false ) 
$Departure Location: Hyperspace
$Departure Cue: ( false ) 
$Determination: 10
+Flags: ( "cargo-known" "player-start" )
+Flags2: ( )
+Respawn priority: 0
+Group: 0
+Use Table Score:
+Score: 14

$Name: Euryale		;! Object #4
$Display Name: XSTR("Euryale", 5299)
$Class: SC Cain
$Team: Hostile
$Location: 221.836426, 0.000096, 3081.733887
$Orientation:
	0.424588, -0.905092, -0.023099,
	-0.794568, -0.360270, -0.488743,
	0.434036, 0.225871, -0.872122
$AI Goals: ( goals ( ai-play-dead 50 ) )
$Cargo 1:  XSTR("Nothing", 4855)
+Initial Hull: 27
+Initial Shields: 100
+Subsystem: Pilot
+Subsystem: turret01
$Damage: 100
+Subsystem: turret02
$Damage: 100
+Subsystem: turret03
$Damage: 100
+Subsystem: turret04
$Damage: 100
+Subsystem: turret05
$Damage: 100
+Subsystem: turret06
$Damage: 100
+Subsystem: turret07
$Damage: 85
+Primary Banks: ( "SRed#Instant" )
+Subsystem: turret08
$Damage: 100
+Subsystem: turret09
$Damage: 100
+Subsystem: sensors
$Damage: 100
+Subsystem: communication
$Damage: 100
+Subsystem: engine
$Damage: 100
+Subsystem: weapons
$Damage: 100
+Subsystem: navigation
$Damage: 100
$Arrival Location: Hyperspace
$Arrival Cue: ( true ) 
$Departure Location: Hyperspace
$Departure Cue: ( is-event-true-delay 
   "Euryale Falls Back" 
   0 
)
$Determination: 10
+Flags: ( "protect-ship" "no-shields" "escort" "beam-protect-ship" )
+Flags2: ( )
+Respawn priority: 0
+Escort priority: 60
+Special Hitpoints: 40000
+Special Shield Points: 0
+Orders Accepted List: ( )
+Group: 0
+Use Table Score:
+Score: 150

$Name: Mastaba		;! Object #5
$Display Name: XSTR("Mastaba", 5300)
$Class: GVC Aten
$Team: Friendly
$Location: 634.000000, -100.000000, 4021.000000
$Orientation:
	-0.981741, -0.003159, -0.190195,
	-0.063028, 0.948783, 0.309578,
	0.179476, 0.315913, -0.931658
$AI Goals: ( goals ( ai-play-dead 50 ) )
$Cargo 1:  XSTR("Nothing", 4855)
+Initial Hull: 12
+Initial Shields: 100
+Subsystem: Pilot
+Subsystem: turret01a
$Damage: 100
+Subsystem: turret02a
$Damage: 100
+Subsystem: turret03
$Damage: 100
+Primary Banks: ( "AAAh" )
+Subsystem: turret04
$Damage: 100
+Primary Banks: ( "AAAh" )
+Subsystem: turret05
$Damage: 100
+Subsystem: turret06
$Damage: 100
+Subsystem: engine
$Damage: 100
+Subsystem: communications
$Damage: 100
+Subsystem: sensors
$Damage: 82
+Subsystem: navigation
$Damage: 90
+Subsystem: weapons
$Damage: 75
$Arrival Location: Hyperspace
$Arrival Cue: ( true ) 
$Departure Location: Hyperspace
$Departure Cue: ( false ) 
$Determination: 10
+Flags: ( "cargo-known" "protect-ship" "no-shields" "beam-protect-ship" )
+Flags2: ( )
+Respawn priority: 0
$Special Explosion:
+Special Exp Damage: 25
+Special Exp Blast: 10000
+Special Exp Inner Radius: 150
+Special Exp Outer Radius: 650
+Special Exp Shockwave Speed: 235
+Special Hitpoints: 24000
+Special Shield Points: 0
+Orders Accepted List: ( )
+Group: 0
+Use Table Score:
+Score: 90

$Name: Harlequin		;! Object #6
$Display Name: XSTR("Harlequin", 5101)
$Class: GVFr Satis

$Team: Neutral
$Location: 733.196655, -284.619385, 4862.260254
$Orientation:
	0.089682, -0.303555, 0.948584,
	-0.063029, 0.948783, 0.309578,
	-0.993974, -0.087551, 0.065956
+AI Class: Elite
$AI Goals: ( goals ( ai-waypoints-once "Harle Path" 50 ) )
$Cargo 1:  XSTR("Nothing", 4855)
+Initial Hull: 53
+Initial Shields: 100
+Subsystem: Pilot
+Subsystem: turret01-main
+Subsystem: turret02
+Subsystem: turret03
+Subsystem: turret04
+Subsystem: turret05
$Arrival Location: Hyperspace
$Arrival Cue: ( true ) 
$Departure Location: Hyperspace
$Departure Cue: ( false ) 
$Determination: 10
+Flags: ( "cargo-known" "no-shields" "escort" )
+Flags2: ( )
+Respawn priority: 0
+Escort priority: 30
+Special Hitpoints: 10000
+Special Shield Points: 0
+Orders Accepted List: ( "attack ship" "dock" )
+Group: 0
+Use Table Score:
+Score: 16

$Name: Orpheus		;! Object #7
$Display Name: XSTR("Orpheus", 5100)
$Class: GTC Aeolus

$Team: Neutral
$Location: 651.900024, 125.000000, 3721.399902
$Orientation:
	0.218297, 0.000000, -0.975882,
	0.000000, 1.000000, 0.000000,
	0.975882, 0.000000, 0.218297
+AI Class: Rookie
$Cargo 1:  XSTR("Nothing", 4855)
+Initial Hull: 47
+Initial Shields: 100
+Subsystem: Pilot
+Subsystem: Turret01
+Subsystem: Turret02
+Subsystem: Turret03
+Subsystem: Turret04
+Subsystem: Turret05
+Subsystem: Turret06
+Subsystem: turret07
$Damage: 100
+Subsystem: turret08
+Subsystem: turret09
$Damage: 100
+Subsystem: turret10
+Subsystem: turret11
+Primary Banks: ( "Green Beam" )
+Subsystem: turret12
+Primary Banks: ( "Green Beam" )
$Arrival Location: Hyperspace
$Arrival Cue: ( true ) 
$Departure Location: Hyperspace
$Departure Cue: ( is-event-true-delay 
   "Orpheus Jumpout" 
   0 
)
$Determination: 10
+Flags: ( "cargo-known" "no-shields" "escort" )
+Flags2: ( )
+Respawn priority: 0
+Escort priority: 90
+Special Hitpoints: 76000
+Special Shield Points: 0
+Hotkey: 7
+Orders Accepted List: ( "attack ship" )
+Group: 0
+Use Table Score:
+Score: 500
$Texture Replace:
+old: nameplate
+new: ntc_orpheus
+old: aeolusdet
+new: ntfaedet
+old: aeolusuv
+new: ntfaemain

$Name: Thunderhorse		;! Object #8
$Display Name: XSTR("Thunderhorse", 5105)
$Class: GTFR Triton

$Team: Neutral
$Location: 828.636475, 150.000107, 3107.133789
$Orientation:
	-0.041822, 0.000000, 0.999125,
	-0.239567, 0.970828, -0.010028,
	-0.969979, -0.239777, -0.040602
$AI Goals: ( goals ( ai-dock "Euryale" "dock02" "main dock" 50 ) )
$Cargo 1:  XSTR("Nothing", 4855)
+Initial Velocity: 100
+Initial Hull: 51
+Initial Shields: 100
+Subsystem: Pilot
+Subsystem: Turret01
$Damage: 100
+Subsystem: Turret02
$Damage: 100
$Arrival Location: Hyperspace
$Arrival Cue: ( true ) 
$Departure Location: Hyperspace
$Departure Cue: ( false ) 
$Determination: 10
+Flags: ( "cargo-known" "protect-ship" "no-shields" "escort" )
+Flags2: ( )
+Respawn priority: 0
+Escort priority: 50
+Special Hitpoints: 10000
+Special Shield Points: 0
+Hotkey: 6
+Orders Accepted List: ( "attack ship" "dock" )
+Group: 0
+Use Table Score:
+Score: 20

$Name: #FAKEBRIDGE		;! Object #9
$Display Name: XSTR("FAKEBRIDGE", 5301)
$Class: TC 2
$Team: Friendly
$Location: 720.625000, 150.356903, 3740.060791
$Orientation:
	-0.227202, 0.000000, 0.973848,
	0.000000, 1.000000, 0.000000,
	-0.973848, 0.000000, -0.227202
$Cargo 1:  XSTR("Nothing", 4855)
+Initial Velocity: 33
+Initial Hull: 100
+Initial Shields: 100
+Subsystem: Pilot
$Arrival Location: Hyperspace
$Arrival Cue: ( true ) 
$Departure Location: Hyperspace
$Departure Cue: ( false ) 
$Determination: 10
+Flags: ( "cargo-known" "no-shields" "hidden-from-sensors" "stealth" )
+Flags2: ( )
+Respawn priority: 0
+Special Hitpoints: 1000
+Group: 0
+Use Table Score:
+Score: 0
$Texture Replace:
+old: cargo02-01
+new: invisible

$Name: Vassago		;! Object #10
$Display Name: XSTR("Vassago", 4866)
$Class: SD Ravana#Vassago
$Team: Hostile
$Location: -1872.699951, 850.000000, 9398.500000
$Orientation:
	-0.913087, 0.000000, -0.407766,
	0.000000, 1.000000, 0.000000,
	0.407766, 0.000000, -0.913087
$Cargo 1:  XSTR("Nothing", 4855)
+Initial Hull: 63
+Initial Shields: 100
+Subsystem: Pilot
+Subsystem: Turret01
+Subsystem: Turret02
+Subsystem: Turret03
+Subsystem: Turret04
+Subsystem: Turret05
+Subsystem: Turret06
+Subsystem: Turret07
+Subsystem: Turret08
+Subsystem: Turret09
+Subsystem: Turret10
+Subsystem: Turret11
+Subsystem: Turret12
+Subsystem: Turret13
+Subsystem: Turret14
+Subsystem: Turret15
+Subsystem: Turret16
+Subsystem: Turret17
+Subsystem: Turret18
+Subsystem: Turret19
+Subsystem: Turret20
+Subsystem: Turret21
+Subsystem: Turret22
+Subsystem: Turret23
+Subsystem: Turret24
+Subsystem: Turret25
+Subsystem: Turret26
+Subsystem: Turret27
+Subsystem: Turret28
+Subsystem: Turret29
+Subsystem: Turret30
$Arrival Location: Hyperspace
$Arrival Cue: ( is-event-true-delay "Vassago Cue" 0 ) 
$Departure Location: Hyperspace
$Departure Cue: ( is-event-true-delay 
   "Vassago1 Jumpout" 
   0 
)
$Determination: 10
+Flags: ( "no-shields" "escort" )
+Flags2: ( )
+Respawn priority: 0
+Escort priority: 99
+Special Hitpoints: 450000
+Special Shield Points: 0
+Orders Accepted List: ( )
+Group: 0
+Use Table Score:
+Score: 670

$Name: Cancer 1		;! Object #11
$Display Name: XSTR("Cancer 1", 4891)
$Class: ST Azrael
$Team: Hostile
$Location: 2623.472900, -100.000259, 4263.210449
$Orientation:
	-0.178078, 0.000000, 0.984016,
	0.165593, 0.985739, 0.029967,
	-0.969983, 0.168283, -0.175538
+AI Class: Rookie
$Cargo 1:  XSTR("Unknown", 4963)
+Initial Velocity: 33
+Initial Hull: 100
+Initial Shields: 100
+Subsystem: Pilot
+Subsystem: turret01a
+Subsystem: turret02a
+Subsystem: turret03a
$Arrival Location: Hyperspace
$Arrival Cue: ( false ) 
$Departure Location: Hyperspace
$Departure Cue: ( false ) 
$Determination: 10
+Flags: ( "no-shields" )
+Flags2: ( )
+Respawn priority: 0
+Special Hitpoints: 5000
+Hotkey: 8
+Orders Accepted List: ( )
+Group: 0
+Use Table Score:
+Score: 15

$Name: Lemnos		;! Object #12
$Display Name: XSTR("Lemnos", 5302)
$Class: GTCv Deimos
$Team: Friendly
$Location: 1011.288635, 401.893036, 2193.491699
$Orientation:
	0.337071, -0.938197, 0.078550,
	0.909553, 0.346048, 0.230139,
	-0.243098, -0.006128, 0.969982
+AI Class: Major
$Cargo 1:  XSTR("Nothing", 4855)
+Initial Velocity: 33
+Initial Hull: 100
+Initial Shields: 100
+Subsystem: Pilot
+Subsystem: Turret01
+Primary Banks: ( "Heavy Flak" )
+Subsystem: Turret02
+Primary Banks: ( "Heavy Flak" )
+Subsystem: Turret03
+Primary Banks: ( "Heavy Flak" )
+Subsystem: Turret04
+Subsystem: Turret05
+Subsystem: Turret06
+Subsystem: Turret07
+Subsystem: Turret08
+Subsystem: Turret09
+Subsystem: Turret10
+Subsystem: Turret11
+Subsystem: Turret12
+Subsystem: Turret13
+Subsystem: Turret14
+Subsystem: Turret15
+Subsystem: Turret16
+Subsystem: Turret17
+Subsystem: Turret18
+Subsystem: Turret19
+Subsystem: Turret20
+Subsystem: Turret21
+Subsystem: Turret22
+Subsystem: Turret23
+Subsystem: Turret24
+Subsystem: Turret25
+Subsystem: Turret26
$Arrival Location: Hyperspace
$Arrival Cue: ( is-event-true-delay "Lemnos Cue" 0 ) 
$Departure Location: Hyperspace
$Departure Cue: ( is-event-true-delay 
   "GTVA Jumpout Cue" 
   0 
)
$Determination: 10
+Flags: ( "cargo-known" "no-shields" "escort" )
+Flags2: ( )
+Respawn priority: 0
+Escort priority: 50
+Special Hitpoints: 160000
+Special Shield Points: 0
+Hotkey: 4
+Orders Accepted List: ( "attack ship" )
+Group: 0
+Use Table Score:
+Score: 800
$Texture Replace:
+old: nameplate
+new: gtcv_lemnos
+old: nameplate
+new: gtcv_lemnos

$Name: Delta 1		;! Object #13
$Display Name: XSTR("Delta 1", 5303)
$Class: GTF Myrmidon
$Team: Friendly
$Location: -1231.036865, -0.000511, 8336.405273
$Orientation:
	-0.838227, 0.005257, -0.545296,
	-0.027369, 0.998288, 0.051696,
	0.544634, 0.058258, -0.836648
+AI Class: Wingman Veteran
$Cargo 1:  XSTR("Nothing", 4855)
+Initial Hull: 100
+Subsystem: Pilot
+Primary Banks: ( "Subach HL-7" "Prometheus S" )
+Secondary Banks: ( "Tempest" "Tornado" "Stiletto II" )
$Arrival Location: Hyperspace
$Arrival Cue: ( false ) 
$Departure Location: Hyperspace
$Departure Cue: ( false ) 
$Determination: 10
+Flags: ( "cargo-known" )
+Flags2: ( "secondaries-locked" )
+Respawn priority: 0
+Group: 0
+Use Table Score:
+Score: 10
+Persona Index: 3

$Name: Delta 2		;! Object #14
$Display Name: XSTR("Delta 2", 5304)
$Class: GTF Myrmidon
$Team: Friendly
$Location: -1049.615356, -0.000511, 8515.881836
$Orientation:
	-0.850052, 0.005402, -0.526671,
	-0.026943, 0.998192, 0.053725,
	0.526009, 0.059859, -0.848370
+AI Class: Wingman Veteran
$Cargo 1:  XSTR("Nothing", 4855)
+Initial Hull: 100
+Subsystem: Pilot
+Primary Banks: ( "Subach HL-7" "Prometheus S" )
+Secondary Banks: ( "Tempest" "Tornado" "Stiletto II" )
$Arrival Location: Hyperspace
$Arrival Cue: ( false ) 
$Departure Location: Hyperspace
$Departure Cue: ( false ) 
$Determination: 10
+Flags: ( "cargo-known" )
+Flags2: ( "secondaries-locked" )
+Respawn priority: 0
+Group: 0
+Use Table Score:
+Score: 10

$Name: Delta 3		;! Object #15
$Display Name: XSTR("Delta 3", 5305)
$Class: GTF Myrmidon
$Team: Friendly
$Location: -1542.415405, -0.000755, 8301.079102
$Orientation:
	-0.820067, 0.005246, -0.572243,
	-0.028966, 0.998296, 0.050662,
	0.571533, 0.058122, -0.818518
+AI Class: Wingman Veteran
$Cargo 1:  XSTR("Nothing", 4855)
+Initial Hull: 100
+Subsystem: Pilot
+Primary Banks: ( "Subach HL-7" "Prometheus S" )
+Secondary Banks: ( "Tempest" "Tornado" "Stiletto II" )
$Arrival Location: Hyperspace
$Arrival Cue: ( false ) 
$Departure Location: Hyperspace
$Departure Cue: ( false ) 
$Determination: 10
+Flags: ( "cargo-known" )
+Flags2: ( "secondaries-locked" )
+Respawn priority: 0
+Group: 0
+Use Table Score:
+Score: 10

$Name: Delta 4		;! Object #16
$Display Name: XSTR("Delta 4", 5306)
$Class: GTF Myrmidon
$Team: Friendly
$Location: -1426.971436, -0.000440, 8527.947266
$Orientation:
	-0.830272, 0.005408, -0.557332,
	-0.028919, 0.998188, 0.052768,
	0.556607, 0.059929, -0.828611
+AI Class: Wingman Veteran
$Cargo 1:  XSTR("Nothing", 4855)
+Initial Hull: 100
+Subsystem: Pilot
+Primary Banks: ( "Subach HL-7" "Prometheus S" )
+Secondary Banks: ( "Tempest" "Tornado" "Stiletto II" )
$Arrival Location: Hyperspace
$Arrival Cue: ( false ) 
$Departure Location: Hyperspace
$Departure Cue: ( false ) 
$Determination: 10
+Flags: ( "cargo-known" )
+Flags2: ( "secondaries-locked" )
+Respawn priority: 0
+Group: 0
+Use Table Score:
+Score: 10

$Name: Beta 1		;! Object #17
$Display Name: XSTR("Beta 1", 4859)
$Class: GTF Perseus
$Team: Friendly
$Location: -1712.099976, 300.000000, 5156.700195
$Orientation:
	-0.518981, 0.000000, -0.854786,
	0.030887, 0.999347, -0.018753,
	0.854228, -0.036134, -0.518642
+AI Class: Wingman Elite
$Cargo 1:  XSTR("Nothing", 4855)
+Initial Velocity: 33
+Initial Hull: 100
+Subsystem: Pilot
+Primary Banks: ( "Subach HL-7" "Prometheus S" )
+Secondary Banks: ( "Tornado" "Harpoon" )
$Arrival Location: Hyperspace
$Arrival Cue: ( false ) 
$Departure Location: Hyperspace
$Departure Cue: ( false ) 
$Determination: 10
+Flags: ( "cargo-known" )
+Flags2: ( )
+Respawn priority: 0
+Group: 0
+Use Table Score:
+Score: 14
+Persona Index: 2

$Name: Beta 2		;! Object #18
$Display Name: XSTR("Beta 2", 4860)
$Class: GTF Perseus
$Team: Friendly
$Location: -1699.745239, 300.000031, 5305.979004
$Orientation:
	-0.558797, 0.000000, -0.829305,
	0.029226, 0.999379, -0.019693,
	0.828790, -0.035242, -0.558450
+AI Class: Wingman Elite
$Cargo 1:  XSTR("Nothing", 4855)
+Initial Velocity: 33
+Initial Hull: 100
+Subsystem: Pilot
+Primary Banks: ( "Subach HL-7" "Prometheus S" )
+Secondary Banks: ( "Tornado" "Harpoon" )
$Arrival Location: Hyperspace
$Arrival Cue: ( false ) 
$Departure Location: Hyperspace
$Departure Cue: ( false ) 
$Determination: 10
+Flags: ( "cargo-known" )
+Flags2: ( )
+Respawn priority: 0
+Group: 0
+Use Table Score:
+Score: 14

$Name: Beta 3		;! Object #19
$Display Name: XSTR("Beta 3", 4861)
$Class: GTF Perseus
$Team: Friendly
$Location: -1861.430786, 300.000000, 5163.213379
$Orientation:
	-0.497601, 0.000000, -0.867406,
	0.029918, 0.999405, -0.017163,
	0.866890, -0.034491, -0.497305
+AI Class: Wingman Elite
$Cargo 1:  XSTR("Nothing", 4855)
+Initial Velocity: 33
+Initial Hull: 100
+Subsystem: Pilot
+Primary Banks: ( "Subach HL-7" "Prometheus S" )
+Secondary Banks: ( "Tornado" "Harpoon" )
$Arrival Location: Hyperspace
$Arrival Cue: ( false ) 
$Departure Location: Hyperspace
$Departure Cue: ( false ) 
$Determination: 10
+Flags: ( "cargo-known" )
+Flags2: ( )
+Respawn priority: 0
+Group: 0
+Use Table Score:
+Score: 14

$Name: Beta 4		;! Object #20
$Display Name: XSTR("Beta 4", 4862)
$Class: GTF Perseus
$Team: Friendly
$Location: -1857.347778, 300.000061, 5296.138184
$Orientation:
	-0.531564, 0.000000, -0.847018,
	0.028575, 0.999431, -0.017933,
	0.846536, -0.033736, -0.531262
+AI Class: Wingman Elite
$Cargo 1:  XSTR("Nothing", 4855)
+Initial Velocity: 33
+Initial Hull: 100
+Subsystem: Pilot
+Primary Banks: ( "Subach HL-7" "Prometheus S" )
+Secondary Banks: ( "Tornado" "Harpoon" )
$Arrival Location: Hyperspace
$Arrival Cue: ( false ) 
$Departure Location: Hyperspace
$Departure Cue: ( false ) 
$Determination: 10
+Flags: ( "cargo-known" )
+Flags2: ( )
+Respawn priority: 0
+Group: 0
+Use Table Score:
+Score: 14

$Name: Gamma 1		;! Object #21
$Display Name: XSTR("Gamma 1", 5307)
$Class: GVF Horus
$Team: Friendly
$Location: -3168.199951, -500.000000, 4503.500000
$Orientation:
	-0.200577, 0.000000, -0.979678,
	-0.173100, 0.984267, 0.035440,
	0.964264, 0.176690, -0.197421
+AI Class: Wingman Elite
$Cargo 1:  XSTR("Nothing", 4855)
+Initial Hull: 100
+Subsystem: Pilot
+Primary Banks: ( "Mekhu HL-7" "Prometheus S" )
+Secondary Banks: ( "Harpoon" "Tempest" )
$Arrival Location: Hyperspace
$Arrival Cue: ( false ) 
$Departure Location: Hyperspace
$Departure Cue: ( false ) 
$Determination: 10
+Flags: ( "cargo-known" )
+Flags2: ( )
+Respawn priority: 0
+Group: 0
+Score: 12

$Name: Gamma 2		;! Object #22
$Display Name: XSTR("Gamma 2", 5308)
$Class: GVF Horus
$Team: Friendly
$Location: -3133.366943, -500.000000, 4641.371094
$Orientation:
	-0.236169, 0.000000, -0.971712,
	-0.171858, 0.984236, 0.041769,
	0.956394, 0.176861, -0.232446
+AI Class: Wingman Elite
$Cargo 1:  XSTR("Nothing", 4855)
+Initial Hull: 100
+Subsystem: Pilot
+Primary Banks: ( "Mekhu HL-7" "Prometheus S" )
+Secondary Banks: ( "Harpoon" "Tempest" )
$Arrival Location: Hyperspace
$Arrival Cue: ( false ) 
$Departure Location: Hyperspace
$Departure Cue: ( false ) 
$Determination: 10
+Flags: ( "cargo-known" )
+Flags2: ( )
+Respawn priority: 0
+Group: 0
+Score: 12

$Name: Gamma 3		;! Object #23
$Display Name: XSTR("Gamma 3", 5309)
$Class: GVF Horus
$Team: Friendly
$Location: -3309.213867, -500.000000, 4524.744141
$Orientation:
	-0.198766, 0.000000, -0.980047,
	-0.167244, 0.985332, 0.033919,
	0.965672, 0.170649, -0.195850
+AI Class: Wingman Elite
$Cargo 1:  XSTR("Nothing", 4855)
+Initial Hull: 100
+Subsystem: Pilot
+Primary Banks: ( "Mekhu HL-7" "Prometheus S" )
+Secondary Banks: ( "Harpoon" "Tempest" )
$Arrival Location: Hyperspace
$Arrival Cue: ( false ) 
$Departure Location: Hyperspace
$Departure Cue: ( false ) 
$Determination: 10
+Flags: ( "cargo-known" )
+Flags2: ( )
+Respawn priority: 0
+Group: 0
+Score: 12

$Name: Gamma 4		;! Object #24
$Display Name: XSTR("Gamma 4", 5310)
$Class: GVF Horus
$Team: Friendly
$Location: -3284.752441, -500.000061, 4688.184570
$Orientation:
	-0.238502, 0.000000, -0.971142,
	-0.165253, 0.985416, 0.040584,
	0.956979, 0.170164, -0.235024
+AI Class: Wingman Elite
$Cargo 1:  XSTR("Nothing", 4855)
+Initial Hull: 100
+Subsystem: Pilot
+Primary Banks: ( "Mekhu HL-7" "Prometheus S" )
+Secondary Banks: ( "Harpoon" "Tempest" )
$Arrival Location: Hyperspace
$Arrival Cue: ( false ) 
$Departure Location: Hyperspace
$Departure Cue: ( false ) 
$Determination: 10
+Flags: ( "cargo-known" )
+Flags2: ( )
+Respawn priority: 0
+Group: 0
+Score: 12

$Name: Vassago#2		;! Object #25
$Display Name: XSTR("Vassago", 4866)
$Class: SD Ravana#Vassago
$Team: Hostile
$Location: 6716.600098, -500.000000, 6057.299805
$Orientation:
	-0.163227, 0.659183, 0.734054,
	0.110926, 0.751577, -0.650253,
	-0.980333, -0.024713, -0.195798
$Cargo 1:  XSTR("Nothing", 4855)
+Initial Hull: 63
+Initial Shields: 100
+Subsystem: Pilot
+Subsystem: Turret01
+Subsystem: Turret02
+Subsystem: Turret03
+Subsystem: Turret04
+Subsystem: Turret05
+Subsystem: Turret06
+Subsystem: Turret07
+Subsystem: Turret08
+Subsystem: Turret09
+Subsystem: Turret10
+Subsystem: Turret11
+Subsystem: Turret12
+Subsystem: Turret13
+Subsystem: Turret14
+Subsystem: Turret15
+Subsystem: Turret16
+Subsystem: Turret17
+Subsystem: Turret18
+Subsystem: Turret19
+Subsystem: Turret20
+Subsystem: Turret21
+Subsystem: Turret22
+Subsystem: Turret23
+Subsystem: Turret24
+Subsystem: Turret25
+Subsystem: Turret26
+Subsystem: Turret27
+Subsystem: Turret28
+Subsystem: Turret29
+Subsystem: Turret30
$Arrival Location: Hyperspace
$Arrival Cue: ( is-event-true-delay 
   "Vassago2 Arrive Cue" 
   0 
)
$Departure Location: Hyperspace
$Departure Cue: ( false ) 
$Determination: 10
+Flags: ( "no-shields" "escort" )
+Flags2: ( )
+Respawn priority: 0
+Escort priority: 89
+Orders Accepted List: ( )
+Group: 0
+Use Table Score:
+Score: 670

$Name: Cancer 2		;! Object #26
$Display Name: XSTR("Cancer 2", 4892)
$Class: ST Azrael
$Team: Hostile
$Location: 2530.884521, -198.779236, 4603.463379
$Orientation:
	-0.430832, 0.000000, 0.902432,
	0.212774, 0.971807, 0.101581,
	-0.876990, 0.235779, -0.418686
+AI Class: Rookie
$Cargo 1:  XSTR("Unknown", 4963)
+Initial Velocity: 33
+Initial Hull: 100
+Initial Shields: 100
+Subsystem: Pilot
+Subsystem: turret01a
+Subsystem: turret02a
+Subsystem: turret03a
$Arrival Location: Hyperspace
$Arrival Cue: ( false ) 
$Departure Location: Hyperspace
$Departure Cue: ( false ) 
$Determination: 10
+Flags: ( "no-shields" )
+Flags2: ( )
+Respawn priority: 0
+Special Hitpoints: 5000
+Hotkey: 8
+Orders Accepted List: ( )
+Group: 0
+Use Table Score:
+Score: 15

$Name: Cancer 3		;! Object #27
$Display Name: XSTR("Cancer 3", 4893)
$Class: ST Azrael
$Team: Hostile
$Location: 3000.132568, -230.178284, 4272.725098
$Orientation:
	-0.144396, 0.000000, 0.989520,
	0.203368, 0.978653, 0.029677,
	-0.968396, 0.205522, -0.141314
+AI Class: Rookie
$Cargo 1:  XSTR("Unknown", 4963)
+Initial Velocity: 33
+Initial Hull: 100
+Initial Shields: 100
+Subsystem: Pilot
+Subsystem: turret01a
+Subsystem: turret02a
+Subsystem: turret03a
$Arrival Location: Hyperspace
$Arrival Cue: ( false ) 
$Departure Location: Hyperspace
$Departure Cue: ( false ) 
$Determination: 10
+Flags: ( "no-shields" )
+Flags2: ( )
+Respawn priority: 0
+Special Hitpoints: 5000
+Hotkey: 8
+Orders Accepted List: ( )
+Group: 0
+Use Table Score:
+Score: 15

$Name: Aries 1		;! Object #28
$Display Name: XSTR("Aries 1", 4949)
$Class: SB Seraphim
$Team: Hostile
$Location: 972.500000, -1640.099976, 3029.199951
$Orientation:
	0.907398, 0.000000, 0.420271,
	0.385785, 0.396716, -0.832939,
	-0.166728, 0.917942, 0.359979
+AI Class: Elite
$Cargo 1:  XSTR("Nothing", 4855)
+Initial Hull: 100
+Subsystem: Pilot
+Secondary Banks: ( "Shivan Bomb#Short" "Shivan Bomb#Short" "Shivan Bomb#Short" "Shivan Bomb#Short" )
+Subsystem: turret01
+Subsystem: turret02
$Arrival Location: Hyperspace
$Arrival Cue: ( false ) 
$Departure Location: Hyperspace
$Departure Cue: ( false ) 
$Determination: 10
+Flags: ( )
+Flags2: ( )
+Respawn priority: 0
+Orders Accepted List: ( )
+Group: 0
+Use Table Score:
+Score: 16

$Name: Aries 2		;! Object #29
$Display Name: XSTR("Aries 2", 4950)
$Class: SB Seraphim
$Team: Hostile
$Location: 849.717529, -1868.522217, 3213.554932
$Orientation:
	0.931805, 0.000000, 0.362960,
	0.350111, 0.263714, -0.898820,
	-0.095717, 0.964601, 0.245730
+AI Class: Elite
$Cargo 1:  XSTR("Nothing", 4855)
+Initial Hull: 100
+Subsystem: Pilot
+Secondary Banks: ( "Shivan Bomb#Short" "Shivan Bomb#Short" "Shivan Bomb#Short" "Shivan Bomb#Short" )
+Subsystem: turret01
+Subsystem: turret02
$Arrival Location: Hyperspace
$Arrival Cue: ( false ) 
$Departure Location: Hyperspace
$Departure Cue: ( false ) 
$Determination: 10
+Flags: ( )
+Flags2: ( )
+Respawn priority: 0
+Orders Accepted List: ( )
+Group: 0
+Use Table Score:
+Score: 16

$Name: Taurus 1		;! Object #30
$Display Name: XSTR("Taurus 1", 4990)
$Class: SF Manticore
$Team: Hostile
$Location: 2281.813477, 0.000000, 3882.965576
$Orientation:
	0.558075, 0.036791, 0.828976,
	-0.060563, 0.998158, -0.003528,
	-0.827578, -0.048236, 0.559275
+AI Class: Rookie
$Cargo 1:  XSTR("Nothing", 4855)
+Subsystem: Pilot
+Secondary Banks: ( "Harpoon#Weak#Shivan" "MX-64#Shivan" )
$Arrival Location: Hyperspace
$Arrival Cue: ( false ) 
$Departure Location: Hyperspace
$Departure Cue: ( false ) 
$Determination: 10
+Flags: ( )
+Flags2: ( )
+Respawn priority: 0
+Orders Accepted List: ( )
+Group: 0
+Use Table Score:
+Score: 12

$Name: Taurus 2		;! Object #31
$Display Name: XSTR("Taurus 2", 4991)
$Class: SF Manticore
$Team: Hostile
$Location: 2371.001953, -8.350603, 3762.846924
$Orientation:
	0.576604, 0.040441, 0.816022,
	-0.066643, 0.997774, -0.002358,
	-0.814301, -0.053022, 0.578015
+AI Class: Rookie
$Cargo 1:  XSTR("Nothing", 4855)
+Subsystem: Pilot
+Secondary Banks: ( "Harpoon#Weak#Shivan" "MX-64#Shivan" )
$Arrival Location: Hyperspace
$Arrival Cue: ( false ) 
$Departure Location: Hyperspace
$Departure Cue: ( false ) 
$Determination: 10
+Flags: ( )
+Flags2: ( )
+Respawn priority: 0
+Orders Accepted List: ( )
+Group: 0
+Use Table Score:
+Score: 12

$Name: Taurus 3		;! Object #32
$Display Name: XSTR("Taurus 3", 4992)
$Class: SF Manticore
$Team: Hostile
$Location: 2381.433838, 71.609779, 3953.729736
$Orientation:
	0.512145, 0.018022, 0.858710,
	-0.029526, 0.999558, -0.003369,
	-0.858392, -0.023629, 0.512451
+AI Class: Rookie
$Cargo 1:  XSTR("Nothing", 4855)
+Subsystem: Pilot
+Secondary Banks: ( "Harpoon#Weak#Shivan" "MX-64#Shivan" )
$Arrival Location: Hyperspace
$Arrival Cue: ( false ) 
$Departure Location: Hyperspace
$Departure Cue: ( false ) 
$Determination: 10
+Flags: ( )
+Flags2: ( )
+Respawn priority: 0
+Orders Accepted List: ( )
+Group: 0
+Use Table Score:
+Score: 12

$Name: Taurus 4		;! Object #33
$Display Name: XSTR("Taurus 4", 5003)
$Class: SF Manticore
$Team: Hostile
$Location: 2473.686279, 67.580627, 3841.151611
$Orientation:
	0.530852, 0.021683, 0.847187,
	-0.035604, 0.999361, -0.003268,
	-0.846716, -0.028428, 0.531285
+AI Class: Rookie
$Cargo 1:  XSTR("Nothing", 4855)
+Subsystem: Pilot
+Secondary Banks: ( "Harpoon#Weak#Shivan" "MX-64#Shivan" )
$Arrival Location: Hyperspace
$Arrival Cue: ( false ) 
$Departure Location: Hyperspace
$Departure Cue: ( false ) 
$Determination: 10
+Flags: ( )
+Flags2: ( )
+Respawn priority: 0
+Orders Accepted List: ( )
+Group: 0
+Use Table Score:
+Score: 12

$Name: Pisces 1		;! Object #34
$Display Name: XSTR("Pisces 1", 4952)
$Class: SF Mara
$Team: Hostile
$Location: 2256.092529, -160.283386, 3502.483887
$Orientation:
	0.671289, 0.078105, 0.737069,
	-0.128254, 0.991672, 0.011724,
	-0.730015, -0.102403, 0.675716
+AI Class: Elite
$Cargo 1:  XSTR("Nothing", 4855)
+Initial Velocity: 33
+Initial Hull: 100
+Subsystem: Pilot
+Secondary Banks: ( "MX-64#Shivan" "Hornet#Weak#Shivan" )
$Arrival Location: Hyperspace
$Arrival Cue: ( false ) 
$Departure Location: Hyperspace
$Departure Cue: ( false ) 
$Determination: 10
+Flags: ( )
+Flags2: ( )
+Respawn priority: 0
+Orders Accepted List: ( )
+Group: 0
+Use Table Score:
+Score: 12

$Name: Pisces 2		;! Object #35
$Display Name: XSTR("Pisces 2", 4953)
$Class: SF Mara
$Team: Hostile
$Location: 2352.548584, -249.468002, 3431.724365
$Orientation:
	0.665525, 0.099757, 0.739679,
	-0.163860, 0.986378, 0.014405,
	-0.728166, -0.130791, 0.672806
+AI Class: Elite
$Cargo 1:  XSTR("Nothing", 4855)
+Initial Velocity: 33
+Initial Hull: 100
+Subsystem: Pilot
+Secondary Banks: ( "MX-64#Shivan" "Hornet#Weak#Shivan" )
$Arrival Location: Hyperspace
$Arrival Cue: ( false ) 
$Departure Location: Hyperspace
$Departure Cue: ( false ) 
$Determination: 10
+Flags: ( )
+Flags2: ( )
+Respawn priority: 0
+Orders Accepted List: ( )
+Group: 0
+Use Table Score:
+Score: 12

$Name: Pisces 3		;! Object #36
$Display Name: XSTR("Pisces 3", 4954)
$Class: SF Mara
$Team: Hostile
$Location: 2354.203613, -168.529663, 3610.553223
$Orientation:
	0.621930, 0.082144, 0.778753,
	-0.135400, 0.990784, 0.003625,
	-0.771278, -0.107698, 0.627320
+AI Class: Elite
$Cargo 1:  XSTR("Nothing", 4855)
+Initial Velocity: 33
+Initial Hull: 100
+Subsystem: Pilot
+Secondary Banks: ( "MX-64#Shivan" "Hornet#Weak#Shivan" )
$Arrival Location: Hyperspace
$Arrival Cue: ( false ) 
$Departure Location: Hyperspace
$Departure Cue: ( false ) 
$Determination: 10
+Flags: ( )
+Flags2: ( )
+Respawn priority: 0
+Orders Accepted List: ( )
+Group: 0
+Use Table Score:
+Score: 12

$Name: Pisces 4		;! Object #37
$Display Name: XSTR("Pisces 4", 4955)
$Class: SF Mara
$Team: Hostile
$Location: 2450.207520, -267.761932, 3517.279785
$Orientation:
	0.623838, 0.105559, 0.774392,
	-0.173959, 0.984735, 0.005908,
	-0.761947, -0.138398, 0.632679
+AI Class: Elite
$Cargo 1:  XSTR("Nothing", 4855)
+Initial Velocity: 33
+Initial Hull: 100
+Subsystem: Pilot
+Secondary Banks: ( "MX-64#Shivan" "Hornet#Weak#Shivan" )
$Arrival Location: Hyperspace
$Arrival Cue: ( false ) 
$Departure Location: Hyperspace
$Departure Cue: ( false ) 
$Determination: 10
+Flags: ( )
+Flags2: ( )
+Respawn priority: 0
+Orders Accepted List: ( )
+Group: 0
+Use Table Score:
+Score: 12

$Name: Aquarius 1		;! Object #38
$Display Name: XSTR("Aquarius 1", 4896)
$Class: SF Manticore
$Team: Hostile
$Location: -45.203644, 0.000000, 3092.871338
$Orientation:
	0.408488, -0.912764, 0.000000,
	0.912764, 0.408488, 0.000000,
	0.000000, 0.000000, 1.000000
+AI Class: Veteran
$Cargo 1:  XSTR("Nothing", 4855)
+Initial Velocity: 33
+Subsystem: Pilot
+Secondary Banks: ( "Harpoon#Weak#Shivan" "MX-64#Shivan" )
$Arrival Location: Hyperspace
$Arrival Cue: ( false ) 
$Departure Location: Hyperspace
$Departure Cue: ( false ) 
$Determination: 10
+Flags: ( )
+Flags2: ( )
+Respawn priority: 0
+Orders Accepted List: ( )
+Group: 0
+Use Table Score:
+Score: 12

$Name: Aquarius 2		;! Object #39
$Display Name: XSTR("Aquarius 2", 4897)
$Class: SF Manticore
$Team: Hostile
$Location: -86.220779, 91.652664, 3002.669434
$Orientation:
	0.408487, -0.912764, 0.000000,
	0.912764, 0.408487, -0.000000,
	0.000000, 0.000000, 1.000000
+AI Class: Veteran
$Cargo 1:  XSTR("Nothing", 4855)
+Initial Velocity: 33
+Subsystem: Pilot
+Secondary Banks: ( "Harpoon#Weak#Shivan" "MX-64#Shivan" )
$Arrival Location: Hyperspace
$Arrival Cue: ( false ) 
$Departure Location: Hyperspace
$Departure Cue: ( false ) 
$Determination: 10
+Flags: ( )
+Flags2: ( )
+Respawn priority: 0
+Orders Accepted List: ( )
+Group: 0
+Use Table Score:
+Score: 12

$Name: Aquarius 3		;! Object #40
$Display Name: XSTR("Aquarius 3", 4898)
$Class: SF Manticore
$Team: Hostile
$Location: -4.451630, -91.060234, 2987.325684
$Orientation:
	0.408487, -0.912764, 0.000000,
	0.912764, 0.408487, -0.000000,
	0.000000, 0.000000, 1.000000
+AI Class: Veteran
