#Mission Info

$Version: 0.10
$Name:  XSTR("Prelude", 5775)
$Author: Joel Reimer
$Created: 04/24/09 at 19:57:35
$Modified: 03/14/23 at 05:13:27
$Notes:
Mission 1 - Vassago$End Notes:

$Mission Desc:
 XSTR("Introduction to Vassago's Dirge.", 5776)
$end_multi_text
+Game Type Flags: 1
+Flags: 263178
+Fog Near Mult: 1.000000

+Fog Far Mult: 1.000000

+Disallow Support: 1
+Hull Repair Ceiling: 0.000000
+Subsystem Repair Ceiling: 100.000000

+Viewer pos: -627.165894, 5608.981934, -687.522583
+Viewer orient:
	0.588314, -0.000001, -0.808633,
	0.069406, 0.996310, 0.050495,
	0.805649, -0.085831, 0.586143


$Load Screen 640: m1load.tga
$Load Screen 1024: 2_m1load.png

$Skybox Model: starfield.pof

$AI Profile: NewProfile

#Sexp_variables

$Variables:
(
		0		"audioOffset"		"1"		"number"
		1		"capellacapella"		"capella"		"string"
		2		"fadeTime"		"5000"		"number"
		3		"isCampaign"		"1"		"number"		"save-on-mission-progress"
		4		"i18nVariable1"		"SYSTEMS CRITICAL"		"string"
		5		"i18nVariable2"		"PRESS [$ALT-J$] TO EJECT"		"string"
		6		"i18nVariable3"		"#Command"		"string"
)

#Command Briefing

#Briefing
$start_briefing
$num_stages: 0
$end_briefing

#Debriefing_info

$Num stages: 1

$Formula: ( true ) 
$Multi text
    XSTR("Commander? Oh, I'm sorry. I didn't mean to startle you. Allow me to introduce myself. My name is Captain White, Special Operations Command. Your little trip to Cagliari Station has certainly raised some eyebrows, and that is why I will be handling your debriefing instead of Commander Daniels.

You look tired, have you slept at all? Black- ah, how rude of me. This is my assistant, Lieutenant Black. He'll be recording our conversation as well as performing any clerical duties. Black, could you please go get our friend a cup of coffee? Thank you.

Now, this isn't your first debriefing for this incident. That's not unusual. Sometimes questions that should have been asked are not, or information that's given is shown as inaccurate or deceptive. Your story seems to hit a brick wall in your second trip to Cagliari station, where... you just don't remember anything.

I'll be frank, they told me they think you're lying. I think they're mistaken. I think they're afraid of what you may have seen, and I think you are, too. This is nothing to be ashamed of. When your brain encounters trauma, it shuts down and seals off access to the memory so it will never hurt you again.

If it was up to me, I would say, 'leave the poor sod alone.' We've got better things to do. But the thing is, is that we have hundreds of Shivan ships entering Capella. What you saw might give us a hint at what they're going to do or a way to beat them.

We need you to remember what you saw, but just asking your brain to unlock your memory isn't good enough. What I am going to do is ask you to recall what happened in the events leading to your second trip to Cagliari station. Now I know what happened already, but this is for your benefit.

Like picking a lock, we must slowly and carefully make our way through your memory. Ah, good, Lt. Black is here with your coffee. Please have a drink and tell us about your first trip to Cagliari Station.", 5777)
$end_multi_text
$Voice: M1_DB1.ogg
$Recommendation text:
    XSTR("", 10)
$end_multi_text

#Players		;! 1 total

$Starting Shipname: Alpha 1
$Ship Choices: (
)

+Weaponry Pool: (
	"Piranha"	500
	"Subach HL-7"	12
	"Prometheus S"	4
	"Hornet"	320
	"Harpoon"	112
	"Tornado"	32
)

#Objects		;! 46 total

$Name: Alpha 1		;! Object #0
$Display Name: XSTR("Alpha 1", 5778)
$Class: GTF Perseus
$Team: Friendly
$Location: -330.000000, -50400.000000, -410.000000
$Orientation:
	0.710914, 0.000000, -0.703280,
	0.000000, 1.000000, 0.000000,
	0.703280, 0.000000, 0.710914
$Cargo 1:  XSTR("Nothing", 13)
+Initial Hull: 100
+Subsystem: Pilot
+Primary Banks: ( "Subach HL-7" "Prometheus S" )
+Secondary Banks: ( "Harpoon" "Tornado" )
$Arrival Location: Hyperspace
$Arrival Cue: ( false ) 
$Departure Location: Hyperspace
$Departure Cue: ( false ) 
$Determination: 10
+Flags: ( "cargo-known" "protect-ship" "player-start" "invulnerable" "beam-protect-ship" "guardian" "stealth" )
+Flags2: ( "no-subspace-drive" "primaries-locked" "secondaries-locked" "afterburners-locked" )
+Respawn priority: 0
+Orders Accepted List: ( "attack ship" "disable ship" "disarm ship" "guard ship" "ignore ship" "form on wing" "cover me" "attack any" "disable subsys" )
+Group: 0
+Score: 8

$Name: Alpha 2		;! Object #1
$Display Name: XSTR("Alpha 2", 5779)
$Class: GTF Perseus
$Team: Friendly
$Location: 357.219055, -0.000037, -1052.985352
$Orientation:
	-0.997661, 0.000000, -0.068354,
	0.000000, 1.000000, 0.000000,
	0.068354, 0.000000, -0.997661
+AI Class: Wingman Rookie
$Cargo 1:  XSTR("Nothing", 13)
+Initial Hull: 100
+Subsystem: Pilot
+Primary Banks: ( "Subach HL-7" "Prometheus S" )
+Secondary Banks: ( "Harpoon" "Harpoon" )
$Arrival Location: Hyperspace
$Arrival Cue: ( false ) 
$Departure Location: Hyperspace
$Departure Cue: ( false ) 
$Determination: 10
+Flags: ( "cargo-known" "invulnerable" )
+Flags2: ( )
+Respawn priority: 0
+Orders Accepted List: ( "attack ship" "disable ship" "disarm ship" "guard ship" "ignore ship" "form on wing" "cover me" "attack any" "disable subsys" )
+Group: 0
+Score: 8

$Name: Alpha 3		;! Object #2
$Display Name: XSTR("Alpha 3", 5780)
$Class: GTF Perseus
$Team: Friendly
$Location: 233.920837, -860.036865, -282.455902
$Orientation:
	-0.997661, 0.000000, -0.068354,
	0.000000, 1.000000, 0.000000,
	0.068354, 0.000000, -0.997661
+AI Class: Wingman Rookie
$Cargo 1:  XSTR("Nothing", 13)
+Initial Hull: 100
+Subsystem: Pilot
+Primary Banks: ( "Subach HL-7" "Prometheus S" )
+Secondary Banks: ( "Harpoon" "Harpoon" )
$Arrival Location: Hyperspace
$Arrival Cue: ( false ) 
$Departure Location: Hyperspace
$Departure Cue: ( false ) 
$Determination: 10
+Flags: ( "cargo-known" "invulnerable" )
+Flags2: ( )
+Respawn priority: 0
+Orders Accepted List: ( "attack ship" "disable ship" "disarm ship" "guard ship" "ignore ship" "form on wing" "cover me" "attack any" "disable subsys" )
+Group: 0
+Score: 8

$Name: Alpha 4		;! Object #3
$Display Name: XSTR("Alpha 4", 5781)
$Class: GTF Perseus
$Team: Friendly
$Location: -677.339478, 0.000127, -3451.898438
$Orientation:
	-0.997661, 0.000000, -0.068354,
	0.000000, 1.000000, 0.000000,
	0.068354, 0.000000, -0.997661
+AI Class: Wingman Rookie
$Cargo 1:  XSTR("Nothing", 13)
+Initial Hull: 100
+Subsystem: Pilot
+Primary Banks: ( "Subach HL-7" "Prometheus S" )
+Secondary Banks: ( "Harpoon" "Harpoon" )
$Arrival Location: Hyperspace
$Arrival Cue: ( false ) 
$Departure Location: Hyperspace
$Departure Cue: ( false ) 
$Determination: 10
+Flags: ( "cargo-known" "invulnerable" )
+Flags2: ( )
+Respawn priority: 0
+Orders Accepted List: ( "attack ship" "disable ship" "disarm ship" "guard ship" "ignore ship" "form on wing" "cover me" "attack any" "disable subsys" )
+Group: 0
+Score: 8

$Name: Beta 1		;! Object #4
$Display Name: XSTR("Beta 1", 5782)
$Class: GTF Perseus
$Team: Friendly
$Location: -24.000000, 0.000000, 300.000000
$Orientation:
	-1.000000, 0.000000, 0.000000,
	0.000000, 1.000000, 0.000000,
	0.000000, 0.000000, -1.000000
+AI Class: Wingman Rookie
$AI Goals: ( goals ( ai-waypoints-once "Waypoint path 4" 50 ) ( ai-chase-any 50 ) )
$Cargo 1:  XSTR("Nothing", 13)
+Initial Velocity: 100
+Initial Hull: 100
+Subsystem: Pilot
+Primary Banks: ( "Subach HL-7" "Subach HL-7" )
+Secondary Banks: ( "Hornet" "Hornet" )
$Arrival Location: Hyperspace
$Arrival Cue: ( false ) 
$Departure Location: Hyperspace
$Departure Cue: ( false ) 
$Determination: 10
+Flags: ( "cargo-known" "invulnerable" )
+Flags2: ( )
+Respawn priority: 0
+Orders Accepted List: ( "attack ship" "disable ship" "disarm ship" "guard ship" "ignore ship" "form on wing" "cover me" "attack any" "disable subsys" )
+Group: 0
+Score: 8

$Name: Beta 2		;! Object #5
$Display Name: XSTR("Beta 2", 5783)
$Class: GTF Perseus
$Team: Friendly
$Location: 1058.685059, 483.804077, -1576.414917
$Orientation:
	-0.997661, 0.000000, -0.068354,
	0.000000, 1.000000, 0.000000,
	0.068354, 0.000000, -0.997661
+AI Class: Wingman Rookie
$Cargo 1:  XSTR("Nothing", 13)
+Initial Hull: 100
+Subsystem: Pilot
+Primary Banks: ( "Subach HL-7" "Subach HL-7" )
+Secondary Banks: ( "Hornet" "Hornet" )
$Arrival Location: Hyperspace
$Arrival Cue: ( false ) 
$Departure Location: Hyperspace
$Departure Cue: ( false ) 
$Determination: 10
+Flags: ( "cargo-known" "invulnerable" )
+Flags2: ( )
+Respawn priority: 0
+Orders Accepted List: ( "attack ship" "disable ship" "disarm ship" "guard ship" "ignore ship" "form on wing" "cover me" "attack any" "disable subsys" )
+Group: 0
+Score: 8

$Name: Beta 3		;! Object #6
$Display Name: XSTR("Beta 3", 5784)
$Class: GTF Perseus
$Team: Friendly
$Location: -764.415771, -560.217834, -2361.103516
$Orientation:
	-0.997661, 0.000000, -0.068354,
	0.000000, 1.000000, 0.000000,
	0.068354, 0.000000, -0.997661
+AI Class: Wingman Rookie
$Cargo 1:  XSTR("Nothing", 13)
+Initial Hull: 100
+Subsystem: Pilot
+Primary Banks: ( "Subach HL-7" "Subach HL-7" )
+Secondary Banks: ( "Hornet" "Hornet" )
$Arrival Location: Hyperspace
$Arrival Cue: ( false ) 
$Departure Location: Hyperspace
$Departure Cue: ( false ) 
$Determination: 10
+Flags: ( "cargo-known" "invulnerable" )
+Flags2: ( )
+Respawn priority: 0
+Orders Accepted List: ( "attack ship" "disable ship" "disarm ship" "guard ship" "ignore ship" "form on wing" "cover me" "attack any" "disable subsys" )
+Group: 0
+Score: 8

$Name: Beta 4		;! Object #7
$Display Name: XSTR("Beta 4", 5785)
$Class: GTF Perseus
$Team: Friendly
$Location: 237.391602, -181.856247, -3118.781494
$Orientation:
	-0.997661, 0.000000, -0.068354,
	0.000000, 1.000000, 0.000000,
	0.068354, 0.000000, -0.997661
+AI Class: Wingman Rookie
$Cargo 1:  XSTR("Nothing", 13)
+Initial Hull: 100
+Subsystem: Pilot
+Primary Banks: ( "Subach HL-7" "Subach HL-7" )
+Secondary Banks: ( "Hornet" "Hornet" )
$Arrival Location: Hyperspace
$Arrival Cue: ( false ) 
$Departure Location: Hyperspace
$Departure Cue: ( false ) 
$Determination: 10
+Flags: ( "cargo-known" "invulnerable" )
+Flags2: ( )
+Respawn priority: 0
+Orders Accepted List: ( "attack ship" "disable ship" "disarm ship" "guard ship" "ignore ship" "form on wing" "cover me" "attack any" "disable subsys" )
+Group: 0
+Score: 8

$Name: Erato		;! Object #8
$Display Name: XSTR("Erato", 5786)
$Class: GTC Leviathan
$Team: Friendly
$Location: 365.500000, 1500.000000, -685.299988
$Orientation:
	-0.580322, 0.811513, -0.068354,
	0.813416, 0.581683, 0.000000,
	0.039760, -0.055600, -0.997661
$Cargo 1:  XSTR("Nothing", 13)
+Initial Hull: 100
+Initial Shields: 100
+Subsystem: Pilot
+Subsystem: Turret01
+Subsystem: turret02
+Subsystem: turret03
+Subsystem: turret04
+Subsystem: turret05
+Subsystem: turret06
+Subsystem: Turret07
+Subsystem: Turret08
+Subsystem: turret09a-01-main
$Arrival Location: Hyperspace
$Arrival Cue: ( true ) 
$Departure Location: Hyperspace
$Departure Cue: ( false ) 
$Determination: 10
+Flags: ( "cargo-known" "no-shields" "escort" )
+Flags2: ( "lock-all-turrets" )
+Respawn priority: 0
+Escort priority: 50
+Special Hitpoints: 60000
+Special Shield Points: 0
+Orders Accepted List: ( )
+Group: 0
+Score: 800
$Texture Replace:
+old: nameplate
+new: gtc_erato

$Name: Thevenin		;! Object #9
$Display Name: XSTR("Thevenin", 5787)
$Class: GTSC Faustus
$Team: Friendly
$Location: -3.650577, -250.000107, -701.817078
$Orientation:
	-0.107128, -0.022652, 0.993988,
	0.407560, 0.910885, 0.064683,
	-0.906874, 0.412039, -0.088349
$Cargo 1:  XSTR("Nothing", 13)
+Initial Hull: 100
+Initial Shields: 100
+Subsystem: Pilot
+Subsystem: Turret01
+Subsystem: Turret02
+Subsystem: Turret03
+Subsystem: Turret04
+Subsystem: Turret05
+Subsystem: Turret06
$Arrival Location: Hyperspace
$Arrival Cue: ( true ) 
$Departure Location: Hyperspace
$Departure Cue: ( false ) 
$Determination: 10
+Flags: ( "cargo-known" "no-shields" "escort" )
+Flags2: ( )
+Respawn priority: 0
+Escort priority: 45
+Special Hitpoints: 10000
+Special Shield Points: 0
+Orders Accepted List: ( "attack ship" )
+Group: 0
+Score: 90

$Name: Melchom		;! Object #10
$Display Name: XSTR("Melchom", 5788)
$Class: SC Lilith
$Team: Hostile
$Location: 531.450378, 101.403877, -1687.177856
$Orientation:
	0.884260, 0.384958, 0.264386,
	0.308211, -0.906391, 0.288911,
	0.350855, -0.173986, -0.920128
+AI Class: Rookie
$Cargo 1:  XSTR("Nothing", 13)
+Initial Hull: 72
+Initial Shields: 100
+Subsystem: Pilot
+Subsystem: turret01
+Subsystem: turret02
+Subsystem: turret03
+Subsystem: turret04
+Subsystem: turret05
+Subsystem: turret06
+Subsystem: turret07
+Subsystem: turret08
+Secondary Banks: ( "" )
+Sbank Ammo: ( 0 )
+Subsystem: turret09
+Secondary Banks: ( "" )
+Sbank Ammo: ( 0 )
+Subsystem: engine
$Damage: 100
$Arrival Location: Hyperspace
$Arrival Cue: ( true ) 
$Departure Location: Hyperspace
$Departure Cue: ( false ) 
$Determination: 10
+Flags: ( "protect-ship" "no-shields" "escort" "hidden-from-sensors" "beam-protect-ship" "guardian" "stealth" )
+Flags2: ( "lock-all-turrets" )
+Respawn priority: 0
+Escort priority: 30
+Orders Accepted List: ( )
+Group: 0
+Score: 150

$Name: Vassago		;! Object #11
$Display Name: XSTR("Vassago", 5789)
$Class: SD Ravana#Vassago
$Team: Hostile
$Location: 35.000000, 5950.000000, -700.000000
$Orientation:
	0.921061, 0.000000, -0.389418,
	0.389418, 0.000000, 0.921061,
	0.000000, -1.000000, 0.000000
$AI Goals: ( goals ( ai-play-dead 50 ) )
$Cargo 1:  XSTR("Nothing", 13)
+Initial Hull: 63
+Initial Shields: 100
+Subsystem: Pilot
+Subsystem: Turret01
+Subsystem: Turret02
+Subsystem: Turret03
+Subsystem: Turret04
+Subsystem: Turret05
+Subsystem: Turret06
+Subsystem: Turret07
+Subsystem: Turret08
+Subsystem: Turret09
+Subsystem: Turret10
+Subsystem: Turret11
+Subsystem: Turret12
+Subsystem: Turret13
+Subsystem: Turret14
+Subsystem: Turret15
+Subsystem: Turret16
+Subsystem: Turret17
+Subsystem: Turret18
+Subsystem: Turret19
+Subsystem: Turret20
+Subsystem: Turret21
+Subsystem: Turret22
+Subsystem: Turret23
+Subsystem: Turret24
+Subsystem: Turret25
+Subsystem: Turret26
+Subsystem: Turret27
+Subsystem: Turret28
+Subsystem: Turret29
+Subsystem: Turret30
+Subsystem: engine01
$Damage: 100
+Subsystem: engine02
$Damage: 100
$Arrival Location: Hyperspace
$Arrival Cue: ( true ) 
$Departure Location: Hyperspace
$Departure Cue: ( false ) 
$Warpout time: 7.50
$Determination: 10
+Flags: ( "protect-ship" "no-shields" "escort" "hidden-from-sensors" "stealth" )
+Flags2: ( )
+Respawn priority: 0
+Escort priority: 20
+Orders Accepted List: ( )
+Group: 0
+Use Table Score:
+Score: 670

$Name: Zagan		;! Object #12
$Display Name: XSTR("Zagan", 5790)
$Class: SD Demon#Derelict
$Team: Hostile
$Location: 4442.480957, 4193.098145, -3648.000244
$Orientation:
	-0.046261, -0.818826, -0.572176,
	0.474317, -0.522106, 0.708825,
	-0.879139, -0.238602, 0.412536
$Cargo 1:  XSTR("Nothing", 13)
+Initial Hull: 100
+Initial Shields: 100
+Subsystem: Pilot
+Subsystem: turret01-base
+Subsystem: turret02-base
+Subsystem: turret03a-base
+Subsystem: turret04-base
+Subsystem: turret05-base
+Subsystem: turret06a-base
+Subsystem: turret07a-base
+Subsystem: turret08-base
+Subsystem: turret09-base
+Subsystem: turret10-base
+Subsystem: turret11-base
+Subsystem: turret12-base
+Subsystem: turret13-base
+Subsystem: turret14-base
+Subsystem: turret15-base
+Subsystem: turret16-base
+Subsystem: turret17-base
+Subsystem: turret18-base
+Subsystem: turret19-base
+Subsystem: turret20-base
+Subsystem: turret21-base
+Subsystem: turret22
+Subsystem: turret23
+Subsystem: turret24
+Subsystem: turret25
+Subsystem: turret26
+Subsystem: engine
$Damage: 100
$Arrival Location: Hyperspace
$Arrival Cue: ( true ) 
$Departure Location: Hyperspace
$Departure Cue: ( false ) 
$Determination: 10
+Flags: ( "protect-ship" "no-shields" "hidden-from-sensors" "beam-protect-ship" "stealth" )
+Flags2: ( "lock-all-turrets" "no_collide" )
+Respawn priority: 0
+Orders Accepted List: ( )
+Group: 0
+Use Table Score:
+Score: 840

$Name: Capricorn 1		;! Object #13
$Display Name: XSTR("Capricorn 1", 5791)
$Class: SF Mara
$Team: Hostile
$Location: -604.601929, 6000.000000, -1411.618042
$Orientation:
	1.000000, 0.000000, 0.000000,
	0.000000, 1.000000, 0.000000,
	0.000000, 0.000000, 1.000000
+AI Class: Wingman Elite
$Cargo 1:  XSTR("Nothing", 13)
+Initial Velocity: 33
+Initial Hull: 100
+Subsystem: Pilot
+Primary Banks: ( "Alouqua" "Shivan Heavy Laser" )
$Arrival Location: Hyperspace
$Arrival Cue: ( false ) 
$Departure Location: Hyperspace
$Departure Cue: ( false ) 
$Determination: 10
+Flags: ( "no-arrival-warp" )
+Flags2: ( )
+Respawn priority: 0
+Orders Accepted List: ( )
+Group: 0
+Use Table Score:
+Score: 12

$Name: Capricorn 2		;! Object #14
$Display Name: XSTR("Capricorn 2", 5792)
$Class: SF Mara
$Team: Hostile
$Location: -493.614380, 6000.000000, -1314.135620
$Orientation:
	1.000000, 0.000000, 0.000000,
	0.000000, 1.000000, 0.000000,
	0.000000, 0.000000, 1.000000
+AI Class: Wingman Elite
$Cargo 1:  XSTR("Nothing", 13)
+Initial Velocity: 33
+Initial Hull: 100
+Subsystem: Pilot
+Primary Banks: ( "Alouqua" "Shivan Heavy Laser" )
$Arrival Location: Hyperspace
$Arrival Cue: ( false ) 
$Departure Location: Hyperspace
$Departure Cue: ( false ) 
$Determination: 10
+Flags: ( "no-arrival-warp" )
+Flags2: ( )
+Respawn priority: 0
+Orders Accepted List: ( )
+Group: 0
+Use Table Score:
+Score: 12

$Name: Capricorn 3		;! Object #15
$Display Name: XSTR("Capricorn 3", 5793)
$Class: SF Mara
$Team: Hostile
$Location: -715.160828, 6000.000000, -1310.209351
$Orientation:
	1.000000, 0.000000, 0.000000,
	0.000000, 1.000000, 0.000000,
	0.000000, 0.000000, 1.000000
+AI Class: Wingman Elite
$Cargo 1:  XSTR("Nothing", 13)
+Initial Velocity: 33
+Initial Hull: 100
+Subsystem: Pilot
+Primary Banks: ( "Alouqua" "Shivan Heavy Laser" )
$Arrival Location: Hyperspace
$Arrival Cue: ( false ) 
$Departure Location: Hyperspace
$Departure Cue: ( false ) 
$Determination: 10
+Flags: ( "no-arrival-warp" )
+Flags2: ( )
+Respawn priority: 0
+Orders Accepted List: ( )
+Group: 0
+Use Table Score:
+Score: 12

$Name: Capricorn 4		;! Object #16
$Display Name: XSTR("Capricorn 4", 5794)
$Class: SF Mara
$Team: Hostile
$Location: -604.125610, 6000.000000, -1200.023682
$Orientation:
	1.000000, 0.000000, 0.000000,
	0.000000, 1.000000, 0.000000,
	0.000000, 0.000000, 1.000000
+AI Class: Wingman Elite
$Cargo 1:  XSTR("Nothing", 13)
+Initial Velocity: 33
+Initial Hull: 100
+Subsystem: Pilot
+Primary Banks: ( "Alouqua" "Shivan Heavy Laser" )
$Arrival Location: Hyperspace
$Arrival Cue: ( false ) 
$Departure Location: Hyperspace
$Departure Cue: ( false ) 
$Determination: 10
+Flags: ( "no-arrival-warp" )
+Flags2: ( )
+Respawn priority: 0
+Orders Accepted List: ( )
+Group: 0
+Use Table Score:
+Score: 12

$Name: Menkaura		;! Object #17
$Display Name: XSTR("Menkaura", 5795)
$Class: GVCv Sobek
$Team: Friendly
$Location: -507.100006, 0.000000, -2372.800049
$Orientation:
	-0.982074, 0.001431, 0.188492,
	0.186878, -0.123421, 0.974600,
	0.024658, 0.992353, 0.120941
$AI Goals: ( goals ( ai-waypoints-once "Waypoint path 3" 50 ) )
$Cargo 1:  XSTR("Nothing", 13)
+Initial Velocity: 100
+Initial Hull: 100
+Initial Shields: 100
+Subsystem: Pilot
+Subsystem: turret01
+Subsystem: turret02
+Subsystem: turret03
+Subsystem: turret04
+Subsystem: turret05
+Subsystem: turret06
+Subsystem: turret07
+Subsystem: turret08
+Subsystem: turret09
+Subsystem: turret10
+Subsystem: turret11
+Subsystem: turret12
+Subsystem: turret13
+Subsystem: turret14
+Subsystem: turret15
+Subsystem: turret16
+Subsystem: turret17
+Subsystem: turret18
+Subsystem: turret19
+Subsystem: turret20
+Subsystem: turret21
+Subsystem: turret22
$Arrival Location: Hyperspace
$Arrival Cue: ( is-event-true-delay 
   "Menkaura Cue" 
   0 
)
$Departure Location: Hyperspace
$Departure Cue: ( false ) 
$Determination: 10
+Flags: ( "cargo-known" "no-shields" "escort" "guardian" )
+Flags2: ( )
+Respawn priority: 0
+Escort priority: 55
+Special Hitpoints: 110000
+Orders Accepted List: ( )
+Group: 0
+Use Table Score:
+Score: 400

$Name: Libra 1		;! Object #18
$Display Name: XSTR("Libra 1", 5796)
$Class: SB Seraphim
$Team: Hostile
$Location: -472.631866, 5500.000000, -727.302551
$Orientation:
	0.080536, 0.000000, -0.996752,
	0.992884, 0.088009, 0.080223,
	0.087724, -0.996120, 0.007088
+AI Class: Elite
$Cargo 1:  XSTR("Nothing", 13)
+Initial Velocity: 33
+Initial Hull: 100
+Subsystem: Pilot
+Primary Banks: ( "Shivan Light Laser" "Shivan Light Laser" "Citra" )
+Secondary Banks: ( "Shivan Bomb" "Shivan Bomb" "Shivan Bomb" "Shivan Bomb" )
+Subsystem: turret01
+Subsystem: turret02
$Arrival Location: Hyperspace
$Arrival Cue: ( false ) 
$Departure Location: Hyperspace
$Departure Cue: ( false ) 
$Determination: 10
+Flags: ( "no-arrival-warp" )
+Flags2: ( )
+Respawn priority: 0
+Orders Accepted List: ( )
+Group: 0
+Use Table Score:
+Score: 16

$Name: Libra 2		;! Object #19
$Display Name: XSTR("Libra 2", 5797)
$Class: SB Seraphim
$Team: Hostile
$Location: -385.462555, 5500.000000, -635.578308
$Orientation:
	-0.119799, 0.000000, -0.992798,
	0.990130, 0.073270, -0.119477,
	0.072743, -0.997312, -0.008778
+AI Class: Elite
$Cargo 1:  XSTR("Nothing", 13)
+Initial Velocity: 33
+Initial Hull: 100
+Subsystem: Pilot
+Primary Banks: ( "Shivan Light Laser" "Shivan Light Laser" "Citra" )
+Secondary Banks: ( "Shivan Bomb" "Shivan Bomb" "Shivan Bomb" "Shivan Bomb" )
+Subsystem: turret01
+Subsystem: turret02
$Arrival Location: Hyperspace
$Arrival Cue: ( false ) 
$Departure Location: Hyperspace
$Departure Cue: ( false ) 
$Determination: 10
+Flags: ( "no-arrival-warp" )
+Flags2: ( )
+Respawn priority: 0
+Orders Accepted List: ( )
+Group: 0
+Use Table Score:
+Score: 16

$Name: Libra 3		;! Object #20
$Display Name: XSTR("Libra 3", 5798)
$Class: SB Seraphim
$Team: Hostile
$Location: -582.508057, 5500.000000, -625.441467
$Orientation:
	-0.098098, 0.000000, -0.995177,
	0.989460, 0.107033, -0.097535,
	0.106517, -0.994255, -0.010500
+AI Class: Elite
$Cargo 1:  XSTR("Nothing", 13)
+Initial Velocity: 33
+Initial Hull: 100
+Subsystem: Pilot
+Primary Banks: ( "Shivan Light Laser" "Shivan Light Laser" "Citra" )
+Secondary Banks: ( "Shivan Bomb" "Shivan Bomb" "Shivan Bomb" "Shivan Bomb" )
+Subsystem: turret01
+Subsystem: turret02
$Arrival Location: Hyperspace
$Arrival Cue: ( false ) 
$Departure Location: Hyperspace
$Departure Cue: ( false ) 
$Determination: 10
+Flags: ( "no-arrival-warp" )
+Flags2: ( )
+Respawn priority: 0
+Orders Accepted List: ( )
+Group: 0
+Use Table Score:
+Score: 16

$Name: Libra 4		;! Object #21
$Display Name: XSTR("Libra 4", 5799)
$Class: SB Seraphim
$Team: Hostile
$Location: -475.253571, 5500.000000, -534.461853
$Orientation:
	-0.285281, 0.000000, -0.958444,
	0.954382, 0.091967, -0.284072,
	0.088145, -0.995762, -0.026236
+AI Class: Elite
$Cargo 1:  XSTR("Nothing", 13)
+Initial Velocity: 33
+Initial Hull: 100
+Subsystem: Pilot
+Primary Banks: ( "Shivan Light Laser" "Shivan Light Laser" "Citra" )
+Secondary Banks: ( "Shivan Bomb" "Shivan Bomb" "Shivan Bomb" "Shivan Bomb" )
+Subsystem: turret01
+Subsystem: turret02
$Arrival Location: Hyperspace
$Arrival Cue: ( false ) 
$Departure Location: Hyperspace
$Departure Cue: ( false ) 
$Determination: 10
+Flags: ( "no-arrival-warp" )
+Flags2: ( )
+Respawn priority: 0
+Orders Accepted List: ( )
+Group: 0
+Use Table Score:
+Score: 16

$Name: Gemini 1		;! Object #22
$Display Name: XSTR("Gemini 1", 5800)
$Class: SF Dragon
$Team: Hostile
$Location: 653.200012, 5400.000000, -824.799988
$Orientation:
	0.436297, 0.000000, 0.899803,
	-0.896794, 0.081710, 0.434838,
	-0.073523, -0.996656, 0.035650
+AI Class: Elite
$Cargo 1:  XSTR("Nothing", 13)
+Subsystem: Pilot
+Primary Banks: ( "Alouqua" "Shivan Heavy Laser" )
$Arrival Location: Hyperspace
$Arrival Cue: ( false ) 
$Departure Location: Hyperspace
$Departure Cue: ( false ) 
$Determination: 10
+Flags: ( "no-arrival-warp" )
+Flags2: ( )
+Respawn priority: 0
+Orders Accepted List: ( )
+Group: 0
+Score: 13

$Name: Gemini 2		;! Object #23
$Display Name: XSTR("Gemini 2", 5801)
$Class: SF Dragon
$Team: Hostile
$Location: 753.941040, 5400.000000, -725.584534
$Orientation:
	0.103155, 0.000000, 0.994665,
	-0.989716, 0.099636, 0.102642,
	-0.099105, -0.995024, 0.010278
+AI Class: Elite
$Cargo 1:  XSTR("Nothing", 13)
+Subsystem: Pilot
+Primary Banks: ( "Alouqua" "Shivan Heavy Laser" )
$Arrival Location: Hyperspace
$Arrival Cue: ( false ) 
$Departure Location: Hyperspace
$Departure Cue: ( false ) 
$Determination: 10
+Flags: ( "no-arrival-warp" )
+Flags2: ( )
+Respawn priority: 0
+Orders Accepted List: ( )
+Group: 0
+Score: 13

$Name: Gemini 3		;! Object #24
$Display Name: XSTR("Gemini 3", 5802)
$Class: SF Dragon
$Team: Hostile
$Location: 541.428467, 5400.000000, -722.577209
$Orientation:
	0.207286, 0.000000, 0.978280,
	-0.977242, 0.046062, 0.207066,
	-0.045062, -0.998939, 0.009548
+AI Class: Elite
$Cargo 1:  XSTR("Nothing", 13)
+Subsystem: Pilot
+Primary Banks: ( "Alouqua" "Shivan Heavy Laser" )
$Arrival Location: Hyperspace
$Arrival Cue: ( false ) 
$Departure Location: Hyperspace
$Departure Cue: ( false ) 
$Determination: 10
+Flags: ( "no-arrival-warp" )
+Flags2: ( )
+Respawn priority: 0
+Orders Accepted List: ( )
+Group: 0
+Score: 13

$Name: Gemini 4		;! Object #25
$Display Name: XSTR("Gemini 4", 5803)
$Class: SF Dragon
$Team: Hostile
$Location: 655.625488, 5400.000000, -624.533813
$Orientation:
	-0.205000, 0.000000, 0.978762,
	-0.975947, 0.075787, -0.204410,
	-0.074177, -0.997124, -0.015536
+AI Class: Elite
$Cargo 1:  XSTR("Nothing", 13)
+Subsystem: Pilot
+Primary Banks: ( "Alouqua" "Shivan Heavy Laser" )
$Arrival Location: Hyperspace
$Arrival Cue: ( false ) 
$Departure Location: Hyperspace
$Departure Cue: ( false ) 
$Determination: 10
+Flags: ( "no-arrival-warp" )
+Flags2: ( )
+Respawn priority: 0
+Orders Accepted List: ( )
+Group: 0
+Score: 13

$Name: Leo 1		;! Object #26
$Display Name: XSTR("Leo 1", 5804)
$Class: SF Manticore
$Team: Hostile
$Location: 404.094421, 5800.000000, -297.738586
$Orientation:
	1.000000, 0.000000, 0.000000,
	0.000000, 1.000000, 0.000000,
	0.000000, 0.000000, 1.000000
+AI Class: Elite
$Cargo 1:  XSTR("Nothing", 13)
+Subsystem: Pilot
+Secondary Banks: ( "Hornet" "Hornet" )
$Arrival Location: Hyperspace
$Arrival Cue: ( false ) 
$Departure Location: Hyperspace
$Departure Cue: ( false ) 
$Determination: 10
+Flags: ( "no-arrival-warp" )
+Flags2: ( )
+Respawn priority: 0
+Orders Accepted List: ( )
+Group: 0
+Score: 13

$Name: Leo 2		;! Object #27
$Display Name: XSTR("Leo 2", 5805)
$Class: SF Manticore
$Team: Hostile
$Location: 504.835449, 5800.000000, -198.523132
$Orientation:
	1.000000, 0.000000, 0.000000,
	0.000000, 1.000000, 0.000000,
	0.000000, 0.000000, 1.000000
+AI Class: Elite
$Cargo 1:  XSTR("Nothing", 13)
+Subsystem: Pilot
+Secondary Banks: ( "Hornet" "Hornet" )
$Arrival Location: Hyperspace
$Arrival Cue: ( false ) 
$Departure Location: Hyperspace
$Departure Cue: ( false ) 
$Determination: 10
+Flags: ( "no-arrival-warp" )
+Flags2: ( )
+Respawn priority: 0
+Orders Accepted List: ( )
+Group: 0
+Score: 13

$Name: Leo 3		;! Object #28
$Display Name: XSTR("Leo 3", 5806)
$Class: SF Manticore
$Team: Hostile
$Location: 292.322876, 5800.000000, -195.515656
$Orientation:
	1.000000, 0.000000, 0.000000,
	0.000000, 1.000000, 0.000000,
	0.000000, 0.000000, 1.000000
+AI Class: Elite
$Cargo 1:  XSTR("Nothing", 13)
+Subsystem: Pilot
+Secondary Banks: ( "Hornet" "Hornet" )
$Arrival Location: Hyperspace
$Arrival Cue: ( false ) 
$Departure Location: Hyperspace
$Departure Cue: ( false ) 
$Determination: 10
+Flags: ( "no-arrival-warp" )
+Flags2: ( )
+Respawn priority: 0
+Orders Accepted List: ( )
+Group: 0
+Score: 13

$Name: Leo 4		;! Object #29
$Display Name: XSTR("Leo 4", 5807)
$Class: SF Manticore
$Team: Hostile
$Location: 406.519897, 5800.000000, -97.472534
$Orientation:
	1.000000, 0.000000, 0.000000,
	0.000000, 1.000000, 0.000000,
	0.000000, 0.000000, 1.000000
+AI Class: Elite
$Cargo 1:  XSTR("Nothing", 13)
+Subsystem: Pilot
+Secondary Banks: ( "Hornet" "Hornet" )
$Arrival Location: Hyperspace
$Arrival Cue: ( false ) 
$Departure Location: Hyperspace
$Departure Cue: ( false ) 
$Determination: 10
+Flags: ( "no-arrival-warp" )
+Flags2: ( )
+Respawn priority: 0
+Orders Accepted List: ( )
+Group: 0
+Score: 13

$Name: Scorpio 1		;! Object #30
$Display Name: XSTR("Scorpio 1", 5808)
$Class: SB Nahema
$Team: Hostile
$Location: 57.400002, 6000.000000, -1303.300049
$Orientation:
	-0.839876, 0.000000, -0.542779,
	0.509796, 0.343280, -0.788839,
	0.186325, -0.939233, -0.288312
+AI Class: Elite
$Cargo 1:  XSTR("Nothing", 13)
+Initial Hull: 100
+Subsystem: Pilot
+Primary Banks: ( "Citra" "Shivan Heavy Laser" )
+Secondary Banks: ( "Piranha" "Piranha" "Piranha" )
$Arrival Location: Hyperspace
$Arrival Cue: ( false ) 
$Departure Location: Hyperspace
$Departure Cue: ( false ) 
$Determination: 10
+Flags: ( "no-arrival-warp" )
+Flags2: ( )
+Respawn priority: 0
+Orders Accepted List: ( )
+Group: 0
+Score: 16

$Name: Scorpio 2		;! Object #31
$Display Name: XSTR("Scorpio 2", 5809)
$Class: SB Nahema
$Team: Hostile
$Location: 144.569382, 6000.000000, -1211.575806
$Orientation:
	-0.871930, 0.000000, -0.489631,
	0.458940, 0.348475, -0.817275,
	0.170624, -0.937318, -0.303846
+AI Class: Elite
$Cargo 1:  XSTR("Nothing", 13)
+Initial Hull: 100
+Subsystem: Pilot
+Primary Banks: ( "Citra" "Shivan Heavy Laser" )
+Secondary Banks: ( "Piranha" "Piranha" "Piranha" )
$Arrival Location: Hyperspace
$Arrival Cue: ( false ) 
$Departure Location: Hyperspace
$Departure Cue: ( false ) 
$Determination: 10
+Flags: ( "no-arrival-warp" )
+Flags2: ( )
+Respawn priority: 0
+Orders Accepted List: ( )
+Group: 0
+Score: 16

$Name: Scorpio 3		;! Object #32
$Display Name: XSTR("Scorpio 3", 5810)
$Class: SB Nahema
$Team: Hostile
$Location: -52.476307, 6000.000000, -1201.438965
$Orientation:
	-0.830159, 0.000000, -0.557527,
	0.518934, 0.365586, -0.772693,
	0.203824, -0.930777, -0.303495
+AI Class: Elite
$Cargo 1:  XSTR("Nothing", 13)
+Initial Hull: 100
+Subsystem: Pilot
+Primary Banks: ( "Citra" "Shivan Heavy Laser" )
+Secondary Banks: ( "Piranha" "Piranha" "Piranha" )
$Arrival Location: Hyperspace
$Arrival Cue: ( false ) 
$Departure Location: Hyperspace
$Departure Cue: ( false ) 
$Determination: 10
+Flags: ( "no-arrival-warp" )
+Flags2: ( )
+Respawn priority: 0
+Orders Accepted List: ( )
+Group: 0
+Score: 16

$Name: Scorpio 4		;! Object #33
$Display Name: XSTR("Scorpio 4", 5811)
$Class: SB Nahema
$Team: Hostile
$Location: 54.778236, 6000.000000, -1110.459351
$Orientation:
	-0.865186, 0.000000, -0.501451,
	0.466132, 0.368658, -0.804247,
	0.184864, -0.929565, -0.318957
+AI Class: Elite
$Cargo 1:  XSTR("Nothing", 13)
+Initial Hull: 100
+Subsystem: Pilot
+Primary Banks: ( "Citra" "Shivan Heavy Laser" )
+Secondary Banks: ( "Piranha" "Piranha" "Piranha" )
$Arrival Location: Hyperspace
$Arrival Cue: ( false ) 
$Departure Location: Hyperspace
$Departure Cue: ( false ) 
$Determination: 10
+Flags: ( "no-arrival-warp" )
+Flags2: ( )
+Respawn priority: 0
+Orders Accepted List: ( )
+Group: 0
+Score: 16

$Name: #Target A		;! Object #34
$Display Name: XSTR("Target A", 5812)
$Class: GTEP Hermes
$Team: Friendly
$Location: 23.994020, -262.703186, -698.295410
$Orientation:
	0.900447, -0.434965, 0.000000,
	0.434965, 0.900447, -0.000000,
	0.000000, 0.000000, 1.000000
+AI Class: None
$AI Goals: ( goals ( ai-play-dead 50 ) )
$Cargo 1:  XSTR("Nothing", 13)
+Initial Velocity: 33
+Initial Hull: 100
+Subsystem: Pilot
$Arrival Location: Hyperspace
$Arrival Cue: ( true ) 
$Departure Location: Hyperspace
$Departure Cue: ( false ) 
$Determination: 10
+Flags: ( "cargo-known" )
+Flags2: ( )
+Respawn priority: 0
+Group: 0
+Use Table Score:
+Score: 5

$Name: #Target B		;! Object #35
$Display Name: XSTR("Target B", 5813)
$Class: GTEP Hermes
$Team: Friendly
$Location: -59.356625, -245.000214, -704.642090
$Orientation:
	0.900447, -0.434965, 0.000000,
	0.434965, 0.900447, 0.000000,
	0.000000, 0.000000, 1.000000
+AI Class: None
$AI Goals: ( goals ( ai-play-dead 50 ) )
$Cargo 1:  XSTR("Nothing", 13)
+Initial Velocity: 33
+Initial Hull: 100
+Subsystem: Pilot
$Arrival Location: Hyperspace
$Arrival Cue: ( true ) 
$Departure Location: Hyperspace
$Departure Cue: ( false ) 
$Determination: 10
+Flags: ( "cargo-known" )
+Flags2: ( )
+Respawn priority: 0
+Group: 0
+Use Table Score:
+Score: 5

$Name: Cancer 1		;! Object #36
$Display Name: XSTR("Cancer 1", 5814)
$Class: SF Manticore
$Team: Hostile
$Location: -842.599976, 500.000000, -136.399994
$Orientation:
	0.132720, -0.263419, -0.955508,
	0.379639, -0.877006, 0.294509,
	-0.915565, -0.401835, -0.016393
$Cargo 1:  XSTR("Nothing", 13)
+Subsystem: Pilot
+Secondary Banks: ( "" "" )
$Arrival Location: Hyperspace
$Arrival Cue: ( false ) 
$Departure Location: Hyperspace
$Departure Cue: ( false ) 
$Determination: 10
+Flags: ( "protect-ship" "no-arrival-warp" "beam-protect-ship" )
+Flags2: ( "primaries-locked" )
+Respawn priority: 0
+Orders Accepted List: ( )
+Group: 0
+Use Table Score:
+Score: 12

$Name: Cancer 2		;! Object #37
$Display Name: XSTR("Cancer 2", 5815)
$Class: SF Manticore
$Team: Hostile
$Location: 608.099976, -333.000000, -435.500000
$Orientation:
	-0.200978, -0.843103, 0.498784,
	0.922088, -0.334710, -0.194223,
	0.330698, 0.420888, 0.844685
$Cargo 1:  XSTR("Nothing", 13)
+Subsystem: Pilot
+Secondary Banks: ( "" "" )
$Arrival Location: Hyperspace
$Arrival Cue: ( false ) 
$Departure Location: Hyperspace
$Departure Cue: ( false ) 
$Determination: 10
+Flags: ( "protect-ship" "no-arrival-warp" "beam-protect-ship" )
+Flags2: ( "primaries-locked" )
+Respawn priority: 0
+Orders Accepted List: ( )
+Group: 0
+Use Table Score:
+Score: 12

$Name: Cancer 3		;! Object #38
$Display Name: XSTR("Cancer 3", 5816)
$Class: SF Manticore
$Team: Hostile
$Location: 575.099976, 500.000000, -1382.599976
$Orientation:
	-0.266389, 0.937917, -0.222148,
	0.263322, 0.292525, 0.919288,
	0.927200, 0.186392, -0.324899
$Cargo 1:  XSTR("Nothing", 13)
+Subsystem: Pilot
+Secondary Banks: ( "" "" )
$Arrival Location: Hyperspace
$Arrival Cue: ( false ) 
$Departure Location: Hyperspace
$Departure Cue: ( false ) 
$Determination: 10
+Flags: ( "protect-ship" "no-arrival-warp" "beam-protect-ship" )
+Flags2: ( "primaries-locked" )
+Respawn priority: 0
+Orders Accepted List: ( )
+Group: 0
+Use Table Score:
+Score: 12

$Name: Cancer 4		;! Object #39
$Display Name: XSTR("Cancer 4", 5817)
$Class: SF Manticore
$Team: Hostile
$Location: -88.900002, 1000.000000, -1841.300049
$Orientation:
	-0.102523, 0.913271, -0.394242,
	0.323939, 0.405378, 0.854829,
	0.940507, -0.040071, -0.337404
$Cargo 1:  XSTR("Nothing", 13)
+Subsystem: Pilot
+Secondary Banks: ( "" "" )
$Arrival Location: Hyperspace
$Arrival Cue: ( false ) 
$Departure Location: Hyperspace
$Departure Cue: ( false ) 
$Determination: 10
+Flags: ( "protect-ship" "no-arrival-warp" "beam-protect-ship" )
+Flags2: ( "primaries-locked" )
+Respawn priority: 0
+Orders Accepted List: ( )
+Group: 0
+Use Table Score:
+Score: 12

$Name: #DERELICT		;! Object #40
$Display Name: XSTR("DERELICT", 5818)
$Class: SFr Dis#Derelict
$Team: Hostile
$Location: 1115.362915, 666.980225, -2940.353760
$Orientation:
	-0.129291, 0.158024, 0.978939,
	0.965392, -0.205453, 0.160668,
	0.226516, 0.965828, -0.125991
$Cargo 1:  XSTR("Nothing", 13)
+Initial Hull: 100
+Initial Shields: 100
+Subsystem: Pilot
+Subsystem: turret01
+Subsystem: turret02
+Subsystem: turret03
+Subsystem: turret04
+Subsystem: engine
$Damage: 100
$Arrival Location: Hyperspace
$Arrival Cue: ( true ) 
$Departure Location: Hyperspace
$Departure Cue: ( false ) 
$Determination: 10
+Flags: ( "protect-ship" "no-shields" "beam-protect-ship" "stealth" )
+Flags2: ( )
+Respawn priority: 0
+Orders Accepted List: ( )
+Group: 0
+Use Table Score:
+Score: 20

$Name: Alpha 1#FAKE		;! Object #41
$Display Name: XSTR("Alpha 1", 5778)
$Class: GTF Perseus
$Team: Friendly
$Location: -60.000000, 50000.000000, -930.000000
$Orientation:
	0.710914, 0.000000, -0.703280,
	0.000000, 1.000000, 0.000000,
	0.703280, 0.000000, 0.710914
+AI Class: None
$AI Goals: ( goals ( ai-play-dead 50 ) )
$Cargo 1:  XSTR("Nothing", 13)
+Initial Hull: 100
+Subsystem: Pilot
+Primary Banks: ( "Subach HL-7" "Prometheus S" )
+Secondary Banks: ( "Harpoon" "Harpoon" )
$Arrival Location: Hyperspace
$Arrival Cue: ( true ) 
$Departure Location: Hyperspace
$Departure Cue: ( false ) 
$Determination: 10
+Flags: ( "cargo-known" "protect-ship" "no-dynamic" "beam-protect-ship" "stealth" )
+Flags2: ( "no-subspace-drive" "primaries-locked" "secondaries-locked" "afterburners-locked" )
+Respawn priority: 0
+Orders Accepted List: ( "attack ship" "disable ship" "disarm ship" "guard ship" "ignore ship" "form on wing" "cover me" "attack any" "disable subsys" )
+Group: 0
+Score: 8

$Name: Aquarius 1		;! Object #42
$Display Name: XSTR("Aquarius 1", 5819)
$Class: SF Dragon
$Team: Hostile
$Location: -645.661255, -0.000046, 470.763885
$Orientation:
	1.000000, 0.000000, 0.000000,
	0.000000, 1.000000, 0.000000,
	0.000000, 0.000000, 1.000000
+AI Class: Wingman Elite
$Cargo 1:  XSTR("Nothing", 13)
+Subsystem: Pilot
+Primary Banks: ( "Citra" "Alouqua" )
+Secondary Banks: ( "Tornado#Shivan" )
$Arrival Location: Hyperspace
$Arrival Cue: ( false ) 
$Departure Location: Hyperspace
$Departure Cue: ( false ) 
$Determination: 10
+Flags: ( "no-arrival-warp" "no-departure-warp" )
+Flags2: ( )
+Respawn priority: 0
+Orders Accepted List: ( )
+Group: 0
+Score: 12

$Name: Aquarius 2		;! Object #43
$Display Name: XSTR("Aquarius 2", 5820)
$Class: SF Dragon
$Team: Hostile
$Location: -568.114807, -0.000050, 405.714111
$Orientation:
	1.000000, 0.000000, 0.000000,
	0.000000, 1.000000, 0.000000,
	0.000000, 0.000000, 1.000000
+AI Class: Wingman Elite
$Cargo 1:  XSTR("Nothing", 13)
+Subsystem: Pilot
+Primary Banks: ( "Citra" "Alouqua" )
+Secondary Banks: ( "Tornado#Shivan" )
$Arrival Location: Hyperspace
$Arrival Cue: ( false ) 
$Departure Location: Hyperspace
$Departure Cue: ( false ) 
$Determination: 10
+Flags: ( "no-arrival-warp" "no-departure-warp" )
+Flags2: ( )
+Respawn priority: 0
+Orders Accepted List: ( )
+Group: 0
+Use Table Score:
+Score: 16

$Name: Aquarius 3		;! Object #44
$Display Name: XSTR("Aquarius 3", 5821)
$Class: SF Dragon
$Team: Hostile
$Location: -716.203857, -0.000059, 426.245514
$Orientation:
	1.000000, 0.000000, 0.000000,
	0.000000, 1.000000, 0.000000,
	0.000000, 0.000000, 1.000000
+AI Class: Wingman Elite
$Cargo 1:  XSTR("Nothing", 13)
+Subsystem: Pilot
+Primary Banks: ( "Citra" "Alouqua" )
+Secondary Banks: ( "Tornado#Shivan" )
$Arrival Location: Hyperspace
$Arrival Cue: ( false ) 
$Departure Location: Hyperspace
$Departure Cue: ( false ) 
$Determination: 10
+Flags: ( "no-arrival-warp" "no-departure-warp" )
+Flags2: ( )
+Respawn priority: 0
+Orders Accepted List: ( )
+Group: 0
+Use Table Score:
+Score: 16

$Name: Aquarius 4		;! Object #45
$Display Name: XSTR("Aquarius 4", 5822)
$Class: SF Dragon
$Team: Hostile
$Location: -624.941406, -0.000016, 325.764679
$Orientation:
	1.000000, 0.000000, 0.000000,
	0.000000, 1.000000, 0.000000,
	0.000000, 0.000000, 1.000000
+AI Class: Wingman Elite
$Cargo 1:  XSTR("Nothing", 13)
+Subsystem: Pilot
+Primary Banks: ( "Citra" "Alouqua" )
+Secondary Banks: ( "Tornado#Shivan" )
$Arrival Location: Hyperspace
$Arrival Cue: ( false ) 
$Departure Location: Hyperspace
$Departure Cue: ( false ) 
$Determination: 10
+Flags: ( "no-arrival-warp" "no-departure-warp" )
+Flags2: ( )
+Respawn priority: 0
+Orders Accepted List: ( )
+Group: 0
+Use Table Score:
+Score: 16

#Wings		;! 9 total

$Name: Alpha
$Waves: 1
$Wave Threshold: 0
$Special Ship: 0		;! Alpha 1
$Arrival Location: Hyperspace
$Arrival Cue: ( true ) 
$Departure Location: Hyperspace
$Departure Cue: ( false ) 
$Ships: (		;! 4 total
	"Alpha 1"
	"Alpha 2"
	"Alpha 3"
	"Alpha 4"
)
+Hotkey: 0
+Flags: ( )

$Name: Beta
$Waves: 1
$Wave Threshold: 0
$Special Ship: 0		;! Beta 1
$Arrival Location: Hyperspace
$Arrival Cue: ( true ) 
$Departure Location: Hyperspace
$Departure Cue: ( false ) 
$Ships: (		;! 4 total
	"Beta 1"
	"Beta 2"
	"Beta 3"
	"Beta 4"
)
+Hotkey: 1
+Flags: ( )

$Name: Capricorn
