#Mission Info

$Version: 0.10
$Name:  XSTR("Coda", 6596)
$Author: Joel 'Axem' Reimer
$Created: 04/26/09 at 11:43:39
$Modified: 03/08/23 at 11:32:30
$Notes:
Mission 9 - Vassago's Dirge$End Notes:

$Mission Desc:
 XSTR("The End!", 6597)
$end_multi_text
+Game Type Flags: 1
+Flags: 394242
+Fog Near Mult: 1.000000

+Fog Far Mult: 1.000000

+Disallow Support: 1
+Hull Repair Ceiling: 0.000000
+Subsystem Repair Ceiling: 100.000000

+Viewer pos: 808.598572, 123.665512, -592.245972
+Viewer orient:
	0.976239, -0.000000, -0.216696,
	0.024645, 0.993512, 0.111028,
	0.215290, -0.113730, 0.969905


$Load Screen 640: m8load.png
$Load Screen 1024: 2_m8load.png

$Skybox Model: starfield.pof

$AI Profile: NewProfile

#Sexp_variables

$Variables:
(
		0		"campaignEnd"		"1"		"number"		"save-on-mission-progress"
		1		"euryaleCanFire"		"0"		"number"
		2		"skipCutscene"		"0"		"number"
		3		"spoonsFound"		"0"		"number"		"save-on-mission-progress"
		4		"viewable"		"17000"		"number"
		5		"yCoord"		"32"		"number"
		6		"i18nVariable1"		"Under Construction"		"string"
		7		"i18nVariable2"		"UNKNOWN"		"string"
)

#Command Briefing

#Briefing
$start_briefing
$num_stages: 0
$end_briefing

#Debriefing_info

$Num stages: 10

$Formula: ( = @campaignEnd[1] 1 ) 
$Multi text
    XSTR("Well? Any luck?

No. We've done everything by the book and we've got nothing. He hasn't told us anything that we don't already know. The Shivan structure lights up and a flash of white, then he gets recovered by the transport. There's something in between, but I can't tell if this block is self-inflicted or if it was put there.

Well, start again. Whatever is there can't stand forever.

That's what you said the last time. Just how many times are we going to do this?

As many times as it takes.", 6598)
$end_multi_text
$Voice: M9_DB1.ogg
$Recommendation text:
    XSTR("", 10)
$end_multi_text

$Formula: ( = @campaignEnd[1] 2 ) 
$Multi text
    XSTR("Well, what do you think?

If what killed the Psamtik was just the first of a whole new armada, this would be cause for concern.

Compared to Capella going nova, I think that's just a bit mild.

I wouldn't go calling this gospel just yet. What our friend saw is what they wanted him to see. I'll inform Command to proceed with Operation Lion's Den. Perhaps they can confirm any Shivan fleet movements.

Still, there's something else. Something... incomplete. I can feel it.

If you think you need to go another round with him, feel free.", 6599)
$end_multi_text
$Voice: M9_DB2.ogg
$Recommendation text:
    XSTR("", 10)
$end_multi_text

$Formula: ( = @campaignEnd[1] 3 ) 
$Multi text
    XSTR("What do we call this?

A whole new classified level, that's what.

Do you think any of it is true?

Hard to say. Our friend was shown what they wanted him to see. Who's to say if this was a threat, a warning, or a message?

And just what are we supposed to do about it?

I'll inform Command to proceed with Operation Lion's Den. Perhaps they can confirm any Shivan fleet movements. If they confirm the Sathanas armada, we're going to have to evacuate the whole system.

Not that, I mean-

Fear and terror are the best weapons anyone has. The Shivans have us outgunned in every way. There's nothing we can do.", 6600)
$end_multi_text
$Voice: M9_DB3.ogg
$Recommendation text:
    XSTR("", 10)
$end_multi_text

$Formula: ( = @spoonsFound[0] 6 ) 
$Multi text
    XSTR("Hmm...

What is it?

Did you notice he mentioned something about... spoons...?

I think you're hearing things.

Probably.", 6601)
$end_multi_text
$Voice: M9_DB4.ogg
$Recommendation text:
    XSTR("6 / 7 Spoons found...

You missed one! How could you miss that totally obvious one!", 6602)
$end_multi_text

$Formula: ( = @spoonsFound[0] 5 ) 
$Multi text
    XSTR("Hmm...

What is it?

Did you notice he mentioned something about... spoons...?

I think you're hearing things.

Probably.", 6601)
$end_multi_text
$Voice: M9_DB4.ogg
$Recommendation text:
    XSTR("5 / 7 Spoons found...

That's the ticket. Bet you looked hard for those!", 6603)
$end_multi_text

$Formula: ( = @spoonsFound[0] 4 ) 
$Multi text
    XSTR("Hmm...

What is it?

Did you notice he mentioned something about... spoons...?

I think you're hearing things.

Probably.", 6601)
$end_multi_text
$Voice: M9_DB4.ogg
$Recommendation text:
    XSTR("4 / 7 Spoons found...

Good going. Try harder next time.", 6604)
$end_multi_text

$Formula: ( = @spoonsFound[0] 3 ) 
$Multi text
    XSTR("Hmm...

What is it?

Did you notice he mentioned something about... spoons...?

I think you're hearing things.

Probably.", 6601)
$end_multi_text
$Voice: M9_DB4.ogg
$Recommendation text:
    XSTR("3 / 7 Spoons found...

You're getting there...", 6605)
$end_multi_text

$Formula: ( = @spoonsFound[0] 2 ) 
$Multi text
    XSTR("Hmm...

What is it?

Did you notice he mentioned something about... spoons...?

I think you're hearing things.

Probably.", 6601)
$end_multi_text
$Voice: M9_DB4.ogg
$Recommendation text:
    XSTR("2 / 7 Spoons found...

Not bad.", 6606)
$end_multi_text

$Formula: ( = @spoonsFound[0] 1 ) 
$Multi text
    XSTR("Hmm...

What is it?

Did you notice he mentioned something about... spoons...?

I think you're hearing things.

Probably.", 6601)
$end_multi_text
$Voice: M9_DB4.ogg
$Recommendation text:
    XSTR("1 / 7 Spoons found...

What a noob.", 6607)
$end_multi_text

$Formula: ( = @spoonsFound[0] 7 ) 
$Multi text
    XSTR("Hmm...

What is it?

Why did he keep mentioning finding spoons?

How the hell should I know?

It must mean something.... a clue or a...

Have you read the reports on what we put in that coffee? I'm surprised he lasted as long as he did.", 6608)
$end_multi_text
$Voice: M9_DB5.ogg
$Recommendation text:
    XSTR("You found all the spoons!

There is no prize.

Thanks for playing though!", 6609)
$end_multi_text


#Players		;! 1 total

$Starting Shipname: Alpha 1
$Ship Choices: (
)

+Weaponry Pool: (
	"Bolt 33mm"	1
	"Subach HL-M"	1
	"Tempest"	0
	"Subach HL-7"	0
	"Prometheus R"	0
	"Hornet"	0
	"Harpoon"	64
	"Prometheus S"	16
	"Tornado"	256
	"Infyrno"	0
	"Trebuchet"	20
)

#Objects		;! 69 total

$Name: Alpha 1		;! Object #0
$Display Name: XSTR("Alpha 1", 5778)
$Class: Spacesuit
$Team: Friendly
$Location: 775.000000, -75.000000, 162.100006
$Orientation:
	0.976102, 0.000000, 0.217312,
	0.082299, 0.925514, -0.369663,
	-0.201125, 0.378713, 0.903396
$Cargo 1:  XSTR("Nothing", 13)
+Initial Hull: 3
+Initial Shields: 100
+Subsystem: Pilot
+Sbank Ammo: ( 0 0 )
+Subsystem: communications
$Damage: 100
+Subsystem: navigation
$Damage: 100
+Subsystem: weapons
$Damage: 100
+Subsystem: sensors
$Damage: 100
$Arrival Location: Hyperspace
$Arrival Cue: ( false ) 
$Departure Location: Hyperspace
$Departure Cue: ( false ) 
$Determination: 10
+Flags: ( "cargo-known" "ignore-count" "protect-ship" "no-shields" "player-start" "invulnerable" "no-dynamic" "beam-protect-ship" )
+Flags2: ( "no-subspace-drive" "no-builtin-messages" "primaries-locked" "secondaries-locked" "lock-all-turrets" "afterburners-locked" "ship-locked" "weapons-locked" )
+Respawn priority: 0
+Orders Accepted List: ( )
+Group: 0
+Score: 8

$Name: Gamma 1		;! Object #1
$Display Name: XSTR("Gamma 1", 6219)
$Class: GTF Perseus
$Team: Friendly
$Location: 1547.869629, 318.387268, 1162.230347
$Orientation:
	1.000000, 0.000000, 0.000000,
	0.000000, 1.000000, 0.000000,
	0.000000, 0.000000, 1.000000
+AI Class: Elite
$Cargo 1:  XSTR("Nothing", 13)
+Initial Velocity: 33
+Initial Hull: 100
+Subsystem: Pilot
+Primary Banks: ( "Prometheus S" "Prometheus S" )
+Secondary Banks: ( "Harpoon" "Tornado" )
$Arrival Location: Hyperspace
$Arrival Cue: ( false ) 
$Departure Location: Hyperspace
$Departure Cue: ( false ) 
$Determination: 10
+Flags: ( "cargo-known" "invulnerable" )
+Flags2: ( )
+Respawn priority: 0
+Group: 0
+Use Table Score:
+Score: 14

$Name: Gamma 2		;! Object #2
$Display Name: XSTR("Gamma 2", 6220)
$Class: GTF Perseus
$Team: Friendly
$Location: 824.752380, 300.000092, 11.236961
$Orientation:
	1.000000, 0.000000, 0.000000,
	0.000000, 1.000000, 0.000000,
	0.000000, 0.000000, 1.000000
+AI Class: Elite
$Cargo 1:  XSTR("Nothing", 13)
+Initial Velocity: 33
+Initial Hull: 100
+Subsystem: Pilot
+Primary Banks: ( "Prometheus S" "Prometheus S" )
+Secondary Banks: ( "Harpoon" "Tornado" )
$Arrival Location: Hyperspace
$Arrival Cue: ( false ) 
$Departure Location: Hyperspace
$Departure Cue: ( false ) 
$Determination: 10
+Flags: ( "cargo-known" "invulnerable" )
+Flags2: ( )
+Respawn priority: 0
+Group: 0
+Use Table Score:
+Score: 14

$Name: Gamma 3		;! Object #3
$Display Name: XSTR("Gamma 3", 6221)
$Class: GTF Perseus
$Team: Friendly
$Location: 863.441223, 770.633545, 132.094910
$Orientation:
	1.000000, 0.000000, 0.000000,
	0.000000, 1.000000, 0.000000,
	0.000000, 0.000000, 1.000000
+AI Class: Elite
$Cargo 1:  XSTR("Nothing", 13)
+Initial Velocity: 33
+Initial Hull: 100
+Subsystem: Pilot
+Primary Banks: ( "Prometheus S" "Prometheus S" )
+Secondary Banks: ( "Harpoon" "Tornado" )
$Arrival Location: Hyperspace
$Arrival Cue: ( false ) 
$Departure Location: Hyperspace
$Departure Cue: ( false ) 
$Determination: 10
+Flags: ( "cargo-known" "invulnerable" )
+Flags2: ( )
+Respawn priority: 0
+Group: 0
+Use Table Score:
+Score: 14

$Name: GTI Cagliari		;! Object #4
$Display Name: XSTR("GTI Cagliari", 6441)
$Class: GTI Arcadia#Cagliari

$Team: Friendly
$Location: -115.200012, 0.000000, 83.000000
$Orientation:
	-0.996097, 0.000000, -0.088293,
	0.000000, 1.000000, 0.000000,
	0.088293, 0.000000, -0.996097
$Cargo 1:  XSTR("Nothing", 13)
+Initial Hull: 100
+Initial Shields: 100
+Subsystem: Pilot
+Subsystem: weapons
$Damage: 5000
+Subsystem: communication
$Damage: 5000
+Subsystem: turret01
$Damage: 1000
+Subsystem: turret02
$Damage: 1000
+Subsystem: turret03
$Damage: 1000
+Subsystem: turret04
$Damage: 1000
+Subsystem: turret05
$Damage: 1000
+Subsystem: turret06
$Damage: 1000
+Subsystem: turret07
$Damage: 1000
+Subsystem: turret08
$Damage: 1000
+Subsystem: turret09
$Damage: 1000
+Subsystem: turret10
$Damage: 1000
+Subsystem: turret11
$Damage: 1000
+Subsystem: turret12
$Damage: 1000
+Subsystem: turret13
$Damage: 1000
+Subsystem: turret14
$Damage: 1000
+Subsystem: turret15
$Damage: 1000
+Subsystem: turret16
$Damage: 1000
+Subsystem: turret17
$Damage: 1000
+Subsystem: turret18
$Damage: 1000
+Subsystem: turret19
$Damage: 1000
+Subsystem: turret20
$Damage: 1000
+Subsystem: turret21
$Damage: 1000
+Subsystem: turret22
$Damage: 1000
+Subsystem: turret23
$Damage: 1000
+Subsystem: turret24
$Damage: 1000
$Arrival Location: Hyperspace
$Arrival Cue: ( true ) 
$Departure Location: Hyperspace
$Departure Cue: ( false ) 
$Determination: 10
+Flags: ( "cargo-known" "ignore-count" "protect-ship" "no-shields" "hidden-from-sensors" "beam-protect-ship" )
+Flags2: ( "primaries-locked" "secondaries-locked" "lock-all-turrets" "afterburners-locked" )
+Respawn priority: 0
$Special Explosion:
+Special Exp Damage: 50
+Special Exp Blast: 6500
+Special Exp Inner Radius: 100
+Special Exp Outer Radius: 2400
+Special Exp Shockwave Speed: 360
+Orders Accepted List: ( )
+Group: 0
+Use Table Score:
+Score: 800
$Texture Replace:
+old: arcadia_01
+new: arcadia_01c
+old: arcadia_02
+new: arcadia_02c
+old: arcadia_03
+new: arcadia_03c
+old: arcadia_04
+new: arcadia_04c
+old: arcadia_05
+new: arcadia_05c
+old: arcadia_06
+new: arcadia_06c
+old: arcadia_01-shine
+new: arcadia_01c-shine
+old: arcadia_02-shine
+new: arcadia_02c-shine
+old: arcadia_03-shine
+new: arcadia_03c-shine
+old: arcadia_04-shine
+new: arcadia_04c-shine
+old: arcadia_05-shine
+new: arcadia_05c-shine
+old: arcadia_06-shine
+new: arcadia_06c-shine

$Name: Recovery 1#First		;! Object #5
$Display Name: XSTR("Recovery 1", 6610)
$Class: GTT Elysium
$Team: Friendly
$Location: 1387.599976, 1550.000000, 278.100006
$Orientation:
	0.193863, -0.003138, -0.981024,
	0.909929, -0.373185, 0.181006,
	-0.366671, -0.927752, -0.069492
$AI Goals: ( goals ( ai-waypoints-once "Recovery Path" 60 ) )
$Cargo 1:  XSTR("Nothing", 13)
+Initial Velocity: 100
+Initial Hull: 100
+Initial Shields: 100
+Subsystem: Pilot
+Subsystem: turret01
$Arrival Location: Hyperspace
$Arrival Cue: ( true ) 
$Departure Location: Hyperspace
$Departure Cue: ( false ) 
$Determination: 10
+Flags: ( "cargo-known" "protect-ship" "no-shields" "invulnerable" )
+Flags2: ( )
+Respawn priority: 0
+Orders Accepted List: ( "attack ship" "dock" )
+Group: 0
+Use Table Score:
+Score: 10

$Name: GTI Cagliari A		;! Object #6
$Display Name: XSTR("GTI Cagliari A", 6453)
$Class: GTI Ganymede#Cagliari
$Team: Friendly
$Location: 866.260864, -98.780869, -301.649567
$Orientation:
	-0.996095, 0.000000, -0.088292,
	0.000000, 1.000000, 0.000000,
	0.088292, 0.000000, -0.996095
$Cargo 1:  XSTR("Nothing", 13)
+Initial Hull: 100
+Initial Shields: 100
+Subsystem: Pilot
+Subsystem: storage
$Damage: 4500
+Subsystem: piece1a
$Damage: 12600
+Subsystem: piece4a
$Damage: 13500
+Subsystem: hose01
$Damage: 3600
+Subsystem: hose02
$Damage: 3600
+Subsystem: hose03
$Damage: 3600
+Subsystem: hose04
$Damage: 3600
$Arrival Location: Hyperspace
$Arrival Cue: ( true ) 
$Departure Location: Hyperspace
$Departure Cue: ( false ) 
$Determination: 10
+Flags: ( "cargo-known" "ignore-count" "protect-ship" "no-shields" "invulnerable" "hidden-from-sensors" "beam-protect-ship" "stealth" "don't-collide-invisible" )
+Flags2: ( )
+Respawn priority: 0
$Special Explosion:
+Special Exp Damage: 50
+Special Exp Blast: 6500
+Special Exp Inner Radius: 100
+Special Exp Outer Radius: 2400
+Special Exp Shockwave Speed: 360
+Group: 0
+Use Table Score:
+Score: 900

$Name: GTI Cagliari B		;! Object #7
$Display Name: XSTR("GTI Cagliari B", 6454)
$Class: GTI Ganymede#Cagliari
$Team: Friendly
$Location: -229.924072, 0.000953, -88.753502
$Orientation:
	-0.996095, 0.000000, -0.088292,
	0.000000, 1.000000, 0.000000,
	0.088292, 0.000000, -0.996095
$Cargo 1:  XSTR("Nothing", 13)
+Initial Hull: 100
+Initial Shields: 100
+Subsystem: Pilot
$Arrival Location: Hyperspace
$Arrival Cue: ( true ) 
$Departure Location: Hyperspace
$Departure Cue: ( false ) 
$Determination: 10
+Flags: ( "cargo-known" "ignore-count" "protect-ship" "no-shields" "invulnerable" "hidden-from-sensors" "beam-protect-ship" "stealth" "don't-collide-invisible" )
+Flags2: ( )
+Respawn priority: 0
$Special Explosion:
+Special Exp Damage: 50
+Special Exp Blast: 6500
+Special Exp Inner Radius: 100
+Special Exp Outer Radius: 2400
+Special Exp Shockwave Speed: 360
+Group: 0
+Use Table Score:
+Score: 900

$Name: GTI Cagliari C		;! Object #8
$Display Name: XSTR("GTI Cagliari C", 6455)
$Class: GTI Ganymede#Cagliari
$Team: Friendly
$Location: -1061.635620, 152.994812, 144.532059
$Orientation:
	-0.088292, 0.000000, 0.996095,
	0.000000, 1.000000, 0.000000,
	-0.996095, 0.000000, -0.088292
$Cargo 1:  XSTR("Nothing", 13)
+Initial Hull: 100
+Initial Shields: 100
+Subsystem: Pilot
$Arrival Location: Hyperspace
$Arrival Cue: ( true ) 
$Departure Location: Hyperspace
$Departure Cue: ( false ) 
$Determination: 10
+Flags: ( "cargo-known" "ignore-count" "protect-ship" "no-shields" "invulnerable" "hidden-from-sensors" "beam-protect-ship" "stealth" "don't-collide-invisible" )
+Flags2: ( )
+Respawn priority: 0
$Special Explosion:
+Special Exp Damage: 50
+Special Exp Blast: 6500
+Special Exp Inner Radius: 100
+Special Exp Outer Radius: 2400
+Special Exp Shockwave Speed: 360
+Group: 0
+Use Table Score:
+Score: 900

$Name: GTI Cagliari D		;! Object #9
$Display Name: XSTR("GTI Cagliari D", 6456)
$Class: GTI Ganymede#Cagliari
$Team: Friendly
$Location: -125.181412, 408.940918, -10.960228
$Orientation:
	-0.996095, -0.088292, 0.000000,
	0.000000, 0.000000, -1.000000,
	0.088292, -0.996095, 0.000000
$Cargo 1:  XSTR("Nothing", 13)
+Initial Hull: 100
+Initial Shields: 100
+Subsystem: Pilot
+Subsystem: piece1a
$Damage: 12600
$Arrival Location: Hyperspace
$Arrival Cue: ( true ) 
$Departure Location: Hyperspace
$Departure Cue: ( false ) 
$Determination: 10
+Flags: ( "cargo-known" "ignore-count" "protect-ship" "no-shields" "invulnerable" "hidden-from-sensors" "beam-protect-ship" "stealth" "don't-collide-invisible" )
+Flags2: ( )
+Respawn priority: 0
$Special Explosion:
+Special Exp Damage: 50
+Special Exp Blast: 6500
+Special Exp Inner Radius: 100
+Special Exp Outer Radius: 2400
+Special Exp Shockwave Speed: 360
+Group: 0
+Use Table Score:
+Score: 900

$Name: GTI Cagliari E		;! Object #10
$Display Name: XSTR("GTI Cagliari E", 6457)
$Class: GTI Ganymede#Cagliari
$Team: Friendly
$Location: -81.166756, -396.828552, 195.565247
$Orientation:
	0.187343, -0.088292, 0.978319,
	-0.982154, 0.000000, 0.188077,
	-0.016606, -0.996095, -0.086716
$Cargo 1:  XSTR("Nothing", 13)
+Initial Hull: 100
+Initial Shields: 100
+Subsystem: Pilot
+Subsystem: storage
$Damage: 4500
+Subsystem: piece1a
$Damage: 12600
+Subsystem: piece4a
$Damage: 13500
$Arrival Location: Hyperspace
$Arrival Cue: ( true ) 
$Departure Location: Hyperspace
$Departure Cue: ( false ) 
$Determination: 10
+Flags: ( "cargo-known" "ignore-count" "protect-ship" "no-shields" "invulnerable" "hidden-from-sensors" "beam-protect-ship" "stealth" "don't-collide-invisible" )
+Flags2: ( )
+Respawn priority: 0
$Special Explosion:
+Special Exp Damage: 50
+Special Exp Blast: 6500
+Special Exp Inner Radius: 100
+Special Exp Outer Radius: 2400
+Special Exp Shockwave Speed: 360
+Group: 0
+Use Table Score:
+Score: 900

$Name: GTI Cagliari F		;! Object #11
$Display Name: XSTR("GTI Cagliari F", 6458)
$Class: GTI Ganymede#Cagliari
$Team: Friendly
$Location: -253.465576, 67.532158, 493.734222
$Orientation:
	1.000001, 0.000000, -0.000796,
	0.000000, 1.000000, 0.000000,
	0.000796, 0.000000, 1.000001
$Cargo 1:  XSTR("Nothing", 13)
+Initial Hull: 100
+Initial Shields: 100
+Subsystem: Pilot
+Subsystem: storage
$Damage: 4500
$Arrival Location: Hyperspace
$Arrival Cue: ( true ) 
$Departure Location: Hyperspace
$Departure Cue: ( false ) 
$Determination: 10
+Flags: ( "cargo-known" "ignore-count" "protect-ship" "no-shields" "invulnerable" "hidden-from-sensors" "beam-protect-ship" "stealth" "don't-collide-invisible" )
+Flags2: ( )
+Respawn priority: 0
$Special Explosion:
+Special Exp Damage: 50
+Special Exp Blast: 6500
+Special Exp Inner Radius: 100
+Special Exp Outer Radius: 2400
+Special Exp Shockwave Speed: 360
+Group: 0
+Use Table Score:
+Score: 900

$Name: Gamma 4		;! Object #12
$Display Name: XSTR("Gamma 4", 6222)
$Class: GTF Perseus
$Team: Friendly
$Location: 902.288940, -0.012159, 432.559113
$Orientation:
	1.000000, 0.000000, 0.000000,
	0.000000, 1.000000, 0.000000,
	0.000000, 0.000000, 1.000000
+AI Class: Elite
$Cargo 1:  XSTR("Nothing", 13)
+Initial Velocity: 33
+Initial Hull: 100
+Subsystem: Pilot
+Primary Banks: ( "Prometheus S" "Prometheus S" )
+Secondary Banks: ( "Harpoon" "Tornado" )
$Arrival Location: Hyperspace
$Arrival Cue: ( false ) 
$Departure Location: Hyperspace
$Departure Cue: ( false ) 
$Determination: 10
+Flags: ( "cargo-known" "invulnerable" )
+Flags2: ( )
+Respawn priority: 0
+Group: 0
+Use Table Score:
+Score: 14

$Name: #Dis1		;! Object #13
$Display Name: XSTR("Dis1", 6460)
$Class: SFr Dis
$Team: Hostile
$Location: 958.952454, 500.000000, 253.853485
$Orientation:
	-0.695563, 0.000000, -0.718465,
	0.000000, 1.000000, 0.000000,
	0.718465, 0.000000, -0.695563
$AI Goals: ( goals ( ai-waypoints-once "BomberPath2" 50 ) )
$Cargo 1:  XSTR("Nothing", 13)
+Initial Velocity: 100
+Initial Hull: 25
+Initial Shields: 100
+Subsystem: Pilot
+Subsystem: turret01
+Subsystem: turret02
+Subsystem: turret03
+Subsystem: turret04
$Arrival Location: Hyperspace
$Arrival Cue: ( true ) 
$Departure Location: Hyperspace
$Departure Cue: ( is-event-true-delay 
   "Epic Zoom Out" 
   0 
)
$Determination: 10
+Flags: ( "no-shields" "no-departure-warp" )
+Flags2: ( "lock-all-turrets" )
+Respawn priority: 0
+Orders Accepted List: ( )
+Group: 0
+Use Table Score:
+Score: 20

$Name: #UNKNOWN		;! Object #14
$Display Name: XSTR("UNKNOWN", 5914)
$Class: Shivan Comm Node

$Team: Hostile
$Location: 594.942078, 264.044281, 970.868408
$Orientation:
	1.000000, 0.000000, 0.000000,
	0.000000, 1.000000, 0.000000,
	0.000000, 0.000000, 1.000000
$Cargo 1:  XSTR("Nothing", 13)
+Initial Hull: 100
+Initial Shields: 100
+Subsystem: Pilot
$Arrival Location: Hyperspace
$Arrival Cue: ( true ) 
$Departure Location: Hyperspace
$Departure Cue: ( false ) 
$Determination: 10
+Flags: ( "protect-ship" "no-shields" "don't-collide-invisible" )
+Flags2: ( )
+Respawn priority: 0
$Special Explosion:
+Special Exp Damage: 400
+Special Exp Blast: 100
+Special Exp Inner Radius: 100
+Special Exp Outer Radius: 2400
+Special Exp Shockwave Speed: 350
+Group: 0
+Use Table Score:
+Score: 300

$Name: Delta 1		;! Object #15
$Display Name: XSTR("Delta 1", 6215)
$Class: GTF Erinyes
$Team: Friendly
$Location: 602.230713, -0.012139, 571.898560
$Orientation:
	1.000000, 0.000000, 0.000000,
	0.000000, 1.000000, 0.000000,
	0.000000, 0.000000, 1.000000
+AI Class: Elite
$Cargo 1:  XSTR("Nothing", 13)
+Initial Velocity: 33
+Initial Hull: 100
+Subsystem: Pilot
+Primary Banks: ( "UD-8 Kayser" "UD-8 Kayser" )
+Secondary Banks: ( "Harpoon" "Tornado" )
$Arrival Location: Hyperspace
$Arrival Cue: ( false ) 
$Departure Location: Hyperspace
$Departure Cue: ( false ) 
$Determination: 10
+Flags: ( "cargo-known" "invulnerable" )
+Flags2: ( )
+Respawn priority: 0
+Group: 0
+Use Table Score:
+Score: 12

$Name: Euryale		;! Object #16
$Display Name: XSTR("Euryale", 6211)
$Class: SC Cain
$Team: Hostile
$Location: 547.599976, 250.000000, 292.000000
$Orientation:
	0.654060, -0.624127, -0.427400,
	0.601234, 0.771803, -0.206973,
	0.459046, -0.121594, 0.880052
+AI Class: Elite
$AI Goals: ( goals ( ai-waypoints-once "Euryale Path" 50 ) )
$Cargo 1:  XSTR("Nothing", 13)
+Initial Velocity: 100
+Initial Hull: 42
+Initial Shields: 100
+Subsystem: Pilot
+Subsystem: turret01
$Damage: 100
+Subsystem: turret02
+Subsystem: turret03
+Subsystem: turret04
+Subsystem: turret05
+Subsystem: turret06
+Subsystem: turret07
$Damage: 100
+Primary Banks: ( "SRed#Small" )
+Subsystem: turret08
+Subsystem: turret09
$Arrival Location: Hyperspace
$Arrival Cue: ( true ) 
$Departure Location: Hyperspace
$Departure Cue: ( false ) 
$Determination: 10
+Flags: ( "no-shields" )
+Flags2: ( )
+Respawn priority: 0
+Orders Accepted List: ( )
+Group: 0
+Use Table Score:
+Score: 150

$Name: Delta 2		;! Object #17
$Display Name: XSTR("Delta 2", 6216)
$Class: GTF Erinyes
$Team: Friendly
$Location: 1065.335571, -0.012007, 2426.939941
$Orientation:
	1.000000, 0.000000, 0.000000,
	0.000000, 1.000000, 0.000000,
	0.000000, 0.000000, 1.000000
+AI Class: Elite
$Cargo 1:  XSTR("Nothing", 13)
+Initial Velocity: 33
+Initial Hull: 100
+Subsystem: Pilot
+Primary Banks: ( "UD-8 Kayser" "UD-8 Kayser" )
+Secondary Banks: ( "Harpoon" "Tornado" )
$Arrival Location: Hyperspace
$Arrival Cue: ( false ) 
$Departure Location: Hyperspace
$Departure Cue: ( false ) 
$Determination: 10
+Flags: ( "cargo-known" "invulnerable" )
+Flags2: ( )
+Respawn priority: 0
+Group: 0
+Use Table Score:
+Score: 12

$Name: #Dis2		;! Object #18
$Display Name: XSTR("Dis2", 6463)
$Class: SFr Dis
$Team: Hostile
$Location: 2983.172852, 600.000000, -477.366638
$Orientation:
	0.989611, 0.000000, 0.143772,
	-0.000875, 0.999982, 0.006024,
	-0.143770, -0.006087, 0.989592
$AI Goals: ( goals ( ai-chase "Zednanreh" 50 ) )
$Cargo 1:  XSTR("Nothing", 13)
+Initial Hull: 100
+Initial Shields: 100
+Subsystem: Pilot
+Subsystem: turret01
+Subsystem: turret02
+Subsystem: turret03
+Subsystem: turret04
$Arrival Location: Hyperspace
$Arrival Cue: ( true ) 
$Departure Location: Hyperspace
$Departure Cue: ( is-event-true-delay 
   "Epic Zoom Out" 
   0 
)
$Determination: 10
+Flags: ( "no-shields" "no-departure-warp" )
+Flags2: ( )
+Respawn priority: 0
+Orders Accepted List: ( )
+Group: 0
+Use Table Score:
+Score: 20

$Name: #Dis5		;! Object #19
$Display Name: XSTR("Dis5", 6464)
$Class: SFr Dis
$Team: Hostile
$Location: 555.536255, 1535.728271, 443.643982
$Orientation:
	-0.425219, 0.000000, -0.905091,
	0.000000, 1.000000, 0.000000,
	0.905091, 0.000000, -0.425219
$AI Goals: ( goals ( ai-waypoints-once "Zed Path" 50 ) )
$Cargo 1:  XSTR("Nothing", 13)
+Initial Velocity: 100
+Initial Hull: 25
+Initial Shields: 100
+Subsystem: Pilot
+Subsystem: turret01
+Subsystem: turret02
+Subsystem: turret03
+Subsystem: turret04
$Arrival Location: Hyperspace
$Arrival Cue: ( true ) 
$Departure Location: Hyperspace
$Departure Cue: ( is-event-true-delay 
   "Epic Zoom Out" 
   0 
)
$Determination: 10
+Flags: ( "no-shields" "no-departure-warp" )
+Flags2: ( )
+Respawn priority: 0
+Orders Accepted List: ( )
+Group: 0
+Use Table Score:
+Score: 20

$Name: Delta 3		;! Object #20
$Display Name: XSTR("Delta 3", 6217)
$Class: GTF Erinyes
$Team: Friendly
$Location: 669.798828, 299.999939, 466.457092
$Orientation:
	1.000000, 0.000000, 0.000000,
	0.000000, 1.000000, 0.000000,
	0.000000, 0.000000, 1.000000
+AI Class: Elite
$Cargo 1:  XSTR("Nothing", 13)
+Initial Velocity: 33
+Initial Hull: 100
+Subsystem: Pilot
+Primary Banks: ( "UD-8 Kayser" "UD-8 Kayser" )
+Secondary Banks: ( "Harpoon" "Tornado" )
$Arrival Location: Hyperspace
$Arrival Cue: ( false ) 
$Departure Location: Hyperspace
$Departure Cue: ( false ) 
$Determination: 10
+Flags: ( "cargo-known" "invulnerable" )
+Flags2: ( )
+Respawn priority: 0
+Group: 0
+Use Table Score:
+Score: 12

$Name: Aries 1		;! Object #21
$Display Name: XSTR("Aries 1", 5872)
$Class: SF Dragon
$Team: Hostile
$Location: 838.710327, 999.999695, 608.722900
$Orientation:
	0.751806, 0.000000, -0.659385,
	0.000000, 1.000000, 0.000000,
	0.659385, 0.000000, 0.751806
+AI Class: Rookie
$Cargo 1:  XSTR("Nothing", 13)
+Initial Velocity: 33
+Subsystem: Pilot
$Arrival Location: Hyperspace
$Arrival Cue: ( false ) 
$Departure Location: Hyperspace
$Departure Cue: ( false ) 
$Determination: 10
+Flags: ( "no-departure-warp" )
+Flags2: ( )
+Respawn priority: 0
+Orders Accepted List: ( )
+Group: 0
+Use Table Score:
+Score: 16

$Name: Aries 2		;! Object #22
$Display Name: XSTR("Aries 2", 5873)
$Class: SF Dragon
$Team: Hostile
$Location: 2148.938232, 1000.000061, -504.234100
$Orientation:
	0.751806, 0.000000, -0.659385,
	-0.000000, 1.000000, 0.000000,
	0.659385, 0.000000, 0.751806
+AI Class: Rookie
$Cargo 1:  XSTR("Nothing", 13)
+Initial Velocity: 33
+Subsystem: Pilot
$Arrival Location: Hyperspace
$Arrival Cue: ( false ) 
$Departure Location: Hyperspace
$Departure Cue: ( false ) 
$Determination: 10
+Flags: ( "no-departure-warp" )
+Flags2: ( )
+Respawn priority: 0
+Orders Accepted List: ( )
+Group: 0
+Use Table Score:
+Score: 16

$Name: Aries 3		;! Object #23
$Display Name: XSTR("Aries 3", 5874)
$Class: SF Dragon
$Team: Hostile
$Location: 714.665466, 1000.000671, 377.115265
$Orientation:
	0.751806, 0.000000, -0.659385,
	-0.000000, 1.000000, 0.000000,
	0.659385, 0.000000, 0.751806
+AI Class: Rookie
$Cargo 1:  XSTR("Nothing", 13)
+Initial Velocity: 33
+Subsystem: Pilot
$Arrival Location: Hyperspace
$Arrival Cue: ( false ) 
$Departure Location: Hyperspace
$Departure Cue: ( false ) 
$Determination: 10
+Flags: ( "no-departure-warp" )
+Flags2: ( )
+Respawn priority: 0
+Orders Accepted List: ( )
+Group: 0
+Use Table Score:
+Score: 16

$Name: Aries 4		;! Object #24
$Display Name: XSTR("Aries 4", 6344)
$Class: SF Dragon
$Team: Hostile
$Location: 1956.195435, 1000.000000, 1563.441406
$Orientation:
	0.751806, 0.000000, -0.659385,
	-0.000000, 1.000000, 0.000000,
	0.659385, 0.000000, 0.751806
+AI Class: Rookie
$Cargo 1:  XSTR("Nothing", 13)
+Initial Velocity: 33
+Subsystem: Pilot
$Arrival Location: Hyperspace
$Arrival Cue: ( false ) 
$Departure Location: Hyperspace
$Departure Cue: ( false ) 
$Determination: 10
+Flags: ( "no-departure-warp" )
+Flags2: ( )
+Respawn priority: 0
+Orders Accepted List: ( )
+Group: 0
+Use Table Score:
+Score: 16

$Name: Gemini 1		;! Object #25
$Display Name: XSTR("Gemini 1", 5800)
$Class: SF Mara
$Team: Hostile
$Location: 1255.325684, 532.742004, 644.806702
$Orientation:
	-0.272305, -0.567683, -0.776909,
	-0.927328, -0.060610, 0.369314,
	-0.256741, 0.821014, -0.509924
+AI Class: Rookie
$Cargo 1:  XSTR("Nothing", 13)
+Initial Velocity: 33
+Initial Hull: 100
+Subsystem: Pilot
+Primary Banks: ( "Alouqua" "Alouqua" )
+Secondary Banks: ( "Hornet#Shivan" "Tornado#Shivan" )
$Arrival Location: Hyperspace
$Arrival Cue: ( false ) 
$Departure Location: Hyperspace
$Departure Cue: ( false ) 
$Determination: 10
+Flags: ( "no-departure-warp" )
+Flags2: ( )
+Respawn priority: 0
+Orders Accepted List: ( )
+Group: 0
+Use Table Score:
+Score: 12

$Name: Gemini 2		;! Object #26
$Display Name: XSTR("Gemini 2", 5801)
$Class: SF Mara
$Team: Hostile
$Location: 1051.181885, 547.993774, 622.952759
$Orientation:
	-0.741566, -0.480457, -0.468233,
	-0.277996, -0.415133, 0.866247,
	-0.610573, 0.772545, 0.174283
+AI Class: Rookie
$Cargo 1:  XSTR("Nothing", 13)
+Initial Velocity: 33
+Initial Hull: 100
+Subsystem: Pilot
+Primary Banks: ( "Alouqua" "Alouqua" )
+Secondary Banks: ( "Hornet#Shivan" "Tornado#Shivan" )
$Arrival Location: Hyperspace
$Arrival Cue: ( false ) 
$Departure Location: Hyperspace
$Departure Cue: ( false ) 
$Determination: 10
+Flags: ( "no-departure-warp" )
+Flags2: ( )
+Respawn priority: 0
+Orders Accepted List: ( )
+Group: 0
+Use Table Score:
+Score: 12

$Name: Gemini 3		;! Object #27
$Display Name: XSTR("Gemini 3", 5802)
$Class: SF Mara
$Team: Hostile
$Location: 1881.809448, 875.625427, 319.238068
$Orientation:
	-0.526807, -0.247668, 0.813103,
	0.477021, 0.705613, 0.523988,
	-0.703510, 0.663907, -0.253579
+AI Class: Rookie
$Cargo 1:  XSTR("Nothing", 13)
+Initial Velocity: 33
+Initial Hull: 100
+Subsystem: Pilot
+Primary Banks: ( "Alouqua" "Alouqua" )
+Secondary Banks: ( "Hornet#Shivan" "Tornado#Shivan" )
$Arrival Location: Hyperspace
$Arrival Cue: ( false ) 
$Departure Location: Hyperspace
$Departure Cue: ( false ) 
$Determination: 10
+Flags: ( "no-departure-warp" )
+Flags2: ( )
+Respawn priority: 0
+Orders Accepted List: ( )
+Group: 0
+Use Table Score:
+Score: 12

$Name: Gemini 4		;! Object #28
$Display Name: XSTR("Gemini 4", 5803)
$Class: SF Mara
$Team: Hostile
$Location: 1040.153809, 646.394958, 1137.888062
$Orientation:
	-0.165662, 0.596354, 0.785443,
	0.594669, 0.695766, -0.402841,
	-0.786719, 0.400342, -0.469895
+AI Class: Rookie
$Cargo 1:  XSTR("Nothing", 13)
+Initial Velocity: 33
+Initial Hull: 100
+Subsystem: Pilot
+Primary Banks: ( "Alouqua" "Alouqua" )
+Secondary Banks: ( "Hornet#Shivan" "Tornado#Shivan" )
$Arrival Location: Hyperspace
$Arrival Cue: ( false ) 
$Departure Location: Hyperspace
$Departure Cue: ( false ) 
$Determination: 10
+Flags: ( "no-departure-warp" )
+Flags2: ( )
+Respawn priority: 0
+Orders Accepted List: ( )
+Group: 0
+Use Table Score:
+Score: 12

$Name: Leo 1		;! Object #29
$Display Name: XSTR("Leo 1", 5804)
$Class: SF Mara
$Team: Hostile
$Location: 850.094727, 882.306763, 261.186768
$Orientation:
	-0.938826, 0.000000, -0.344394,
	0.000000, 1.000000, 0.000000,
	0.344394, 0.000000, -0.938826
+AI Class: Rookie
$Cargo 1:  XSTR("Nothing", 13)
+Initial Velocity: 33
+Initial Hull: 100
+Subsystem: Pilot
$Arrival Location: Hyperspace
$Arrival Cue: ( false ) 
$Departure Location: Hyperspace
$Departure Cue: ( false ) 
$Determination: 10
+Flags: ( "no-departure-warp" )
+Flags2: ( )
+Respawn priority: 0
+Orders Accepted List: ( )
+Group: 0
+Use Table Score:
+Score: 12

$Name: Leo 2		;! Object #30
$Display Name: XSTR("Leo 2", 5805)
$Class: SF Mara
$Team: Hostile
$Location: 718.967773, 584.826355, 327.998779
$Orientation:
	-0.938825, 0.000000, -0.344394,
	0.000000, 1.000000, 0.000000,
	0.344394, 0.000000, -0.938825
+AI Class: Rookie
$Cargo 1:  XSTR("Nothing", 13)
+Initial Velocity: 33
+Initial Hull: 100
+Subsystem: Pilot
$Arrival Location: Hyperspace
$Arrival Cue: ( false ) 
$Departure Location: Hyperspace
$Departure Cue: ( false ) 
$Determination: 10
+Flags: ( "no-departure-warp" )
+Flags2: ( )
+Respawn priority: 0
+Orders Accepted List: ( )
+Group: 0
+Use Table Score:
+Score: 12

$Name: Leo 3		;! Object #31
$Display Name: XSTR("Leo 3", 5806)
$Class: SF Mara
$Team: Hostile
$Location: 3203.619629, 0.002798, 46.677109
$Orientation:
	-0.938825, 0.000000, -0.344394,
	0.000000, 1.000000, 0.000000,
	0.344394, 0.000000, -0.938825
+AI Class: Rookie
$Cargo 1:  XSTR("Nothing", 13)
+Initial Velocity: 33
+Initial Hull: 100
+Subsystem: Pilot
$Arrival Location: Hyperspace
$Arrival Cue: ( false ) 
$Departure Location: Hyperspace
$Departure Cue: ( false ) 
$Determination: 10
+Flags: ( "no-departure-warp" )
+Flags2: ( )
+Respawn priority: 0
+Orders Accepted List: ( )
+Group: 0
+Use Table Score:
+Score: 12

$Name: Leo 4		;! Object #32
$Display Name: XSTR("Leo 4", 5807)
$Class: SF Mara
$Team: Hostile
$Location: 1151.226563, 0.002771, 1479.593750
$Orientation:
	-0.938825, 0.000000, -0.344394,
	0.000000, 1.000000, 0.000000,
	0.344394, 0.000000, -0.938825
+AI Class: Rookie
$Cargo 1:  XSTR("Nothing", 13)
+Initial Velocity: 33
+Initial Hull: 100
+Subsystem: Pilot
$Arrival Location: Hyperspace
$Arrival Cue: ( false ) 
$Departure Location: Hyperspace
$Departure Cue: ( false ) 
$Determination: 10
+Flags: ( "no-departure-warp" )
+Flags2: ( )
+Respawn priority: 0
+Orders Accepted List: ( )
+Group: 0
+Use Table Score:
+Score: 12

$Name: Aquarius 1		;! Object #33
$Display Name: XSTR("Aquarius 1", 5819)
$Class: SB Nephilim
$Team: Hostile
$Location: 954.700012, 50.000000, 513.200012
$Orientation:
	-0.981703, 0.000000, -0.190423,
	0.000000, 1.000000, 0.000000,
	0.190423, 0.000000, -0.981703
+AI Class: Rookie
$Cargo 1:  XSTR("Nothing", 13)
+Initial Velocity: 33
+Initial Hull: 100
+Subsystem: Pilot
+Secondary Banks: ( "Piranha#Shivan" "Piranha#Shivan" "Piranha#Shivan" "Piranha#Shivan" )
+Subsystem: turret01
+Subsystem: turret02
$Arrival Location: Hyperspace
$Arrival Cue: ( false ) 
$Departure Location: Hyperspace
$Departure Cue: ( false ) 
$Determination: 10
+Flags: ( "no-departure-warp" )
+Flags2: ( )
+Respawn priority: 0
+Orders Accepted List: ( )
+Group: 0
+Use Table Score:
+Score: 11

$Name: Aquarius 2		;! Object #34
$Display Name: XSTR("Aquarius 2", 5820)
$Class: SB Nephilim
$Team: Hostile
$Location: 543.149170, 199.999969, 417.268921
$Orientation:
	-0.981702, 0.000000, -0.190423,
	0.000000, 1.000000, 0.000000,
	0.190423, 0.000000, -0.981702
+AI Class: Rookie
$Cargo 1:  XSTR("Nothing", 13)
+Initial Velocity: 33
+Initial Hull: 100
+Subsystem: Pilot
+Secondary Banks: ( "Piranha#Shivan" "Piranha#Shivan" "Piranha#Shivan" "Piranha#Shivan" )
+Subsystem: turret01
+Subsystem: turret02
$Arrival Location: Hyperspace
$Arrival Cue: ( false ) 
$Departure Location: Hyperspace
$Departure Cue: ( false ) 
$Determination: 10
+Flags: ( "no-departure-warp" )
+Flags2: ( )
+Respawn priority: 0
+Orders Accepted List: ( )
+Group: 0
+Use Table Score:
+Score: 11

$Name: Aquarius 3		;! Object #35
$Display Name: XSTR("Aquarius 3", 5821)
$Class: SB Nephilim
$Team: Hostile
$Location: 1358.086792, 0.000023, 339.435608
$Orientation:
	-0.981702, 0.000000, -0.190423,
	0.000000, 1.000000, 0.000000,
	0.190423, 0.000000, -0.981702
+AI Class: Rookie
$Cargo 1:  XSTR("Nothing", 13)
+Initial Velocity: 33
+Initial Hull: 100
+Subsystem: Pilot
+Secondary Banks: ( "Piranha#Shivan" "Piranha#Shivan" "Piranha#Shivan" "Piranha#Shivan" )
+Subsystem: turret01
+Subsystem: turret02
$Arrival Location: Hyperspace
$Arrival Cue: ( false ) 
$Departure Location: Hyperspace
$Departure Cue: ( false ) 
$Determination: 10
+Flags: ( "no-departure-warp" )
+Flags2: ( )
+Respawn priority: 0
+Orders Accepted List: ( )
+Group: 0
+Use Table Score:
+Score: 11

$Name: Aquarius 4		;! Object #36
$Display Name: XSTR("Aquarius 4", 5822)
$Class: SB Nephilim
$Team: Hostile
$Location: 2425.155518, -0.000190, 996.203064
$Orientation:
	-0.981702, 0.000000, -0.190423,
	0.000000, 1.000000, 0.000000,
	0.190423, 0.000000, -0.981702
+AI Class: Rookie
$Cargo 1:  XSTR("Nothing", 13)
+Initial Velocity: 33
+Initial Hull: 100
+Subsystem: Pilot
+Secondary Banks: ( "Piranha#Shivan" "Piranha#Shivan" "Piranha#Shivan" "Piranha#Shivan" )
+Subsystem: turret01
+Subsystem: turret02
$Arrival Location: Hyperspace
$Arrival Cue: ( false ) 
$Departure Location: Hyperspace
$Departure Cue: ( false ) 
$Determination: 10
+Flags: ( "no-departure-warp" )
+Flags2: ( )
+Respawn priority: 0
+Orders Accepted List: ( )
+Group: 0
+Use Table Score:
+Score: 11

$Name: Libra 1		;! Object #37
$Display Name: XSTR("Libra 1", 5796)
$Class: SB Seraphim
$Team: Hostile
$Location: 740.099976, 500.000000, 623.299988
$Orientation:
	0.055479, -0.011592, -0.998393,
	-0.000632, -0.999933, 0.011575,
	-0.998460, -0.000011, -0.055483
+AI Class: Rookie
$Cargo 1:  XSTR("Nothing", 13)
+Initial Velocity: 33
+Initial Hull: 100
+Subsystem: Pilot
+Subsystem: turret01
+Subsystem: turret02
$Arrival Location: Hyperspace
$Arrival Cue: ( false ) 
$Departure Location: Hyperspace
$Departure Cue: ( false ) 
$Determination: 10
+Flags: ( "no-departure-warp" )
+Flags2: ( )
+Respawn priority: 0
+Orders Accepted List: ( )
+Group: 0
+Use Table Score:
+Score: 16

$Name: Libra 2		;! Object #38
$Display Name: XSTR("Libra 2", 5797)
$Class: SB Seraphim
$Team: Hostile
$Location: 1628.803589, -299.999939, 93.956299
$Orientation:
	0.210283, -0.011592, -0.977573,
	-0.002430, -0.999933, 0.011335,
	-0.977638, -0.000008, -0.210297
+AI Class: Rookie
$Cargo 1:  XSTR("Nothing", 13)
+Initial Velocity: 33
+Initial Hull: 100
+Subsystem: Pilot
+Subsystem: turret01
+Subsystem: turret02
$Arrival Location: Hyperspace
$Arrival Cue: ( false ) 
$Departure Location: Hyperspace
$Departure Cue: ( false ) 
$Determination: 10
+Flags: ( "no-departure-warp" )
+Flags2: ( )
+Respawn priority: 0
+Orders Accepted List: ( )
+Group: 0
+Use Table Score:
+Score: 16

$Name: Libra 3		;! Object #39
$Display Name: XSTR("Libra 3", 5798)
$Class: SB Seraphim
$Team: Hostile
$Location: 2050.757324, 1500.000000, 1502.109131
$Orientation:
	-0.147756, -0.011592, -0.988956,
	0.001722, -0.999933, 0.011464,
	-0.989022, -0.000009, 0.147766
+AI Class: Rookie
$Cargo 1:  XSTR("Nothing", 13)
+Initial Velocity: 33
+Initial Hull: 100
+Subsystem: Pilot
+Subsystem: turret01
+Subsystem: turret02
$Arrival Location: Hyperspace
$Arrival Cue: ( false ) 
$Departure Location: Hyperspace
$Departure Cue: ( false ) 
$Determination: 10
+Flags: ( "no-departure-warp" )
+Flags2: ( )
+Respawn priority: 0
+Orders Accepted List: ( )
+Group: 0
+Use Table Score:
+Score: 16

$Name: Libra 4		;! Object #40
$Display Name: XSTR("Libra 4", 5799)
$Class: SB Seraphim
$Team: Hostile
$Location: 1019.818481, 749.999756, 99.393066
$Orientation:
	-0.011840, -0.011592, -0.999863,
	0.000145, -0.999933, 0.011592,
	-0.999930, -0.000007, 0.011841
+AI Class: Rookie
$Cargo 1:  XSTR("Nothing", 13)
+Initial Velocity: 33
+Initial Hull: 100
+Subsystem: Pilot
+Subsystem: turret01
+Subsystem: turret02
$Arrival Location: Hyperspace
$Arrival Cue: ( false ) 
$Departure Location: Hyperspace
$Departure Cue: ( false ) 
$Determination: 10
+Flags: ( "no-departure-warp" )
+Flags2: ( )
+Respawn priority: 0
+Orders Accepted List: ( )
+Group: 0
+Use Table Score:
+Score: 16

$Name: Delta 4		;! Object #41
$Display Name: XSTR("Delta 4", 6218)
$Class: GTF Erinyes
$Team: Friendly
$Location: 849.200012, 200.000000, 548.900024
$Orientation:
	1.000000, 0.000000, 0.000000,
	0.000000, 1.000000, 0.000000,
	0.000000, 0.000000, 1.000000
+AI Class: Elite
$Cargo 1:  XSTR("Nothing", 13)
+Initial Velocity: 33
+Initial Hull: 100
+Subsystem: Pilot
+Primary Banks: ( "UD-8 Kayser" "UD-8 Kayser" )
+Secondary Banks: ( "Harpoon" "Tornado" )
$Arrival Location: Hyperspace
$Arrival Cue: ( false ) 
$Departure Location: Hyperspace
$Departure Cue: ( false ) 
$Determination: 10
+Flags: ( "cargo-known" "invulnerable" )
+Flags2: ( )
+Respawn priority: 0
+Group: 0
+Use Table Score:
+Score: 12

$Name: #TimingMara		;! Object #42
$Display Name: XSTR("TimingMara", 6471)
$Class: SF Mara
$Team: Hostile
$Location: -10000.000000, 0.000000, 10000.000000
$Orientation:
	1.000000, 0.000000, 0.000000,
	0.000000, 1.000000, 0.000000,
	0.000000, 0.000000, 1.000000
$AI Goals: ( goals ( ai-waypoints-once "TimingPath" 50 ) )
$Cargo 1:  XSTR("Nothing", 13)
+Initial Velocity: 100
+Initial Hull: 100
+Subsystem: Pilot
$Arrival Location: Hyperspace
$Arrival Cue: ( true ) 
