#Mission Info

$Version: 0.10
$Name:  XSTR("Warzone Credits", 5526)
$Author: Mobius
$Created: 08/09/07 at 20:40:14
$Modified: 02/17/08 at 16:41:43
$Notes:
This is a FRED2_OPEN created mission.

45 move ~144 msg$End Notes:

$Mission Desc:
 XSTR("Put mission description here
", 5527)
$end_multi_text

+Game Type Flags: 1

+Flags: 3072

+Disallow Support: 1

+Hull Repair Ceiling: 0.000000

+Subsystem Repair Ceiling: 100.000000

+Viewer pos: -253354.859375, 195575.625000, -326448.281250
+Viewer orient:
	0.949499, -0.000001, 0.313770,
	-0.227077, 0.690108, 0.687158,
	-0.216536, -0.723706, 0.655257


;;FSO 3.6.0;; $Skybox Model: starfield.pof

$AI Profile: FS2 RETAIL

#Command Briefing

#Briefing
$start_briefing
$num_stages: 0
$end_briefing

#Debriefing_info

$Num stages: 0

#Players		;! 1 total

$Starting Shipname: Alpha 1
$Ship Choices: (
	"GTF Ulysses"	5
	"GTF Hercules"	5
	"GTF Hercules Mark II"	5
	"GTF Ares"	5
	"GTF Erinyes"	5
	"GTF Loki"	5
	"GTF Pegasus"	5
	"GTF Perseus"	5
	"GTF Myrmidon"	5
	"SF Mara (terrans)"	5
	"GTB Artemis"	5
	"GTB Artemis D.H."	5
	"GTB Medusa"	5
	"GTB Ursa"	5
	"GTB Zeus"	5
	"GTB Boanerges"	5
	"GVF Ptah"	5
)

+Weaponry Pool: (
	"Subach HL-7"	17
	"Subach HL-D"	16
	"Mekhu HL-7"	16
	"Mekhu HL-7D"	16
	"Akheton SDG"	16
	"Morning Star"	16
	"MorningStar D"	16
	"Prometheus R"	17
	"Prometheus S"	16
	"Prometheus D"	16
	"Maxim"	16
	"Maxim D"	16
	"UD-8 Kayser"	16
	"UD-D Kayser"	16
	"Circe"	16
	"Lamprey"	16
	"Rockeye"	500
	"Rockeye D"	500
	"Tempest"	500
	"Tempest D"	500
	"Hornet"	500
	"Hornet D"	500
	"Tornado"	500
	"Tornado D"	500
	"Harpoon"	516
	"Harpoon D"	500
	"Trebuchet"	500
	"TAG-A"	500
	"TAG-B"	500
	"Piranha"	500
	"Stiletto II"	500
	"Infyrno"	500
	"Infyrno D"	500
	"Cyclops"	500
	"Cyclops#short"	500
	"Helios"	500
	"EMP Adv."	500
)

#Objects		;! 45 total

$Name: Alpha 1		;! Object #0
$Display Name: XSTR("Alpha 1", 5528)
$Class: GTF Ulysses
$Team: Friendly
$Location: 0.000000, 100000.000000, 0.000000
$Orientation:
	1.000000, 0.000000, 0.000000,
	0.000000, 1.000000, 0.000000,
	0.000000, 0.000000, 1.000000
$AI Behavior: None
$Cargo 1:  XSTR("Nothing", 13)
+Initial Velocity: 33
+Initial Hull: 100
+Subsystem: Pilot
+Subsystem: communication
$Damage: 100
+Subsystem: navigation
$Damage: 100
+Subsystem: weapons
$Damage: 100
+Subsystem: sensors
$Damage: 100
+Subsystem: engines
$Damage: 100
$Arrival Location: Hyperspace
$Arrival Cue: ( false ) 
$Departure Location: Hyperspace
$Departure Cue: ( false ) 
$Determination: 10
+Flags: ( "cargo-known" "ignore-count" "player-start" )
+Flags2: ( )
+Respawn priority: 0
+Group: 0
+Score: 8

$Name: Perseus 1		;! Object #1
$Display Name: XSTR("Perseus 1", 5529)
$Class: GTF Perseus
$Team: Friendly
$Location: -128.546844, -76.871841, 379.833740
$Orientation:
	0.973332, 0.063347, -0.220483,
	-0.073558, 0.996552, -0.038407,
	0.217290, 0.053601, 0.974635
$AI Behavior: None
$Cargo 1:  XSTR("Nothing", 13)
+Initial Velocity: 33
+Initial Hull: 100
+Subsystem: Pilot
$Arrival Location: Hyperspace
$Arrival Cue: ( false ) 
$Departure Location: Hyperspace
$Departure Cue: ( false ) 
$Determination: 10
+Flags: ( "ignore-count" )
+Flags2: ( )
+Respawn priority: 0
+Group: 0
+Score: 14

$Name: Perseus 2		;! Object #2
$Display Name: XSTR("Perseus 2", 5530)
$Class: GTF Perseus
$Team: Friendly
$Location: -158.778214, -68.178680, 344.400391
$Orientation:
	0.973332, 0.063347, -0.220483,
	-0.073558, 0.996552, -0.038407,
	0.217290, 0.053601, 0.974635
$AI Behavior: None
$Cargo 1:  XSTR("Nothing", 13)
+Initial Velocity: 33
+Initial Hull: 100
+Subsystem: Pilot
$Arrival Location: Hyperspace
$Arrival Cue: ( false ) 
$Departure Location: Hyperspace
$Departure Cue: ( false ) 
$Determination: 10
+Flags: ( "ignore-count" )
+Flags2: ( )
+Respawn priority: 0
+Group: 0
+Score: 14

$Name: Perseus 3		;! Object #3
$Display Name: XSTR("Perseus 3", 5531)
$Class: GTF Perseus
$Team: Friendly
$Location: -101.827019, -84.555244, 339.594696
$Orientation:
	0.973332, 0.063347, -0.220483,
	-0.073558, 0.996552, -0.038407,
	0.217290, 0.053601, 0.974635
$AI Behavior: None
$Cargo 1:  XSTR("Nothing", 13)
+Initial Velocity: 33
+Initial Hull: 100
+Subsystem: Pilot
$Arrival Location: Hyperspace
$Arrival Cue: ( false ) 
$Departure Location: Hyperspace
$Departure Cue: ( false ) 
$Determination: 10
+Flags: ( "ignore-count" )
+Flags2: ( )
+Respawn priority: 0
+Group: 0
+Score: 14

$Name: Perseus 4		;! Object #4
$Display Name: XSTR("Perseus 4", 5532)
$Class: GTF Perseus
$Team: Friendly
$Location: -117.939011, -79.922165, 299.077545
$Orientation:
	0.973332, 0.063347, -0.220483,
	-0.073558, 0.996552, -0.038407,
	0.217290, 0.053601, 0.974635
$AI Behavior: None
$Cargo 1:  XSTR("Nothing", 13)
+Initial Velocity: 33
+Initial Hull: 100
+Subsystem: Pilot
$Arrival Location: Hyperspace
$Arrival Cue: ( false ) 
$Departure Location: Hyperspace
$Departure Cue: ( false ) 
$Determination: 10
+Flags: ( "ignore-count" )
+Flags2: ( )
+Respawn priority: 0
+Group: 0
+Score: 14

$Name: Erinyes 1		;! Object #5
$Display Name: XSTR("Erinyes 1", 5533)
$Class: GTF Erinyes
$Team: Friendly
$Location: -286.667542, -32.052303, 170.489594
$Orientation:
	0.970855, 0.217819, -0.099985,
	-0.228050, 0.967882, -0.105818,
	0.073725, 0.125535, 0.989346
$AI Behavior: None
$Cargo 1:  XSTR("Nothing", 13)
+Initial Velocity: 33
+Initial Hull: 100
+Subsystem: Pilot
$Arrival Location: Hyperspace
$Arrival Cue: ( false ) 
$Departure Location: Hyperspace
$Departure Cue: ( false ) 
$Determination: 10
+Flags: ( "ignore-count" )
+Flags2: ( )
+Respawn priority: 0
+Group: 0
+Score: 12

$Name: Erinyes 2		;! Object #6
$Display Name: XSTR("Erinyes 2", 5534)
$Class: GTF Erinyes
$Team: Friendly
$Location: -311.924835, -32.052299, 147.688293
$Orientation:
	0.970855, 0.217819, -0.099985,
	-0.228050, 0.967882, -0.105818,
	0.073725, 0.125535, 0.989346
$AI Behavior: None
$Cargo 1:  XSTR("Nothing", 13)
+Initial Velocity: 33
+Initial Hull: 100
+Subsystem: Pilot
$Arrival Location: Hyperspace
$Arrival Cue: ( false ) 
$Departure Location: Hyperspace
$Departure Cue: ( false ) 
$Determination: 10
+Flags: ( "ignore-count" )
+Flags2: ( )
+Respawn priority: 0
+Group: 0
+Score: 12

$Name: Erinyes 3		;! Object #7
$Display Name: XSTR("Erinyes 3", 5535)
$Class: GTF Erinyes
$Team: Friendly
$Location: -264.004700, -32.052315, 141.332306
$Orientation:
	0.970855, 0.217819, -0.099985,
	-0.228050, 0.967882, -0.105818,
	0.073725, 0.125535, 0.989346
$AI Behavior: None
$Cargo 1:  XSTR("Nothing", 13)
+Initial Velocity: 33
+Initial Hull: 100
+Subsystem: Pilot
$Arrival Location: Hyperspace
$Arrival Cue: ( false ) 
$Departure Location: Hyperspace
$Departure Cue: ( false ) 
$Determination: 10
+Flags: ( "ignore-count" )
+Flags2: ( )
+Respawn priority: 0
+Group: 0
+Score: 12

$Name: Erinyes 4		;! Object #8
$Display Name: XSTR("Erinyes 4", 5536)
$Class: GTF Erinyes
$Team: Friendly
$Location: -285.561279, -32.052315, 120.260117
$Orientation:
	0.970855, 0.217819, -0.099985,
	-0.228050, 0.967882, -0.105818,
	0.073725, 0.125535, 0.989346
$AI Behavior: None
$Cargo 1:  XSTR("Nothing", 13)
+Initial Velocity: 33
+Initial Hull: 100
+Subsystem: Pilot
$Arrival Location: Hyperspace
$Arrival Cue: ( false ) 
$Departure Location: Hyperspace
$Departure Cue: ( false ) 
$Determination: 10
+Flags: ( "ignore-count" )
+Flags2: ( )
+Respawn priority: 0
+Group: 0
+Score: 12

$Name: Warlock		;! Object #9
$Display Name: XSTR("Warlock", 5537)
$Class: GTD Hecate
$Team: Friendly
$Location: -1109.500000, -324.299988, -1400.400024
$Orientation:
	0.912422, 0.000000, 0.409251,
	0.047228, 0.993319, -0.105295,
	-0.406517, 0.115401, 0.906326
$AI Behavior: None
$Cargo 1:  XSTR("Nothing", 13)
+Initial Velocity: 33
+Initial Hull: 100
+Initial Shields: 100
+Subsystem: Pilot
+Subsystem: turret01
+Subsystem: turret02
+Subsystem: turret03
+Subsystem: turret04
+Subsystem: turret05
+Subsystem: turret06
+Subsystem: turret07
+Subsystem: turret08
+Subsystem: turret09
+Subsystem: turret10
+Subsystem: turret11
+Subsystem: turret12
+Subsystem: turret13
+Subsystem: turret14
+Subsystem: turret15
+Subsystem: turret16
+Subsystem: turret17
+Subsystem: turret18
+Subsystem: turret19
+Subsystem: turret20
+Subsystem: turret21
+Subsystem: turret22
+Subsystem: turret23
+Subsystem: turret24
+Subsystem: turret25
+Subsystem: turret26
+Subsystem: turret27
$Arrival Location: Hyperspace
$Arrival Cue: ( true ) 
$Departure Location: Hyperspace
$Departure Cue: ( false ) 
$Determination: 10
+Flags: ( "ignore-count" "no-shields" )
+Flags2: ( )
+Respawn priority: 0
+Orders Accepted: 0		;! note that this is a bitfield!!!
+Group: 0
+Score: 1300
;;FSO 3.6.8;; $Texture Replace:
;;FSO 3.6.8;; +old: nameplate
;;FSO 3.6.8;; +new: gtdwarlock


$Name: Tatenen		;! Object #10
$Display Name: XSTR("Tatenen", 5538)
$Class: GVD Hatshepsut
$Team: Friendly
$Location: 5398.793945, 2755.050781, 9969.190430
$Orientation:
	-0.665199, 0.373608, 0.646475,
	0.015113, 0.872374, -0.488608,
	-0.746514, -0.315251, -0.585948
$AI Behavior: None
$Cargo 1:  XSTR("Nothing", 13)
+Initial Velocity: 33
+Initial Hull: 100
+Initial Shields: 100
+Subsystem: Pilot
+Subsystem: turret01
+Subsystem: turret02
+Subsystem: turret03
+Subsystem: turret04
+Subsystem: turret05
+Subsystem: turret06
+Subsystem: turret07
+Subsystem: turret08
+Subsystem: turret09
+Subsystem: turret10
+Subsystem: turret11
+Subsystem: turret12
+Subsystem: turret13
+Subsystem: turret14
+Subsystem: turret15
+Subsystem: turret16
+Subsystem: turret17
+Subsystem: turret18
+Subsystem: turret19
+Subsystem: turret20
+Subsystem: turret21
+Subsystem: turret22
+Subsystem: turret23
+Subsystem: turret24
+Subsystem: turret25
+Subsystem: turret26
+Subsystem: turret27
+Subsystem: turret28
+Subsystem: turret29
+Subsystem: turret30
$Arrival Location: Hyperspace
$Arrival Cue: ( true ) 
$Departure Location: Hyperspace
$Departure Cue: ( false ) 
$Determination: 10
+Flags: ( "ignore-count" "no-shields" )
+Flags2: ( )
+Respawn priority: 0
+Orders Accepted: 0		;! note that this is a bitfield!!!
+Group: 0
+Score: 1400

$Name: Serapis 1		;! Object #11
$Display Name: XSTR("Serapis 1", 5539)
$Class: GVF Serapis
$Team: Friendly
$Location: 2174.467285, 639.751587, 6210.089355
$Orientation:
	-0.660384, 0.000000, 0.750929,
	-0.168541, 0.974487, -0.148218,
	-0.731770, -0.224443, -0.643535
$AI Behavior: None
$Cargo 1:  XSTR("Nothing", 13)
+Initial Velocity: 33
+Initial Hull: 100
+Subsystem: Pilot
$Arrival Location: Hyperspace
$Arrival Cue: ( false ) 
$Departure Location: Hyperspace
$Departure Cue: ( false ) 
$Determination: 10
+Flags: ( "ignore-count" )
+Flags2: ( )
+Respawn priority: 0
+Group: 0
+Score: 12

$Name: Serapis 2		;! Object #12
$Display Name: XSTR("Serapis 2", 5540)
$Class: GVF Serapis
$Team: Friendly
$Location: 2151.580566, 641.683899, 6239.274902
$Orientation:
	-0.670327, 0.000000, 0.742065,
	-0.166896, 0.974380, -0.150761,
	-0.723054, -0.224907, -0.653154
$AI Behavior: None
$Cargo 1:  XSTR("Nothing", 13)
+Initial Velocity: 33
+Initial Hull: 100
+Subsystem: Pilot
$Arrival Location: Hyperspace
$Arrival Cue: ( false ) 
$Departure Location: Hyperspace
$Departure Cue: ( false ) 
$Determination: 10
+Flags: ( "ignore-count" )
+Flags2: ( )
+Respawn priority: 0
+Group: 0
+Score: 12

$Name: Serapis 3		;! Object #13
$Display Name: XSTR("Serapis 3", 5541)
$Class: GVF Serapis
$Team: Friendly
$Location: 2129.605957, 644.293335, 6273.231934
$Orientation:
	-0.680891, 0.000000, 0.732385,
	-0.164975, 0.974299, -0.153375,
	-0.713562, -0.225257, -0.663392
$AI Behavior: None
$Cargo 1:  XSTR("Nothing", 13)
+Initial Velocity: 33
+Initial Hull: 100
+Subsystem: Pilot
$Arrival Location: Hyperspace
$Arrival Cue: ( false ) 
$Departure Location: Hyperspace
$Departure Cue: ( false ) 
$Determination: 10
+Flags: ( "ignore-count" )
+Flags2: ( )
+Respawn priority: 0
+Group: 0
+Score: 12

$Name: Serapis 4		;! Object #14
$Display Name: XSTR("Serapis 4", 5542)
$Class: GVF Serapis
$Team: Friendly
$Location: 2100.100098, 646.599976, 6309.399902
$Orientation:
	-0.693023, 0.000000, 0.720916,
	-0.162754, 0.974183, -0.156457,
	-0.702304, -0.225760, -0.675131
$AI Behavior: None
$Cargo 1:  XSTR("Nothing", 13)
+Initial Velocity: 33
+Initial Hull: 100
+Subsystem: Pilot
$Arrival Location: Hyperspace
$Arrival Cue: ( false ) 
$Departure Location: Hyperspace
$Departure Cue: ( false ) 
$Determination: 10
+Flags: ( "ignore-count" )
+Flags2: ( )
+Respawn priority: 0
+Group: 0
+Score: 12

$Name: Tauret 1		;! Object #15
$Display Name: XSTR("Tauret 1", 5543)
$Class: GVF Tauret
$Team: Friendly
$Location: 2422.255859, 734.976624, 6301.248535
$Orientation:
	-0.636432, 0.000000, 0.771333,
	-0.182085, 0.971737, -0.150240,
	-0.749533, -0.236066, -0.618445
$AI Behavior: None
$Cargo 1:  XSTR("Nothing", 13)
+Initial Velocity: 33
+Initial Hull: 100
+Subsystem: Pilot
$Arrival Location: Hyperspace
$Arrival Cue: ( false ) 
$Departure Location: Hyperspace
$Departure Cue: ( false ) 
$Determination: 10
+Flags: ( "ignore-count" )
+Flags2: ( )
+Respawn priority: 0
+Group: 0
+Score: 10

$Name: Tauret 2		;! Object #16
$Display Name: XSTR("Tauret 2", 5544)
$Class: GVF Tauret
$Team: Friendly
$Location: 2397.318359, 737.135071, 6333.475098
$Orientation:
	-0.646753, 0.000000, 0.762700,
	-0.180459, 0.971606, -0.153026,
	-0.741043, -0.236606, -0.628389
$AI Behavior: None
$Cargo 1:  XSTR("Nothing", 13)
+Initial Velocity: 33
+Initial Hull: 100
+Subsystem: Pilot
$Arrival Location: Hyperspace
$Arrival Cue: ( false ) 
$Departure Location: Hyperspace
$Departure Cue: ( false ) 
$Determination: 10
+Flags: ( "ignore-count" )
+Flags2: ( )
+Respawn priority: 0
+Group: 0
+Score: 10

$Name: Tauret 3		;! Object #17
$Display Name: XSTR("Tauret 3", 5545)
$Class: GVF Tauret
$Team: Friendly
$Location: 2382.324219, 741.008240, 6373.061035
$Orientation:
	-0.656700, 0.000000, 0.754152,
	-0.178519, 0.971579, -0.155450,
	-0.732718, -0.236714, -0.638036
$AI Behavior: None
$Cargo 1:  XSTR("Nothing", 13)
+Initial Velocity: 33
+Initial Hull: 100
+Subsystem: Pilot
$Arrival Location: Hyperspace
$Arrival Cue: ( false ) 
$Departure Location: Hyperspace
$Departure Cue: ( false ) 
$Determination: 10
+Flags: ( "ignore-count" )
+Flags2: ( )
+Respawn priority: 0
+Group: 0
+Score: 10

$Name: Tauret 4		;! Object #18
$Display Name: XSTR("Tauret 4", 5546)
$Class: GVF Tauret
$Team: Friendly
$Location: 2355.068359, 746.374451, 6431.885254
$Orientation:
	-0.671908, 0.000000, 0.740634,
	-0.175498, 0.971520, -0.159213,
	-0.719541, -0.236957, -0.652773
$AI Behavior: None
$Cargo 1:  XSTR("Nothing", 13)
+Initial Velocity: 33
+Initial Hull: 100
+Subsystem: Pilot
$Arrival Location: Hyperspace
$Arrival Cue: ( false ) 
$Departure Location: Hyperspace
$Departure Cue: ( false ) 
$Determination: 10
+Flags: ( "ignore-count" )
+Flags2: ( )
+Respawn priority: 0
+Group: 0
+Score: 10

$Name: Deimos		;! Object #19
$Display Name: XSTR("Deimos", 5547)
$Class: GTCv Deimos
$Team: Friendly
$Location: -2599.490967, -0.000526, 21790.238281
$Orientation:
	1.000000, 0.000000, 0.000000,
	0.000000, 1.000000, 0.000000,
	0.000000, 0.000000, 1.000000
$AI Behavior: None
$Cargo 1:  XSTR("Nothing", 13)
+Initial Velocity: 33
+Initial Hull: 100
+Initial Shields: 100
+Subsystem: Pilot
+Subsystem: turret01
+Subsystem: turret02
+Subsystem: turret03
+Subsystem: turret04
+Subsystem: turret05
+Subsystem: turret06
+Subsystem: turret07
+Subsystem: turret08
+Subsystem: turret09
+Subsystem: turret10
+Subsystem: turret11
+Subsystem: turret12
+Subsystem: turret13
+Subsystem: turret14
+Subsystem: turret15
+Subsystem: turret16
+Subsystem: turret17
+Subsystem: turret18
+Subsystem: turret19
+Subsystem: turret20
+Subsystem: turret21
+Subsystem: turret22
+Subsystem: turret23
+Subsystem: turret24
+Subsystem: turret25
+Subsystem: turret26
$Arrival Location: Hyperspace
$Arrival Cue: ( true ) 
$Departure Location: Hyperspace
$Departure Cue: ( false ) 
$Determination: 10
+Flags: ( "ignore-count" "no-shields" )
+Flags2: ( )
+Respawn priority: 0
+Orders Accepted: 1		;! note that this is a bitfield!!!
+Group: 0
+Score: 800

$Name: Elysium		;! Object #20
$Display Name: XSTR("Elysium", 5548)
$Class: GTT Elysium
$Team: Friendly
$Location: -2276.376465, 82.713539, 21779.742188
$Orientation:
	0.390854, 0.000895, 0.920454,
	-0.064350, 0.997581, 0.026355,
	-0.918202, -0.069532, 0.389965
$AI Behavior: None
$AI Goals: ( goals ( ai-dock "Deimos" "topside docking" "Right Dock" 89 ) )
$Cargo 1:  XSTR("Nothing", 13)
+Initial Velocity: 33
+Initial Hull: 100
+Initial Shields: 100
+Subsystem: Pilot
+Subsystem: turret01
$Arrival Location: Hyperspace
$Arrival Cue: ( true ) 
$Departure Location: Hyperspace
$Departure Cue: ( false ) 
$Determination: 10
+Flags: ( "ignore-count" "no-shields" )
+Flags2: ( )
+Respawn priority: 0
+Orders Accepted: 257		;! note that this is a bitfield!!!
+Group: 0
+Score: 10

$Name: Loki 1		;! Object #21
$Display Name: XSTR("Loki 1", 5549)
$Class: GTF Loki
$Team: Friendly
$Location: -2175.105225, -106.300011, 22287.779297
$Orientation:
	-0.760825, 0.000000, 0.648958,
	0.104121, 0.987045, 0.122070,
	-0.640550, 0.160444, -0.750968
$AI Behavior: None
$Cargo 1:  XSTR("Nothing", 13)
+Initial Velocity: 33
+Initial Hull: 100
+Subsystem: Pilot
$Arrival Location: Hyperspace
$Arrival Cue: ( false ) 
$Departure Location: Hyperspace
$Departure Cue: ( false ) 
$Determination: 10
+Flags: ( "ignore-count" )
+Flags2: ( )
+Respawn priority: 0
+Group: 0
+Score: 7

$Name: Loki 2		;! Object #22
$Display Name: XSTR("Loki 2", 5550)
$Class: GTF Loki
$Team: Friendly
$Location: -2148.600098, -106.300003, 22292.199219
$Orientation:
	-0.743938, 0.000000, 0.668249,
	0.103995, 0.987817, 0.115774,
	-0.660107, 0.155623, -0.734874
$AI Behavior: None
$Cargo 1:  XSTR("Nothing", 13)
+Initial Velocity: 33
+Initial Hull: 100
+Subsystem: Pilot
$Arrival Location: Hyperspace
$Arrival Cue: ( false ) 
$Departure Location: Hyperspace
$Departure Cue: ( false ) 
$Determination: 10
+Flags: ( "ignore-count" )
+Flags2: ( )
+Respawn priority: 0
+Group: 0
+Score: 7

$Name: Loki 3		;! Object #23
$Display Name: XSTR("Loki 3", 5551)
$Class: GTF Loki
$Team: Friendly
$Location: -2166.224854, -106.300003, 22336.015625
$Orientation:
	-0.783212, 0.000000, 0.621754,
	0.093760, 0.988564, 0.118108,
	-0.614644, 0.150800, -0.774256
$AI Behavior: None
$Cargo 1:  XSTR("Nothing", 13)
+Initial Velocity: 33
+Initial Hull: 100
+Subsystem: Pilot
$Arrival Location: Hyperspace
$Arrival Cue: ( false ) 
$Departure Location: Hyperspace
$Departure Cue: ( false ) 
$Determination: 10
+Flags: ( "ignore-count" )
+Flags2: ( )
+Respawn priority: 0
+Group: 0
+Score: 7

$Name: Loki 4		;! Object #24
$Display Name: XSTR("Loki 4", 5552)
$Class: GTF Loki
$Team: Friendly
$Location: -2133.020996, -106.299973, 22347.214844
$Orientation:
	-0.766647, 0.000000, 0.642069,
	0.092955, 0.989465, 0.110990,
	-0.635305, 0.144774, -0.758570
$AI Behavior: None
$Cargo 1:  XSTR("Nothing", 13)
+Initial Velocity: 33
+Initial Hull: 100
+Subsystem: Pilot
$Arrival Location: Hyperspace
$Arrival Cue: ( false ) 
$Departure Location: Hyperspace
$Departure Cue: ( false ) 
$Determination: 10
+Flags: ( "ignore-count" )
+Flags2: ( )
+Respawn priority: 0
+Group: 0
+Score: 7

$Name: Vidar		;! Object #25
$Display Name: XSTR("Vidar", 5553)
$Class: GTE Vidar
$Team: Friendly
$Location: -130254.281250, -0.000151, -113086.828125
$Orientation:
	1.000000, 0.000000, 0.000000,
	0.000000, 1.000000, 0.000000,
	0.000000, 0.000000, 1.000000
$AI Behavior: None
$Cargo 1:  XSTR("Nothing", 13)
+Initial Velocity: 33
+Initial Hull: 100
+Initial Shields: 100
+Subsystem: Pilot
+Subsystem: turret01
+Subsystem: turret02
+Subsystem: turret03
+Subsystem: turret04
+Subsystem: turret05
+Subsystem: turret06
+Subsystem: turret07
+Subsystem: turret08
+Subsystem: turret09
+Subsystem: turret10
+Subsystem: turret11
+Subsystem: turret12
+Subsystem: turret13
+Subsystem: turret14
+Subsystem: turret15
$Arrival Location: Hyperspace
$Arrival Cue: ( true ) 
$Departure Location: Hyperspace
$Departure Cue: ( false ) 
$Determination: 10
+Flags: ( "ignore-count" "no-shields" )
+Flags2: ( )
+Respawn priority: 0
+Orders Accepted: 1		;! note that this is a bitfield!!!
+Group: 0
+Score: 800

$Name: Faustus		;! Object #26
$Display Name: XSTR("Faustus", 5554)
$Class: GTSC Faustus
$Team: Friendly
$Location: -130759.109375, 0.000197, -113628.328125
$Orientation:
	1.000000, 0.000000, 0.000000,
	0.000000, 1.000000, 0.000000,
	0.000000, 0.000000, 1.000000
$AI Behavior: None
$Cargo 1:  XSTR("Nothing", 13)
+Initial Velocity: 33
+Initial Hull: 100
+Initial Shields: 100
+Subsystem: Pilot
+Subsystem: turret01
+Subsystem: turret02
+Subsystem: turret03
+Subsystem: turret04
+Subsystem: turret05
+Subsystem: turret06
$Arrival Location: Hyperspace
$Arrival Cue: ( true ) 
$Departure Location: Hyperspace
$Departure Cue: ( false ) 
$Determination: 10
+Flags: ( "ignore-count" "no-shields" )
+Flags2: ( )
+Respawn priority: 0
+Orders Accepted: 1		;! note that this is a bitfield!!!
+Group: 0
+Score: 50

$Name: Herc II 1		;! Object #27
$Display Name: XSTR("Herc II 1", 5555)
$Class: GTF Hercules Mark II
$Team: Friendly
$Location: -129782.625000, 325.299988, -113824.835938
$Orientation:
	0.842618, 0.000000, 0.538512,
	-0.187494, 0.937431, 0.293376,
	-0.504818, -0.348172, 0.789896
$AI Behavior: None
$Cargo 1:  XSTR("Nothing", 13)
+Initial Velocity: 33
+Initial Hull: 100
+Subsystem: Pilot
$Arrival Location: Hyperspace
$Arrival Cue: ( false ) 
$Departure Location: Hyperspace
$Departure Cue: ( false ) 
$Determination: 10
+Flags: ( "ignore-count" )
+Flags2: ( )
+Respawn priority: 0
+Group: 0
+Score: 12

$Name: Herc II 2		;! Object #28
$Display Name: XSTR("Herc II 2", 5556)
$Class: GTF Hercules Mark II
$Team: Friendly
$Location: -130895.953125, 325.299988, -113972.656250
$Orientation:
	0.809851, 0.000000, -0.586636,
	0.167226, 0.958510, 0.230856,
	0.562296, -0.285060, 0.776250
$AI Behavior: None
$Cargo 1:  XSTR("Nothing", 13)
+Initial Velocity: 33
+Initial Hull: 100
+Subsystem: Pilot
$Arrival Location: Hyperspace
$Arrival Cue: ( false ) 
$Departure Location: Hyperspace
$Departure Cue: ( false ) 
$Determination: 10
+Flags: ( "ignore-count" )
+Flags2: ( )
+Respawn priority: 0
+Group: 0
+Score: 12

$Name: Herc II 3		;! Object #29
$Display Name: XSTR("Herc II 3", 5557)
$Class: GTF Hercules Mark II
$Team: Friendly
$Location: -130030.000000, 325.299988, -113459.398438
$Orientation:
	0.856742, 0.000000, 0.515745,
	-0.308929, 0.800752, 0.513185,
	-0.412984, -0.598996, 0.686038
$AI Behavior: None
$Cargo 1:  XSTR("Nothing", 13)
+Initial Velocity: 33
+Initial Hull: 100
+Subsystem: Pilot
$Arrival Location: Hyperspace
$Arrival Cue: ( false ) 
$Departure Location: Hyperspace
$Departure Cue: ( false ) 
$Determination: 10
+Flags: ( "ignore-count" )
+Flags2: ( )
+Respawn priority: 0
+Group: 0
+Score: 12

$Name: Arcadia		;! Object #30
$Display Name: XSTR("Arcadia", 5558)
$Class: GTI Arcadia
$Team: Friendly
$Location: -130932.695313, -218.661285, -110826.460938
$Orientation:
	-0.999999, 0.000000, -0.001593,
	0.000000, 1.000000, 0.000000,
	0.001593, 0.000000, -0.999999
$AI Behavior: None
$Cargo 1:  XSTR("Nothing", 13)
+Initial Velocity: 33
+Initial Hull: 100
+Initial Shields: 100
+Subsystem: Pilot
+Subsystem: turret01
+Subsystem: turret02
+Subsystem: turret03
+Subsystem: turret04
+Subsystem: turret05
+Subsystem: turret06
+Subsystem: turret07
+Subsystem: turret08
+Subsystem: turret09
+Subsystem: turret10
+Subsystem: turret11
+Subsystem: turret12
+Subsystem: turret13
+Subsystem: turret14
+Subsystem: turret15
+Subsystem: turret16
+Subsystem: turret17
+Subsystem: turret18
+Subsystem: turret19
+Subsystem: turret20
+Subsystem: turret21
+Subsystem: turret22
+Subsystem: turret23
+Subsystem: turret24
$Arrival Location: Hyperspace
$Arrival Cue: ( true ) 
$Departure Location: Hyperspace
$Departure Cue: ( false ) 
$Determination: 10
+Flags: ( "ignore-count" "no-shields" )
+Flags2: ( )
+Respawn priority: 0
+Orders Accepted: 0		;! note that this is a bitfield!!!
+Group: 0
+Score: 800

$Name: Knossos		;! Object #31
$Display Name: XSTR("Knossos", 5291)
$Class: Knossos
$Team: Friendly
$Location: 67162.000000, -0.003103, -220338.484375
$Orientation:
	1.000000, 0.000000, 0.000000,
	0.000000, 1.000000, 0.000000,
	0.000000, 0.000000, 1.000000
$AI Behavior: None
$Cargo 1:  XSTR("Nothing", 13)
+Initial Velocity: 33
+Initial Hull: 100
+Initial Shields: 100
+Subsystem: Pilot
$Arrival Location: Hyperspace
$Arrival Cue: ( true ) 
$Departure Location: Hyperspace
$Departure Cue: ( false ) 
$Determination: 10
+Flags: ( "ignore-count" "no-shields" )
+Flags2: ( )
+Respawn priority: 0
+Group: 0

$Name: Faustus2		;! Object #32
$Display Name: XSTR("Faustus2", 5559)
$Class: GTSC Faustus
$Team: Friendly
$Location: 66071.398438, 1463.240723, -217830.812500
$Orientation:
	-0.825060, -0.097541, -0.556565,
	-0.034978, 0.991917, -0.121986,
	0.563963, -0.081179, -0.821801
$AI Behavior: None
$Cargo 1:  XSTR("Nothing", 13)
+Initial Velocity: 33
+Initial Hull: 100
+Initial Shields: 100
+Subsystem: Pilot
+Subsystem: turret01
+Subsystem: turret02
+Subsystem: turret03
+Subsystem: turret04
+Subsystem: turret05
+Subsystem: turret06
$Arrival Location: Hyperspace
$Arrival Cue: ( true ) 
$Departure Location: Hyperspace
$Departure Cue: ( false ) 
$Determination: 10
+Flags: ( "ignore-count" "no-shields" )
+Flags2: ( )
+Respawn priority: 0
+Orders Accepted: 1		;! note that this is a bitfield!!!
+Group: 0
+Score: 50

$Name: Faustus3		;! Object #33
$Display Name: XSTR("Faustus3", 5560)
$Class: GTSC Faustus
$Team: Friendly
$Location: 68763.679688, 952.110596, -218477.921875
$Orientation:
	0.299197, 0.176294, 0.937767,
	0.066552, 0.976537, -0.204816,
	-0.951870, 0.123690, 0.280444
$AI Behavior: None
$Cargo 1:  XSTR("Nothing", 13)
+Initial Velocity: 33
+Initial Hull: 100
+Initial Shields: 100
+Subsystem: Pilot
+Subsystem: turret01
+Subsystem: turret02
+Subsystem: turret03
+Subsystem: turret04
+Subsystem: turret05
+Subsystem: turret06
$Arrival Location: Hyperspace
$Arrival Cue: ( true ) 
$Departure Location: Hyperspace
$Departure Cue: ( false ) 
$Determination: 10
+Flags: ( "ignore-count" "no-shields" )
+Flags2: ( )
+Respawn priority: 0
+Orders Accepted: 1		;! note that this is a bitfield!!!
+Group: 0
+Score: 50

$Name: war esc 1		;! Object #34
$Display Name: XSTR("war esc 1", 5561)
$Class: GTF Hercules Mark II
$Team: Friendly
$Location: -4546.352539, -0.000004, -3679.963623
$Orientation:
	1.000000, 0.000000, 0.000000,
	0.000000, 1.000000, 0.000000,
	0.000000, 0.000000, 1.000000
$AI Behavior: None
$Cargo 1:  XSTR("Nothing", 13)
+Initial Velocity: 33
+Initial Hull: 100
+Subsystem: Pilot
$Arrival Location: Hyperspace
$Arrival Cue: ( false ) 
$Departure Location: Hyperspace
$Departure Cue: ( false ) 
$Determination: 10
+Flags: ( "ignore-count" "no-arrival-warp" )
+Flags2: ( )
+Respawn priority: 0
+Group: 0
+Score: 12

$Name: war esc 2		;! Object #35
$Display Name: XSTR("war esc 2", 5562)
$Class: GTF Hercules Mark II
$Team: Friendly
$Location: -4745.081543, -0.000005, -3799.743896
$Orientation:
	1.000000, 0.000000, 0.000000,
	0.000000, 1.000000, 0.000000,
	0.000000, 0.000000, 1.000000
$AI Behavior: None
$Cargo 1:  XSTR("Nothing", 13)
+Initial Velocity: 33
+Initial Hull: 100
+Subsystem: Pilot
$Arrival Location: Hyperspace
$Arrival Cue: ( false ) 
$Departure Location: Hyperspace
$Departure Cue: ( false ) 
$Determination: 10
+Flags: ( "ignore-count" "no-arrival-warp" )
+Flags2: ( )
+Respawn priority: 0
+Group: 0
+Score: 12

$Name: war esc 3		;! Object #36
$Display Name: XSTR("war esc 3", 5563)
$Class: GTF Hercules Mark II
$Team: Friendly
$Location: -4472.172852, 0.000024, -3540.650635
$Orientation:
	1.000000, 0.000000, 0.000000,
	0.000000, 1.000000, 0.000000,
	0.000000, 0.000000, 1.000000
$AI Behavior: None
$Cargo 1:  XSTR("Nothing", 13)
+Initial Velocity: 33
+Initial Hull: 100
+Subsystem: Pilot
$Arrival Location: Hyperspace
$Arrival Cue: ( false ) 
$Departure Location: Hyperspace
$Departure Cue: ( false ) 
$Determination: 10
+Flags: ( "ignore-count" "no-arrival-warp" )
+Flags2: ( )
+Respawn priority: 0
+Group: 0
+Score: 12

$Name: GVD Hatshepsut 38		;! Object #37
$Display Name: XSTR("GVD Hatshepsut 38", 5564)
$Class: GVD Hatshepsut
$Team: Friendly
$Location: 5511.399902, 7011.200195, 2843.300049
$Orientation:
	0.999817, 0.000000, 0.019150,
	0.000725, 0.999284, -0.037839,
	-0.019136, 0.037846, 0.999100
$AI Behavior: None
$AI Goals: ( goals ( ai-waypoints-once "flt dest" 50 ) )
$Cargo 1:  XSTR("Nothing", 13)
+Initial Velocity: 33
+Initial Hull: 100
+Initial Shields: 100
+Subsystem: Pilot
+Subsystem: turret01
+Subsystem: turret02
+Subsystem: turret03
+Subsystem: turret04
+Subsystem: turret05
+Subsystem: turret06
+Subsystem: turret07
+Subsystem: turret08
+Subsystem: turret09
+Subsystem: turret10
+Subsystem: turret11
+Subsystem: turret12
+Subsystem: turret13
+Subsystem: turret14
+Subsystem: turret15
+Subsystem: turret16
+Subsystem: turret17
+Subsystem: turret18
+Subsystem: turret19
+Subsystem: turret20
+Subsystem: turret21
+Subsystem: turret22
+Subsystem: turret23
+Subsystem: turret24
+Subsystem: turret25
+Subsystem: turret26
+Subsystem: turret27
+Subsystem: turret28
+Subsystem: turret29
+Subsystem: turret30
$Arrival Location: Hyperspace
$Arrival Cue: ( is-event-true-delay "change9" 20 ) 
$Departure Location: Hyperspace
$Departure Cue: ( false ) 
$Determination: 10
+Flags: ( "ignore-count" "no-shields" "no-arrival-warp" )
+Flags2: ( )
+Respawn priority: 0
+Orders Accepted: 0		;! note that this is a bitfield!!!
+Group: 0
+Score: 1400

$Name: GVC Mentu 39		;! Object #38
$Display Name: XSTR("GVC Mentu 39", 5565)
$Class: GVC Mentu
$Team: Friendly
$Location: 6227.994141, 7419.188965, 3604.871338
$Orientation:
	0.999134, 0.000000, 0.041614,
	0.001090, 0.999657, -0.026161,
	-0.041599, 0.026184, 0.998791
$AI Behavior: None
$AI Goals: ( goals ( ai-waypoints-once "flt dest" 50 ) )
$Cargo 1:  XSTR("Nothing", 13)
+Initial Velocity: 33
+Initial Hull: 100
+Initial Shields: 100
+Subsystem: Pilot
+Subsystem: turret01
+Subsystem: turret02
+Subsystem: turret03
+Subsystem: turret04
+Subsystem: turret05
+Subsystem: turret06
+Subsystem: turret07
+Subsystem: turret08
+Subsystem: turret09
+Subsystem: turret10
+Subsystem: turret11
+Subsystem: turret12
+Subsystem: turret13
+Subsystem: turret14
+Subsystem: turret15
+Subsystem: turret16
$Arrival Location: Hyperspace
$Arrival Cue: ( is-event-true-delay "change9" 20 ) 
$Departure Location: Hyperspace
$Departure Cue: ( false ) 
$Determination: 10
+Flags: ( "ignore-count" "no-shields" "no-arrival-warp" )
+Flags2: ( )
+Respawn priority: 0
+Orders Accepted: 1		;! note that this is a bitfield!!!
+Group: 0
+Score: 100

$Name: GVC Mentu 40		;! Object #39
$Display Name: XSTR("GVC Mentu 40", 5566)
$Class: GVC Mentu
$Team: Friendly
$Location: 4674.201172, 6748.097168, 3208.981689
$Orientation:
	0.999982, 0.000000, -0.006081,
	-0.000281, 0.998930, -0.046248,
	0.006075, 0.046248, 0.998911
$AI Behavior: None
$AI Goals: ( goals ( ai-waypoints-once "flt dest" 50 ) )
$Cargo 1:  XSTR("Nothing", 13)
+Initial Velocity: 33
+Initial Hull: 100
+Initial Shields: 100
+Subsystem: Pilot
+Subsystem: turret01
+Subsystem: turret02
+Subsystem: turret03
+Subsystem: turret04
+Subsystem: turret05
+Subsystem: turret06
+Subsystem: turret07
+Subsystem: turret08
+Subsystem: turret09
+Subsystem: turret10
+Subsystem: turret11
+Subsystem: turret12
+Subsystem: turret13
+Subsystem: turret14
+Subsystem: turret15
+Subsystem: turret16
$Arrival Location: Hyperspace
$Arrival Cue: ( is-event-true-delay "change9" 20 ) 
$Departure Location: Hyperspace
$Departure Cue: ( false ) 
$Determination: 10
+Flags: ( "ignore-count" "no-shields" "no-arrival-warp" )
+Flags2: ( )
+Respawn priority: 0
+Orders Accepted: 1		;! note that this is a bitfield!!!
+Group: 0
+Score: 100

$Name: GVCv Sobek 41		;! Object #40
$Display Name: XSTR("GVCv Sobek 41", 5567)
$Class: GVCv Sobek
$Team: Friendly
$Location: 4939.455078, 7433.927246, 1292.810791
$Orientation:
	0.999998, 0.000000, 0.001872,
	0.000045, 0.999711, -0.024044,
	-0.001872, 0.024044, 0.999709
$AI Behavior: None
$AI Goals: ( goals ( ai-waypoints-once "flt dest" 50 ) )
$Cargo 1:  XSTR("Nothing", 13)
+Initial Velocity: 33
+Initial Hull: 100
+Initial Shields: 100
+Subsystem: Pilot
+Subsystem: turret01
+Subsystem: turret02
+Subsystem: turret03
+Subsystem: turret04
+Subsystem: turret05
+Subsystem: turret06
+Subsystem: turret07
+Subsystem: turret08
+Subsystem: turret09
+Subsystem: turret10
+Subsystem: turret11
+Subsystem: turret12
+Subsystem: turret13
+Subsystem: turret14
+Subsystem: turret15
+Subsystem: turret16
+Subsystem: turret17
+Subsystem: turret18
+Subsystem: turret19
+Subsystem: turret20
+Subsystem: turret21
+Subsystem: turret22
$Arrival Location: Hyperspace
$Arrival Cue: ( is-event-true-delay "change9" 20 ) 
$Departure Location: Hyperspace
$Departure Cue: ( false ) 
$Determination: 10
+Flags: ( "ignore-count" "no-shields" "no-arrival-warp" )
+Flags2: ( )
+Respawn priority: 0
+Orders Accepted: 1		;! note that this is a bitfield!!!
+Group: 0
+Score: 400

$Name: fltes 1		;! Object #41
$Display Name: XSTR("fltes 1", 5568)
$Class: GVF Seth
$Team: Friendly
$Location: 6130.205078, 7011.200684, 2367.592041
$Orientation:
	0.999308, 0.000000, 0.037198,
	0.001387, 0.999304, -0.037269,
	-0.037172, 0.037294, 0.998613
$AI Behavior: None
$Cargo 1:  XSTR("Nothing", 13)
+Initial Velocity: 33
+Initial Hull: 100
+Subsystem: Pilot
$Arrival Location: Hyperspace
$Arrival Cue: ( false ) 
$Departure Location: Hyperspace
$Departure Cue: ( false ) 
$Determination: 10
+Flags: ( "ignore-count" "no-arrival-warp" )
+Flags2: ( )
+Respawn priority: 0
+Group: 0
+Score: 12

$Name: fltes 2		;! Object #42
$Display Name: XSTR("fltes 2", 5569)
$Class: GVF Seth
$Team: Friendly
$Location: 6146.576172, 7011.200684, 2504.451416
$Orientation:
	0.999284, 0.000000, 0.037836,
	0.001417, 0.999299, -0.037418,
	-0.037809, 0.037445, 0.998583
$AI Behavior: None
$Cargo 1:  XSTR("Nothing", 13)
+Initial Velocity: 33
+Initial Hull: 100
+Subsystem: Pilot
$Arrival Location: Hyperspace
$Arrival Cue: ( false ) 
$Departure Location: Hyperspace
$Departure Cue: ( false ) 
$Determination: 10
+Flags: ( "ignore-count" "no-arrival-warp" )
+Flags2: ( )
+Respawn priority: 0
+Group: 0
+Score: 12

$Name: fltes 3		;! Object #43
$Display Name: XSTR("fltes 3", 5570)
$Class: GVF Seth
$Team: Friendly
$Location: 6172.603516, 7011.200684, 2592.717041
$Orientation:
	0.999250, 0.000000, 0.038710,
	0.001453, 0.999295, -0.037514,
	-0.038683, 0.037542, 0.998546
$AI Behavior: None
$Cargo 1:  XSTR("Nothing", 13)
+Initial Velocity: 33
+Initial Hull: 100
+Subsystem: Pilot
$Arrival Location: Hyperspace
$Arrival Cue: ( false ) 
$Departure Location: Hyperspace
$Departure Cue: ( false ) 
$Determination: 10
+Flags: ( "ignore-count" "no-arrival-warp" )
+Flags2: ( )
+Respawn priority: 0
+Group: 0
+Score: 12

$Name: Knossos 45		;! Object #44
$Display Name: XSTR("Knossos 45", 5571)
$Class: Knossos
$Team: Friendly
$Location: 5504.375000, 8320.081055, 34108.496094
$Orientation:
	1.000000, 0.000000, 0.000000,
	0.000000, 1.000000, 0.000000,
	0.000000, 0.000000, 1.000000
$AI Behavior: None
$Cargo 1:  XSTR("Nothing", 13)
+Initial Velocity: 33
+Initial Hull: 100
+Initial Shields: 100
+Subsystem: Pilot
$Arrival Location: Hyperspace
$Arrival Cue: ( true ) 
$Departure Location: Hyperspace
$Departure Cue: ( false ) 
$Determination: 10
+Flags: ( "ignore-count" "no-shields" )
+Flags2: ( )
+Respawn priority: 0
+Group: 0

#Wings		;! 9 total

$Name: Alpha
$Waves: 1
$Wave Threshold: 0
$Special Ship: 0		;! Alpha 1

$Arrival Location: Hyperspace
$Arrival Cue: ( true ) 
$Departure Location: Hyperspace
$Departure Cue: ( false ) 
$Ships: (		;! 1 total
	"Alpha 1"
)
$AI Goals: ( goals ( ai-play-dead 89 ) )
+Hotkey: 0
+Flags:( )

$Name: Perseus
$Waves: 1
$Wave Threshold: 0
$Special Ship: 0		;! Perseus 1

$Arrival Location: Hyperspace
$Arrival Cue: ( true ) 
$Departure Location: Hyperspace
$Departure Cue: ( false ) 
$Ships: (		;! 4 total
	"Perseus 1"
	"Perseus 2"
	"Perseus 3"
	"Perseus 4"
)
+Flags:( )

$Name: Erinyes
$Waves: 1
$Wave Threshold: 0
$Special Ship: 0		;! Erinyes 1

$Arrival Location: Hyperspace
$Arrival Cue: ( true ) 
$Departure Location: Hyperspace
$Departure Cue: ( false ) 
$Ships: (		;! 4 total
	"Erinyes 1"
	"Erinyes 2"
	"Erinyes 3"
	"Erinyes 4"
)
+Flags:( )

$Name: Serapis
$Waves: 1
$Wave Threshold: 0
$Special Ship: 0		;! Serapis 1

$Arrival Location: Hyperspace
$Arrival Cue: ( true ) 
$Departure Location: Hyperspace
$Departure Cue: ( false ) 
$Ships: (		;! 4 total
	"Serapis 1"
	"Serapis 2"
	"Serapis 3"
	"Serapis 4"
)
+Flags:( )

$Name: Tauret
$Waves: 1
$Wave Threshold: 0
$Special Ship: 0		;! Tauret 1

$Arrival Location: Hyperspace
$Arrival Cue: ( true ) 
$Departure Location: Hyperspace
$Departure Cue: ( false ) 
$Ships: (		;! 4 total
	"Tauret 1"
	"Tauret 2"
	"Tauret 3"
	"Tauret 4"
)
+Flags:( )

$Name: Loki
$Waves: 1
$Wave Threshold: 0
$Special Ship: 0		;! Loki 1

$Arrival Location: Hyperspace
$Arrival Cue: ( true ) 
$Departure Location: Hyperspace
$Departure Cue: ( false ) 
$Ships: (		;! 4 total
	"Loki 1"
	"Loki 2"
	"Loki 3"
	"Loki 4"
)
$AI Goals: ( goals ( ai-guard "Deimos" 50 ) )
+Flags:( )

$Name: Herc II
$Waves: 1
$Wave Threshold: 0
$Special Ship: 0		;! Herc II 1

$Arrival Location: Hyperspace
$Arrival Cue: ( true ) 
$Departure Location: Hyperspace
$Departure Cue: ( false ) 
$Ships: (		;! 3 total
	"Herc II 1"
	"Herc II 2"
	"Herc II 3"
)
$AI Goals: ( goals ( ai-guard "Vidar" 50 ) )
+Flags:( )
+Wave Delay Min: 3
+Wave Delay Max: 5

$Name: war esc
$Waves: 1
$Wave Threshold: 0
$Special Ship: 0		;! war esc 1

$Arrival Location: Hyperspace
$Arrival Cue: ( is-event-true-delay "change9" 0 ) 
$Departure Location: Hyperspace
$Departure Cue: ( false ) 
$Ships: (		;! 3 total
	"war esc 1"
	"war esc 2"
	"war esc 3"
)
$AI Goals: ( goals ( ai-guard "Warlock" 50 ) )
+Flags:( "no-arrival-warp" )

$Name: fltes
$Waves: 1
$Wave Threshold: 0
$Special Ship: 0		;! fltes 1

$Arrival Location: Hyperspace
$Arrival Cue: ( has-arrived-delay 
   0 
   "GVD Hatshepsut 38" 
)
$Departure Location: Hyperspace
$Departure Cue: ( false ) 
$Ships: (		;! 3 total
	"fltes 1"
	"fltes 2"
	"fltes 3"
)
$AI Goals: ( goals ( ai-waypoints-once "fleet view" 89 ) ( ai-guard "Arcadia" 50 ) )
+Flags:( "no-arrival-warp" )

#Events		;! 50 total

$Formula: ( when 
   ( true ) 
   ( set-cutscene-bars ) 
   ( set-camera-position 75 6 390 ) 
   ( set-camera-position 75 6 400 ) 
   ( lock-perspective ( true ) ) 
   ( lock-primary-weapon "Alpha 1" ) 
   ( lock-secondary-weapon "Alpha 1" ) 
   ( never-warp "Alpha 1" ) 
)
+Name: true
+Repeat Count: 1
+Interval: 1
+Team: 0

$Formula: ( when 
   ( has-time-elapsed 2 ) 
   ( show-subtitle-text 
      "AutoGeneratedMessage1" 
      49 
      65 
      ( false ) 
      ( false ) 
      3000 
      100 
   )
   ( show-subtitle-text 
      "AutoGeneratedMessage2" 
      49 
      66 
      ( false ) 
      ( false ) 
      3000 
      100 
   )
   ( play-sound-from-file "Cinema2" ) 
   ( reset-time-compression ) 
)
+Name: msg1
+Repeat Count: 1
+Interval: 1
+Team: 0

$Formula: ( when 
   ( true ) 
   ( show-subtitle-text 
      "AutoGeneratedMessage3" 
      49 
      65 
      ( false ) 
      ( false ) 
      3000 
      1000 
      500 
   )
   ( show-subtitle-text 
      "AutoGeneratedMessage4" 
      49 
      68 
      ( false ) 
      ( false ) 
      3000 
      1500 
      500 
   )
   ( show-subtitle-text 
      "AutoGeneratedMessage5" 
      49 
      69 
      ( false ) 
      ( false ) 
      3000 
      1800 
      500 
   )
)
+Name: msg2
+Repeat Count: 1
+Interval: 1
+Chained: 6
+Team: 0

$Formula: ( when 
   ( true ) 
   ( show-subtitle-text 
      "AutoGeneratedMessage6" 
      49 
      65 
      ( false ) 
      ( false ) 
      3000 
      1000 
      500 
   )
   ( show-subtitle-text 
      "AutoGeneratedMessage7" 
      49 
      68 
      ( false ) 
      ( false ) 
      3000 
      1500 
      500 
   )
)
+Name: msg3
+Repeat Count: 1
+Interval: 1
+Chained: 6
+Team: 0

$Formula: ( when 
   ( true ) 
   ( show-subtitle-text 
      "AutoGeneratedMessage8" 
      49 
      65 
      ( false ) 
      ( false ) 
      3000 
      1000 
      500 
   )
   ( show-subtitle-text 
      "AutoGeneratedMessage9" 
      49 
      68 
      ( false ) 
