#Mission Info

$Version: 0.10
$Name:  XSTR("Myths and Legends", 5281)
$Author: Colin Czerneda
$Created: 04/14/00 at 03:18:39
$Modified: 11/11/09 at 16:57:35
$Notes:
This is a FRED created mission
$End Notes:

$Mission Desc:
 XSTR("The 92nd is ordered to locate and destroy a Shivan supply depot, only it's not a supply depot at all.
", 5282)
$end_multi_text

+Game Type Flags: 1

+Flags: 4
+NebAwacs: 4500.000000

+Storm: s_standard

$Contrail Speed Threshold: 1


+Disallow Support: 0

+Hull Repair Ceiling: 0.000000

+Subsystem Repair Ceiling: 100.000000

+Player Entry Delay:
1.000000

+Viewer pos: -5837.336914, 9086.973633, 9684.765625
+Viewer orient:
	-0.004059, 0.000001, -0.999992,
	0.844171, 0.536063, -0.003426,
	0.536059, -0.844178, -0.002177
+SquadReassignName: 92nd
+SquadReassignLogo: stars92c.pcx


$AI Profile: FS2 RETAIL

#Sexp_variables

$Variables:
(
		0		"autoGenVar1"		"#Command"		"string"
)

#Command Briefing

#Briefing
$start_briefing
$num_stages: 2
$start_stage
$multi_text
 XSTR("Intelligence has determined that there is a Shivan resupply depot in the nebula.  The 92nd Lonestars have been selected to lead a recon-in-force mission to eliminate cargo and defenses at the depot.", 5283)
$end_multi_text
$voice: E2M3_b1.ogg
$camera_pos: -9340.900391, 14300.848633, 6819.092773
$camera_orient:
	-0.004059, 0.000001, -0.999992,
	0.844171, 0.536063, -0.003426,
	0.536059, -0.844178, -0.002177
$camera_time: 1000
$num_lines: 0
$num_icons: 3
$Flags: 0
$Formula: ( true ) 
$start_icon
$type: 3
$team: Neutral
$class: SAC 3
$pos: -2084.143311, 990.613403, 7890.560547
$label: XSTR("Cargo Depot", 4916)
+id: 3
$hlight: 1
$mirror: 0
$multi_text
$end_multi_text
$end_icon
$start_icon
$type: 32
$team: Neutral
$class: SSG Belial
$pos: 389.622925, 1253.648438, 5854.564941
$label: XSTR("Sentry", 5284)
+id: 4
$hlight: 0
$mirror: 0
$multi_text
$end_multi_text
$end_icon
$start_icon
$type: 32
$team: Neutral
$class: SSG Belial
$pos: -3161.317383, 1253.647583, 10426.397461
$label: XSTR("Sentry", 5284)
+id: 5
$hlight: 0
$mirror: 0
$multi_text
$end_multi_text
$end_icon
$end_stage
$start_stage
$multi_text
 XSTR("Alpha wing, you will deploy to a location near to the cargo depot.  Eliminate cargo, transports, and sentry guns.  You are to eliminate all targets of opportunity and do as much damage as possible.  Delta wing will be standing by in case of emergency.  Do this one by the numbers, people.  Good luck.", 5285)
$end_multi_text
$voice: E2M3_b2.ogg
$camera_pos: -5837.336914, 9086.973633, 9684.765625
$camera_orient:
	-0.004059, 0.000001, -0.999992,
	0.844171, 0.536063, -0.003426,
	0.536059, -0.844178, -0.002177
$camera_time: 4000
$num_lines: 0
$num_icons: 4
$Flags: 0
$Formula: ( true ) 
$start_icon
$type: 3
$team: Neutral
$class: SAC 3
$pos: -2084.143311, 990.613403, 7890.560547
$label: XSTR("Cargo Depot", 4916)
+id: 3
$hlight: 0
$mirror: 0
$multi_text
$end_multi_text
$end_icon
$start_icon
$type: 32
$team: Neutral
$class: SSG Belial
$pos: 389.622925, 1253.648438, 5854.564941
$label: XSTR("Sentry", 5284)
+id: 4
$hlight: 0
$mirror: 0
$multi_text
$end_multi_text
$end_icon
$start_icon
$type: 32
$team: Neutral
$class: SSG Belial
$pos: -3161.317383, 1253.647583, 10426.397461
$label: XSTR("Sentry", 5284)
+id: 5
$hlight: 0
$mirror: 0
$multi_text
$end_multi_text
$end_icon
$start_icon
$type: 1
$team: Friendly
$class: GTF Perseus
$pos: 964.935913, 1754.280640, 12786.348633
$label: XSTR("Alpha", 4670)
+id: 6
$hlight: 1
$mirror: 0
$multi_text
$end_multi_text
$end_icon
$end_stage
$end_briefing

#Debriefing_info

$Num stages: 4

$Formula: ( is-goal-true-delay "Recov Cargo" 0 ) 
$Multi text
    XSTR("Excellent work recovering the cargo.

Intelligence has confirmed that the cargo depot is of Terran origin and is several years old.  This indicates to us that Terrans have previously explored this area of space although no official records exist.  Command has asked me to remind you that this mission has been classified level Phi.", 5286)
$end_multi_text
$Voice: E2M3_db1.ogg
$Recommendation text:
    XSTR("", 3307)
$end_multi_text

$Formula: ( is-goal-true-delay 
   "Eliminate Cruiser" 
   0 
)
$Multi text
    XSTR("Although no Shivan cargo depot was sighted you did eliminate the Shivan Rakshasa cruiser Kameth with little support.

Command has specifically asked for you and a few others to be transferred to the GVD Tatenen as part of the officer exchange program.  Good luck in your new assignment.", 5287)
$end_multi_text
$Voice: E2M3_db2.ogg
$Recommendation text:
    XSTR("", 3307)
$end_multi_text

$Formula: ( and 
   ( is-event-false-delay "rtb" 0 ) 
   ( is-event-false-delay "RTB Failed" 0 ) 
)
$Multi text
    XSTR("You have been declared AWOL, pilot!  Jumping out before you are ordered to do so is grounds for immediate imprisonment.
", 5288)
$end_multi_text
$Voice: E2M1_db3.ogg
$Recommendation text:
    XSTR("Do not depart until you are ordered to do so.", 4678)
$end_multi_text

$Formula: ( is-goal-false-delay "Recov Cargo" 0 ) 
$Multi text
    XSTR("The cargo was not retrieved and we have no information on why the cargo depot was there or just what the contents of the cargo were.

This is disappointing performance from a pilot of your calibre.", 5289)
$end_multi_text
$Voice: E2M3_db3.ogg
$Recommendation text:
    XSTR("Protect the freighters and destroy the Shivan fighters as quickly as possible.", 5290)
$end_multi_text

#Alternate Types:
$Alt: GTFr Chronos

#end


#Callsigns:
$Callsign: XSTR("Lt. Com. Niven", 5291)

#end


#Players		;! 1 total

$Starting Shipname: Alpha 1
$Ship Choices: (
	"GTF Hercules Mark II"	4
	"GTF Loki"	4
	"GTF Myrmidon"	4
)

+Weaponry Pool: (
	"Subach HL-7"	20
	"Akheton SDG"	16
	"Morning Star"	16
	"Prometheus S"	20
	"Maxim"	16
	"Rockeye"	500
	"Tempest"	500
	"Hornet"	500
	"Tornado"	628
	"Harpoon"	164
	"Harpoon D"	500
	"Trebuchet"	500
	"Stiletto II"	500
)

#Objects		;! 51 total

$Name: Alpha 1		;! Object #0
$Display Name: XSTR("Alpha 1", 4560)
$Class: GTF Perseus
$Team: Friendly
$Location: 11.862816, 0.000295, -383.887299
$Orientation:
	1.000000, 0.000000, 0.000000,
	0.000000, 1.000000, 0.000000,
	0.000000, 0.000000, 1.000000
$AI Behavior: None
$Cargo 1:  XSTR("Nothing", 13)
+Initial Velocity: 100
+Initial Hull: 100
+Subsystem: Pilot
+Primary Banks: ( "Subach HL-7" "Prometheus S" )
+Secondary Banks: ( "Harpoon" "Tornado" )
$Arrival Location: Hyperspace
$Arrival Cue: ( false ) 
$Departure Location: Hyperspace
$Departure Cue: ( false ) 
$Determination: 10
+Flags: ( "cargo-known" "player-start" )
+Flags2: ( )
+Respawn priority: 0
+Group: 0
+Score: 8

$Name: Alpha 2		;! Object #1
$Display Name: XSTR("Alpha 2", 4682)
$Class: GTF Perseus
$Team: Friendly
$Location: -56.017498, 0.000291, -447.810822
$Orientation:
	1.000000, 0.000000, 0.000000,
	0.000000, 1.000000, 0.000000,
	0.000000, 0.000000, 1.000000
$AI Behavior: None
+AI Class: Colonel
$Cargo 1:  XSTR("Nothing", 13)
+Initial Velocity: 100
+Initial Hull: 100
+Subsystem: Pilot
+Primary Banks: ( "Subach HL-7" "Prometheus S" )
+Secondary Banks: ( "Harpoon" "Tornado" )
$Arrival Location: Hyperspace
$Arrival Cue: ( false ) 
$Departure Location: Hyperspace
$Departure Cue: ( false ) 
$Determination: 10
+Flags: ( "cargo-known" )
+Flags2: ( )
+Respawn priority: 0
+Group: 0
+Use Table Score:
+Score: 14

$Name: Alpha 3		;! Object #2
$Display Name: XSTR("Alpha 3", 4683)
$Class: GTF Perseus
$Team: Friendly
$Location: 92.978012, 0.000290, -439.293671
$Orientation:
	1.000000, 0.000000, 0.000000,
	0.000000, 1.000000, 0.000000,
	0.000000, 0.000000, 1.000000
$AI Behavior: None
+AI Class: Colonel
$Cargo 1:  XSTR("Nothing", 13)
+Initial Velocity: 100
+Initial Hull: 100
+Subsystem: Pilot
+Primary Banks: ( "Subach HL-7" "Prometheus S" )
+Secondary Banks: ( "Harpoon" "Tornado" )
$Arrival Location: Hyperspace
$Arrival Cue: ( false ) 
$Departure Location: Hyperspace
$Departure Cue: ( false ) 
$Determination: 10
+Flags: ( "cargo-known" )
+Flags2: ( )
+Respawn priority: 0
+Group: 0
+Use Table Score:
+Score: 14

$Name: Alpha 4		;! Object #3
$Display Name: XSTR("Alpha 4", 4684)
$Class: GTF Perseus
$Team: Friendly
$Location: 18.158276, 0.000339, -499.013336
$Orientation:
	1.000000, 0.000000, 0.000000,
	0.000000, 1.000000, 0.000000,
	0.000000, 0.000000, 1.000000
$AI Behavior: None
+AI Class: Colonel
$Cargo 1:  XSTR("Nothing", 13)
+Initial Velocity: 100
+Initial Hull: 100
+Subsystem: Pilot
+Primary Banks: ( "Subach HL-7" "Prometheus S" )
+Secondary Banks: ( "Harpoon" "Tornado" )
$Arrival Location: Hyperspace
$Arrival Cue: ( false ) 
$Departure Location: Hyperspace
$Departure Cue: ( false ) 
$Determination: 10
+Flags: ( "cargo-known" )
+Flags2: ( )
+Respawn priority: 0
+Group: 0
+Use Table Score:
+Score: 14

$Name: Container 01		;! Object #4
$Display Name: XSTR("Container 01", 4781)
$Class: TC 2
$Team: Neutral
$Location: -392.324066, 990.613708, 11466.187500
$Orientation:
	0.745174, 0.000000, 0.666870,
	0.000000, 1.000000, 0.000000,
	-0.666870, 0.000000, 0.745174
$AI Behavior: None
$Cargo 1:  XSTR("Unable to Scan", 5292)
+Initial Velocity: 33
+Initial Hull: 100
+Initial Shields: 100
+Subsystem: Pilot
$Arrival Location: Hyperspace
$Arrival Cue: ( true ) 
$Departure Location: Hyperspace
$Departure Cue: ( false ) 
$Determination: 10
+Flags: ( "protect-ship" "no-shields" "invulnerable" "beam-protect-ship" )
+Flags2: ( )
+Respawn priority: 0
+Group: 0
+Use Table Score:
+Score: 0

$Name: Container 02		;! Object #5
$Display Name: XSTR("Container 02", 4784)
$Class: TC 2
$Team: Neutral
$Location: -99.613663, 990.613708, 11708.388672
$Orientation:
	0.745174, 0.000000, 0.666870,
	0.000000, 1.000000, 0.000000,
	-0.666870, 0.000000, 0.745174
$AI Behavior: None
$Cargo 1:  XSTR("Unable to Scan", 5292)
+Initial Velocity: 33
+Initial Hull: 100
+Initial Shields: 100
+Subsystem: Pilot
$Arrival Location: Hyperspace
$Arrival Cue: ( true ) 
$Departure Location: Hyperspace
$Departure Cue: ( false ) 
$Determination: 10
+Flags: ( "protect-ship" "no-shields" "invulnerable" "beam-protect-ship" )
+Flags2: ( )
+Respawn priority: 0
+Group: 0
+Use Table Score:
+Score: 0

$Name: Container 03		;! Object #6
$Display Name: XSTR("Container 03", 4931)
$Class: TC 2
$Team: Neutral
$Location: 217.756775, 990.613647, 11392.748047
$Orientation:
	0.745174, 0.000000, 0.666870,
	0.000000, 1.000000, 0.000000,
	-0.666870, 0.000000, 0.745174
$AI Behavior: None
$Cargo 1:  XSTR("Unable to Scan", 5292)
+Initial Velocity: 33
+Initial Hull: 100
+Initial Shields: 100
+Subsystem: Pilot
$Arrival Location: Hyperspace
$Arrival Cue: ( true ) 
$Departure Location: Hyperspace
$Departure Cue: ( false ) 
$Determination: 10
+Flags: ( "protect-ship" "no-shields" "invulnerable" "beam-protect-ship" )
+Flags2: ( )
+Respawn priority: 0
+Group: 0
+Use Table Score:
+Score: 0

$Name: Container 04		;! Object #7
$Display Name: XSTR("Container 04", 4932)
$Class: TC 2
$Team: Neutral
$Location: -125.279831, 990.613708, 11132.100586
$Orientation:
	0.745174, 0.000000, 0.666870,
	0.000000, 1.000000, 0.000000,
	-0.666870, 0.000000, 0.745174
$AI Behavior: None
$Cargo 1:  XSTR("Unable to Scan", 5292)
+Initial Velocity: 33
+Initial Hull: 100
+Initial Shields: 100
+Subsystem: Pilot
$Arrival Location: Hyperspace
$Arrival Cue: ( true ) 
$Departure Location: Hyperspace
$Departure Cue: ( false ) 
$Determination: 10
+Flags: ( "protect-ship" "no-shields" "invulnerable" "beam-protect-ship" )
+Flags2: ( )
+Respawn priority: 0
+Group: 0
+Use Table Score:
+Score: 0

$Name: Taurus 1		;! Object #8
$Display Name: XSTR("Taurus 1", 4772)
$Class: SF Dragon
$Team: Hostile
$Location: -3023.300049, 0.000000, 12949.500000
$Orientation:
	-0.975056, 0.000000, -0.221958,
	0.000000, 1.000000, 0.000000,
	0.221958, 0.000000, -0.975056
$AI Behavior: None
$Cargo 1:  XSTR("Nothing", 13)
+Initial Velocity: 33
+Subsystem: Pilot
$Arrival Location: Hyperspace
$Arrival Cue: ( false ) 
$Departure Location: Hyperspace
$Departure Cue: ( false ) 
$Determination: 10
+Flags: ( )
+Flags2: ( )
+Respawn priority: 0
+Orders Accepted: 0		;! note that this is a bitfield!!!
+Group: 0
+Use Table Score:
+Score: 16

$Name: Taurus 2		;! Object #9
$Display Name: XSTR("Taurus 2", 4773)
$Class: SF Dragon
$Team: Hostile
$Location: -3102.464111, -0.000009, 12884.699219
$Orientation:
	-0.973543, 0.000000, -0.228504,
	0.000000, 1.000000, 0.000000,
	0.228504, 0.000000, -0.973543
$AI Behavior: None
$Cargo 1:  XSTR("Nothing", 13)
+Initial Velocity: 33
+Subsystem: Pilot
$Arrival Location: Hyperspace
$Arrival Cue: ( false ) 
$Departure Location: Hyperspace
$Departure Cue: ( false ) 
$Determination: 10
+Flags: ( )
+Flags2: ( )
+Respawn priority: 0
+Orders Accepted: 0		;! note that this is a bitfield!!!
+Group: 0
+Use Table Score:
+Score: 16

$Name: Container 05		;! Object #10
$Display Name: XSTR("Container 05", 4933)
$Class: TC-TRI
$Team: Neutral
$Location: -151.964249, 1144.563110, 11478.836914
$Orientation:
	0.745174, 0.000000, 0.666870,
	0.000000, 1.000000, 0.000000,
	-0.666870, 0.000000, 0.745174
$AI Behavior: None
$Cargo 1:  XSTR("Unable to Scan", 5292)
+Initial Hull: 100
+Initial Shields: 100
+Subsystem: Pilot
$Arrival Location: Hyperspace
$Arrival Cue: ( true ) 
$Departure Location: Hyperspace
$Departure Cue: ( false ) 
$Determination: 10
+Flags: ( "protect-ship" "no-shields" "invulnerable" "beam-protect-ship" )
+Flags2: ( )
+Respawn priority: 0
+Group: 0
+Score: 5

$Name: Kameth		;! Object #11
$Display Name: XSTR("Kameth", 5293)
$Class: SC Rakshasa
$Team: Hostile
$Location: -406.183044, 127.275726, 2575.739258
$Orientation:
	-0.228336, -0.836026, -0.498922,
	-0.347910, 0.548690, -0.760196,
	0.909298, 0.000000, -0.416147
$AI Behavior: None
+AI Class: Major
$Cargo 1:  XSTR("Nothing", 13)
+Initial Hull: 100
+Initial Shields: 100
+Subsystem: Pilot
+Subsystem: turret01
+Subsystem: turret02
+Subsystem: turret03
+Subsystem: turret04
+Primary Banks: ( "SRed" )
+Subsystem: turret05
+Subsystem: turret06
+Subsystem: turret07
+Primary Banks: ( "Shivan Turret Laser" )
+Subsystem: turret08
+Primary Banks: ( "Shivan Turret Laser" )
+Subsystem: turret09
+Primary Banks: ( "Shivan Megafunk Turret" )
+Subsystem: turret10
+Subsystem: turret11
+Subsystem: turret12
+Subsystem: turret13
+Subsystem: turret14
$Arrival Location: Hyperspace
$Arrival Cue: ( true ) 
$Departure Location: Hyperspace
$Departure Cue: ( false ) 
$Determination: 10
+Flags: ( "no-shields" )
+Flags2: ( )
+Respawn priority: 0
+Orders Accepted: 0		;! note that this is a bitfield!!!
+Group: 0
+Score: 150

$Name: Aries 1		;! Object #12
$Display Name: XSTR("Aries 1", 4685)
$Class: SF Manticore
$Team: Hostile
$Location: -614.155701, -0.000573, 2304.997314
$Orientation:
	1.000000, 0.000000, 0.000000,
	0.000000, 1.000000, 0.000000,
	0.000000, 0.000000, 1.000000
$AI Behavior: None
$Cargo 1:  XSTR("Nothing", 13)
+Initial Velocity: 33
+Subsystem: Pilot
$Arrival Location: Hyperspace
$Arrival Cue: ( false ) 
$Departure Location: Hyperspace
$Departure Cue: ( false ) 
$Determination: 10
+Flags: ( )
+Flags2: ( )
+Respawn priority: 0
+Orders Accepted: 0		;! note that this is a bitfield!!!
+Group: 0
+Use Table Score:
+Score: 12

$Name: Aries 2		;! Object #13
$Display Name: XSTR("Aries 2", 4686)
$Class: SF Manticore
$Team: Hostile
$Location: -609.273010, -0.000609, 2428.859863
$Orientation:
	1.000000, 0.000000, 0.000000,
	0.000000, 1.000000, 0.000000,
	0.000000, 0.000000, 1.000000
$AI Behavior: None
$Cargo 1:  XSTR("Nothing", 13)
+Initial Velocity: 33
+Subsystem: Pilot
$Arrival Location: Hyperspace
$Arrival Cue: ( false ) 
$Departure Location: Hyperspace
$Departure Cue: ( false ) 
$Determination: 10
+Flags: ( )
+Flags2: ( )
+Respawn priority: 0
+Orders Accepted: 0		;! note that this is a bitfield!!!
+Group: 0
+Use Table Score:
+Score: 12

$Name: Aries 3		;! Object #14
$Display Name: XSTR("Aries 3", 4687)
$Class: SF Manticore
$Team: Hostile
$Location: -773.705933, -0.000596, 2341.195801
$Orientation:
	1.000000, 0.000000, 0.000000,
	0.000000, 1.000000, 0.000000,
	0.000000, 0.000000, 1.000000
$AI Behavior: None
$Cargo 1:  XSTR("Nothing", 13)
+Initial Velocity: 33
+Subsystem: Pilot
$Arrival Location: Hyperspace
$Arrival Cue: ( false ) 
$Departure Location: Hyperspace
$Departure Cue: ( false ) 
$Determination: 10
+Flags: ( )
+Flags2: ( )
+Respawn priority: 0
+Orders Accepted: 0		;! note that this is a bitfield!!!
+Group: 0
+Use Table Score:
+Score: 12

$Name: Zeta 1		;! Object #15
$Display Name: XSTR("Zeta 1", 4705)
$Class: GTB Zeus
$Team: Friendly
$Location: -1055.957397, -0.000511, -233.903931
$Orientation:
	1.000000, 0.000000, 0.000000,
	0.000000, 1.000000, 0.000000,
	0.000000, 0.000000, 1.000000
$AI Behavior: None
$Cargo 1:  XSTR("Nothing", 13)
+Initial Velocity: 33
+Initial Hull: 100
+Subsystem: Pilot
+Primary Banks: ( "Subach HL-7" "Maxim" )
+Secondary Banks: ( "Harpoon" "Cyclops" "Cyclops" )
$Arrival Location: Hyperspace
$Arrival Cue: ( false ) 
$Departure Location: Hyperspace
$Departure Cue: ( false ) 
$Determination: 10
+Flags: ( "cargo-known" )
+Flags2: ( )
+Respawn priority: 0
+Group: 0
+Use Table Score:
+Score: 10

$Name: Sentry 1		;! Object #16
$Display Name: XSTR("Sentry 1", 4946)
$Class: GTSG Alastor
$Team: Neutral
$Location: -235.847076, 1007.390076, 11172.188477
$Orientation:
	1.000000, 0.000000, 0.000000,
	0.000000, 1.000000, 0.000000,
	0.000000, 0.000000, 1.000000
$AI Behavior: None
$Cargo 1:  XSTR("Nothing", 13)
+Initial Velocity: 33
+Initial Hull: 100
+Initial Shields: 100
+Subsystem: Pilot
+Subsystem: turret01a
+Subsystem: turret02a
$Arrival Location: Hyperspace
$Arrival Cue: ( true ) 
$Departure Location: Hyperspace
$Departure Cue: ( false ) 
$Determination: 10
+Flags: ( "cargo-known" "no-shields" )
+Flags2: ( )
+Respawn priority: 0
+Group: 0
+Use Table Score:
+Score: 9

$Name: Sentry 2		;! Object #17
$Display Name: XSTR("Sentry 2", 4947)
$Class: GTSG Alastor
$Team: Neutral
$Location: -18.773998, 621.492432, 11223.427734
$Orientation:
	1.000000, 0.000000, 0.000000,
	0.000000, 1.000000, 0.000000,
	0.000000, 0.000000, 1.000000
$AI Behavior: None
$Cargo 1:  XSTR("Nothing", 13)
+Initial Velocity: 33
+Initial Hull: 100
+Initial Shields: 100
+Subsystem: Pilot
+Subsystem: turret01a
+Subsystem: turret02a
$Arrival Location: Hyperspace
$Arrival Cue: ( true ) 
$Departure Location: Hyperspace
$Departure Cue: ( false ) 
$Determination: 10
+Flags: ( "cargo-known" "no-shields" )
+Flags2: ( )
+Respawn priority: 0
+Group: 0
+Use Table Score:
+Score: 9

$Name: Sentry 3		;! Object #18
$Display Name: XSTR("Sentry 3", 4948)
$Class: GTSG Alastor
$Team: Neutral
$Location: -104.743347, 893.358582, 11590.943359
$Orientation:
	1.000000, 0.000000, 0.000000,
	0.000000, 1.000000, 0.000000,
	0.000000, 0.000000, 1.000000
$AI Behavior: None
$Cargo 1:  XSTR("Nothing", 13)
+Initial Velocity: 33
+Initial Hull: 100
+Initial Shields: 100
+Subsystem: Pilot
+Subsystem: turret01a
+Subsystem: turret02a
$Arrival Location: Hyperspace
$Arrival Cue: ( true ) 
$Departure Location: Hyperspace
$Departure Cue: ( false ) 
$Determination: 10
+Flags: ( "cargo-known" "no-shields" )
+Flags2: ( )
+Respawn priority: 0
+Group: 0
+Use Table Score:
+Score: 9

$Name: Sentry 4		;! Object #19
$Display Name: XSTR("Sentry 4", 4949)
$Class: GTSG Alastor
$Team: Neutral
$Location: -265.789642, 630.804321, 11589.987305
$Orientation:
	1.000000, 0.000000, 0.000000,
	0.000000, 1.000000, 0.000000,
	0.000000, 0.000000, 1.000000
$AI Behavior: None
$Cargo 1:  XSTR("Nothing", 13)
+Initial Velocity: 33
+Initial Hull: 100
+Initial Shields: 100
+Subsystem: Pilot
+Subsystem: turret01a
+Subsystem: turret02a
$Arrival Location: Hyperspace
$Arrival Cue: ( true ) 
$Departure Location: Hyperspace
$Departure Cue: ( false ) 
$Determination: 10
+Flags: ( "cargo-known" "no-shields" )
+Flags2: ( )
+Respawn priority: 0
+Group: 0
+Use Table Score:
+Score: 9

$Name: Sentry 5		;! Object #20
$Display Name: XSTR("Sentry 5", 4950)
$Class: GTSG Alastor
$Team: Neutral
$Location: -279.750214, 468.366028, 11822.266602
$Orientation:
	1.000000, 0.000000, 0.000000,
	0.000000, 1.000000, 0.000000,
	0.000000, 0.000000, 1.000000
$AI Behavior: None
$Cargo 1:  XSTR("Nothing", 13)
+Initial Velocity: 33
+Initial Hull: 100
+Initial Shields: 100
+Subsystem: Pilot
+Subsystem: turret01a
+Subsystem: turret02a
$Arrival Location: Hyperspace
$Arrival Cue: ( true ) 
$Departure Location: Hyperspace
$Departure Cue: ( false ) 
$Determination: 10
+Flags: ( "cargo-known" "no-shields" )
+Flags2: ( )
+Respawn priority: 0
+Group: 0
+Use Table Score:
+Score: 9

$Name: Sentry 6		;! Object #21
$Display Name: XSTR("Sentry 6", 4951)
$Class: GTSG Alastor
$Team: Neutral
$Location: -217.173981, 1354.732666, 11384.745117
$Orientation:
	1.000000, 0.000000, 0.000000,
	0.000000, 1.000000, 0.000000,
	0.000000, 0.000000, 1.000000
$AI Behavior: None
$Cargo 1:  XSTR("Nothing", 13)
+Initial Velocity: 33
+Initial Hull: 100
+Initial Shields: 100
+Subsystem: Pilot
+Subsystem: turret01a
+Subsystem: turret02a
$Arrival Location: Hyperspace
$Arrival Cue: ( true ) 
$Departure Location: Hyperspace
$Departure Cue: ( false ) 
$Determination: 10
+Flags: ( "cargo-known" "no-shields" )
+Flags2: ( )
+Respawn priority: 0
+Group: 0
+Use Table Score:
+Score: 9

$Name: Sentry 7		;! Object #22
$Display Name: XSTR("Sentry 7", 4952)
$Class: GTSG Alastor
$Team: Neutral
$Location: 99.561600, 1253.647949, 11761.788086
$Orientation:
	1.000000, 0.000000, 0.000000,
	0.000000, 1.000000, 0.000000,
	0.000000, 0.000000, 1.000000
$AI Behavior: None
$Cargo 1:  XSTR("Nothing", 13)
+Initial Velocity: 33
+Initial Hull: 100
+Initial Shields: 100
+Subsystem: Pilot
+Subsystem: turret01a
+Subsystem: turret02a
$Arrival Location: Hyperspace
$Arrival Cue: ( true ) 
$Departure Location: Hyperspace
$Departure Cue: ( false ) 
$Determination: 10
+Flags: ( "cargo-known" "no-shields" )
+Flags2: ( )
+Respawn priority: 0
+Group: 0
+Use Table Score:
+Score: 9

$Name: Sentry 8		;! Object #23
$Display Name: XSTR("Sentry 8", 4953)
$Class: GTSG Alastor
$Team: Neutral
$Location: 109.715332, 619.553833, 11742.738281
$Orientation:
	1.000000, 0.000000, 0.000000,
	0.000000, 1.000000, 0.000000,
	0.000000, 0.000000, 1.000000
$AI Behavior: None
$Cargo 1:  XSTR("Nothing", 13)
+Initial Velocity: 33
+Initial Hull: 100
+Initial Shields: 100
+Subsystem: Pilot
+Subsystem: turret01a
+Subsystem: turret02a
$Arrival Location: Hyperspace
$Arrival Cue: ( true ) 
$Departure Location: Hyperspace
$Departure Cue: ( false ) 
$Determination: 10
+Flags: ( "cargo-known" "no-shields" )
+Flags2: ( )
+Respawn priority: 0
+Group: 0
+Use Table Score:
+Score: 9

$Name: Sentry 9		;! Object #24
$Display Name: XSTR("Sentry 9", 4954)
$Class: GTSG Alastor
$Team: Neutral
$Location: -363.229370, 468.366028, 11211.991211
$Orientation:
	1.000000, 0.000000, 0.000000,
	0.000000, 1.000000, 0.000000,
	0.000000, 0.000000, 1.000000
$AI Behavior: None
$Cargo 1:  XSTR("Nothing", 13)
+Initial Velocity: 33
+Initial Hull: 100
+Initial Shields: 100
+Subsystem: Pilot
+Subsystem: turret01a
+Subsystem: turret02a
$Arrival Location: Hyperspace
$Arrival Cue: ( true ) 
$Departure Location: Hyperspace
$Departure Cue: ( false ) 
$Determination: 10
+Flags: ( "cargo-known" "no-shields" )
+Flags2: ( )
+Respawn priority: 0
+Group: 0
+Use Table Score:
+Score: 9

$Name: Sentry 10		;! Object #25
$Display Name: XSTR("Sentry 10", 4955)
$Class: GTSG Alastor
$Team: Neutral
$Location: -110.483612, 1143.318848, 11721.056641
$Orientation:
	1.000000, 0.000000, 0.000000,
	0.000000, 1.000000, 0.000000,
	0.000000, 0.000000, 1.000000
$AI Behavior: None
$Cargo 1:  XSTR("Nothing", 13)
+Initial Velocity: 33
+Initial Hull: 100
+Initial Shields: 100
+Subsystem: Pilot
+Subsystem: turret01a
+Subsystem: turret02a
$Arrival Location: Hyperspace
$Arrival Cue: ( true ) 
$Departure Location: Hyperspace
$Departure Cue: ( false ) 
$Determination: 10
+Flags: ( "protect-ship" "no-shields" "beam-protect-ship" )
+Flags2: ( )
+Respawn priority: 0
+Group: 0
+Use Table Score:
+Score: 9

$Name: NB1		;! Object #26
$Display Name: XSTR("NB1", 5294)
$Class: GTNB Pharos
$Team: Friendly
$Location: 89.385078, 871.722839, 10273.569336
$Orientation:
	1.000000, 0.000000, 0.000000,
	0.000000, 1.000000, 0.000000,
	0.000000, 0.000000, 1.000000
$AI Behavior: None
$Cargo 1:  XSTR("Nothing", 13)
+Initial Velocity: 33
+Initial Shields: 100
+Subsystem: Pilot
$Arrival Location: Hyperspace
$Arrival Cue: ( is-destroyed-delay 25 "Kameth" ) 
$Departure Location: Hyperspace
$Departure Cue: ( is-event-true-delay 
   "cargo depot" 
   10 
)
$Determination: 10
+Flags: ( "cargo-known" "no-shields" "escort" "no-arrival-music" "no-arrival-warp" "no-departure-warp" )
+Flags2: ( )
+Respawn priority: 0
+Escort priority: 100
+Group: 0
+Use Table Score:
+Score: 0

$Name: Pisces 1		;! Object #27
$Display Name: XSTR("Pisces 1", 4701)
$Class: SF Mara
$Team: Hostile
$Location: -3150.732178, -0.000014, 13586.070313
$Orientation:
	-0.975844, 0.000000, -0.218470,
	0.000000, 1.000000, 0.000000,
	0.218470, 0.000000, -0.975844
$AI Behavior: None
$Cargo 1:  XSTR("Nothing", 13)
+Initial Velocity: 33
+Initial Hull: 100
+Subsystem: Pilot
$Arrival Location: Hyperspace
$Arrival Cue: ( false ) 
$Departure Location: Hyperspace
$Departure Cue: ( false ) 
$Determination: 10
+Flags: ( "no-arrival-warp" )
+Flags2: ( )
+Respawn priority: 0
+Orders Accepted: 0		;! note that this is a bitfield!!!
+Group: 0
+Use Table Score:
+Score: 12

$Name: Pisces 2		;! Object #28
$Display Name: XSTR("Pisces 2", 4702)
$Class: SF Mara
$Team: Hostile
$Location: -3184.405762, 0.000015, 13745.377930
$Orientation:
	-0.975355, 0.000000, -0.220641,
	0.000000, 1.000000, 0.000000,
	0.220641, 0.000000, -0.975355
$AI Behavior: None
$Cargo 1:  XSTR("Nothing", 13)
+Initial Velocity: 33
+Initial Hull: 100
+Subsystem: Pilot
$Arrival Location: Hyperspace
$Arrival Cue: ( false ) 
$Departure Location: Hyperspace
$Departure Cue: ( false ) 
$Determination: 10
+Flags: ( "no-arrival-warp" )
+Flags2: ( )
+Respawn priority: 0
+Orders Accepted: 0		;! note that this is a bitfield!!!
+Group: 0
+Use Table Score:
+Score: 12

$Name: Pisces 3		;! Object #29
$Display Name: XSTR("Pisces 3", 4703)
$Class: SF Mara
$Team: Hostile
$Location: -3266.222412, 0.000014, 13580.047852
$Orientation:
	-0.973534, 0.000000, -0.228541,
	0.000000, 1.000000, 0.000000,
	0.228541, 0.000000, -0.973534
$AI Behavior: None
$Cargo 1:  XSTR("Nothing", 13)
+Initial Velocity: 33
+Initial Hull: 100
+Subsystem: Pilot
$Arrival Location: Hyperspace
$Arrival Cue: ( false ) 
$Departure Location: Hyperspace
$Departure Cue: ( false ) 
$Determination: 10
+Flags: ( "no-arrival-warp" )
+Flags2: ( )
+Respawn priority: 0
+Orders Accepted: 0		;! note that this is a bitfield!!!
+Group: 0
+Use Table Score:
+Score: 12

$Name: Pisces 4		;! Object #30
$Display Name: XSTR("Pisces 4", 4704)
$Class: SF Mara
$Team: Hostile
$Location: -3305.260498, 0.000019, 13705.870117
$Orientation:
	-0.973388, 0.000000, -0.229163,
	0.000000, 1.000000, 0.000000,
	0.229163, 0.000000, -0.973388
$AI Behavior: None
$Cargo 1:  XSTR("Nothing", 13)
+Initial Velocity: 33
+Initial Hull: 100
+Subsystem: Pilot
$Arrival Location: Hyperspace
$Arrival Cue: ( false ) 
$Departure Location: Hyperspace
$Departure Cue: ( false ) 
$Determination: 10
+Flags: ( "no-arrival-warp" )
+Flags2: ( )
+Respawn priority: 0
+Orders Accepted: 0		;! note that this is a bitfield!!!
+Group: 0
+Use Table Score:
+Score: 12

$Name: Delta 1		;! Object #31
$Display Name: XSTR("Delta 1", 4786)
$Class: GTF Perseus
$Team: Friendly
$Location: 1803.099976, 1754.281982, 10935.599609
$Orientation:
	0.470482, 0.000000, 0.882410,
	0.000000, 1.000000, 0.000000,
	-0.882410, 0.000000, 0.470482
$AI Behavior: None
$Cargo 1:  XSTR("Nothing", 13)
+Initial Velocity: 33
+Initial Hull: 100
+Subsystem: Pilot
$Arrival Location: Hyperspace
$Arrival Cue: ( false ) 
$Departure Location: Hyperspace
$Departure Cue: ( false ) 
$Determination: 10
+Flags: ( "cargo-known" )
+Flags2: ( )
+Respawn priority: 0
+Group: 0
+Use Table Score:
+Score: 14

$Name: Delta 2		;! Object #32
$Display Name: XSTR("Delta 2", 4787)
$Class: GTF Perseus
$Team: Friendly
$Location: 1921.570801, 1754.281860, 10881.971680
$Orientation:
	0.469215, 0.000000, 0.883084,
	0.000000, 1.000000, 0.000000,
	-0.883084, 0.000000, 0.469215
$AI Behavior: None
$Cargo 1:  XSTR("Nothing", 13)
+Initial Velocity: 33
+Initial Hull: 100
+Subsystem: Pilot
$Arrival Location: Hyperspace
$Arrival Cue: ( false ) 
$Departure Location: Hyperspace
$Departure Cue: ( false ) 
$Determination: 10
+Flags: ( "cargo-known" )
+Flags2: ( )
+Respawn priority: 0
+Group: 0
+Use Table Score:
+Score: 14

$Name: Delta 3		;! Object #33
$Display Name: XSTR("Delta 3", 4788)
$Class: GTF Perseus
$Team: Friendly
$Location: 1946.664795, 1754.281860, 11014.760742
$Orientation:
	0.449541, 0.000000, 0.893260,
	0.000000, 1.000000, 0.000000,
	-0.893260, 0.000000, 0.449541
$AI Behavior: None
$Cargo 1:  XSTR("Nothing", 13)
+Initial Velocity: 33
+Initial Hull: 100
+Subsystem: Pilot
$Arrival Location: Hyperspace
$Arrival Cue: ( false ) 
$Departure Location: Hyperspace
$Departure Cue: ( false ) 
$Determination: 10
+Flags: ( "cargo-known" )
+Flags2: ( )
+Respawn priority: 0
+Group: 0
+Use Table Score:
+Score: 14

$Name: Delta 4		;! Object #34
$Display Name: XSTR("Delta 4", 4789)
$Class: GTF Perseus
$Team: Friendly
$Location: 2049.541504, 1754.281860, 10930.399414
$Orientation:
	0.453901, 0.000000, 0.891052,
	0.000000, 1.000000, 0.000000,
	-0.891052, 0.000000, 0.453901
$AI Behavior: None
$Cargo 1:  XSTR("Nothing", 13)
+Initial Velocity: 33
+Initial Hull: 100
+Subsystem: Pilot
$Arrival Location: Hyperspace
$Arrival Cue: ( false ) 
$Departure Location: Hyperspace
$Departure Cue: ( false ) 
$Determination: 10
+Flags: ( "cargo-known" )
+Flags2: ( )
+Respawn priority: 0
+Group: 0
+Use Table Score:
+Score: 14

$Name: Troy		;! Object #35
$Display Name: XSTR("Troy", 5295)
$Class: GTFR Triton
$Team: Friendly
$Location: 1069.283447, 791.766602, 9827.398438
$Orientation:
	1.000000, 0.000000, 0.000000,
	0.000000, 1.000000, 0.000000,
	0.000000, 0.000000, 1.000000
$AI Behavior: None
$AI Goals: ( goals ( ai-dock "Container 05" "Cargo Dock01" "Cargo Dockpoint" 50 ) )
$Cargo 1:  XSTR("Nothing", 13)
+Initial Velocity: 33
+Initial Hull: 100
+Initial Shields: 100
+Subsystem: Pilot
+Subsystem: turret01
+Subsystem: turret02
+Primary Banks: ( "Standard Flak" )
$Arrival Location: Hyperspace
$Arrival Cue: ( percent-ships-departed 
   50 
   "Container 01" 
   "Container 02" 
   "Container 03" 
   "Container 04" 
)
$Departure Location: Hyperspace
$Departure Cue: ( has-docked-delay 
   "Troy" 
   "Container 05" 
   1 
   5 
)
$Determination: 10
+Flags: ( "cargo-known" "no-shields" "escort" )
+Flags2: ( )
+Respawn priority: 0
+Escort priority: 0
+Orders Accepted: 0		;! note that this is a bitfield!!!
+Group: 0
+Use Table Score:
+Score: 20

$Name: Taurus 3		;! Object #36
$Display Name: XSTR("Taurus 3", 4774)
$Class: SF Dragon
$Team: Hostile
$Location: -2968.747803, -0.000002, 12906.361328
$Orientation:
	-0.975762, 0.000000, -0.218835,
	0.000000, 1.000000, 0.000000,
	0.218835, 0.000000, -0.975762
$AI Behavior: None
$Cargo 1:  XSTR("Nothing", 13)
+Initial Velocity: 33
+Subsystem: Pilot
$Arrival Location: Hyperspace
$Arrival Cue: ( false ) 
$Departure Location: Hyperspace
$Departure Cue: ( false ) 
$Determination: 10
+Flags: ( )
+Flags2: ( )
+Respawn priority: 0
+Orders Accepted: 0		;! note that this is a bitfield!!!
+Group: 0
+Use Table Score:
+Score: 16

$Name: Taurus 4		;! Object #37
$Display Name: XSTR("Taurus 4", 4866)
$Class: SF Dragon
$Team: Hostile
$Location: -3040.437256, 0.000023, 12842.801758
$Orientation:
	-0.974391, 0.000000, -0.224859,
	0.000000, 1.000000, 0.000000,
	0.224859, 0.000000, -0.974391
$AI Behavior: None
$Cargo 1:  XSTR("Nothing", 13)
+Initial Velocity: 33
+Subsystem: Pilot
$Arrival Location: Hyperspace
$Arrival Cue: ( false ) 
$Departure Location: Hyperspace
$Departure Cue: ( false ) 
$Determination: 10
+Flags: ( )
+Flags2: ( )
+Respawn priority: 0
+Orders Accepted: 0		;! note that this is a bitfield!!!
+Group: 0
+Use Table Score:
+Score: 16

$Name: Theta 1		;! Object #38
$Display Name: XSTR("Theta 1", 4698)
$Class: GTFR Poseidon
$Team: Friendly
$Location: 1691.581665, 1517.497437, 9874.960938
$Orientation:
	0.637151, 0.000000, 0.770739,
	0.000000, 1.000000, 0.000000,
	-0.770739, 0.000000, 0.637151
$AI Behavior: None
$AI Goals: ( goals ( ai-dock "Container 02" "cargo dock" "cargo dock" 70 ) )
$Cargo 1:  XSTR("Nothing", 13)
+Initial Velocity: 33
+Initial Hull: 100
+Initial Shields: 100
+Subsystem: Pilot
+Subsystem: turret01
+Subsystem: turret02
+Subsystem: turret03
+Subsystem: turret04
$Arrival Location: Hyperspace
$Arrival Cue: ( false ) 
$Departure Location: Hyperspace
$Departure Cue: ( false ) 
$Determination: 10
+Flags: ( "cargo-known" "no-shields" "escort" )
+Flags2: ( )
+Respawn priority: 0
+Escort priority: 0
+Orders Accepted: 0		;! note that this is a bitfield!!!
+Group: 0
+Use Table Score:
+Score: 15

$Name: Theta 2		;! Object #39
$Display Name: XSTR("Theta 2", 4699)
$Class: GTFR Poseidon
$Team: Friendly
$Location: 1922.852051, 1517.497437, 9622.145508
$Orientation:
	0.540302, 0.000000, 0.841471,
	0.000000, 1.000000, 0.000000,
	-0.841471, 0.000000, 0.540302
$AI Behavior: None
$AI Goals: ( goals ( ai-dock "Container 03" "cargo dock" "cargo dock" 70 ) )
$Cargo 1:  XSTR("Nothing", 13)
+Initial Velocity: 33
+Initial Hull: 100
+Initial Shields: 100
+Subsystem: Pilot
+Subsystem: turret01
+Subsystem: turret02
+Subsystem: turret03
+Subsystem: turret04
$Arrival Location: Hyperspace
$Arrival Cue: ( false ) 
$Departure Location: Hyperspace
$Departure Cue: ( false ) 
$Determination: 10
+Flags: ( "cargo-known" "no-shields" "escort" )
+Flags2: ( )
+Respawn priority: 0
+Escort priority: 0
+Orders Accepted: 0		;! note that this is a bitfield!!!
+Group: 0
+Use Table Score:
+Score: 15

$Name: Sigma 1		;! Object #40
$Display Name: XSTR("Sigma 1", 4853)
$Class: GTFR Poseidon
$Team: Friendly
$Location: 840.391357, 1517.497437, 9257.505859
$Orientation:
	0.841901, 0.000000, 0.539632,
	0.000000, 1.000000, 0.000000,
	-0.539632, 0.000000, 0.841901
$AI Behavior: None
$AI Goals: ( goals ( ai-dock "Container 01" "cargo dock" "cargo dock" 70 ) )
$Cargo 1:  XSTR("Nothing", 13)
+Initial Velocity: 33
+Initial Hull: 100
+Initial Shields: 100
+Subsystem: Pilot
+Subsystem: turret01
+Subsystem: turret02
+Subsystem: turret03
+Subsystem: turret04
$Arrival Location: Hyperspace
$Arrival Cue: ( false ) 
$Departure Location: Hyperspace
$Departure Cue: ( false ) 
$Determination: 10
+Flags: ( "cargo-known" "no-shields" "escort" )
+Flags2: ( )
+Respawn priority: 0
+Escort priority: 0
+Orders Accepted: 0		;! note that this is a bitfield!!!
+Group: 0
+Use Table Score:
+Score: 15

$Name: Sigma 2		;! Object #41
$Display Name: XSTR("Sigma 2", 4855)
$Class: GTFR Poseidon
$Team: Friendly
$Location: 1044.260742, 1517.497437, 8953.256836
$Orientation:
	0.877583, 0.000000, 0.479426,
	0.000000, 1.000000, 0.000000,
	-0.479426, 0.000000, 0.877583
$AI Behavior: None
$AI Goals: ( goals ( ai-dock "Container 04" "cargo dock" "cargo dock" 70 ) )
$Cargo 1:  XSTR("Nothing", 13)
+Initial Velocity: 33
+Initial Hull: 100
+Initial Shields: 100
+Subsystem: Pilot
+Subsystem: turret01
+Subsystem: turret02
+Subsystem: turret03
+Subsystem: turret04
$Arrival Location: Hyperspace
$Arrival Cue: ( false ) 
$Departure Location: Hyperspace
$Departure Cue: ( false ) 
$Determination: 10
+Flags: ( "cargo-known" "no-shields" "escort" )
+Flags2: ( )
+Respawn priority: 0
+Escort priority: 0
+Orders Accepted: 0		;! note that this is a bitfield!!!
+Group: 0
+Use Table Score:
+Score: 15

$Name: Gemini 1		;! Object #42
$Display Name: XSTR("Gemini 1", 4799)
$Class: SF Astaroth
$Team: Hostile
$Location: -3323.177246, -0.000063, 13061.986328
$Orientation:
	-0.970590, 0.000000, -0.240740,
	0.000000, 1.000000, 0.000000,
	0.240740, 0.000000, -0.970590
$AI Behavior: None
$Cargo 1:  XSTR("Nothing", 13)
+Initial Velocity: 33
+Subsystem: Pilot
+Primary Banks: ( "Shivan Light Laser" )
+Secondary Banks: ( "" "" )
$Arrival Location: Hyperspace
$Arrival Cue: ( false ) 
$Departure Location: Hyperspace
$Departure Cue: ( false ) 
$Determination: 10
+Flags: ( )
+Flags2: ( )
+Respawn priority: 0
+Orders Accepted: 0		;! note that this is a bitfield!!!
+Group: 0
+Use Table Score:
+Score: 13

$Name: Gemini 2		;! Object #43
$Display Name: XSTR("Gemini 2", 4800)
$Class: SF Astaroth
$Team: Hostile
$Location: -3456.475830, -0.000042, 12988.665039
$Orientation:
	-0.967973, 0.000000, -0.251056,
	0.000000, 1.000000, 0.000000,
	0.251056, 0.000000, -0.967973
$AI Behavior: None
$Cargo 1:  XSTR("Nothing", 13)
+Initial Velocity: 33
+Subsystem: Pilot
+Primary Banks: ( "Shivan Light Laser" )
+Secondary Banks: ( "" "" )
$Arrival Location: Hyperspace
$Arrival Cue: ( false ) 
$Departure Location: Hyperspace
$Departure Cue: ( false ) 
$Determination: 10
+Flags: ( )
+Flags2: ( )
+Respawn priority: 0
+Orders Accepted: 0		;! note that this is a bitfield!!!
+Group: 0
+Use Table Score:
+Score: 13

$Name: Gemini 3		;! Object #44
$Display Name: XSTR("Gemini 3", 4801)
$Class: SF Astaroth
$Team: Hostile
$Location: -3217.394775, -0.000071, 12996.094727
$Orientation:
	-0.972089, 0.000000, -0.234614,
	0.000000, 1.000000, 0.000000,
	0.234614, 0.000000, -0.972089
$AI Behavior: None
$Cargo 1:  XSTR("Nothing", 13)
+Initial Velocity: 33
+Subsystem: Pilot
+Primary Banks: ( "Shivan Light Laser" )
+Secondary Banks: ( "" "" )
$Arrival Location: Hyperspace
$Arrival Cue: ( false ) 
$Departure Location: Hyperspace
$Departure Cue: ( false ) 
$Determination: 10
+Flags: ( )
+Flags2: ( )
+Respawn priority: 0
+Orders Accepted: 0		;! note that this is a bitfield!!!
+Group: 0
+Use Table Score:
+Score: 13

$Name: Tau 1		;! Object #45
$Display Name: XSTR("Tau 1", 5296)
$Class: GTF Pegasus
$Callsign: XSTR("Lt. Com. Niven", 5291)

$Team: Friendly
$Location: -499.303406, 38.873024, 14067.688477
$Orientation:
	-0.884283, -0.398609, 0.243217,
	-0.384337, 0.917121, 0.105710,
	-0.265196, 0.000000, -0.964195
$AI Behavior: None
+AI Class: General
$AI Goals: ( goals ( ai-stay-near-ship "Alpha 1" 50 ) )
$Cargo 1:  XSTR("Nothing", 13)
+Initial Velocity: 33
+Initial Hull: 100
+Subsystem: Pilot
+Primary Banks: ( "Prometheus S" )
+Secondary Banks: ( "Harpoon" "Tempest" )
$Arrival Location: In front of ship
+Arrival Distance: 800
$Arrival Anchor: Alpha 1
$Arrival Cue: ( is-event-true-delay 
   "disable jump" 
   12 
)
$Departure Location: Hyperspace
$Departure Cue: ( is-event-true-delay "niven" 14 ) 
$Determination: 10
+Flags: ( "cargo-known" "stealth" )
+Flags2: ( )
+Respawn priority: 0
+Orders Accepted: 0		;! note that this is a bitfield!!!
+Group: 0
+Use Table Score:
+Score: 10

$Name: Zeta 2		;! Object #46
$Display Name: XSTR("Zeta 2", 4706)
$Class: GTB Zeus
$Team: Friendly
$Location: -1173.526245, -0.000523, -418.329163
$Orientation:
	1.000000, 0.000000, 0.000000,
	0.000000, 1.000000, 0.000000,
	0.000000, 0.000000, 1.000000
$AI Behavior: None
$Cargo 1:  XSTR("Nothing", 13)
+Initial Velocity: 33
+Initial Hull: 100
+Subsystem: Pilot
+Primary Banks: ( "Subach HL-7" "Maxim" )
+Secondary Banks: ( "Harpoon" "Cyclops" "Cyclops" )
$Arrival Location: Hyperspace
$Arrival Cue: ( false ) 
$Departure Location: Hyperspace
$Departure Cue: ( false ) 
$Determination: 10
+Flags: ( "cargo-known" )
+Flags2: ( )
+Respawn priority: 0
+Group: 0
+Use Table Score:
+Score: 10

$Name: Cancer 1		;! Object #47
$Display Name: XSTR("Cancer 1", 4689)
$Class: SF Basilisk
$Team: Hostile
$Location: -3517.500000, 0.000000, 13753.200195
$Orientation:
	-0.970222, 0.000000, -0.242219,
	0.000000, 1.000000, 0.000000,
	0.242219, 0.000000, -0.970222
$AI Behavior: None
$Cargo 1:  XSTR("Nothing", 13)
+Initial Velocity: 33
+Subsystem: Pilot
+Secondary Banks: ( "" "" )
$Arrival Location: Hyperspace
$Arrival Cue: ( false ) 
$Departure Location: Hyperspace
$Departure Cue: ( false ) 
$Determination: 10
+Flags: ( )
+Flags2: ( )
+Respawn priority: 0
+Orders Accepted: 0		;! note that this is a bitfield!!!
+Group: 0
+Use Table Score:
+Score: 12

$Name: Cancer 2		;! Object #48
$Display Name: XSTR("Cancer 2", 4690)
$Class: SF Basilisk
$Team: Hostile
$Location: -3823.715820, -0.000006, 13970.459961
$Orientation:
	-0.966105, 0.000000, -0.258150,
	0.000000, 1.000000, 0.000000,
