#Mission Info

$Version: 0.10
$Name:  XSTR("Contention of Power", 5481)
$Author: Colin Czerneda
$Created: 01/16/00 at 21:00:05
$Modified: 08/06/20 at 10:27:34
$Notes:
This is a FRED created mission
$End Notes:

$Mission Desc:
 XSTR("Neutralize Shivan Threats
", 5482)
$end_multi_text
+Game Type Flags: 1
+Flags: 8192
+Fog Near Mult: 1.000000

+Fog Far Mult: 1.000000

+Disallow Support: 0
+Hull Repair Ceiling: 0.000000
+Subsystem Repair Ceiling: 100.000000

+Player Entry Delay:
1.000000

+Viewer pos: -13806.805664, 469.810760, 12038.225586
+Viewer orient:
	0.314167, -0.000000, 0.949368,
	-0.345333, 0.931497, 0.114279,
	-0.884333, -0.363750, 0.292645
+SquadReassignName: 125th
+SquadReassignLogo: 125vasudan.pcx


$Skybox Model: skybox_KausBorealis.pof

$AI Profile: FS2 RETAIL

#Sexp_variables

$Variables:
(
		0		"autoGenVar1"		"#Command"		"string"
		1		"autoGenVar2"		"Gienah Cygni"		"string"
)

#Command Briefing

#Briefing
$start_briefing
$num_stages: 4
$start_stage
$multi_text
 XSTR("Admiral Russik has ordered the GVD Tatenen to secure the Kaus Borealis system.  The Admiral reports that it is imperative to the security of his operation to remove all Shivan influence.  Our objective is to secure both the Mintaka and Gienah Cygni jump nodes.", 5483)
$end_multi_text
$voice: e3m1_b1.ogg
$camera_pos: -14494.370117, 20460.283203, 15232.583984
$camera_orient:
	-0.999933, -0.000001, 0.011591,
	-0.011565, 0.067377, -0.997661,
	-0.000780, -0.997728, -0.067373
$camera_time: 1000
$num_lines: 0
$num_icons: 4
$Flags: 0
$Formula: ( true ) 
$start_icon
$type: 33
$team: Hostile
$class: GTF Ulysses
$pos: -19162.785156, -185.802460, 16275.788086
$label:  XSTR("Gienah Cygni", 5484)
+id: 1
$hlight: 0
$mirror: 0
$multi_text
$end_multi_text
$end_icon
$start_icon
$type: 33
$team: Friendly
$class: GTF Ulysses
$pos: -7091.061523, -185.802383, 13981.023438
$label:  XSTR("Mintaka", 5457)
+id: 4
$hlight: 0
$mirror: 0
$multi_text
$end_multi_text
$end_icon
$start_icon
$type: 28
$team: Friendly
$class: GVCv Sobek
$pos: -18599.005859, -854.380615, 12059.405273
$label:  XSTR("Vasudan Forces", 5485)
+id: 5
$hlight: 0
$mirror: 0
$multi_text
$end_multi_text
$end_icon
$start_icon
$type: 6
$team: Friendly
$class: GVD Hatshepsut
$pos: -7010.232422, -854.381104, 10365.028320
$label:  XSTR("Vasudan Forces", 5485)
+id: 6
$hlight: 0
$mirror: 0
$multi_text
$end_multi_text
$end_icon
$end_stage
$start_stage
$multi_text
 XSTR("We have not yet scouted the Gienah Cygni system and the details of the system remain unknown.  It is believed that this is the only other jump node in this system, and that Gienah Cygni may be a major staging area for Shivan ships.  Shutting down their access to this node is imperative.", 5486)
$end_multi_text
$voice: e3m1_b2.ogg
$camera_pos: -21536.074219, 20315.302734, 17461.130859
$camera_orient:
	-0.999933, -0.000001, 0.011591,
	-0.011565, 0.067377, -0.997661,
	-0.000780, -0.997728, -0.067373
$camera_time: 2200
$num_lines: 0
$num_icons: 1
$Flags: 1
$Formula: ( true ) 
$start_icon
$type: 33
$team: Hostile
$class: GTF Ulysses
$pos: -19162.785156, -185.802460, 16275.788086
$label:  XSTR("Gienah Cygni", 5484)
+id: 1
$hlight: 1
$mirror: 0
$multi_text
$end_multi_text
$end_icon
$end_stage
$start_stage
$multi_text
 XSTR("Alpha wing, you will be responsible for the blockade of this node.  Beta wing will provide fighter cover and additional warships will be deployed as needed.  The GVCv Nethys is also en route and will take up a patrol pattern around the node when it arrives.", 5487)
$end_multi_text
$voice: e3m1_b3.ogg
$camera_pos: -21536.074219, 20315.302734, 17461.130859
$camera_orient:
	-0.999933, -0.000001, 0.011591,
	-0.011565, 0.067377, -0.997661,
	-0.000780, -0.997728, -0.067373
$camera_time: 2500
$num_lines: 0
$num_icons: 3
$Flags: 2
$Formula: ( true ) 
$start_icon
$type: 33
$team: Hostile
$class: GTF Ulysses
$pos: -20467.701172, -185.803589, 12819.341797
$label:  XSTR("Gienah Cygni", 5484)
+id: 1
$hlight: 0
$mirror: 0
$multi_text
$end_multi_text
$end_icon
$start_icon
$type: 17
$team: Friendly
$class: GVB Sekhmet
$pos: -20579.894531, 174.685791, 16991.494141
$label:  XSTR("Alpha", 4641)
+id: 7
$hlight: 1
$mirror: 0
$multi_text
$end_multi_text
$end_icon
$start_icon
$type: 28
$team: Friendly
$class: GVCv Sobek
$pos: -12479.713867, -854.380493, 10563.271484
$label:  XSTR("Nethys", 5488)
+id: 8
$hlight: 1
$mirror: 0
$multi_text
$end_multi_text
$end_icon
$end_stage
$start_stage
$multi_text
 XSTR("It is highly probable that the Shivans are pouring more ships into the Kaus Borealis system.  It is imperative that you destroy each and every destroyer, cruiser, freighter and transport that attempts to enter or leave this engagement area.  Report to the flight deck at once.", 5489)
$end_multi_text
$voice: e3m1_b4.ogg
$camera_pos: -28270.408203, 14450.724609, 23482.675781
$camera_orient:
	-0.821129, -0.000001, -0.570743,
	0.445785, 0.624453, -0.641353,
	0.356403, -0.781062, -0.512756
$camera_time: 3000
$num_lines: 0
$num_icons: 3
$Flags: 0
$Formula: ( true ) 
$start_icon
$type: 33
$team: Hostile
$class: GTF Ulysses
$pos: -20467.701172, -185.803589, 12819.341797
$label:  XSTR("Gienah Cygni", 5484)
+id: 1
$hlight: 0
$mirror: 0
$multi_text
$end_multi_text
$end_icon
$start_icon
$type: 17
$team: Friendly
$class: GVB Sekhmet
$pos: -19661.632813, 174.684006, 19149.277344
$label:  XSTR("Alpha", 4641)
+id: 7
$hlight: 0
$mirror: 0
$multi_text
$end_multi_text
$end_icon
$start_icon
$type: 19
$team: Hostile
$class: SC Rakshasa
$pos: -10600.451172, -419.676880, 15947.287109
$label:  XSTR("Shivan Warships?", 5490)
+id: 9
$hlight: 1
$mirror: 0
$multi_text
$end_multi_text
$end_icon
$end_stage
$end_briefing

#Debriefing_info

$Num stages: 6

$Formula: ( is-goal-true-delay 
   "Node Blockade" 
   0 
)
$Multi text
    XSTR("Your wing successfully destroyed all major Shivan vessels and in addition, held the Gienah Cygni jump node from a sustained Shivan attack.  Regardless of the fact that the majority were entering the unexplored system, not leaving, all targets were destroyed and that reduces the number of vessels the Shivans can bring to bear against us.

Rear Admiral Quas himself sent down his word of congratulations to you, pilots.  We are honored by your presence aboard a Vasudan vessel.", 5491)
$end_multi_text
$Voice: e3m1_db1.ogg
$Recommendation text:
    XSTR("", 3307)
$end_multi_text

$Formula: ( and 
   ( not 
      ( is-destroyed-delay 0 "Nethys" ) 
   )
   ( not 
      ( is-destroyed-delay 0 "Psama" ) 
   )
   ( is-goal-true-delay 
      "Node Blockade" 
      0 
   )
)
$Multi text
    XSTR("All Allied capital ships survived this encounter with a strong Shivan Armada.  The captains of both vessels extend to you their heartiest thanks.", 5492)
$end_multi_text
$Voice: e3m1_db2.ogg
$Recommendation text:
    XSTR("", 3307)
$end_multi_text

$Formula: ( is-destroyed-delay 0 "Psama" ) 
$Multi text
    XSTR("The GVC Psama was destroyed.  All GTVA personnel mourn the loss of this ship and its crew", 5493)
$end_multi_text
$Voice: none.wav
$Recommendation text:
    XSTR("", 3307)
$end_multi_text

$Formula: ( is-destroyed-delay 0 "Nethys" ) 
$Multi text
    XSTR("The GTCv Nethys did not survive the battle.  However much damage we may be inflicting on the Shivans, we cannot afford such sacrifice if we are to win anything but a bittersweet and fleeting victory.", 5494)
$end_multi_text
$Voice: e3m1_db3.ogg
$Recommendation text:
    XSTR("Be sure to take out enemy beam cannons", 5495)
$end_multi_text

$Formula: ( and 
   ( is-event-false-delay "rtb" 0 ) 
   ( is-event-false-delay "RTB Failed" 0 ) 
)
$Multi text
    XSTR("You have been declared AWOL, pilot!  Jumping out before you are ordered to do so is grounds for immediate imprisonment.", 4648)
$end_multi_text
$Voice: e2m4_db3.ogg
$Recommendation text:
    XSTR("Do not depart until you are ordered to do so.", 4649)
$end_multi_text

$Formula: ( is-goal-false-delay 
   "Node Blockade" 
   0 
)
$Multi text
    XSTR("It is unfortunate that you were unable to hold the node.  Because of this failure, Admiral Russik has been forced to deploy his own forces to the node, and he is not pleased with our performance.

Vasudan Tactical command has issued a statement to Admiral Russik informing him that you performed well despite the Shivan onslaught.  Regardless, you are being sent back to Sirius for re-evaluation.", 5496)
$end_multi_text
$Voice: e3m1_db4.ogg
$Recommendation text:
    XSTR("Destroy every Shivan vessel that enters the area.  Call in reinforcements if necessary.  Disabling vessels will give you time to finish your attacks.", 5497)
$end_multi_text

#Alternate Types:
$Alt: GTF Ares (Simms)

#end


#Players		;! 1 total

$Starting Shipname: Alpha 1
$Ship Choices: (
	"GVF Thoth"	8
	"GVF Serapis"	4
	"GVF Tauret"	4
	"GVB Sekhmet"	4
	"GVB Osiris"	4
	"GVB Bakha"	2
)

+Weaponry Pool: (
	"Mekhu HL-7"	23
	"Akheton SDG"	16
	"Morning Star"	16
	"Prometheus S"	27
	"Maxim"	16
	"UD-8 Kayser"	16
	"Circe"	16
	"Lamprey"	16
	"Rockeye"	575
	"Tempest"	500
	"Hornet"	500
	"Tornado"	996
	"Harpoon"	660
	"Trebuchet"	552
	"Piranha"	500
	"Stiletto II"	500
	"Infyrno"	500
	"Cyclops"	524
	"EMP Adv."	100
)

#Objects		;! 73 total

$Name: Alpha 1		;! Object #0
$Display Name: XSTR("Alpha 1", 4531)
$Class: GVB Sekhmet
$Team: Friendly
$Location: -13635.607422, 174.685364, 12251.818359
$Orientation:
	0.659983, 0.000000, 0.751280,
	0.000000, 1.000000, 0.000000,
	-0.751280, 0.000000, 0.659983
$AI Behavior: None
$Cargo 1:  XSTR("Nothing", 13)
+Initial Velocity: 100
+Initial Hull: 100
+Subsystem: Pilot
+Primary Banks: ( "Prometheus S" )
+Secondary Banks: ( "Tornado" "Cyclops" "Cyclops" )
$Arrival Location: Hyperspace
$Arrival Cue: ( false ) 
$Departure Location: Hyperspace
$Departure Cue: ( false ) 
$Determination: 10
+Flags: ( "cargo-known" "player-start" )
+Flags2: ( )
+Respawn priority: 0
+Group: 0
+Score: 8

$Name: Alpha 2		;! Object #1
$Display Name: XSTR("Alpha 2", 4653)
$Class: GVB Sekhmet
$Team: Friendly
$Location: -13519.798828, 174.685379, 12277.536133
$Orientation:
	0.659983, 0.000000, 0.751280,
	0.000000, 1.000000, 0.000000,
	-0.751280, 0.000000, 0.659983
$AI Behavior: None
+AI Class: General
$Cargo 1:  XSTR("Nothing", 13)
+Initial Hull: 100
+Subsystem: Pilot
+Primary Banks: ( "Prometheus S" )
+Secondary Banks: ( "Tornado" "Cyclops" "Cyclops" )
$Arrival Location: Hyperspace
$Arrival Cue: ( false ) 
$Departure Location: Hyperspace
$Departure Cue: ( false ) 
$Determination: 10
+Flags: ( "cargo-known" )
+Flags2: ( )
+Respawn priority: 0
+Group: 0
+Use Table Score:
+Score: 10
+Persona Index: 6

$Name: Alpha 3		;! Object #2
$Display Name: XSTR("Alpha 3", 4654)
$Class: GVB Sekhmet
$Team: Friendly
$Location: -13661.341797, 174.685349, 12118.469727
$Orientation:
	0.659983, 0.000000, 0.751280,
	0.000000, 1.000000, 0.000000,
	-0.751280, 0.000000, 0.659983
$AI Behavior: None
+AI Class: General
$Cargo 1:  XSTR("Nothing", 13)
+Initial Hull: 100
+Subsystem: Pilot
+Primary Banks: ( "Prometheus S" )
+Secondary Banks: ( "Tornado" "Cyclops" "Cyclops" )
$Arrival Location: Hyperspace
$Arrival Cue: ( false ) 
$Departure Location: Hyperspace
$Departure Cue: ( false ) 
$Determination: 10
+Flags: ( "cargo-known" )
+Flags2: ( )
+Respawn priority: 0
+Group: 0
+Use Table Score:
+Score: 10

$Name: Alpha 4		;! Object #3
$Display Name: XSTR("Alpha 4", 4655)
$Class: GVB Sekhmet
$Team: Friendly
$Location: -13503.009766, 174.685379, 12128.488281
$Orientation:
	0.659983, 0.000000, 0.751280,
	0.000000, 1.000000, 0.000000,
	-0.751280, 0.000000, 0.659983
$AI Behavior: None
+AI Class: General
$Cargo 1:  XSTR("Nothing", 13)
+Initial Hull: 100
+Subsystem: Pilot
+Primary Banks: ( "Prometheus S" )
+Secondary Banks: ( "Tornado" "Cyclops" "Cyclops" )
$Arrival Location: Hyperspace
$Arrival Cue: ( false ) 
$Departure Location: Hyperspace
$Departure Cue: ( false ) 
$Determination: 10
+Flags: ( "cargo-known" )
+Flags2: ( )
+Respawn priority: 0
+Group: 0
+Use Table Score:
+Score: 10
+Persona Index: 6

$Name: Beta 1		;! Object #4
$Display Name: XSTR("Beta 1", 4736)
$Class: GVF Tauret
$Team: Friendly
$Location: -13751.392578, 257.212738, 11876.271484
$Orientation:
	0.659983, 0.000000, 0.751280,
	0.000000, 1.000000, 0.000000,
	-0.751280, 0.000000, 0.659983
$AI Behavior: None
+AI Class: General
$Cargo 1:  XSTR("Nothing", 13)
+Initial Velocity: 33
+Initial Hull: 100
+Subsystem: Pilot
+Primary Banks: ( "Mekhu HL-7" "Prometheus S" )
+Secondary Banks: ( "Trebuchet" "Harpoon" )
$Arrival Location: Hyperspace
$Arrival Cue: ( false ) 
$Departure Location: Hyperspace
$Departure Cue: ( false ) 
$Determination: 10
+Flags: ( "cargo-known" )
+Flags2: ( )
+Respawn priority: 0
+Group: 0
+Use Table Score:
+Score: 10

$Name: Beta 2		;! Object #5
$Display Name: XSTR("Beta 2", 4737)
$Class: GVF Tauret
$Team: Friendly
$Location: -13657.007813, 257.212738, 11885.760742
$Orientation:
	0.659983, 0.000000, 0.751280,
	0.000000, 1.000000, 0.000000,
	-0.751280, 0.000000, 0.659983
$AI Behavior: None
+AI Class: General
$Cargo 1:  XSTR("Nothing", 13)
+Initial Velocity: 33
+Initial Hull: 100
+Subsystem: Pilot
+Primary Banks: ( "Mekhu HL-7" "Prometheus S" )
+Secondary Banks: ( "Trebuchet" "Harpoon" )
$Arrival Location: Hyperspace
$Arrival Cue: ( false ) 
$Departure Location: Hyperspace
$Departure Cue: ( false ) 
$Determination: 10
+Flags: ( "cargo-known" )
+Flags2: ( )
+Respawn priority: 0
+Group: 0
+Use Table Score:
+Score: 10

$Name: Beta 3		;! Object #6
$Display Name: XSTR("Beta 3", 4738)
$Class: GVF Tauret
$Team: Friendly
$Location: -13788.218750, 257.212738, 11742.700195
$Orientation:
	0.659983, 0.000000, 0.751280,
	0.000000, 1.000000, 0.000000,
	-0.751280, 0.000000, 0.659983
$AI Behavior: None
+AI Class: General
$Cargo 1:  XSTR("Nothing", 13)
+Initial Velocity: 33
+Initial Hull: 100
+Subsystem: Pilot
+Primary Banks: ( "Mekhu HL-7" "Prometheus S" )
+Secondary Banks: ( "Trebuchet" "Harpoon" )
$Arrival Location: Hyperspace
$Arrival Cue: ( false ) 
$Departure Location: Hyperspace
$Departure Cue: ( false ) 
$Determination: 10
+Flags: ( "cargo-known" )
+Flags2: ( )
+Respawn priority: 0
+Group: 0
+Use Table Score:
+Score: 10

$Name: Psama		;! Object #7
$Display Name: XSTR("Psama", 5498)
$Class: GVC Mentu
$Team: Friendly
$Location: -9677.691406, 173.777603, 12311.601563
$Orientation:
	0.733166, 0.490896, 0.470626,
	-0.556361, 0.830941, 0.000000,
	-0.391062, -0.261838, 0.882333
$AI Behavior: None
+AI Class: General
$AI Goals: ( goals ( ai-waypoints "Psama Patrol" 50 ) )
$Cargo 1:  XSTR("Nothing", 13)
+Initial Hull: 100
+Initial Shields: 100
+Subsystem: Pilot
+Subsystem: Turret01
+Subsystem: Turret02
+Subsystem: Turret03
+Subsystem: Turret04
+Subsystem: Turret05
+Subsystem: Turret06
+Subsystem: Turret07
+Subsystem: Turret08
+Subsystem: Turret09
+Subsystem: Turret10
+Subsystem: Turret11
+Subsystem: Turret12
+Subsystem: Turret13
+Subsystem: Turret14
+Subsystem: Turret15
+Subsystem: Turret16
$Arrival Location: Hyperspace
$Arrival Cue: ( has-arrived-delay 56 "Requelm" ) 
$Departure Location: Hyperspace
$Departure Cue: ( false ) 
$Determination: 10
+Flags: ( "cargo-known" "no-shields" "escort" )
+Flags2: ( )
+Respawn priority: 0
+Escort priority: 0
+Orders Accepted: 0		;! note that this is a bitfield!!!
+Group: 0
+Score: 500

$Name: Delta 1		;! Object #8
$Display Name: XSTR("Delta 1", 4757)
$Class: GVB Bakha
$Team: Friendly
$Location: -9265.419922, 0.001549, 7904.422363
$Orientation:
	1.000000, 0.000000, 0.000000,
	0.000000, 1.000000, 0.000000,
	0.000000, 0.000000, 1.000000
$AI Behavior: None
+AI Class: Major
$Cargo 1:  XSTR("Nothing", 13)
+Initial Velocity: 33
+Initial Hull: 100
+Subsystem: Pilot
+Primary Banks: ( "Mekhu HL-7" "Akheton SDG" )
+Secondary Banks: ( "Piranha" "Cyclops" )
$Arrival Location: Hyperspace
$Arrival Cue: ( false ) 
$Departure Location: Hyperspace
$Departure Cue: ( false ) 
$Determination: 10
+Flags: ( "cargo-known" )
+Flags2: ( )
+Respawn priority: 0
+Group: 0
+Use Table Score:
+Score: 13
+Persona Index: 6

$Name: Delta 2		;! Object #9
$Display Name: XSTR("Delta 2", 4758)
$Class: GVB Bakha
$Team: Friendly
$Location: -9328.741211, 0.001550, 7790.644531
$Orientation:
	1.000000, 0.000000, 0.000000,
	0.000000, 1.000000, 0.000000,
	0.000000, 0.000000, 1.000000
$AI Behavior: None
+AI Class: Major
$Cargo 1:  XSTR("Nothing", 13)
+Initial Velocity: 33
+Initial Hull: 100
+Subsystem: Pilot
+Primary Banks: ( "Mekhu HL-7" "Akheton SDG" )
+Secondary Banks: ( "Piranha" "Cyclops" )
$Arrival Location: Hyperspace
$Arrival Cue: ( false ) 
$Departure Location: Hyperspace
$Departure Cue: ( false ) 
$Determination: 10
+Flags: ( "cargo-known" )
+Flags2: ( )
+Respawn priority: 0
+Group: 0
+Use Table Score:
+Score: 13
+Persona Index: 6

$Name: Delta 3		;! Object #10
$Display Name: XSTR("Delta 3", 4759)
$Class: GVB Bakha
$Team: Friendly
$Location: -9183.681641, 0.001537, 7781.259277
$Orientation:
	1.000000, 0.000000, 0.000000,
	0.000000, 1.000000, 0.000000,
	0.000000, 0.000000, 1.000000
$AI Behavior: None
+AI Class: Major
$Cargo 1:  XSTR("Nothing", 13)
+Initial Velocity: 33
+Initial Hull: 100
+Subsystem: Pilot
+Primary Banks: ( "Mekhu HL-7" "Akheton SDG" )
+Secondary Banks: ( "Piranha" "Cyclops" )
$Arrival Location: Hyperspace
$Arrival Cue: ( false ) 
$Departure Location: Hyperspace
$Departure Cue: ( false ) 
$Determination: 10
+Flags: ( "cargo-known" )
+Flags2: ( )
+Respawn priority: 0
+Group: 0
+Use Table Score:
+Score: 13
+Persona Index: 6

$Name: Epsilon 1		;! Object #11
$Display Name: XSTR("Epsilon 1", 4761)
$Class: GVF Thoth
$Team: Friendly
$Location: -9566.948242, 0.001518, 8297.471680
$Orientation:
	1.000000, 0.000000, 0.000000,
	0.000000, 1.000000, 0.000000,
	0.000000, 0.000000, 1.000000
$AI Behavior: None
$Cargo 1:  XSTR("Nothing", 13)
+Initial Velocity: 33
+Initial Hull: 100
+Subsystem: Pilot
+Primary Banks: ( "Prometheus S" )
$Arrival Location: Hyperspace
$Arrival Cue: ( false ) 
$Departure Location: Hyperspace
$Departure Cue: ( false ) 
$Determination: 10
+Flags: ( "cargo-known" )
+Flags2: ( )
+Respawn priority: 0
+Group: 0
+Use Table Score:
+Score: 10
+Persona Index: 5

$Name: Epsilon 2		;! Object #12
$Display Name: XSTR("Epsilon 2", 4762)
$Class: GVF Thoth
$Team: Friendly
$Location: -9607.300781, 0.001518, 8191.436523
$Orientation:
	1.000000, 0.000000, 0.000000,
	0.000000, 1.000000, 0.000000,
	0.000000, 0.000000, 1.000000
$AI Behavior: None
$Cargo 1:  XSTR("Nothing", 13)
+Initial Velocity: 33
+Initial Hull: 100
+Subsystem: Pilot
+Primary Banks: ( "Prometheus S" )
$Arrival Location: Hyperspace
$Arrival Cue: ( false ) 
$Departure Location: Hyperspace
$Departure Cue: ( false ) 
$Determination: 10
+Flags: ( "cargo-known" )
+Flags2: ( )
+Respawn priority: 0
+Group: 0
+Use Table Score:
+Score: 10
+Persona Index: 5

$Name: Epsilon 3		;! Object #13
$Display Name: XSTR("Epsilon 3", 4763)
$Class: GVF Thoth
$Team: Friendly
$Location: -9470.213867, 0.001502, 8193.599609
$Orientation:
	1.000000, 0.000000, 0.000000,
	0.000000, 1.000000, 0.000000,
	0.000000, 0.000000, 1.000000
$AI Behavior: None
$Cargo 1:  XSTR("Nothing", 13)
+Initial Velocity: 33
+Initial Hull: 100
+Subsystem: Pilot
+Primary Banks: ( "Prometheus S" )
$Arrival Location: Hyperspace
$Arrival Cue: ( false ) 
$Departure Location: Hyperspace
$Departure Cue: ( false ) 
$Determination: 10
+Flags: ( "cargo-known" )
+Flags2: ( )
+Respawn priority: 0
+Group: 0
+Use Table Score:
+Score: 10
+Persona Index: 5

$Name: Calrisan		;! Object #14
$Display Name: XSTR("Calrisan", 5499)
$Class: SC Rakshasa
$Team: Hostile
$Location: -10009.842773, 1097.545288, 12805.150391
$Orientation:
	0.179732, 0.029995, 0.983258,
	-0.005394, 0.999550, -0.029507,
	-0.983701, 0.000000, 0.179813
$AI Behavior: None
$AI Goals: ( goals ( ai-waypoints-once "Warpout Point" 50 ) )
$Cargo 1:  XSTR("Nothing", 13)
+Initial Velocity: 33
+Initial Hull: 100
+Initial Shields: 100
+Subsystem: Pilot
+Subsystem: turret01
+Subsystem: turret02
+Subsystem: turret03
+Subsystem: turret04
+Subsystem: turret05
+Subsystem: turret06
+Subsystem: turret07
+Subsystem: turret08
+Subsystem: turret09
+Subsystem: turret10
+Subsystem: turret11
+Subsystem: turret12
+Subsystem: turret13
+Subsystem: turret14
$Arrival Location: Hyperspace
$Arrival Cue: ( has-time-elapsed 13 ) 
$Departure Location: Hyperspace
$Departure Cue: ( are-waypoints-done-delay 
   "Calrisan" 
   "Warpout Point" 
   0 
)
$Determination: 10
+Flags: ( "no-shields" "escort" )
+Flags2: ( )
+Respawn priority: 0
+Escort priority: 2
+Orders Accepted: 0		;! note that this is a bitfield!!!
+Group: 0
+Use Table Score:
+Score: 300

$Name: Demoth		;! Object #15
$Display Name: XSTR("Demoth", 5500)
$Class: SC Lilith
$Team: Hostile
$Location: -16688.294922, -676.836609, 14319.335938
$Orientation:
	-0.425219, 0.000000, -0.905091,
	0.000000, 1.000000, 0.000000,
	0.905091, 0.000000, -0.425219
$AI Behavior: None
$AI Goals: ( goals ( ai-waypoints-once "Way Out There" 50 ) )
$Cargo 1:  XSTR("Nothing", 13)
+Initial Velocity: 33
+Initial Hull: 100
+Initial Shields: 100
+Subsystem: Pilot
+Subsystem: turret01
+Primary Banks: ( "Shivan Weak Turret Laser" )
+Subsystem: turret02
+Subsystem: turret03
+Subsystem: turret04
+Subsystem: turret05
+Subsystem: turret06
+Subsystem: turret07
+Primary Banks: ( "SRed" )
+Subsystem: turret08
+Sbank Ammo: ( 0 )
+Subsystem: turret09
+Sbank Ammo: ( 0 )
$Arrival Location: Hyperspace
$Arrival Cue: ( is-destroyed-delay 
   8 
   "Mephisto 01" 
   "Asmodeus 01" 
   "Asmodeus 02" 
   "Azrael 01" 
   "Calrisan" 
)
$Departure Location: Hyperspace
$Departure Cue: ( false ) 
$Determination: 10
+Flags: ( "no-shields" "escort" )
+Flags2: ( )
+Respawn priority: 0
+Escort priority: 2
+Orders Accepted: 0		;! note that this is a bitfield!!!
+Group: 0
+Use Table Score:
+Score: 210

$Name: Basil		;! Object #16
$Display Name: XSTR("Basil", 5501)
$Class: SC Rakshasa
$Team: Hostile
$Location: -17076.654297, -419.678650, 13986.643555
$Orientation:
	-0.416147, 0.000000, -0.909297,
	0.000000, 1.000000, 0.000000,
	0.909297, 0.000000, -0.416147
$AI Behavior: None
$AI Goals: ( goals ( ai-waypoints-once "Way Out There" 50 ) )
$Cargo 1:  XSTR("Nothing", 13)
+Initial Velocity: 33
+Initial Hull: 100
+Initial Shields: 100
+Subsystem: Pilot
+Subsystem: turret01
+Subsystem: turret02
+Subsystem: turret03
+Subsystem: turret04
+Subsystem: turret05
+Subsystem: turret06
+Subsystem: turret07
+Subsystem: turret08
+Subsystem: turret09
+Subsystem: turret10
+Subsystem: turret11
+Subsystem: turret12
+Subsystem: turret13
+Subsystem: turret14
$Arrival Location: Hyperspace
$Arrival Cue: ( has-arrived-delay 0 "Demoth" ) 
$Departure Location: Hyperspace
$Departure Cue: ( false ) 
$Determination: 10
+Flags: ( "no-shields" "escort" )
+Flags2: ( )
+Respawn priority: 0
+Escort priority: 2
+Orders Accepted: 0		;! note that this is a bitfield!!!
+Group: 0
+Use Table Score:
+Score: 300

$Name: Sagittarius 1		;! Object #17
$Display Name: XSTR("Sagittarius 1", 4833)
$Class: SF Mara
$Team: Hostile
$Location: -7687.942383, -12.479736, 11974.677734
$Orientation:
	0.999550, 0.029995, 0.000000,
	-0.029995, 0.999550, 0.000000,
	0.000000, 0.000000, 1.000000
$AI Behavior: None
$Cargo 1:  XSTR("Nothing", 13)
+Initial Velocity: 33
+Initial Hull: 100
+Subsystem: Pilot
$Arrival Location: Hyperspace
$Arrival Cue: ( false ) 
$Departure Location: Hyperspace
$Departure Cue: ( false ) 
$Determination: 10
+Flags: ( )
+Flags2: ( )
+Respawn priority: 0
+Orders Accepted: 0		;! note that this is a bitfield!!!
+Group: 0
+Use Table Score:
+Score: 12

$Name: Sagittarius 2		;! Object #18
$Display Name: XSTR("Sagittarius 2", 4834)
$Class: SF Mara
$Team: Hostile
$Location: -7628.234375, -13.281982, 11936.590820
$Orientation:
	0.999550, 0.029995, 0.000000,
	-0.029995, 0.999550, 0.000000,
	0.000000, 0.000000, 1.000000
$AI Behavior: None
$Cargo 1:  XSTR("Nothing", 13)
+Initial Velocity: 33
+Initial Hull: 100
+Subsystem: Pilot
$Arrival Location: Hyperspace
$Arrival Cue: ( false ) 
$Departure Location: Hyperspace
$Departure Cue: ( false ) 
$Determination: 10
+Flags: ( )
+Flags2: ( )
+Respawn priority: 0
+Orders Accepted: 0		;! note that this is a bitfield!!!
+Group: 0
+Use Table Score:
+Score: 12

$Name: Sagittarius 3		;! Object #19
$Display Name: XSTR("Sagittarius 3", 4835)
$Class: SF Mara
$Team: Hostile
$Location: -7749.171875, -15.134155, 11895.948242
$Orientation:
	0.999550, 0.029995, 0.000000,
	-0.029995, 0.999550, 0.000000,
	0.000000, 0.000000, 1.000000
$AI Behavior: None
$Cargo 1:  XSTR("Nothing", 13)
+Initial Velocity: 33
+Initial Hull: 100
+Subsystem: Pilot
$Arrival Location: Hyperspace
$Arrival Cue: ( false ) 
$Departure Location: Hyperspace
$Departure Cue: ( false ) 
$Determination: 10
+Flags: ( )
+Flags2: ( )
+Respawn priority: 0
+Orders Accepted: 0		;! note that this is a bitfield!!!
+Group: 0
+Use Table Score:
+Score: 12

$Name: Sagittarius 4		;! Object #20
$Display Name: XSTR("Sagittarius 4", 4836)
$Class: SF Mara
$Team: Hostile
$Location: -7653.656738, -15.327271, 11871.961914
$Orientation:
	0.999550, 0.029995, 0.000000,
	-0.029995, 0.999550, 0.000000,
	0.000000, 0.000000, 1.000000
$AI Behavior: None
$Cargo 1:  XSTR("Nothing", 13)
+Initial Velocity: 33
+Initial Hull: 100
+Subsystem: Pilot
$Arrival Location: Hyperspace
$Arrival Cue: ( false ) 
$Departure Location: Hyperspace
$Departure Cue: ( false ) 
$Determination: 10
+Flags: ( )
+Flags2: ( )
+Respawn priority: 0
+Orders Accepted: 0		;! note that this is a bitfield!!!
+Group: 0
+Use Table Score:
+Score: 12

$Name: Nethys		;! Object #21
$Display Name: XSTR("Nethys", 5488)
$Class: GVCv Sobek
$Team: Friendly
$Location: -12479.713867, -854.380493, 10563.271484
$Orientation:
	0.797803, 0.094854, -0.595412,
	-0.157855, 0.985961, -0.054443,
	0.581888, 0.137423, 0.801574
$AI Behavior: None
+AI Class: General
$AI Goals: ( goals ( ai-waypoints "Nethys Patrol" 50 ) )
$Cargo 1:  XSTR("Nothing", 13)
+Initial Velocity: 33
+Initial Hull: 100
+Initial Shields: 100
+Subsystem: Pilot
+Subsystem: turret01
+Subsystem: turret02
+Subsystem: turret03
+Subsystem: turret04
+Subsystem: turret05
+Subsystem: turret06
+Subsystem: turret07
+Subsystem: turret08
+Subsystem: turret09
+Subsystem: turret10
+Subsystem: turret11
+Subsystem: turret12
+Subsystem: turret13
+Subsystem: turret14
+Subsystem: turret15
+Subsystem: turret16
+Subsystem: turret17
+Subsystem: turret18
+Subsystem: turret19
+Subsystem: turret20
+Subsystem: turret21
+Subsystem: turret22
$Arrival Location: Hyperspace
$Arrival Cue: ( has-arrived-delay 15 "Demoth" ) 
$Departure Location: Hyperspace
$Departure Cue: ( false ) 
$Determination: 10
+Flags: ( "cargo-known" "no-shields" "escort" )
+Flags2: ( )
+Respawn priority: 0
+Escort priority: 0
+Orders Accepted: 0		;! note that this is a bitfield!!!
+Group: 0
+Use Table Score:
+Score: 400

$Name: Requelm		;! Object #22
$Display Name: XSTR("Requelm", 5502)
$Class: SD Demon
$Team: Hostile
$Location: -2843.516357, 1451.156006, 11962.957031
$Orientation:
	0.208519, 0.000000, 0.978018,
	0.041596, 0.999095, -0.008868,
	-0.977133, 0.042531, 0.208330
$AI Behavior: None
$AI Goals: ( goals ( ai-waypoints-once "Warpout Point" 50 ) )
$Cargo 1:  XSTR("Nothing", 13)
+Initial Velocity: 33
+Initial Hull: 100
+Initial Shields: 100
+Subsystem: Pilot
+Subsystem: turret01-base
+Subsystem: turret02-base
+Subsystem: turret03a-base
+Subsystem: turret04-base
+Primary Banks: ( "SRed" )
+Subsystem: turret05-base
+Primary Banks: ( "SRed" )
+Subsystem: turret06a-base
+Subsystem: turret07a-base
+Subsystem: turret08-base
+Primary Banks: ( "Shivan Turret Laser" )
+Subsystem: turret09-base
+Primary Banks: ( "Shivan Turret Laser" )
+Subsystem: turret10-base
+Subsystem: turret11-base
+Primary Banks: ( "Shivan Turret Laser" )
+Subsystem: turret12-base
+Primary Banks: ( "Shivan Turret Laser" )
+Subsystem: turret13-base
+Subsystem: turret14-base
+Subsystem: turret15-base
+Subsystem: turret16-base
+Subsystem: turret17-base
+Subsystem: turret18-base
+Subsystem: turret19-base
+Subsystem: turret20-base
+Subsystem: turret21-base
+Subsystem: turret22
+Sbank Ammo: ( 0 )
+Subsystem: turret23
+Sbank Ammo: ( 0 )
+Subsystem: turret24
+Sbank Ammo: ( 0 )
+Subsystem: turret25
+Sbank Ammo: ( 0 )
+Subsystem: turret26
+Sbank Ammo: ( 0 )
$Arrival Location: Hyperspace
$Arrival Cue: ( is-destroyed-delay 
   35 
   "Demoth" 
   "Basil" 
)
$Departure Location: Hyperspace
$Departure Cue: ( are-waypoints-done-delay 
   "Requelm" 
   "Warpout Point" 
   0 
)
$Determination: 10
+Flags: ( "no-shields" "escort" )
+Flags2: ( )
+Respawn priority: 0
+Escort priority: 2
+Orders Accepted: 0		;! note that this is a bitfield!!!
+Group: 0
+Use Table Score:
+Score: 840

$Name: Scorpio 1		;! Object #23
$Display Name: XSTR("Scorpio 1", 4747)
$Class: SF Astaroth
$Team: Hostile
$Location: -6989.176758, 53.445801, 14080.259766
$Orientation:
	-0.983115, 0.029995, -0.180515,
	0.029502, 0.999550, 0.005417,
	0.180596, 0.000000, -0.983557
$AI Behavior: None
$Cargo 1:  XSTR("Nothing", 13)
+Initial Velocity: 33
+Subsystem: Pilot
$Arrival Location: Hyperspace
$Arrival Cue: ( false ) 
$Departure Location: Hyperspace
$Departure Cue: ( false ) 
$Determination: 10
+Flags: ( )
+Flags2: ( )
+Respawn priority: 0
+Orders Accepted: 0		;! note that this is a bitfield!!!
+Group: 0
+Use Table Score:
+Score: 13

$Name: Scorpio 2		;! Object #24
$Display Name: XSTR("Scorpio 2", 4748)
$Class: SF Astaroth
$Team: Hostile
$Location: -7096.475586, 51.457520, 14032.523438
$Orientation:
	-0.983115, 0.029995, -0.180515,
	0.029502, 0.999550, 0.005417,
	0.180596, 0.000000, -0.983557
$AI Behavior: None
$Cargo 1:  XSTR("Nothing", 13)
+Initial Velocity: 33
+Subsystem: Pilot
$Arrival Location: Hyperspace
$Arrival Cue: ( false ) 
$Departure Location: Hyperspace
$Departure Cue: ( false ) 
$Determination: 10
+Flags: ( )
+Flags2: ( )
+Respawn priority: 0
+Orders Accepted: 0		;! note that this is a bitfield!!!
+Group: 0
+Use Table Score:
+Score: 13

$Name: Scorpio 3		;! Object #25
$Display Name: XSTR("Scorpio 3", 4749)
$Class: SF Astaroth
$Team: Hostile
$Location: -7107.349609, 54.992432, 14154.253906
$Orientation:
	-0.983115, 0.029995, -0.180515,
	0.029502, 0.999550, 0.005417,
	0.180596, 0.000000, -0.983557
$AI Behavior: None
$Cargo 1:  XSTR("Nothing", 13)
+Initial Velocity: 33
+Subsystem: Pilot
$Arrival Location: Hyperspace
$Arrival Cue: ( false ) 
$Departure Location: Hyperspace
$Departure Cue: ( false ) 
$Determination: 10
+Flags: ( )
+Flags2: ( )
+Respawn priority: 0
+Orders Accepted: 0		;! note that this is a bitfield!!!
+Group: 0
+Use Table Score:
+Score: 13

$Name: Scorpio 4		;! Object #26
$Display Name: XSTR("Scorpio 4", 4750)
$Class: SF Astaroth
$Team: Hostile
$Location: -7170.418457, 53.073730, 14100.773438
$Orientation:
	-0.983115, 0.029995, -0.180515,
	0.029502, 0.999550, 0.005417,
	0.180596, 0.000000, -0.983557
$AI Behavior: None
$Cargo 1:  XSTR("Nothing", 13)
+Initial Velocity: 33
+Subsystem: Pilot
$Arrival Location: Hyperspace
$Arrival Cue: ( false ) 
$Departure Location: Hyperspace
$Departure Cue: ( false ) 
$Determination: 10
+Flags: ( )
+Flags2: ( )
+Respawn priority: 0
+Orders Accepted: 0		;! note that this is a bitfield!!!
+Group: 0
+Use Table Score:
+Score: 13

$Name: Taurus 1		;! Object #27
$Display Name: XSTR("Taurus 1", 4743)
$Class: SF Basilisk
$Team: Hostile
$Location: -16372.206055, 402.778717, 14265.321289
$Orientation:
	-0.760079, 0.000000, -0.649831,
	0.032836, 0.998723, -0.038407,
	0.649001, -0.050530, -0.759108
$AI Behavior: None
$Cargo 1:  XSTR("Nothing", 13)
+Initial Velocity: 33
+Subsystem: Pilot
$Arrival Location: Hyperspace
$Arrival Cue: ( false ) 
$Departure Location: Hyperspace
$Departure Cue: ( false ) 
$Determination: 10
+Flags: ( )
+Flags2: ( )
+Respawn priority: 0
+Orders Accepted: 0		;! note that this is a bitfield!!!
+Group: 0
+Use Table Score:
+Score: 12

$Name: Taurus 2		;! Object #28
$Display Name: XSTR("Taurus 2", 4744)
$Class: SF Basilisk
$Team: Hostile
$Location: -16338.793945, 402.778717, 14125.739258
$Orientation:
	-0.753784, 0.000000, -0.657122,
	0.033827, 0.998674, -0.038803,
	0.656250, -0.051478, -0.752785
$AI Behavior: None
$Cargo 1:  XSTR("Nothing", 13)
+Initial Velocity: 33
+Subsystem: Pilot
$Arrival Location: Hyperspace
$Arrival Cue: ( false ) 
$Departure Location: Hyperspace
$Departure Cue: ( false ) 
$Determination: 10
+Flags: ( )
+Flags2: ( )
+Respawn priority: 0
+Orders Accepted: 0		;! note that this is a bitfield!!!
+Group: 0
+Use Table Score:
+Score: 12

$Name: Taurus 3		;! Object #29
$Display Name: XSTR("Taurus 3", 4745)
$Class: SF Basilisk
$Team: Hostile
$Location: -16494.064453, 402.778717, 14104.038086
$Orientation:
	-0.741083, 0.000000, -0.671414,
	0.034127, 0.998707, -0.037668,
	0.670546, -0.050828, -0.740125
$AI Behavior: None
$Cargo 1:  XSTR("Nothing", 13)
+Initial Velocity: 33
+Subsystem: Pilot
$Arrival Location: Hyperspace
$Arrival Cue: ( false ) 
$Departure Location: Hyperspace
$Departure Cue: ( false ) 
$Determination: 10
+Flags: ( )
+Flags2: ( )
+Respawn priority: 0
+Orders Accepted: 0		;! note that this is a bitfield!!!
+Group: 0
+Use Table Score:
+Score: 12

$Name: Taurus 4		;! Object #30
$Display Name: XSTR("Taurus 4", 4837)
$Class: SF Basilisk
$Team: Hostile
$Location: -16501.560547, 402.778717, 13858.744141
$Orientation:
	-0.723764, 0.000000, -0.690047,
	0.035986, 0.998639, -0.037744,
	0.689108, -0.052150, -0.722779
$AI Behavior: None
$Cargo 1:  XSTR("Nothing", 13)
+Initial Velocity: 33
+Subsystem: Pilot
$Arrival Location: Hyperspace
$Arrival Cue: ( false ) 
$Departure Location: Hyperspace
$Departure Cue: ( false ) 
$Determination: 10
+Flags: ( )
+Flags2: ( )
+Respawn priority: 0
+Orders Accepted: 0		;! note that this is a bitfield!!!
+Group: 0
+Use Table Score:
+Score: 12

$Name: Libra 1		;! Object #31
$Display Name: XSTR("Libra 1", 4665)
$Class: SF Aeshma
$Team: Hostile
$Location: -8162.200195, 725.400024, 11285.299805
$Orientation:
	0.126389, 0.000000, -0.991981,
	-0.133061, 0.990963, -0.016953,
	0.983016, 0.134137, 0.125247
$AI Behavior: None
$Cargo 1:  XSTR("Nothing", 13)
+Initial Velocity: 33
+Initial Hull: 100
+Subsystem: Pilot
$Arrival Location: Hyperspace
$Arrival Cue: ( false ) 
$Departure Location: Hyperspace
$Departure Cue: ( false ) 
$Determination: 10
+Flags: ( )
+Flags2: ( )
+Respawn priority: 0
+Orders Accepted: 0		;! note that this is a bitfield!!!
+Group: 0
+Use Table Score:
+Score: 12

$Name: Libra 2		;! Object #32
$Display Name: XSTR("Libra 2", 4666)
$Class: SF Aeshma
$Team: Hostile
$Location: -8150.582031, 725.400024, 11168.586914
$Orientation:
	0.148033, 0.000000, -0.988982,
	-0.132549, 0.990978, -0.019840,
	0.980060, 0.134026, 0.146697
$AI Behavior: None
$Cargo 1:  XSTR("Nothing", 13)
+Initial Velocity: 33
+Initial Hull: 100
+Subsystem: Pilot
$Arrival Location: Hyperspace
$Arrival Cue: ( false ) 
$Departure Location: Hyperspace
$Departure Cue: ( false ) 
$Determination: 10
+Flags: ( )
+Flags2: ( )
+Respawn priority: 0
+Orders Accepted: 0		;! note that this is a bitfield!!!
+Group: 0
+Use Table Score:
+Score: 12

$Name: Libra 3		;! Object #33
$Display Name: XSTR("Libra 3", 4667)
$Class: SF Aeshma
$Team: Hostile
$Location: -8392.208008, 725.400024, 11094.465820
$Orientation:
	0.154639, 0.000000, -0.987971,
	-0.126617, 0.991754, -0.019818,
	0.979824, 0.128159, 0.153364
$AI Behavior: None
$Cargo 1:  XSTR("Nothing", 13)
+Initial Velocity: 33
+Initial Hull: 100
+Subsystem: Pilot
$Arrival Location: Hyperspace
$Arrival Cue: ( false ) 
$Departure Location: Hyperspace
$Departure Cue: ( false ) 
$Determination: 10
+Flags: ( )
+Flags2: ( )
+Respawn priority: 0
+Orders Accepted: 0		;! note that this is a bitfield!!!
+Group: 0
+Use Table Score:
+Score: 12

$Name: Libra 4		;! Object #34
$Display Name: XSTR("Libra 4", 4668)
$Class: SF Aeshma
$Team: Hostile
$Location: -8377.627930, 725.400024, 10996.373047
$Orientation:
	0.172055, 0.000000, -0.985087,
	-0.126211, 0.991758, -0.022044,
	0.976969, 0.128122, 0.170637
$AI Behavior: None
$Cargo 1:  XSTR("Nothing", 13)
+Initial Velocity: 33
+Initial Hull: 100
+Subsystem: Pilot
$Arrival Location: Hyperspace
$Arrival Cue: ( false ) 
$Departure Location: Hyperspace
$Departure Cue: ( false ) 
$Determination: 10
+Flags: ( )
+Flags2: ( )
+Respawn priority: 0
+Orders Accepted: 0		;! note that this is a bitfield!!!
+Group: 0
+Use Table Score:
+Score: 12

$Name: Capricorn 1		;! Object #35
$Display Name: XSTR("Capricorn 1", 4839)
$Class: SF Manticore
$Team: Hostile
$Location: -4729.647461, -179.112961, 10312.001953
$Orientation:
	1.000000, 0.000000, 0.000000,
	0.000000, 1.000000, 0.000000,
	0.000000, 0.000000, 1.000000
$AI Behavior: None
$Cargo 1:  XSTR("Nothing", 13)
+Initial Velocity: 33
+Subsystem: Pilot
+Secondary Banks: ( "" "" )
$Arrival Location: Hyperspace
$Arrival Cue: ( false ) 
$Departure Location: Hyperspace
$Departure Cue: ( false ) 
$Determination: 10
+Flags: ( )
+Flags2: ( )
+Respawn priority: 0
+Orders Accepted: 0		;! note that this is a bitfield!!!
+Group: 0
+Use Table Score:
+Score: 12

$Name: Capricorn 2		;! Object #36
$Display Name: XSTR("Capricorn 2", 4840)
$Class: SF Manticore
$Team: Hostile
$Location: -4653.734375, -179.112946, 10239.393555
$Orientation:
	1.000000, 0.000000, 0.000000,
	0.000000, 1.000000, 0.000000,
	0.000000, 0.000000, 1.000000
$AI Behavior: None
$Cargo 1:  XSTR("Nothing", 13)
+Initial Velocity: 33
+Subsystem: Pilot
+Secondary Banks: ( "" "" )
$Arrival Location: Hyperspace
$Arrival Cue: ( false ) 
$Departure Location: Hyperspace
$Departure Cue: ( false ) 
$Determination: 10
+Flags: ( )
+Flags2: ( )
+Respawn priority: 0
+Orders Accepted: 0		;! note that this is a bitfield!!!
+Group: 0
+Use Table Score:
+Score: 12

$Name: Capricorn 3		;! Object #37
$Display Name: XSTR("Capricorn 3", 4841)
$Class: SF Manticore
$Team: Hostile
$Location: -4933.537109, -179.112961, 10203.497070
$Orientation:
	1.000000, 0.000000, 0.000000,
	0.000000, 1.000000, 0.000000,
	0.000000, 0.000000, 1.000000
$AI Behavior: None
$Cargo 1:  XSTR("Nothing", 13)
+Initial Velocity: 33
+Subsystem: Pilot
+Secondary Banks: ( "" "" )
$Arrival Location: Hyperspace
$Arrival Cue: ( false ) 
$Departure Location: Hyperspace
$Departure Cue: ( false ) 
$Determination: 10
+Flags: ( )
+Flags2: ( )
+Respawn priority: 0
+Orders Accepted: 0		;! note that this is a bitfield!!!
+Group: 0
+Use Table Score:
+Score: 12

$Name: Capricorn 4		;! Object #38
$Display Name: XSTR("Capricorn 4", 4842)
$Class: SF Manticore
$Team: Hostile
$Location: -4812.889648, -179.112961, 10099.091797
$Orientation:
	1.000000, 0.000000, 0.000000,
	0.000000, 1.000000, 0.000000,
	0.000000, 0.000000, 1.000000
$AI Behavior: None
$Cargo 1:  XSTR("Nothing", 13)
+Initial Velocity: 33
+Subsystem: Pilot
+Secondary Banks: ( "" "" )
$Arrival Location: Hyperspace
$Arrival Cue: ( false ) 
$Departure Location: Hyperspace
$Departure Cue: ( false ) 
$Determination: 10
+Flags: ( )
+Flags2: ( )
+Respawn priority: 0
+Orders Accepted: 0		;! note that this is a bitfield!!!
+Group: 0
+Use Table Score:
+Score: 12

$Name: Gamma 1		;! Object #39
$Display Name: XSTR("Gamma 1", 5437)
$Class: GVF Tauret
$Team: Friendly
$Location: -10578.633789, -0.001280, 10675.298828
$Orientation:
	1.000000, 0.000000, 0.000000,
	0.000000, 1.000000, 0.000000,
	0.000000, 0.000000, 1.000000
$AI Behavior: None
+AI Class: Colonel
$Cargo 1:  XSTR("Nothing", 13)
+Initial Hull: 100
+Subsystem: Pilot
+Primary Banks: ( "Mekhu HL-7" "Prometheus S" )
+Secondary Banks: ( "Rockeye" "Tornado" )
$Arrival Location: Hyperspace
$Arrival Cue: ( false ) 
$Departure Location: Hyperspace
$Departure Cue: ( false ) 
$Determination: 10
+Flags: ( "cargo-known" )
+Flags2: ( )
+Respawn priority: 0
+Group: 0
+Use Table Score:
+Score: 10

$Name: Gamma 2		;! Object #40
$Display Name: XSTR("Gamma 2", 5438)
$Class: GVF Tauret
$Team: Friendly
$Location: -10670.742188, -0.001281, 10536.598633
$Orientation:
	1.000000, 0.000000, 0.000000,
	0.000000, 1.000000, 0.000000,
	0.000000, 0.000000, 1.000000
$AI Behavior: None
+AI Class: Colonel
$Cargo 1:  XSTR("Nothing", 13)
+Initial Hull: 100
+Subsystem: Pilot
+Primary Banks: ( "Mekhu HL-7" "Prometheus S" )
+Secondary Banks: ( "Rockeye" "Tornado" )
$Arrival Location: Hyperspace
$Arrival Cue: ( false ) 
$Departure Location: Hyperspace
$Departure Cue: ( false ) 
$Determination: 10
+Flags: ( "cargo-known" )
