#Mission Info

$Version: 0.10
$Name:  XSTR("Premonitions", 4810)
$Author: Colin Czerneda
$Created: 11/06/99 at 11:29:08
$Modified: 08/06/20 at 13:44:57
$Notes:
This is a FRED created mission
$End Notes:

$Mission Desc:
 XSTR("Escort the transports and assist the Warlock!
", 4811)
$end_multi_text
+Game Type Flags: 1
+Flags: 0
+Fog Near Mult: 1.000000

+Fog Far Mult: 1.000000

+Disallow Support: 0
+Hull Repair Ceiling: 0.000000
+Subsystem Repair Ceiling: 100.000000

+Player Entry Delay:
1.000000

+Viewer pos: 1519.428589, 19082.812500, 4775.548828
+Viewer orient:
	-0.998236, -0.000000, 0.059379,
	-0.011724, 0.980315, -0.197092,
	-0.058210, -0.197440, -0.978585
+SquadReassignName: 322nd
+SquadReassignLogo: manta332.pcx

$Squadron wing names: ( "Alpha" "Delta" "Epsilon" "Kappa" "Phi" )

$Skybox Model: skybox_Regulus.pof

$AI Profile: FS2 RETAIL

#Sexp_variables

$Variables:
(
		0		"autoGenVar1"		"#Command"		"string"
)

#Command Briefing

#Briefing
$start_briefing
$num_stages: 5
$start_stage
$multi_text
 XSTR("We've nearly evacuated the Regulus system, and just in time.  A massive Shivan invasion force is right on the heels of our retreating transports and capital ships.  The last wave of warships is now leaving the system and heading into Sirius.", 4812)
$end_multi_text
$voice: e1m3_b1.ogg
$camera_pos: 1519.428589, 19082.812500, 4775.548828
$camera_orient:
	0.019338, 0.000000, 0.999813,
	-0.995467, 0.093134, 0.019254,
	-0.093117, -0.995654, 0.001801
$camera_time: 1000
$num_lines: 0
$num_icons: 3
$Flags: 0
$Formula: ( true ) 
$start_icon
$type: 33
$team: Friendly
$class: GTF Ulysses
$pos: 148.533188, -0.000754, -1290.686279
$label:  XSTR("Sirius", 4813)
+id: 6
$hlight: 0
$mirror: 0
$multi_text
$end_multi_text
$end_icon
$start_icon
$type: 18
$team: Friendly
$class: GTC Fenris
$pos: 2148.477539, -0.000219, 3740.273682
$label:  XSTR("Hyperion", 4814)
+id: 7
$hlight: 0
$mirror: 0
$multi_text
$end_multi_text
$end_icon
$start_icon
$type: 34
$team: Friendly
$class: GTT Argo
$pos: -750.461914, 0.000012, 3203.850586
$label:  XSTR("Transports", 4815)
+id: 8
$hlight: 0
$mirror: 0
$multi_text
$end_multi_text
$end_icon
$end_stage
$start_stage
$multi_text
 XSTR("Since the 12th Battlegroup and the GVD Tatenen have moved on to Sirius, we have little support in this operation and you will have to rely on your fellow pilots more than ever.  Our squadron's duty in this engagement is two-fold.", 4816)
$end_multi_text
$voice: e1m3_b2.ogg
$camera_pos: 1519.428589, 19082.812500, 4775.548828
$camera_orient:
	0.019338, 0.000000, 0.999813,
	-0.995467, 0.093134, 0.019254,
	-0.093117, -0.995654, 0.001801
$camera_time: 2000
$num_lines: 0
$num_icons: 4
$Flags: 0
$Formula: ( true ) 
$start_icon
$type: 33
$team: Friendly
$class: GTF Ulysses
$pos: 148.533188, -0.000754, -1290.686279
$label:  XSTR("Sirius", 4813)
+id: 6
$hlight: 0
$mirror: 0
$multi_text
$end_multi_text
$end_icon
$start_icon
$type: 18
$team: Friendly
$class: GTC Fenris
$pos: 2148.477539, -0.000219, 3740.273682
$label:  XSTR("Hyperion", 4814)
+id: 7
$hlight: 0
$mirror: 0
$multi_text
$end_multi_text
$end_icon
$start_icon
$type: 34
$team: Friendly
$class: GTT Argo
$pos: -750.461914, 0.000012, 3203.850586
$label:  XSTR("Transports", 4815)
+id: 8
$hlight: 0
$mirror: 0
$multi_text
$end_multi_text
$end_icon
$start_icon
$type: 1
$team: Friendly
$class: GTF Hercules Mark II
$pos: -4674.368164, -5.096274, -1146.318481
$label:  XSTR("Alpha", 4641)
+id: 9
$hlight: 1
$mirror: 0
$multi_text
$end_multi_text
$end_icon
$end_stage
$start_stage
$multi_text
 XSTR("First, the last wave of transports and cruisers requires an escort.  You will cover these forces until they have jumped through the node to safety.", 4817)
$end_multi_text
$voice: e1m3_b3.ogg
$camera_pos: -256.706207, 12931.458008, 2909.515625
$camera_orient:
	0.019338, 0.000000, 0.999813,
	-0.995467, 0.093134, 0.019254,
	-0.093117, -0.995654, 0.001801
$camera_time: 2500
$num_lines: 0
$num_icons: 4
$Flags: 0
$Formula: ( true ) 
$start_icon
$type: 33
$team: Friendly
$class: GTF Ulysses
$pos: 148.533188, -0.000754, -1290.686279
$label:  XSTR("Sirius", 4813)
+id: 6
$hlight: 0
$mirror: 0
$multi_text
$end_multi_text
$end_icon
$start_icon
$type: 18
$team: Friendly
$class: GTC Fenris
$pos: 2148.477539, -0.000219, 3740.273682
$label:  XSTR("Hyperion", 4814)
+id: 7
$hlight: 1
$mirror: 0
$multi_text
$end_multi_text
$end_icon
$start_icon
$type: 34
$team: Friendly
$class: GTT Argo
$pos: -750.461914, 0.000012, 3203.850586
$label:  XSTR("Transports", 4815)
+id: 8
$hlight: 1
$mirror: 0
$multi_text
$end_multi_text
$end_icon
$start_icon
$type: 1
$team: Friendly
$class: GTF Hercules Mark II
$pos: -4674.368164, -5.096274, -1146.318481
$label:  XSTR("Alpha", 4641)
+id: 9
$hlight: 0
$mirror: 0
$multi_text
$end_multi_text
$end_icon
$end_stage
$start_stage
$multi_text
 XSTR("Second, the GTD Warlock needs escort out of the system.  The Warlock is our base and is the last remaining Allied warship in the system.  We cannot afford to lose this vessel.", 4818)
$end_multi_text
$voice: e1m3_b4.ogg
$camera_pos: 1519.428589, 19082.812500, 4775.548828
$camera_orient:
	0.019338, 0.000000, 0.999813,
	-0.995467, 0.093134, 0.019254,
	-0.093117, -0.995654, 0.001801
$camera_time: 3000
$num_lines: 0
$num_icons: 3
$Flags: 0
$Formula: ( true ) 
$start_icon
$type: 33
$team: Friendly
$class: GTF Ulysses
$pos: 148.533188, -0.000754, -1290.686279
$label:  XSTR("Sirius", 4813)
+id: 6
$hlight: 0
$mirror: 0
$multi_text
$end_multi_text
$end_icon
$start_icon
$type: 1
$team: Friendly
$class: GTF Hercules Mark II
$pos: -4674.368164, -5.096274, -1146.318481
$label:  XSTR("Alpha", 4641)
+id: 9
$hlight: 0
$mirror: 0
$multi_text
$end_multi_text
$end_icon
$start_icon
$type: 6
$team: Friendly
$class: GTD Hecate
$pos: -1780.443848, 303.677032, 4839.373047
$label:  XSTR("Warlock", 4540)
+id: 10
$hlight: 1
$mirror: 1
$multi_text
$end_multi_text
$end_icon
$end_stage
$start_stage
$multi_text
 XSTR("We've pulled off escorts like this before, but be prepared - the Shivans will throw every last bomber they have at you and keep coming.  Keep your wits about you and make the 332nd proud!  Good luck to you all.", 4819)
$end_multi_text
$voice: e1m3_b5.ogg
$camera_pos: 1519.428589, 19082.812500, 4775.548828
$camera_orient:
	0.019338, 0.000000, 0.999813,
	-0.995467, 0.093134, 0.019254,
	-0.093117, -0.995654, 0.001801
$camera_time: 6500
$num_lines: 0
$num_icons: 3
$Flags: 0
$Formula: ( true ) 
$start_icon
$type: 33
$team: Friendly
$class: GTF Ulysses
$pos: 148.533188, -0.000754, -1290.686279
$label:  XSTR("Sirius", 4813)
+id: 6
$hlight: 0
$mirror: 0
$multi_text
$end_multi_text
$end_icon
$start_icon
$type: 1
$team: Friendly
$class: GTF Hercules Mark II
$pos: -4674.368164, -5.096274, -1146.318481
$label:  XSTR("Alpha", 4641)
+id: 9
$hlight: 0
$mirror: 0
$multi_text
$end_multi_text
$end_icon
$start_icon
$type: 6
$team: Friendly
$class: GTD Hecate
$pos: -769.146912, 303.677338, 2560.326172
$label:  XSTR("Warlock", 4540)
+id: 10
$hlight: 0
$mirror: 1
$multi_text
$end_multi_text
$end_icon
$end_stage
$end_briefing

#Debriefing_info

$Num stages: 4

$Formula: ( is-goal-true-delay 
   "Warlock Depart" 
   0 
)
$Multi text
    XSTR("Well done pilots.  Admiral Cole expresses his thanks for getting the Warlock through the jump node.

We have lost Regulus to the Shivans.  Allied Command is devising a counter-offensive operation, but it appears that even holding Sirius against the Shivans may be more than we're capable of.

I've recommended your transfer to the 108th Wraiths, one of the tactical bombing squadrons onboard the Warlock.  I'm sure you'll serve them well.", 4820)
$end_multi_text
$Voice: e1m3_db1.ogg
$Recommendation text:
    XSTR("", 3307)
$end_multi_text

$Formula: ( is-goal-true-delay "Tsports" 0 ) 
$Multi text
    XSTR("Getting those last transports out was great work and certainly above and beyond the call of duty.  The people on those transports owe you their lives.", 4821)
$end_multi_text
$Voice: e1m3_db2.ogg
$Recommendation text:
    XSTR("", 3307)
$end_multi_text

$Formula: ( and 
   ( is-event-false-delay "RTB Failed" 0 ) 
   ( is-event-false-delay "rtb" 0 ) 
)
$Multi text
    XSTR("You have been declared AWOL, pilot!  Jumping out before you are ordered to do so is grounds for immediate imprisonment.", 4648)
$end_multi_text
$Voice: e1m3_db3.ogg
$Recommendation text:
    XSTR("Do not depart until you are ordered to do so.", 4649)
$end_multi_text

$Formula: ( is-goal-false-delay 
   "Warlock Depart" 
   0 
)
$Multi text
    XSTR("With the loss of the GTD Warlock and most of her crew, the Alliance mourns at the loss of one of its greatest capital ships.

Admiral Cole went down with the ship giving some of his fellow officers precious time to escape.  We've effectively lost the fight for our home systems.  Once the Shivans' offensive mounts, there will be no stopping them.

You are dismissed.", 4822)
$end_multi_text
$Voice: e1m3_db4.ogg
$Recommendation text:
    XSTR("Defend the Warlock at all costs.  Shoot down incoming warheads and bombs and eliminate beam turrets on the strike cruisers.", 4823)
$end_multi_text

#Players		;! 1 total

$Starting Shipname: Alpha 1
$Ship Choices: (
	"GTF Myrmidon"	4
)

+Weaponry Pool: (
	"Subach HL-7"	24
	"Akheton SDG"	14
	"Morning Star"	14
	"Prometheus S"	26
	"Maxim"	12
	"Rockeye"	500
	"Tempest"	500
	"Hornet"	500
	"Tornado"	500
	"Harpoon"	628
	"Trebuchet"	552
)

#Objects		;! 65 total

$Name: Alpha 1		;! Object #0
$Display Name: XSTR("Alpha 1", 4531)
$Class: GTF Hercules Mark II
$Team: Friendly
$Location: 0.000000, 0.000000, 0.000000
$Orientation:
	0.998876, -0.036838, 0.029819,
	0.036757, 0.999319, 0.003245,
	-0.029919, -0.002146, 0.999550
$AI Behavior: None
$Cargo 1:  XSTR("Nothing", 13)
+Initial Velocity: 100
+Initial Hull: 100
+Subsystem: Pilot
+Primary Banks: ( "Subach HL-7" "Prometheus S" )
+Secondary Banks: ( "Harpoon" "Trebuchet" )
$Arrival Location: Hyperspace
$Arrival Cue: ( false ) 
$Departure Location: Hyperspace
$Departure Cue: ( false ) 
$Determination: 10
+Flags: ( "cargo-known" "player-start" )
+Flags2: ( )
+Respawn priority: 0
+Orders Accepted: 33023		;! note that this is a bitfield!!!
+Group: 0
+Score: 8

$Name: Alpha 2		;! Object #1
$Display Name: XSTR("Alpha 2", 4653)
$Class: GTF Hercules Mark II
$Team: Friendly
$Location: -50.602268, 1.969173, 108.568520
$Orientation:
	0.998876, -0.036838, 0.029819,
	0.036757, 0.999319, 0.003245,
	-0.029919, -0.002146, 0.999550
$AI Behavior: None
+AI Class: General
$Cargo 1:  XSTR("Nothing", 13)
+Initial Velocity: 33
+Initial Hull: 100
+Subsystem: Pilot
+Primary Banks: ( "Subach HL-7" "Prometheus S" )
+Secondary Banks: ( "Harpoon" "Trebuchet" )
$Arrival Location: Hyperspace
$Arrival Cue: ( false ) 
$Departure Location: Hyperspace
$Departure Cue: ( false ) 
$Determination: 10
+Flags: ( "cargo-known" )
+Flags2: ( )
+Respawn priority: 0
+Orders Accepted: 33023		;! note that this is a bitfield!!!
+Group: 0
+Use Table Score:
+Score: 12

$Name: Alpha 3		;! Object #2
$Display Name: XSTR("Alpha 3", 4654)
$Class: GTF Hercules Mark II
$Team: Friendly
$Location: 66.187447, -4.634670, 154.443573
$Orientation:
	0.998876, -0.036838, 0.029819,
	0.036757, 0.999319, 0.003245,
	-0.029919, -0.002146, 0.999550
$AI Behavior: None
+AI Class: General
$Cargo 1:  XSTR("Nothing", 13)
+Initial Velocity: 33
+Initial Hull: 100
+Subsystem: Pilot
+Primary Banks: ( "Subach HL-7" "Prometheus S" )
+Secondary Banks: ( "Harpoon" "Trebuchet" )
$Arrival Location: Hyperspace
$Arrival Cue: ( false ) 
$Departure Location: Hyperspace
$Departure Cue: ( false ) 
$Determination: 10
+Flags: ( "cargo-known" )
+Flags2: ( )
+Respawn priority: 0
+Orders Accepted: 33023		;! note that this is a bitfield!!!
+Group: 0
+Use Table Score:
+Score: 12

$Name: Alpha 4		;! Object #3
$Display Name: XSTR("Alpha 4", 4655)
$Class: GTF Hercules Mark II
$Team: Friendly
$Location: 99.570671, -12.161503, 260.481934
$Orientation:
	0.998876, -0.036838, 0.029819,
	0.036757, 0.999319, 0.003245,
	-0.029919, -0.002146, 0.999550
$AI Behavior: None
+AI Class: General
$Cargo 1:  XSTR("Nothing", 13)
+Initial Velocity: 33
+Initial Hull: 100
+Subsystem: Pilot
+Primary Banks: ( "Subach HL-7" "Prometheus S" )
+Secondary Banks: ( "Harpoon" "Trebuchet" )
$Arrival Location: Hyperspace
$Arrival Cue: ( false ) 
$Departure Location: Hyperspace
$Departure Cue: ( false ) 
$Determination: 10
+Flags: ( "cargo-known" )
+Flags2: ( )
+Respawn priority: 0
+Orders Accepted: 33023		;! note that this is a bitfield!!!
+Group: 0
+Use Table Score:
+Score: 12

$Name: Warlock		;! Object #4
$Display Name: XSTR("Warlock", 4540)
$Class: GTD Hecate
$Team: Friendly
$Location: -4087.300049, 303.678467, 9274.679688
$Orientation:
	-0.321743, -0.452886, -0.831490,
	-0.163435, 0.891568, -0.422369,
	0.932615, 0.000000, -0.360873
$AI Behavior: None
$Cargo 1:  XSTR("Nothing", 13)
+Initial Velocity: 33
+Initial Hull: 100
+Initial Shields: 100
+Subsystem: Pilot
+Subsystem: Turret01
+Subsystem: Turret02
+Subsystem: Turret03
+Subsystem: Turret04
+Subsystem: Turret05
+Subsystem: Turret06
+Subsystem: Turret07
+Subsystem: Turret08
+Subsystem: Turret09
+Subsystem: Turret10
+Subsystem: Turret11
+Subsystem: Turret12
+Subsystem: Turret13
+Subsystem: Turret14
+Subsystem: Turret15
+Subsystem: Turret16
+Subsystem: Turret17
+Subsystem: Turret18
+Subsystem: Turret19
+Subsystem: Turret20
+Subsystem: Turret21
+Subsystem: Turret22
+Subsystem: Turret23
+Subsystem: Turret24
+Subsystem: Turret25
+Subsystem: Turret26
+Subsystem: Turret27
$Arrival Location: Hyperspace
$Arrival Cue: ( has-time-elapsed 65 ) 
$Departure Location: Hyperspace
$Departure Cue: ( is-event-true-delay "warping now" 2 ) 
$Determination: 10
+Flags: ( "cargo-known" "no-shields" "escort" )
+Flags2: ( )
+Respawn priority: 0
+Escort priority: 5
+Orders Accepted: 0		;! note that this is a bitfield!!!
+Group: 0
+Use Table Score:
+Score: 1300
$Texture Replace:
+old: nameplate
+new: GTDWarlock

$Name: Sigma 1		;! Object #5
$Display Name: XSTR("Sigma 1", 4824)
$Class: GTT Argo
$Team: Friendly
$Location: 9.900000, -94.810181, 2607.300049
$Orientation:
	-0.999998, 0.000000, 0.002004,
	0.000000, 1.000000, 0.000000,
	-0.002004, 0.000000, -0.999998
$AI Behavior: None
$Cargo 1:  XSTR("Civilians", 4825)
+Initial Velocity: 33
+Initial Hull: 100
+Initial Shields: 100
+Subsystem: Pilot
+Subsystem: turret01
+Subsystem: turret02
$Arrival Location: Hyperspace
$Arrival Cue: ( false ) 
$Departure Location: Hyperspace
$Departure Cue: ( false ) 
$Determination: 10
+Flags: ( "cargo-known" "no-shields" "escort" )
+Flags2: ( )
+Respawn priority: 0
+Escort priority: 0
+Orders Accepted: 0		;! note that this is a bitfield!!!
+Group: 0
+Use Table Score:
+Score: 40

$Name: Sigma 2		;! Object #6
$Display Name: XSTR("Sigma 2", 4826)
$Class: GTT Argo
$Team: Friendly
$Location: 283.643219, -29.608141, 3246.666260
$Orientation:
	-0.998792, 0.000000, -0.049129,
	0.000000, 1.000000, 0.000000,
	0.049129, 0.000000, -0.998792
$AI Behavior: None
$Cargo 1:  XSTR("Civilians", 4825)
+Initial Velocity: 33
+Initial Hull: 100
+Initial Shields: 100
+Subsystem: Pilot
+Subsystem: turret01
+Subsystem: turret02
$Arrival Location: Hyperspace
$Arrival Cue: ( false ) 
$Departure Location: Hyperspace
$Departure Cue: ( false ) 
$Determination: 10
+Flags: ( "cargo-known" "no-shields" "escort" )
+Flags2: ( )
+Respawn priority: 0
+Escort priority: 0
+Orders Accepted: 0		;! note that this is a bitfield!!!
+Group: 0
+Use Table Score:
+Score: 40

$Name: Virgo 1		;! Object #7
$Display Name: XSTR("Virgo 1", 4827)
$Class: SB Nahema
$Team: Hostile
$Location: 1167.519043, 0.000039, 4458.479492
$Orientation:
	-0.967382, 0.000000, 0.253323,
	0.000000, 1.000000, 0.000000,
	-0.253323, 0.000000, -0.967382
$AI Behavior: None
$Cargo 1:  XSTR("Nothing", 13)
+Initial Velocity: 33
+Initial Hull: 100
+Subsystem: Pilot
+Secondary Banks: ( "" "" "" )
$Arrival Location: Hyperspace
$Arrival Cue: ( false ) 
$Departure Location: Hyperspace
$Departure Cue: ( false ) 
$Determination: 10
+Flags: ( "no-dynamic" )
+Flags2: ( )
+Respawn priority: 0
+Orders Accepted: 0		;! note that this is a bitfield!!!
+Group: 0
+Use Table Score:
+Score: 14

$Name: Virgo 2		;! Object #8
$Display Name: XSTR("Virgo 2", 4828)
$Class: SB Nahema
$Team: Hostile
$Location: 1169.279175, 0.000037, 4715.927246
$Orientation:
	-0.970611, 0.000000, 0.240656,
	0.000000, 1.000000, 0.000000,
	-0.240656, 0.000000, -0.970611
$AI Behavior: None
$Cargo 1:  XSTR("Nothing", 13)
+Initial Velocity: 33
+Initial Hull: 100
+Subsystem: Pilot
+Secondary Banks: ( "" "" "" )
$Arrival Location: Hyperspace
$Arrival Cue: ( false ) 
$Departure Location: Hyperspace
$Departure Cue: ( false ) 
$Determination: 10
+Flags: ( "no-dynamic" )
+Flags2: ( )
+Respawn priority: 0
+Orders Accepted: 0		;! note that this is a bitfield!!!
+Group: 0
+Use Table Score:
+Score: 14

$Name: Virgo 3		;! Object #9
$Display Name: XSTR("Virgo 3", 4829)
$Class: SB Nahema
$Team: Hostile
$Location: 1398.268799, 0.000010, 4690.111816
$Orientation:
	-0.958318, 0.000000, 0.285704,
	0.000000, 1.000000, 0.000000,
	-0.285704, 0.000000, -0.958318
$AI Behavior: None
$Cargo 1:  XSTR("Nothing", 13)
+Initial Velocity: 33
+Initial Hull: 100
+Subsystem: Pilot
+Secondary Banks: ( "" "" "" )
$Arrival Location: Hyperspace
$Arrival Cue: ( false ) 
$Departure Location: Hyperspace
$Departure Cue: ( false ) 
$Determination: 10
+Flags: ( "no-dynamic" )
+Flags2: ( )
+Respawn priority: 0
+Orders Accepted: 0		;! note that this is a bitfield!!!
+Group: 0
+Use Table Score:
+Score: 14

$Name: Virgo 4		;! Object #10
$Display Name: XSTR("Virgo 4", 4830)
$Class: SB Nahema
$Team: Hostile
$Location: 1427.977295, 0.000031, 4921.930176
$Orientation:
	-0.960397, 0.000000, 0.278636,
	0.000000, 1.000000, 0.000000,
	-0.278636, 0.000000, -0.960397
$AI Behavior: None
$Cargo 1:  XSTR("Nothing", 13)
+Initial Velocity: 33
+Initial Hull: 100
+Subsystem: Pilot
+Secondary Banks: ( "" "" "" )
$Arrival Location: Hyperspace
$Arrival Cue: ( false ) 
$Departure Location: Hyperspace
$Departure Cue: ( false ) 
$Determination: 10
+Flags: ( "no-dynamic" )
+Flags2: ( )
+Respawn priority: 0
+Orders Accepted: 0		;! note that this is a bitfield!!!
+Group: 0
+Use Table Score:
+Score: 14

$Name: Aries 1		;! Object #11
$Display Name: XSTR("Aries 1", 4656)
$Class: SF Mara
$Team: Hostile
$Location: 772.000000, 0.000000, 4678.799805
$Orientation:
	-0.986659, 0.000000, 0.162798,
	0.000000, 1.000000, 0.000000,
	-0.162798, 0.000000, -0.986659
$AI Behavior: None
$Cargo 1:  XSTR("Nothing", 13)
+Initial Velocity: 33
+Initial Hull: 100
+Subsystem: Pilot
+Secondary Banks: ( "" "" )
$Arrival Location: Hyperspace
$Arrival Cue: ( false ) 
$Departure Location: Hyperspace
$Departure Cue: ( false ) 
$Determination: 10
+Flags: ( )
+Flags2: ( )
+Respawn priority: 0
+Orders Accepted: 0		;! note that this is a bitfield!!!
+Group: 0
+Use Table Score:
+Score: 12

$Name: Aries 2		;! Object #12
$Display Name: XSTR("Aries 2", 4657)
$Class: SF Mara
$Team: Hostile
$Location: 738.866455, 0.000015, 4874.247559
$Orientation:
	-0.988705, 0.000000, 0.149874,
	0.000000, 1.000000, 0.000000,
	-0.149874, 0.000000, -0.988705
$AI Behavior: None
$Cargo 1:  XSTR("Nothing", 13)
+Initial Velocity: 33
+Initial Hull: 100
+Subsystem: Pilot
+Secondary Banks: ( "" "" )
$Arrival Location: Hyperspace
$Arrival Cue: ( false ) 
$Departure Location: Hyperspace
$Departure Cue: ( false ) 
$Determination: 10
+Flags: ( )
+Flags2: ( )
+Respawn priority: 0
+Orders Accepted: 0		;! note that this is a bitfield!!!
+Group: 0
+Use Table Score:
+Score: 12

$Name: Aries 3		;! Object #13
$Display Name: XSTR("Aries 3", 4658)
$Class: SF Mara
$Team: Hostile
$Location: 883.714722, 0.000030, 4857.996582
$Orientation:
	-0.983854, 0.000000, 0.178972,
	0.000000, 1.000000, 0.000000,
	-0.178972, 0.000000, -0.983854
$AI Behavior: None
$Cargo 1:  XSTR("Nothing", 13)
+Initial Velocity: 33
+Initial Hull: 100
+Subsystem: Pilot
+Secondary Banks: ( "" "" )
$Arrival Location: Hyperspace
$Arrival Cue: ( false ) 
$Departure Location: Hyperspace
$Departure Cue: ( false ) 
$Determination: 10
+Flags: ( )
+Flags2: ( )
+Respawn priority: 0
+Orders Accepted: 0		;! note that this is a bitfield!!!
+Group: 0
+Use Table Score:
+Score: 12

$Name: Geryon		;! Object #14
$Display Name: XSTR("Geryon", 4831)
$Class: SC Lilith
$Team: Hostile
$Location: -1502.635254, 1486.637451, -907.224670
$Orientation:
	1.000000, 0.000000, 0.000000,
	0.000000, 1.000000, 0.000000,
	0.000000, 0.000000, 1.000000
$AI Behavior: None
$AI Goals: ( goals ( ai-chase "Warlock" 50 ) )
$Cargo 1:  XSTR("Nothing", 13)
+Initial Velocity: 33
+Initial Hull: 100
+Initial Shields: 100
+Subsystem: Pilot
+Subsystem: turret01
+Primary Banks: ( "SRed" )
+Subsystem: turret02
+Subsystem: turret03
+Subsystem: turret04
+Subsystem: turret05
+Subsystem: turret06
+Subsystem: turret07
+Primary Banks: ( "SRed" )
+Subsystem: turret08
+Secondary Banks: ( "" )
+Sbank Ammo: ( 0 )
+Subsystem: turret09
+Secondary Banks: ( "" )
+Sbank Ammo: ( 0 )
$Arrival Location: Hyperspace
$Arrival Cue: ( has-time-elapsed 400 ) 
$Departure Location: Hyperspace
$Departure Cue: ( false ) 
$Determination: 10
+Flags: ( "no-shields" "escort" )
+Flags2: ( )
+Respawn priority: 0
+Escort priority: 1
+Orders Accepted: 0		;! note that this is a bitfield!!!
+Group: 0
+Use Table Score:
+Score: 210

$Name: Manasha		;! Object #15
$Display Name: XSTR("Manasha", 4832)
$Class: SC Lilith
$Team: Hostile
$Location: -744.778748, 564.874329, -964.328613
$Orientation:
	1.000000, 0.000000, 0.000000,
	0.000000, 1.000000, 0.000000,
	0.000000, 0.000000, 1.000000
$AI Behavior: None
$AI Goals: ( goals ( ai-chase "Warlock" 50 ) )
$Cargo 1:  XSTR("Nothing", 13)
+Initial Hull: 100
+Initial Shields: 100
+Subsystem: Pilot
+Subsystem: turret01
+Subsystem: turret02
+Subsystem: turret03
+Subsystem: turret04
+Subsystem: turret05
+Subsystem: turret06
+Subsystem: turret07
+Primary Banks: ( "SRed" )
+Subsystem: turret08
+Sbank Ammo: ( 0 )
+Subsystem: turret09
+Sbank Ammo: ( 0 )
$Arrival Location: Hyperspace
$Arrival Cue: ( has-arrived-delay 25 "Warlock" ) 
$Departure Location: Hyperspace
$Departure Cue: ( false ) 
$Determination: 10
+Flags: ( "no-shields" "escort" )
+Flags2: ( )
+Respawn priority: 0
+Escort priority: 1
+Orders Accepted: 0		;! note that this is a bitfield!!!
+Group: 0
+Score: 150

$Name: Sagittarius 1		;! Object #16
$Display Name: XSTR("Sagittarius 1", 4833)
$Class: SB Taurvi
$Team: Hostile
$Location: -2909.315430, -0.000296, 2911.478516
$Orientation:
	1.000000, 0.000000, 0.000000,
	0.000000, 1.000000, 0.000000,
	0.000000, 0.000000, 1.000000
$AI Behavior: None
$Cargo 1:  XSTR("Nothing", 13)
+Initial Velocity: 33
+Initial Hull: 100
+Subsystem: Pilot
+Secondary Banks: ( "" "" )
$Arrival Location: Hyperspace
$Arrival Cue: ( false ) 
$Departure Location: Hyperspace
$Departure Cue: ( false ) 
$Determination: 10
+Flags: ( "no-dynamic" )
+Flags2: ( )
+Respawn priority: 0
+Orders Accepted: 0		;! note that this is a bitfield!!!
+Group: 0
+Use Table Score:
+Score: 10

$Name: Sagittarius 2		;! Object #17
$Display Name: XSTR("Sagittarius 2", 4834)
$Class: SB Taurvi
$Team: Hostile
$Location: -3060.686035, -0.000304, 2772.229248
$Orientation:
	1.000000, 0.000000, 0.000000,
	0.000000, 1.000000, 0.000000,
	0.000000, 0.000000, 1.000000
$AI Behavior: None
$Cargo 1:  XSTR("Nothing", 13)
+Initial Velocity: 33
+Initial Hull: 100
+Subsystem: Pilot
+Secondary Banks: ( "" "" )
$Arrival Location: Hyperspace
$Arrival Cue: ( false ) 
$Departure Location: Hyperspace
$Departure Cue: ( false ) 
$Determination: 10
+Flags: ( "no-dynamic" )
+Flags2: ( )
+Respawn priority: 0
+Orders Accepted: 0		;! note that this is a bitfield!!!
+Group: 0
+Use Table Score:
+Score: 10

$Name: Sagittarius 3		;! Object #18
$Display Name: XSTR("Sagittarius 3", 4835)
$Class: SB Taurvi
$Team: Hostile
$Location: -2758.901611, -0.000302, 2736.472412
$Orientation:
	1.000000, 0.000000, 0.000000,
	0.000000, 1.000000, 0.000000,
	0.000000, 0.000000, 1.000000
$AI Behavior: None
$Cargo 1:  XSTR("Nothing", 13)
+Initial Velocity: 33
+Initial Hull: 100
+Subsystem: Pilot
+Secondary Banks: ( "" "" )
$Arrival Location: Hyperspace
$Arrival Cue: ( false ) 
$Departure Location: Hyperspace
$Departure Cue: ( false ) 
$Determination: 10
+Flags: ( "no-dynamic" )
+Flags2: ( )
+Respawn priority: 0
+Orders Accepted: 0		;! note that this is a bitfield!!!
+Group: 0
+Use Table Score:
+Score: 10

$Name: Sagittarius 4		;! Object #19
$Display Name: XSTR("Sagittarius 4", 4836)
$Class: SB Taurvi
$Team: Hostile
$Location: -2932.878174, -0.000307, 2648.500000
$Orientation:
	1.000000, 0.000000, 0.000000,
	0.000000, 1.000000, 0.000000,
	0.000000, 0.000000, 1.000000
$AI Behavior: None
$Cargo 1:  XSTR("Nothing", 13)
+Initial Velocity: 33
+Initial Hull: 100
+Subsystem: Pilot
+Secondary Banks: ( "" "" )
$Arrival Location: Hyperspace
$Arrival Cue: ( false ) 
$Departure Location: Hyperspace
$Departure Cue: ( false ) 
$Determination: 10
+Flags: ( "no-dynamic" )
+Flags2: ( )
+Respawn priority: 0
+Orders Accepted: 0		;! note that this is a bitfield!!!
+Group: 0
+Use Table Score:
+Score: 10

$Name: Taurus 1		;! Object #20
$Display Name: XSTR("Taurus 1", 4743)
$Class: SF Aeshma
$Team: Hostile
$Location: -867.222168, 497.330170, -798.330872
$Orientation:
	0.745174, -0.666870, 0.000000,
	0.666870, 0.745174, 0.000000,
	0.000000, 0.000000, 1.000000
$AI Behavior: None
+AI Class: Lieutenant
$Cargo 1:  XSTR("Nothing", 13)
+Initial Velocity: 33
+Initial Hull: 100
+Subsystem: Pilot
+Primary Banks: ( "Shivan Light Laser" "Shivan Heavy Laser" )
+Secondary Banks: ( "" )
$Arrival Location: Hyperspace
$Arrival Cue: ( false ) 
$Departure Location: Hyperspace
$Departure Cue: ( false ) 
$Determination: 10
+Flags: ( )
+Flags2: ( )
+Respawn priority: 0
+Orders Accepted: 0		;! note that this is a bitfield!!!
+Group: 0
+Use Table Score:
+Score: 12

$Name: Taurus 2		;! Object #21
$Display Name: XSTR("Taurus 2", 4744)
$Class: SF Aeshma
$Team: Hostile
$Location: -918.276917, 543.019897, -872.089966
$Orientation:
	0.745174, -0.666870, 0.000000,
	0.666870, 0.745174, 0.000000,
	0.000000, 0.000000, 1.000000
$AI Behavior: None
+AI Class: Lieutenant
$Cargo 1:  XSTR("Nothing", 13)
+Initial Velocity: 33
+Initial Hull: 100
+Subsystem: Pilot
+Primary Banks: ( "Shivan Light Laser" "Shivan Heavy Laser" )
+Secondary Banks: ( "" )
$Arrival Location: Hyperspace
$Arrival Cue: ( false ) 
$Departure Location: Hyperspace
$Departure Cue: ( false ) 
$Determination: 10
+Flags: ( )
+Flags2: ( )
+Respawn priority: 0
+Orders Accepted: 0		;! note that this is a bitfield!!!
+Group: 0
+Use Table Score:
+Score: 12

$Name: Taurus 3		;! Object #22
$Display Name: XSTR("Taurus 3", 4745)
$Class: SF Aeshma
$Team: Hostile
$Location: -796.512207, 434.050537, -884.197998
$Orientation:
	0.745174, -0.666870, 0.000000,
	0.666870, 0.745174, 0.000000,
	0.000000, 0.000000, 1.000000
$AI Behavior: None
+AI Class: Lieutenant
$Cargo 1:  XSTR("Nothing", 13)
+Initial Velocity: 33
+Initial Hull: 100
+Subsystem: Pilot
+Primary Banks: ( "Shivan Light Laser" "Shivan Heavy Laser" )
+Secondary Banks: ( "" )
$Arrival Location: Hyperspace
$Arrival Cue: ( false ) 
$Departure Location: Hyperspace
$Departure Cue: ( false ) 
$Determination: 10
+Flags: ( )
+Flags2: ( )
+Respawn priority: 0
+Orders Accepted: 0		;! note that this is a bitfield!!!
+Group: 0
+Use Table Score:
+Score: 12

$Name: Taurus 4		;! Object #23
$Display Name: XSTR("Taurus 4", 4837)
$Class: SF Aeshma
$Team: Hostile
$Location: -848.297791, 480.394379, -980.524292
$Orientation:
	0.745174, -0.666870, 0.000000,
	0.666870, 0.745174, 0.000000,
	0.000000, 0.000000, 1.000000
$AI Behavior: None
+AI Class: Lieutenant
$Cargo 1:  XSTR("Nothing", 13)
+Initial Velocity: 33
+Initial Hull: 100
+Subsystem: Pilot
+Primary Banks: ( "Shivan Light Laser" "Shivan Heavy Laser" )
+Secondary Banks: ( "" )
$Arrival Location: Hyperspace
$Arrival Cue: ( false ) 
$Departure Location: Hyperspace
$Departure Cue: ( false ) 
$Determination: 10
+Flags: ( )
+Flags2: ( )
+Respawn priority: 0
+Orders Accepted: 0		;! note that this is a bitfield!!!
+Group: 0
+Use Table Score:
+Score: 12

$Name: Epsilon 1		;! Object #24
$Display Name: XSTR("Epsilon 1", 4761)
$Class: GTF Hercules Mark II
$Team: Friendly
$Location: -487.799988, 0.000000, 3268.600098
$Orientation:
	-0.989047, 0.000000, -0.147604,
	0.000000, 1.000000, 0.000000,
	0.147604, 0.000000, -0.989047
$AI Behavior: None
$Cargo 1:  XSTR("Nothing", 13)
+Initial Hull: 100
+Subsystem: Pilot
+Primary Banks: ( "Morning Star" "Prometheus S" )
+Secondary Banks: ( "Harpoon" "Tornado" )
$Arrival Location: Hyperspace
$Arrival Cue: ( false ) 
$Departure Location: Hyperspace
$Departure Cue: ( false ) 
$Determination: 10
+Flags: ( "cargo-known" )
+Flags2: ( )
+Respawn priority: 0
+Orders Accepted: 33023		;! note that this is a bitfield!!!
+Group: 0
+Use Table Score:
+Score: 12

$Name: Epsilon 2		;! Object #25
$Display Name: XSTR("Epsilon 2", 4762)
$Class: GTF Hercules Mark II
$Team: Friendly
$Location: -398.544373, 0.000012, 3348.695068
$Orientation:
	-0.992992, 0.000000, -0.118181,
	0.000000, 1.000000, 0.000000,
	0.118181, 0.000000, -0.992992
$AI Behavior: None
$Cargo 1:  XSTR("Nothing", 13)
+Initial Hull: 100
+Subsystem: Pilot
+Primary Banks: ( "Morning Star" "Prometheus S" )
+Secondary Banks: ( "Harpoon" "Tornado" )
$Arrival Location: Hyperspace
$Arrival Cue: ( false ) 
$Departure Location: Hyperspace
$Departure Cue: ( false ) 
$Determination: 10
+Flags: ( "cargo-known" )
+Flags2: ( )
+Respawn priority: 0
+Orders Accepted: 33023		;! note that this is a bitfield!!!
+Group: 0
+Use Table Score:
+Score: 12

$Name: Epsilon 3		;! Object #26
$Display Name: XSTR("Epsilon 3", 4763)
$Class: GTF Hercules Mark II
$Team: Friendly
$Location: -564.085999, 0.000005, 3346.989990
$Orientation:
	-0.986093, 0.000000, -0.166192,
	0.000000, 1.000000, 0.000000,
	0.166192, 0.000000, -0.986093
$AI Behavior: None
$Cargo 1:  XSTR("Nothing", 13)
+Initial Hull: 100
+Subsystem: Pilot
+Primary Banks: ( "Morning Star" "Prometheus S" )
+Secondary Banks: ( "Harpoon" "Tornado" )
$Arrival Location: Hyperspace
$Arrival Cue: ( false ) 
$Departure Location: Hyperspace
$Departure Cue: ( false ) 
$Determination: 10
+Flags: ( "cargo-known" )
+Flags2: ( )
+Respawn priority: 0
+Orders Accepted: 33023		;! note that this is a bitfield!!!
+Group: 0
+Use Table Score:
+Score: 12

$Name: Epsilon 4		;! Object #27
$Display Name: XSTR("Epsilon 4", 4764)
$Class: GTF Hercules Mark II
$Team: Friendly
$Location: -474.081116, 0.000068, 3405.438477
$Orientation:
	-0.990448, 0.000000, -0.137883,
	0.000000, 1.000000, 0.000000,
	0.137883, 0.000000, -0.990448
$AI Behavior: None
$Cargo 1:  XSTR("Nothing", 13)
+Initial Hull: 100
+Subsystem: Pilot
+Primary Banks: ( "Morning Star" "Prometheus S" )
+Secondary Banks: ( "Harpoon" "Tornado" )
$Arrival Location: Hyperspace
$Arrival Cue: ( false ) 
$Departure Location: Hyperspace
$Departure Cue: ( false ) 
$Determination: 10
+Flags: ( "cargo-known" )
+Flags2: ( )
+Respawn priority: 0
+Orders Accepted: 33023		;! note that this is a bitfield!!!
+Group: 0
+Use Table Score:
+Score: 12

$Name: Taurus 5		;! Object #28
$Display Name: XSTR("Taurus 5", 4838)
$Class: SF Aeshma
$Team: Hostile
$Location: -928.931458, 552.554932, -1041.836792
$Orientation:
	0.745174, -0.666870, 0.000000,
	0.666870, 0.745174, 0.000000,
	0.000000, 0.000000, 1.000000
$AI Behavior: None
+AI Class: Lieutenant
$Cargo 1:  XSTR("Nothing", 13)
+Initial Velocity: 33
+Initial Hull: 100
+Subsystem: Pilot
+Primary Banks: ( "Shivan Light Laser" "Shivan Heavy Laser" )
+Secondary Banks: ( "" )
$Arrival Location: Hyperspace
$Arrival Cue: ( false ) 
$Departure Location: Hyperspace
$Departure Cue: ( false ) 
$Determination: 10
+Flags: ( )
+Flags2: ( )
+Respawn priority: 0
+Orders Accepted: 0		;! note that this is a bitfield!!!
+Group: 0
+Use Table Score:
+Score: 12

$Name: Capricorn 1		;! Object #29
$Display Name: XSTR("Capricorn 1", 4839)
$Class: SB Seraphim
$Team: Hostile
$Location: 2541.300049, 0.000000, 1560.400024
$Orientation:
	0.690950, 0.000000, 0.722902,
	0.026621, 0.999322, -0.025444,
	-0.722412, 0.036825, 0.690482
$AI Behavior: None
$Cargo 1:  XSTR("Nothing", 13)
+Initial Velocity: 33
+Initial Hull: 100
+Subsystem: Pilot
+Secondary Banks: ( "" "" "" "" )
+Subsystem: turret01
+Subsystem: turret02
$Arrival Location: Hyperspace
$Arrival Cue: ( false ) 
$Departure Location: Hyperspace
$Departure Cue: ( false ) 
$Determination: 10
+Flags: ( "no-dynamic" )
+Flags2: ( )
+Respawn priority: 0
+Orders Accepted: 0		;! note that this is a bitfield!!!
+Group: 0
+Use Table Score:
+Score: 16

$Name: Capricorn 2		;! Object #30
$Display Name: XSTR("Capricorn 2", 4840)
$Class: SB Seraphim
$Team: Hostile
$Location: 2637.205566, 0.000003, 1260.334961
$Orientation:
	0.703626, 0.000000, 0.710570,
	0.025314, 0.999365, -0.025067,
	-0.710119, 0.035625, 0.703180
$AI Behavior: None
$Cargo 1:  XSTR("Nothing", 13)
+Initial Velocity: 33
+Initial Hull: 100
+Subsystem: Pilot
+Secondary Banks: ( "" "" "" "" )
+Subsystem: turret01
+Subsystem: turret02
$Arrival Location: Hyperspace
$Arrival Cue: ( false ) 
$Departure Location: Hyperspace
$Departure Cue: ( false ) 
$Determination: 10
+Flags: ( "no-dynamic" )
+Flags2: ( )
+Respawn priority: 0
+Orders Accepted: 0		;! note that this is a bitfield!!!
+Group: 0
+Use Table Score:
+Score: 16

$Name: Capricorn 3		;! Object #31
$Display Name: XSTR("Capricorn 3", 4841)
$Class: SB Seraphim
$Team: Hostile
$Location: 2824.622803, -0.000008, 1689.801392
$Orientation:
	0.665524, 0.000000, 0.746377,
	0.027090, 0.999341, -0.024156,
	-0.745885, 0.036296, 0.665085
$AI Behavior: None
$Cargo 1:  XSTR("Nothing", 13)
+Initial Velocity: 33
+Initial Hull: 100
+Subsystem: Pilot
+Secondary Banks: ( "" "" "" "" )
+Subsystem: turret01
+Subsystem: turret02
$Arrival Location: Hyperspace
$Arrival Cue: ( false ) 
$Departure Location: Hyperspace
$Departure Cue: ( false ) 
$Determination: 10
+Flags: ( "no-dynamic" )
+Flags2: ( )
+Respawn priority: 0
+Orders Accepted: 0		;! note that this is a bitfield!!!
+Group: 0
+Use Table Score:
+Score: 16

$Name: Capricorn 4		;! Object #32
$Display Name: XSTR("Capricorn 4", 4842)
$Class: SB Seraphim
$Team: Hostile
$Location: 2798.107178, -0.000017, 1398.954712
$Orientation:
	0.685791, 0.000000, 0.727799,
	0.025869, 0.999368, -0.024376,
	-0.727339, 0.035544, 0.685358
$AI Behavior: None
$Cargo 1:  XSTR("Nothing", 13)
+Initial Velocity: 33
+Initial Hull: 100
+Subsystem: Pilot
+Secondary Banks: ( "" "" "" "" )
+Subsystem: turret01
+Subsystem: turret02
$Arrival Location: Hyperspace
$Arrival Cue: ( false ) 
$Departure Location: Hyperspace
$Departure Cue: ( false ) 
$Determination: 10
+Flags: ( "no-dynamic" )
+Flags2: ( )
+Respawn priority: 0
+Orders Accepted: 0		;! note that this is a bitfield!!!
+Group: 0
+Use Table Score:
+Score: 16

$Name: Phi 1		;! Object #33
$Display Name: XSTR("Phi 1", 4843)
$Class: GVF Serapis
$Team: Friendly
$Location: 164.899994, 75.440628, 2438.699951
$Orientation:
	-0.997722, 0.000000, 0.067464,
	0.000000, 1.000000, 0.000000,
	-0.067464, 0.000000, -0.997722
$AI Behavior: None
+AI Class: Major
$Cargo 1:  XSTR("Nothing", 13)
+Initial Hull: 100
+Subsystem: Pilot
+Primary Banks: ( "Mekhu HL-7" "Mekhu HL-7" )
+Secondary Banks: ( "Harpoon" "Tempest" )
$Arrival Location: Hyperspace
$Arrival Cue: ( false ) 
$Departure Location: Hyperspace
$Departure Cue: ( false ) 
$Determination: 10
+Flags: ( "cargo-known" )
+Flags2: ( )
+Respawn priority: 0
+Orders Accepted: 33023		;! note that this is a bitfield!!!
+Group: 0
+Score: 10

$Name: Phi 2		;! Object #34
$Display Name: XSTR("Phi 2", 4844)
$Class: GVF Serapis
$Team: Friendly
$Location: 209.876251, 75.440613, 2715.852783
$Orientation:
	-0.996511, 0.000000, 0.083467,
	0.000000, 1.000000, 0.000000,
	-0.083467, 0.000000, -0.996511
$AI Behavior: None
+AI Class: Major
$Cargo 1:  XSTR("Nothing", 13)
+Initial Hull: 100
+Subsystem: Pilot
+Primary Banks: ( "Mekhu HL-7" "Mekhu HL-7" )
+Secondary Banks: ( "Harpoon" "Tempest" )
$Arrival Location: Hyperspace
$Arrival Cue: ( false ) 
$Departure Location: Hyperspace
$Departure Cue: ( false ) 
$Determination: 10
+Flags: ( "cargo-known" )
+Flags2: ( )
+Respawn priority: 0
+Orders Accepted: 33023		;! note that this is a bitfield!!!
+Group: 0
+Score: 10

$Name: Revial		;! Object #35
$Display Name: XSTR("Revial", 4746)
$Class: SD Ravana
$Team: Hostile
$Location: -66.976524, 1253.048462, 7418.092285
$Orientation:
	-0.999706, 0.000000, -0.024247,
	0.000000, 1.000000, 0.000000,
	0.024247, 0.000000, -0.999706
$AI Behavior: None
$Cargo 1:  XSTR("Nothing", 13)
+Initial Hull: 100
+Initial Shields: 100
+Subsystem: Pilot
+Subsystem: Turret01
+Subsystem: Turret02
+Subsystem: Turret03
+Subsystem: Turret04
+Subsystem: Turret05
+Subsystem: Turret06
+Subsystem: Turret07
+Subsystem: Turret08
+Subsystem: Turret09
+Subsystem: Turret10
+Subsystem: Turret11
+Subsystem: Turret12
+Subsystem: Turret13
+Subsystem: Turret14
+Subsystem: Turret15
+Subsystem: Turret16
+Subsystem: Turret17
+Subsystem: Turret18
+Subsystem: Turret19
+Subsystem: Turret20
+Subsystem: Turret21
+Subsystem: Turret22
+Subsystem: Turret23
+Subsystem: Turret24
+Subsystem: Turret25
+Subsystem: Turret26
+Subsystem: Turret27
+Subsystem: Turret28
+Subsystem: Turret29
+Subsystem: Turret30
$Arrival Location: Hyperspace
$Arrival Cue: ( has-departed-delay 32 "Warlock" ) 
$Departure Location: Hyperspace
$Departure Cue: ( false ) 
$Determination: 10
+Flags: ( "no-shields" )
+Flags2: ( )
+Respawn priority: 0
+Orders Accepted: 0		;! note that this is a bitfield!!!
+Group: 0
+Score: 840

$Name: Scorpio 1		;! Object #36
$Display Name: XSTR("Scorpio 1", 4747)
$Class: SB Nephilim
$Team: Hostile
$Location: 2424.975342, -0.000507, 256.483093
$Orientation:
	1.000000, 0.000000, 0.000000,
	0.000000, 1.000000, 0.000000,
	0.000000, 0.000000, 1.000000
$AI Behavior: None
$Cargo 1:  XSTR("Nothing", 13)
+Initial Velocity: 33
+Initial Hull: 100
+Subsystem: Pilot
+Secondary Banks: ( "" "" "" "" )
+Subsystem: turret01
+Subsystem: turret02
$Arrival Location: Hyperspace
$Arrival Cue: ( false ) 
$Departure Location: Hyperspace
$Departure Cue: ( false ) 
$Determination: 10
+Flags: ( )
+Flags2: ( )
+Respawn priority: 0
+Orders Accepted: 0		;! note that this is a bitfield!!!
+Group: 0
+Use Table Score:
+Score: 11

$Name: Scorpio 2		;! Object #37
$Display Name: XSTR("Scorpio 2", 4748)
$Class: SB Nephilim
$Team: Hostile
$Location: 2569.857422, -0.000452, 155.278946
$Orientation:
	1.000000, 0.000000, 0.000000,
	0.000000, 1.000000, 0.000000,
	0.000000, 0.000000, 1.000000
$AI Behavior: None
$Cargo 1:  XSTR("Nothing", 13)
+Initial Velocity: 33
+Initial Hull: 100
+Subsystem: Pilot
+Secondary Banks: ( "" "" "" "" )
+Subsystem: turret01
+Subsystem: turret02
$Arrival Location: Hyperspace
$Arrival Cue: ( false ) 
$Departure Location: Hyperspace
$Departure Cue: ( false ) 
$Determination: 10
+Flags: ( )
+Flags2: ( )
+Respawn priority: 0
+Orders Accepted: 0		;! note that this is a bitfield!!!
+Group: 0
+Use Table Score:
+Score: 11

$Name: Scorpio 3		;! Object #38
$Display Name: XSTR("Scorpio 3", 4749)
$Class: SB Nephilim
$Team: Hostile
$Location: 2323.753662, -0.000460, 37.379238
$Orientation:
	1.000000, 0.000000, 0.000000,
	0.000000, 1.000000, 0.000000,
	0.000000, 0.000000, 1.000000
$AI Behavior: None
$Cargo 1:  XSTR("Nothing", 13)
+Initial Velocity: 33
+Initial Hull: 100
+Subsystem: Pilot
+Secondary Banks: ( "" "" "" "" )
+Subsystem: turret01
+Subsystem: turret02
$Arrival Location: Hyperspace
$Arrival Cue: ( false ) 
$Departure Location: Hyperspace
$Departure Cue: ( false ) 
$Determination: 10
+Flags: ( )
+Flags2: ( )
+Respawn priority: 0
+Orders Accepted: 0		;! note that this is a bitfield!!!
+Group: 0
+Use Table Score:
+Score: 11

$Name: Scorpio 4		;! Object #39
$Display Name: XSTR("Scorpio 4", 4750)
$Class: SB Nephilim
$Team: Hostile
$Location: 2514.507813, -0.000412, -27.833612
$Orientation:
	1.000000, 0.000000, 0.000000,
	0.000000, 1.000000, 0.000000,
	0.000000, 0.000000, 1.000000
$AI Behavior: None
$Cargo 1:  XSTR("Nothing", 13)
+Initial Velocity: 33
+Initial Hull: 100
+Subsystem: Pilot
+Secondary Banks: ( "" "" "" "" )
+Subsystem: turret01
+Subsystem: turret02
$Arrival Location: Hyperspace
