#Mission Info

$Version: 0.10
$Name:  XSTR("Tip of the Spear", 5706)
$Author: Colin Czerneda
$Created: 11/27/99 at 09:44:18
$Modified: 08/06/20 at 10:24:41
$Notes:
This is a FRED created mission
$End Notes:

$Mission Desc:
 XSTR("Clear the node of hostiles.", 5707)
$end_multi_text
+Game Type Flags: 1
+Flags: 0
+Fog Near Mult: 1.000000

+Fog Far Mult: 1.000000

+Disallow Support: 1
+Hull Repair Ceiling: 0.000000
+Subsystem Repair Ceiling: 100.000000

+Player Entry Delay:
1.000000

+Viewer pos: -6208.372070, 18043.869141, -1573.103516
+Viewer orient:
	0.991284, -0.000001, -0.131746,
	-0.022146, 0.985770, -0.166636,
	0.129871, 0.168101, 0.977177
+SquadReassignName: 125th
+SquadReassignLogo: 125vasudan.pcx


$Skybox Model: skybox_KausBorealis.pof
+Skybox Orientation:
	0.819152, 0.000000, -0.573576,
	0.000000, 1.000000, 0.000000,
	0.573576, -0.000000, 0.819152

$AI Profile: FS2 RETAIL

#Sexp_variables

$Variables:
(
		0		"autoGenVar1"		"#Command"		"string"
)

#Command Briefing

#Briefing
$start_briefing
$num_stages: 4
$start_stage
$multi_text
 XSTR("The Shivans have ceased their offensive.  We now control both jump nodes in the Mintaka nebula and we are expanding Allied control into the system beyond, called Kaus Borealis.", 5708)
$end_multi_text
$voice: e2m6_b1.ogg
$camera_pos: -6208.372070, 18043.869141, -1573.103516
$camera_orient:
	-0.005501, 0.000000, -0.999985,
	0.939365, 0.342880, -0.005168,
	0.342875, -0.939379, -0.001886
$camera_time: 1000
$num_lines: 0
$num_icons: 1
$Flags: 0
$Formula: ( true ) 
$start_icon
$type: 33
$team: Hostile
$class: GTF Ulysses
$pos: 67.935226, 0.000295, -231.186600
$label:  XSTR("Kaus Borealis", 5709)
+id: 1
$hlight: 1
$mirror: 0
$multi_text
$end_multi_text
$end_icon
$end_stage
$start_stage
$multi_text
 XSTR("The Tatenen will lead the vanguard force into the Kaus Borealis system.  Our objectives are to push as far into the system as possible so that Admiral Russik may search for the Vidar's missing components.", 5710)
$end_multi_text
$voice: e2m6_b2.ogg
$camera_pos: -6208.372070, 18043.869141, -1573.103516
$camera_orient:
	-0.005502, 0.000000, -0.999985,
	0.939365, 0.342880, -0.005168,
	0.342875, -0.939379, -0.001886
$camera_time: 1800
$num_lines: 0
$num_icons: 2
$Flags: 0
$Formula: ( true ) 
$start_icon
$type: 33
$team: Hostile
$class: GTF Ulysses
$pos: 67.935226, 0.000295, -231.186600
$label:  XSTR("Kaus Borealis", 5709)
+id: 1
$hlight: 0
$mirror: 0
$multi_text
$end_multi_text
$end_icon
$start_icon
$type: 6
$team: Friendly
$class: GVD Hatshepsut
$pos: 525.977966, -1174.414063, -5360.265137
$label:  XSTR("Tatenen", 4826)
+id: 12
$hlight: 1
$mirror: 0
$multi_text
$end_multi_text
$end_icon
$end_stage
$start_stage
$multi_text
 XSTR("Our squadron will lead the assault against Shivan positions on this side of the node.  Limited recon reports that Shivan defenses are significant, but the arrival of your wing and the Tatenen should clear a path.", 5711)
$end_multi_text
$voice: e2m6_b3.ogg
$camera_pos: -6562.753418, 17921.697266, -5146.467285
$camera_orient:
	-0.005501, 0.000000, -0.999985,
	0.939365, 0.342880, -0.005168,
	0.342875, -0.939379, -0.001886
$camera_time: 2000
$num_lines: 0
$num_icons: 3
$Flags: 0
$Formula: ( true ) 
$start_icon
$type: 33
$team: Hostile
$class: GTF Ulysses
$pos: 67.935226, 0.000295, -231.186600
$label:  XSTR("Kaus Borealis", 5709)
+id: 1
$hlight: 0
$mirror: 0
$multi_text
$end_multi_text
$end_icon
$start_icon
$type: 6
$team: Friendly
$class: GVD Hatshepsut
$pos: 525.977966, -1174.414063, -5360.265137
$label:  XSTR("Tatenen", 4826)
+id: 12
$hlight: 0
$mirror: 0
$multi_text
$end_multi_text
$end_icon
$start_icon
$type: 1
$team: Friendly
$class: GVF Tauret
$pos: 2635.870850, 0.000681, -5711.531738
$label:  XSTR("Alpha", 4925)
+id: 13
$hlight: 1
$mirror: 0
$multi_text
$end_multi_text
$end_icon
$end_stage
$start_stage
$multi_text
 XSTR("Most of the details of the search for the Vidar components are classified on a need to know basis.  Rear Admiral Quas has not commented on any details of that operation.  The 12th Vasudan Battlegroup will be limited to engaging Shivan forces only.  Perform the task assigned to you, pilot.", 5712)
$end_multi_text
$voice: e2m6_b4.ogg
$camera_pos: -6562.753418, 17921.697266, -5146.467285
$camera_orient:
	-0.005501, 0.000000, -0.999985,
	0.939365, 0.342880, -0.005168,
	0.342875, -0.939379, -0.001886
$camera_time: 2500
$num_lines: 0
$num_icons: 4
$Flags: 0
$Formula: ( true ) 
$start_icon
$type: 33
$team: Hostile
$class: GTF Ulysses
$pos: 67.935226, 0.000295, -231.186600
$label:  XSTR("Kaus Borealis", 5709)
+id: 1
$hlight: 0
$mirror: 0
$multi_text
$end_multi_text
$end_icon
$start_icon
$type: 1
$team: Friendly
$class: GVF Tauret
$pos: 2635.870850, 0.000681, -5711.531738
$label:  XSTR("Alpha", 4925)
+id: 13
$hlight: 0
$mirror: 0
$multi_text
$end_multi_text
$end_icon
$start_icon
$type: 6
$team: Friendly
$class: GVD Hatshepsut
$pos: -336.523438, 1086.053467, -531.247681
$label:  XSTR("Tatenen", 4826)
+id: 14
$hlight: 0
$mirror: 0
$multi_text
$end_multi_text
$end_icon
$start_icon
$type: 18
$team: Friendly
$class: GTE Vidar
$pos: -2232.711670, -575.588074, -9455.771484
$label:  XSTR("Vidar", 4841)
+id: 15
$hlight: 1
$mirror: 0
$multi_text
$end_multi_text
$end_icon
$end_stage
$end_briefing

#Debriefing_info

$Num stages: 4

$Formula: ( is-goal-true-delay "Tatenen" 0 ) 
$Multi text
    XSTR("Excellent work.  The GVD Tatenen made the jump into Kaus Borealis sucessfully.  Without your skillful escort we might have lost that destroyer.  The Shivans certainly threw enough at the vessel to seal its fate.

The Shivans are guarding this system exceptionally well, although they do not appear to be in an offensive position.  This system doesn't seem too important to the Shivans and Allied Command believes that we should be able to achieve Admiral Russik's objectives in short order.

That is all.", 5713)
$end_multi_text
$Voice: e2m6_db1.ogg
$Recommendation text:
    XSTR("", 3307)
$end_multi_text

$Formula: ( is-event-false-delay "rtb" 0 ) 
$Multi text
    XSTR("You have been declared AWOL, pilot!  Jumping out before you are ordered to do so is grounds for immediate imprisonment.", 4932)
$end_multi_text
$Voice: e2m4_db3.ogg
$Recommendation text:
    XSTR("Do not depart until you are ordered to do so.", 4933)
$end_multi_text

$Formula: ( is-destroyed-delay 0 "Memashoben" ) 
$Multi text
    XSTR("The GVCv Memoshoben was destroyed.  It is inconceivable that a Vasudan pilot could fail so utterly in the face of light opposition.  You will be handed over to Terran Command for courts martial.", 5714)
$end_multi_text
$Voice: none.wav
$Recommendation text:
    XSTR("Lure the enemy fighters into the corvette's beams.", 5715)
$end_multi_text

$Formula: ( is-goal-false-delay "Tatenen" 0 ) 
$Multi text
    XSTR("The GVD Tatenen was destroyed.  Although the mission was in your hands, I've directed a lot of the blame away from you, Terran.

Admiral Russik has been deemed partially responsible for the destruction of the 12th Vasudan Battlegroup's flagship.  It was his order that sent the vessel through the subspace corridor without sufficient intelligence.

However, your time aboard a Vasudan vessel is over.", 5716)
$end_multi_text
$Voice: e2m6_db2.ogg
$Recommendation text:
    XSTR("Eliminate the beam cannon on the Lilith class cruiser as quickly as possible.  Trebuchet or Stilleto II missiles are recommended.", 5717)
$end_multi_text

#Players		;! 1 total

$Starting Shipname: Alpha 1
$Ship Choices: (
	"GVF Seth"	4
	"GVF Horus"	4
	"GVF Thoth"	8
	"GVF Serapis"	8
	"GVF Tauret"	5
)

+Weaponry Pool: (
	"Mekhu HL-7"	25
	"Akheton SDG"	16
	"Morning Star"	16
	"Prometheus S"	22
	"Maxim"	16
	"Circe"	19
	"Lamprey"	16
	"Rockeye"	325
	"Tempest"	500
	"Hornet"	500
	"Tornado"	1220
	"Harpoon"	500
	"Trebuchet"	500
	"Piranha"	500
	"Stiletto II"	500
	"Infyrno"	500
	"EMP Adv."	500
)

#Objects		;! 79 total

$Name: Alpha 1		;! Object #0
$Display Name: XSTR("Alpha 1", 4816)
$Class: GVF Tauret
$Team: Friendly
$Location: 0.000000, 0.000000, 0.000000
$Orientation:
	1.000000, 0.000000, 0.000000,
	0.000000, 1.000000, 0.000000,
	0.000000, 0.000000, 1.000000
$AI Behavior: None
$Cargo 1:  XSTR("Nothing", 13)
+Initial Velocity: 100
+Initial Hull: 100
+Subsystem: Pilot
+Primary Banks: ( "Prometheus S" "Mekhu HL-7" )
+Secondary Banks: ( "Rockeye" "Tornado" )
$Arrival Location: Hyperspace
$Arrival Cue: ( false ) 
$Departure Location: Hyperspace
$Departure Cue: ( false ) 
$Determination: 10
+Flags: ( "cargo-known" "player-start" )
+Flags2: ( )
+Respawn priority: 0
+Orders Accepted: 33023		;! note that this is a bitfield!!!
+Group: 0
+Score: 8

$Name: Alpha 2		;! Object #1
$Display Name: XSTR("Alpha 2", 4937)
$Class: GVF Tauret
$Team: Friendly
$Location: -61.722454, 0.000004, -47.422070
$Orientation:
	1.000000, 0.000000, 0.000000,
	0.000000, 1.000000, 0.000000,
	0.000000, 0.000000, 1.000000
$AI Behavior: None
+AI Class: Colonel
$Cargo 1:  XSTR("Nothing", 13)
+Initial Velocity: 33
+Initial Hull: 100
+Subsystem: Pilot
+Primary Banks: ( "Prometheus S" "Mekhu HL-7" )
+Secondary Banks: ( "Rockeye" "Tornado" )
$Arrival Location: Hyperspace
$Arrival Cue: ( false ) 
$Departure Location: Hyperspace
$Departure Cue: ( false ) 
$Determination: 10
+Flags: ( "cargo-known" )
+Flags2: ( )
+Respawn priority: 0
+Orders Accepted: 33023		;! note that this is a bitfield!!!
+Group: 0
+Use Table Score:
+Score: 10

$Name: Alpha 3		;! Object #2
$Display Name: XSTR("Alpha 3", 4938)
$Class: GVF Tauret
$Team: Friendly
$Location: 77.122505, -0.000004, -49.923725
$Orientation:
	1.000000, 0.000000, 0.000000,
	0.000000, 1.000000, 0.000000,
	0.000000, 0.000000, 1.000000
$AI Behavior: None
+AI Class: Colonel
$Cargo 1:  XSTR("Nothing", 13)
+Initial Velocity: 33
+Initial Hull: 100
+Subsystem: Pilot
+Primary Banks: ( "Prometheus S" "Mekhu HL-7" )
+Secondary Banks: ( "Rockeye" "Tornado" )
$Arrival Location: Hyperspace
$Arrival Cue: ( false ) 
$Departure Location: Hyperspace
$Departure Cue: ( false ) 
$Determination: 10
+Flags: ( "cargo-known" )
+Flags2: ( )
+Respawn priority: 0
+Orders Accepted: 33023		;! note that this is a bitfield!!!
+Group: 0
+Use Table Score:
+Score: 10

$Name: Beta 1		;! Object #3
$Display Name: XSTR("Beta 1", 5020)
$Class: GVF Tauret
$Team: Friendly
$Location: 1.997798, 31.634384, 80.296257
$Orientation:
	1.000000, 0.000000, 0.000000,
	0.000000, 1.000000, 0.000000,
	0.000000, 0.000000, 1.000000
$AI Behavior: None
+AI Class: Colonel
$Cargo 1:  XSTR("Nothing", 13)
+Initial Velocity: 33
+Initial Hull: 100
+Subsystem: Pilot
+Primary Banks: ( "Prometheus S" "Mekhu HL-7" )
+Secondary Banks: ( "Rockeye" "Tornado" )
$Arrival Location: Hyperspace
$Arrival Cue: ( false ) 
$Departure Location: Hyperspace
$Departure Cue: ( false ) 
$Determination: 10
+Flags: ( "cargo-known" )
+Flags2: ( )
+Respawn priority: 0
+Orders Accepted: 33023		;! note that this is a bitfield!!!
+Group: 0
+Use Table Score:
+Score: 10

$Name: Beta 2		;! Object #4
$Display Name: XSTR("Beta 2", 5021)
$Class: GVF Tauret
$Team: Friendly
$Location: 81.253036, 31.634378, -88.323097
$Orientation:
	1.000000, 0.000000, 0.000000,
	0.000000, 1.000000, 0.000000,
	0.000000, 0.000000, 1.000000
$AI Behavior: None
+AI Class: Colonel
$Cargo 1:  XSTR("Nothing", 13)
+Initial Velocity: 33
+Initial Hull: 100
+Subsystem: Pilot
+Primary Banks: ( "Prometheus S" "Mekhu HL-7" )
+Secondary Banks: ( "Rockeye" "Tornado" )
$Arrival Location: Hyperspace
$Arrival Cue: ( false ) 
$Departure Location: Hyperspace
$Departure Cue: ( false ) 
$Determination: 10
+Flags: ( "cargo-known" )
+Flags2: ( )
+Respawn priority: 0
+Orders Accepted: 33023		;! note that this is a bitfield!!!
+Group: 0
+Use Table Score:
+Score: 10

$Name: Beta 3		;! Object #5
$Display Name: XSTR("Beta 3", 5022)
$Class: GVF Tauret
$Team: Friendly
$Location: -64.153793, 31.634375, -54.209450
$Orientation:
	1.000000, 0.000000, 0.000000,
	0.000000, 1.000000, 0.000000,
	0.000000, 0.000000, 1.000000
$AI Behavior: None
+AI Class: Colonel
$Cargo 1:  XSTR("Nothing", 13)
+Initial Velocity: 33
+Initial Hull: 100
+Subsystem: Pilot
+Primary Banks: ( "Prometheus S" "Mekhu HL-7" )
+Secondary Banks: ( "Rockeye" "Tornado" )
$Arrival Location: Hyperspace
$Arrival Cue: ( false ) 
$Departure Location: Hyperspace
$Departure Cue: ( false ) 
$Determination: 10
+Flags: ( "cargo-known" )
+Flags2: ( )
+Respawn priority: 0
+Orders Accepted: 33023		;! note that this is a bitfield!!!
+Group: 0
+Use Table Score:
+Score: 10

$Name: Tatenen		;! Object #6
$Display Name: XSTR("Tatenen", 4826)
$Class: GVD Hatshepsut
$Team: Friendly
$Location: -178.329498, -0.000016, -1357.516235
$Orientation:
	1.000000, 0.000000, 0.000000,
	0.000000, 1.000000, 0.000000,
	0.000000, 0.000000, 1.000000
$AI Behavior: None
$Cargo 1:  XSTR("Nothing", 13)
+Initial Velocity: 33
+Initial Hull: 100
+Initial Shields: 100
+Subsystem: Pilot
+Subsystem: turret01
+Subsystem: turret02
+Subsystem: turret03
+Subsystem: turret04
+Subsystem: turret05
+Subsystem: turret06
+Subsystem: turret07
+Subsystem: turret08
+Subsystem: turret09
+Subsystem: turret10
+Subsystem: turret11
+Subsystem: turret12
+Subsystem: turret13
+Subsystem: turret14
+Subsystem: turret15
+Subsystem: turret16
+Subsystem: turret17
+Subsystem: turret18
+Subsystem: turret19
+Subsystem: turret20
+Subsystem: turret21
+Subsystem: turret22
+Subsystem: turret23
+Subsystem: turret24
+Subsystem: turret25
+Subsystem: turret26
+Subsystem: turret27
+Subsystem: turret28
+Subsystem: turret29
+Subsystem: turret30
$Arrival Location: Hyperspace
$Arrival Cue: ( is-destroyed-delay 
   36 
   "Virgo" 
   "Leo" 
   "Gemini" 
   "Desola" 
)
$Departure Location: Hyperspace
$Departure Cue: ( has-arrived-delay 220 "Tatenen" ) 
$Determination: 10
+Flags: ( "cargo-known" "no-shields" "escort" )
+Flags2: ( )
+Respawn priority: 0
+Escort priority: 5
+Orders Accepted: 0		;! note that this is a bitfield!!!
+Group: 0
+Use Table Score:
+Score: 1400

$Name: Nrevdas		;! Object #7
$Display Name: XSTR("Nrevdas", 5718)
$Class: SC Rakshasa
$Team: Hostile
$Location: -2255.887207, -1174.413452, 4383.946777
$Orientation:
	0.903151, 0.245860, 0.351955,
	0.229081, -0.969305, 0.089272,
	0.363100, 0.000000, -0.931750
$AI Behavior: None
$AI Goals: ( goals ( ai-chase "Tatenen" 50 ) )
$Cargo 1:  XSTR("Nothing", 13)
+Initial Velocity: 33
+Initial Hull: 100
+Initial Shields: 100
+Subsystem: Pilot
+Subsystem: turret01
+Primary Banks: ( "Shivan Turret Laser" )
+Subsystem: turret02
+Subsystem: turret03
+Subsystem: turret04
+Subsystem: turret05
+Subsystem: turret06
+Subsystem: turret07
+Subsystem: turret08
+Subsystem: turret09
+Subsystem: turret10
+Subsystem: turret11
+Subsystem: turret12
+Subsystem: turret13
+Subsystem: turret14
$Arrival Location: Hyperspace
$Arrival Cue: ( or 
   ( is-destroyed-delay 2 "Remehya" ) 
   ( is-event-true-delay 
      "still recharge" 
      25 
   )
)
$Departure Location: Hyperspace
$Departure Cue: ( has-departed-delay 6 "Tatenen" ) 
$Determination: 10
+Flags: ( "no-shields" "escort" )
+Flags2: ( )
+Respawn priority: 0
+Escort priority: 0
+Orders Accepted: 0		;! note that this is a bitfield!!!
+Group: 0
+Use Table Score:
+Score: 300

$Name: Virgo 1		;! Object #8
$Display Name: XSTR("Virgo 1", 5111)
$Class: SF Mara
$Team: Hostile
$Location: 79.599998, 0.000000, 6315.600098
$Orientation:
	-0.999921, 0.000000, 0.012603,
	0.000000, 1.000000, 0.000000,
	-0.012603, 0.000000, -0.999921
$AI Behavior: None
$Cargo 1:  XSTR("Nothing", 13)
+Initial Velocity: 33
+Initial Hull: 100
+Subsystem: Pilot
+Secondary Banks: ( "" "" )
+Sbank Ammo: ( 25 100 )
$Arrival Location: Hyperspace
$Arrival Cue: ( false ) 
$Departure Location: Hyperspace
$Departure Cue: ( false ) 
$Determination: 10
+Flags: ( )
+Flags2: ( )
+Respawn priority: 0
+Orders Accepted: 0		;! note that this is a bitfield!!!
+Group: 0
+Use Table Score:
+Score: 12

$Name: Virgo 2		;! Object #9
$Display Name: XSTR("Virgo 2", 5112)
$Class: SF Mara
$Team: Hostile
$Location: 163.403442, -0.000018, 6413.076172
$Orientation:
	-0.999676, 0.000000, 0.025471,
	0.000000, 1.000000, 0.000000,
	-0.025471, 0.000000, -0.999676
$AI Behavior: None
$Cargo 1:  XSTR("Nothing", 13)
+Initial Velocity: 33
+Initial Hull: 100
+Subsystem: Pilot
+Secondary Banks: ( "" "" )
+Sbank Ammo: ( 25 100 )
$Arrival Location: Hyperspace
$Arrival Cue: ( false ) 
$Departure Location: Hyperspace
$Departure Cue: ( false ) 
$Determination: 10
+Flags: ( )
+Flags2: ( )
+Respawn priority: 0
+Orders Accepted: 0		;! note that this is a bitfield!!!
+Group: 0
+Use Table Score:
+Score: 12

$Name: Virgo 3		;! Object #10
$Display Name: XSTR("Virgo 3", 5113)
$Class: SF Mara
$Team: Hostile
$Location: 29.393990, 0.000018, 6410.670410
$Orientation:
	-0.999990, 0.000000, 0.004585,
	0.000000, 1.000000, 0.000000,
	-0.004585, 0.000000, -0.999990
$AI Behavior: None
$Cargo 1:  XSTR("Nothing", 13)
+Initial Velocity: 33
+Initial Hull: 100
+Subsystem: Pilot
+Secondary Banks: ( "" "" )
+Sbank Ammo: ( 25 100 )
$Arrival Location: Hyperspace
$Arrival Cue: ( false ) 
$Departure Location: Hyperspace
$Departure Cue: ( false ) 
$Determination: 10
+Flags: ( )
+Flags2: ( )
+Respawn priority: 0
+Orders Accepted: 0		;! note that this is a bitfield!!!
+Group: 0
+Use Table Score:
+Score: 12

$Name: Virgo 4		;! Object #11
$Display Name: XSTR("Virgo 4", 5114)
$Class: SF Mara
$Team: Hostile
$Location: 87.553467, 0.000012, 6485.908691
$Orientation:
	-0.999909, 0.000000, 0.013498,
	0.000000, 1.000000, 0.000000,
	-0.013498, 0.000000, -0.999909
$AI Behavior: None
$Cargo 1:  XSTR("Nothing", 13)
+Initial Velocity: 33
+Initial Hull: 100
+Subsystem: Pilot
+Secondary Banks: ( "" "" )
+Sbank Ammo: ( 25 100 )
$Arrival Location: Hyperspace
$Arrival Cue: ( false ) 
$Departure Location: Hyperspace
$Departure Cue: ( false ) 
$Determination: 10
+Flags: ( )
+Flags2: ( )
+Respawn priority: 0
+Orders Accepted: 0		;! note that this is a bitfield!!!
+Group: 0
+Use Table Score:
+Score: 12

$Name: Leo 1		;! Object #12
$Display Name: XSTR("Leo 1", 5129)
$Class: SF Mara
$Team: Hostile
$Location: 344.058960, -0.000002, 6420.427246
$Orientation:
	-0.999155, 0.000000, -0.041108,
	0.000000, 1.000000, 0.000000,
	0.041108, 0.000000, -0.999155
$AI Behavior: None
$Cargo 1:  XSTR("Nothing", 13)
+Initial Velocity: 33
+Initial Hull: 100
+Subsystem: Pilot
+Secondary Banks: ( "" "" )
+Sbank Ammo: ( 25 100 )
$Arrival Location: Hyperspace
$Arrival Cue: ( false ) 
$Departure Location: Hyperspace
$Departure Cue: ( false ) 
$Determination: 10
+Flags: ( )
+Flags2: ( )
+Respawn priority: 0
+Orders Accepted: 0		;! note that this is a bitfield!!!
+Group: 0
+Use Table Score:
+Score: 12

$Name: Leo 2		;! Object #13
$Display Name: XSTR("Leo 2", 5130)
$Class: SF Mara
$Team: Hostile
$Location: 390.944244, 0.000005, 6508.766113
$Orientation:
	-0.999445, 0.000000, -0.033302,
	0.000000, 1.000000, 0.000000,
	0.033302, 0.000000, -0.999445
$AI Behavior: None
$Cargo 1:  XSTR("Nothing", 13)
+Initial Velocity: 33
+Initial Hull: 100
+Subsystem: Pilot
+Secondary Banks: ( "" "" )
+Sbank Ammo: ( 25 100 )
$Arrival Location: Hyperspace
$Arrival Cue: ( false ) 
$Departure Location: Hyperspace
$Departure Cue: ( false ) 
$Determination: 10
+Flags: ( )
+Flags2: ( )
+Respawn priority: 0
+Orders Accepted: 0		;! note that this is a bitfield!!!
+Group: 0
+Use Table Score:
+Score: 12

$Name: Leo 3		;! Object #14
$Display Name: XSTR("Leo 3", 5422)
$Class: SF Mara
$Team: Hostile
$Location: 303.116058, -0.000009, 6576.082520
$Orientation:
	-0.998924, 0.000000, -0.046386,
	0.000000, 1.000000, 0.000000,
	0.046386, 0.000000, -0.998924
$AI Behavior: None
$Cargo 1:  XSTR("Nothing", 13)
+Initial Velocity: 33
+Initial Hull: 100
+Subsystem: Pilot
+Secondary Banks: ( "" "" )
+Sbank Ammo: ( 25 100 )
$Arrival Location: Hyperspace
$Arrival Cue: ( false ) 
$Departure Location: Hyperspace
$Departure Cue: ( false ) 
$Determination: 10
+Flags: ( )
+Flags2: ( )
+Respawn priority: 0
+Orders Accepted: 0		;! note that this is a bitfield!!!
+Group: 0
+Use Table Score:
+Score: 12

$Name: Leo 4		;! Object #15
$Display Name: XSTR("Leo 4", 5486)
$Class: SF Mara
$Team: Hostile
$Location: 208.976807, 0.000028, 6500.268555
$Orientation:
	-0.998110, 0.000000, -0.061460,
	0.000000, 1.000000, 0.000000,
	0.061460, 0.000000, -0.998110
$AI Behavior: None
$Cargo 1:  XSTR("Nothing", 13)
+Initial Velocity: 33
+Initial Hull: 100
+Subsystem: Pilot
+Secondary Banks: ( "" "" )
+Sbank Ammo: ( 25 100 )
$Arrival Location: Hyperspace
$Arrival Cue: ( false ) 
$Departure Location: Hyperspace
$Departure Cue: ( false ) 
$Determination: 10
+Flags: ( )
+Flags2: ( )
+Respawn priority: 0
+Orders Accepted: 0		;! note that this is a bitfield!!!
+Group: 0
+Use Table Score:
+Score: 12

$Name: Gemini 1		;! Object #16
$Display Name: XSTR("Gemini 1", 5054)
$Class: SF Aeshma
$Team: Hostile
$Location: -1507.199951, 0.000000, 2412.699951
$Orientation:
	-0.848115, 0.000000, -0.529813,
	0.000000, 1.000000, 0.000000,
	0.529813, 0.000000, -0.848115
$AI Behavior: None
$Cargo 1:  XSTR("Nothing", 13)
+Initial Velocity: 33
+Initial Hull: 100
+Subsystem: Pilot
$Arrival Location: Hyperspace
$Arrival Cue: ( false ) 
$Departure Location: Hyperspace
$Departure Cue: ( false ) 
$Determination: 10
+Flags: ( )
+Flags2: ( )
+Respawn priority: 0
+Orders Accepted: 0		;! note that this is a bitfield!!!
+Group: 0
+Use Table Score:
+Score: 12

$Name: Gemini 2		;! Object #17
$Display Name: XSTR("Gemini 2", 5055)
$Class: SF Aeshma
$Team: Hostile
$Location: -1602.441895, 0.000017, 2617.672119
$Orientation:
	-0.852882, 0.000000, -0.522103,
	0.000000, 1.000000, 0.000000,
	0.522103, 0.000000, -0.852882
$AI Behavior: None
$Cargo 1:  XSTR("Nothing", 13)
+Initial Velocity: 33
+Initial Hull: 100
+Subsystem: Pilot
$Arrival Location: Hyperspace
$Arrival Cue: ( false ) 
$Departure Location: Hyperspace
$Departure Cue: ( false ) 
$Determination: 10
+Flags: ( )
+Flags2: ( )
+Respawn priority: 0
+Orders Accepted: 0		;! note that this is a bitfield!!!
+Group: 0
+Use Table Score:
+Score: 12

$Name: Gemini 3		;! Object #18
$Display Name: XSTR("Gemini 3", 5056)
$Class: SF Aeshma
$Team: Hostile
$Location: -1722.039795, 0.000028, 2393.627197
$Orientation:
	-0.811755, 0.000000, -0.583998,
	0.000000, 1.000000, 0.000000,
	0.583998, 0.000000, -0.811755
$AI Behavior: None
$Cargo 1:  XSTR("Nothing", 13)
+Initial Velocity: 33
+Initial Hull: 100
+Subsystem: Pilot
$Arrival Location: Hyperspace
$Arrival Cue: ( false ) 
$Departure Location: Hyperspace
$Departure Cue: ( false ) 
$Determination: 10
+Flags: ( )
+Flags2: ( )
+Respawn priority: 0
+Orders Accepted: 0		;! note that this is a bitfield!!!
+Group: 0
+Use Table Score:
+Score: 12

$Name: Gemini 4		;! Object #19
$Display Name: XSTR("Gemini 4", 5135)
$Class: SF Aeshma
$Team: Hostile
$Location: -1718.085449, 0.000033, 2518.885010
$Orientation:
	-0.826126, 0.000000, -0.563485,
	0.000000, 1.000000, 0.000000,
	0.563485, 0.000000, -0.826126
$AI Behavior: None
$Cargo 1:  XSTR("Nothing", 13)
+Initial Velocity: 33
+Initial Hull: 100
+Subsystem: Pilot
$Arrival Location: Hyperspace
$Arrival Cue: ( false ) 
$Departure Location: Hyperspace
$Departure Cue: ( false ) 
$Determination: 10
+Flags: ( )
+Flags2: ( )
+Respawn priority: 0
+Orders Accepted: 0		;! note that this is a bitfield!!!
+Group: 0
+Use Table Score:
+Score: 12

$Name: Gemini 5		;! Object #20
$Display Name: XSTR("Gemini 5", 5719)
$Class: SF Aeshma
$Team: Hostile
$Location: -1422.468140, 0.000040, 2688.930176
$Orientation:
	-0.883935, 0.000000, -0.467610,
	0.000000, 1.000000, 0.000000,
	0.467610, 0.000000, -0.883935
$AI Behavior: None
$Cargo 1:  XSTR("Nothing", 13)
+Initial Velocity: 33
+Initial Hull: 100
+Subsystem: Pilot
$Arrival Location: Hyperspace
$Arrival Cue: ( false ) 
$Departure Location: Hyperspace
$Departure Cue: ( false ) 
$Determination: 10
+Flags: ( )
+Flags2: ( )
+Respawn priority: 0
+Orders Accepted: 0		;! note that this is a bitfield!!!
+Group: 0
+Use Table Score:
+Score: 12

$Name: Memashoben		;! Object #21
$Display Name: XSTR("Memashoben", 5720)
$Class: GVCv Sobek
$Team: Friendly
$Location: 391.669617, -321.391876, -201.538834
$Orientation:
	1.000000, 0.000000, 0.000000,
	0.000000, 1.000000, 0.000000,
	0.000000, 0.000000, 1.000000
$AI Behavior: None
$AI Goals: ( goals ( ai-waypoints-once "Kaitlin Path" 50 ) )
$Cargo 1:  XSTR("Nothing", 13)
+Initial Hull: 100
+Initial Shields: 100
+Subsystem: Pilot
+Subsystem: turret01
+Subsystem: turret02
+Subsystem: turret03
+Subsystem: turret04
+Subsystem: turret05
+Subsystem: turret06
+Subsystem: turret07
+Subsystem: turret08
+Subsystem: turret09
+Subsystem: turret10
+Subsystem: turret11
+Subsystem: turret12
+Subsystem: turret13
+Subsystem: turret14
+Subsystem: turret15
+Subsystem: turret16
+Subsystem: turret17
+Subsystem: turret18
+Subsystem: turret19
+Subsystem: turret20
+Subsystem: turret21
+Subsystem: turret22
$Arrival Location: Hyperspace
$Arrival Cue: ( has-time-elapsed 45 ) 
$Departure Location: Hyperspace
$Departure Cue: ( has-arrived-delay 20 "Tatenen" ) 
$Determination: 10
+Flags: ( "cargo-known" "no-shields" "escort" )
+Flags2: ( )
+Respawn priority: 0
+Escort priority: 5
+Orders Accepted: 0		;! note that this is a bitfield!!!
+Group: 0
+Score: 500

$Name: Libra 1		;! Object #22
$Display Name: XSTR("Libra 1", 4949)
$Class: SB Nahema
$Team: Hostile
$Location: 3609.100098, 0.000000, 1450.699951
$Orientation:
	-0.372955, 0.000000, 0.927850,
	0.000000, 1.000000, 0.000000,
	-0.927850, 0.000000, -0.372955
$AI Behavior: None
$Cargo 1:  XSTR("Nothing", 13)
+Initial Velocity: 33
+Initial Hull: 100
+Subsystem: Pilot
+Secondary Banks: ( "" "" "" )
$Arrival Location: Hyperspace
$Arrival Cue: ( false ) 
$Departure Location: Hyperspace
$Departure Cue: ( false ) 
$Determination: 10
+Flags: ( "no-dynamic" )
+Flags2: ( )
+Respawn priority: 0
+Orders Accepted: 0		;! note that this is a bitfield!!!
+Group: 0
+Use Table Score:
+Score: 14

$Name: Libra 2		;! Object #23
$Display Name: XSTR("Libra 2", 4950)
$Class: SB Nahema
$Team: Hostile
$Location: 3653.902832, 0.000044, 1573.146240
$Orientation:
	-0.395445, 0.000000, 0.918490,
	0.000000, 1.000000, 0.000000,
	-0.918490, 0.000000, -0.395445
$AI Behavior: None
$Cargo 1:  XSTR("Nothing", 13)
+Initial Velocity: 33
+Initial Hull: 100
+Subsystem: Pilot
+Secondary Banks: ( "" "" "" )
$Arrival Location: Hyperspace
$Arrival Cue: ( false ) 
$Departure Location: Hyperspace
$Departure Cue: ( false ) 
$Determination: 10
+Flags: ( "no-dynamic" )
+Flags2: ( )
+Respawn priority: 0
+Orders Accepted: 0		;! note that this is a bitfield!!!
+Group: 0
+Use Table Score:
+Score: 14

$Name: Libra 3		;! Object #24
$Display Name: XSTR("Libra 3", 4951)
$Class: SB Nahema
$Team: Hostile
$Location: 3676.110107, 0.000044, 1361.666016
$Orientation:
	-0.347347, 0.000000, 0.937737,
	0.000000, 1.000000, 0.000000,
	-0.937737, 0.000000, -0.347347
$AI Behavior: None
$Cargo 1:  XSTR("Nothing", 13)
+Initial Velocity: 33
+Initial Hull: 100
+Subsystem: Pilot
+Secondary Banks: ( "" "" "" )
$Arrival Location: Hyperspace
$Arrival Cue: ( false ) 
$Departure Location: Hyperspace
$Departure Cue: ( false ) 
$Determination: 10
+Flags: ( "no-dynamic" )
+Flags2: ( )
+Respawn priority: 0
+Orders Accepted: 0		;! note that this is a bitfield!!!
+Group: 0
+Use Table Score:
+Score: 14

$Name: Libra 4		;! Object #25
$Display Name: XSTR("Libra 4", 4952)
$Class: SB Nahema
$Team: Hostile
$Location: 3747.075439, 0.000039, 1502.003662
$Orientation:
	-0.372068, 0.000000, 0.928205,
	0.000000, 1.000000, 0.000000,
	-0.928205, 0.000000, -0.372068
$AI Behavior: None
$Cargo 1:  XSTR("Nothing", 13)
+Initial Velocity: 33
+Initial Hull: 100
+Subsystem: Pilot
+Secondary Banks: ( "" "" "" )
$Arrival Location: Hyperspace
$Arrival Cue: ( false ) 
$Departure Location: Hyperspace
$Departure Cue: ( false ) 
$Determination: 10
+Flags: ( "no-dynamic" )
+Flags2: ( )
+Respawn priority: 0
+Orders Accepted: 0		;! note that this is a bitfield!!!
+Group: 0
+Use Table Score:
+Score: 14

$Name: Scorpio 1		;! Object #26
$Display Name: XSTR("Scorpio 1", 5031)
$Class: SB Seraphim
$Team: Hostile
$Location: 3438.300049, 0.000000, 1766.500000
$Orientation:
	-0.456986, 0.000000, 0.889474,
	0.000000, 1.000000, 0.000000,
	-0.889474, 0.000000, -0.456986
$AI Behavior: None
$Cargo 1:  XSTR("Nothing", 13)
+Initial Velocity: 33
+Initial Hull: 100
+Subsystem: Pilot
+Secondary Banks: ( "" "" "" "" )
+Subsystem: turret01
+Subsystem: turret02
$Arrival Location: Hyperspace
$Arrival Cue: ( false ) 
$Departure Location: Hyperspace
$Departure Cue: ( false ) 
$Determination: 10
+Flags: ( "no-dynamic" )
+Flags2: ( )
+Respawn priority: 0
+Orders Accepted: 0		;! note that this is a bitfield!!!
+Group: 0
+Use Table Score:
+Score: 16

$Name: Scorpio 2		;! Object #27
$Display Name: XSTR("Scorpio 2", 5032)
$Class: SB Seraphim
$Team: Hostile
$Location: 3588.330566, 0.000005, 1729.902832
$Orientation:
	-0.418931, 0.000000, 0.908018,
	0.000000, 1.000000, 0.000000,
	-0.908018, 0.000000, -0.418931
$AI Behavior: None
$Cargo 1:  XSTR("Nothing", 13)
+Initial Velocity: 33
+Initial Hull: 100
+Subsystem: Pilot
+Secondary Banks: ( "" "" "" "" )
+Subsystem: turret01
+Subsystem: turret02
$Arrival Location: Hyperspace
$Arrival Cue: ( false ) 
$Departure Location: Hyperspace
$Departure Cue: ( false ) 
$Determination: 10
+Flags: ( "no-dynamic" )
+Flags2: ( )
+Respawn priority: 0
+Orders Accepted: 0		;! note that this is a bitfield!!!
+Group: 0
+Use Table Score:
+Score: 16

$Name: Scorpio 3		;! Object #28
$Display Name: XSTR("Scorpio 3", 5033)
$Class: SB Seraphim
$Team: Hostile
$Location: 3386.150635, -0.000021, 2063.370361
$Orientation:
	-0.477403, 0.000000, 0.878685,
	0.000000, 1.000000, 0.000000,
	-0.878685, 0.000000, -0.477403
$AI Behavior: None
$Cargo 1:  XSTR("Nothing", 13)
+Initial Velocity: 33
+Initial Hull: 100
+Subsystem: Pilot
+Secondary Banks: ( "" "" "" "" )
+Subsystem: turret01
+Subsystem: turret02
$Arrival Location: Hyperspace
$Arrival Cue: ( false ) 
$Departure Location: Hyperspace
$Departure Cue: ( false ) 
$Determination: 10
+Flags: ( "no-dynamic" )
+Flags2: ( )
+Respawn priority: 0
+Orders Accepted: 0		;! note that this is a bitfield!!!
+Group: 0
+Use Table Score:
+Score: 16

$Name: Scorpio 4		;! Object #29
$Display Name: XSTR("Scorpio 4", 5034)
$Class: SB Seraphim
$Team: Hostile
$Location: 3583.922119, 0.000013, 1879.298584
$Orientation:
	-0.434465, 0.000000, 0.900689,
	0.000000, 1.000000, 0.000000,
	-0.900689, 0.000000, -0.434465
$AI Behavior: None
$Cargo 1:  XSTR("Nothing", 13)
+Initial Velocity: 33
+Initial Hull: 100
+Subsystem: Pilot
+Secondary Banks: ( "" "" "" "" )
+Subsystem: turret01
+Subsystem: turret02
$Arrival Location: Hyperspace
$Arrival Cue: ( false ) 
$Departure Location: Hyperspace
$Departure Cue: ( false ) 
$Determination: 10
+Flags: ( "no-dynamic" )
+Flags2: ( )
+Respawn priority: 0
+Orders Accepted: 0		;! note that this is a bitfield!!!
+Group: 0
+Use Table Score:
+Score: 16

$Name: Capricorn 1		;! Object #30
$Display Name: XSTR("Capricorn 1", 5123)
$Class: SF Manticore
$Team: Hostile
$Location: 3221.899902, 0.000000, 1571.300049
$Orientation:
	-0.438343, 0.000000, 0.898808,
	0.000000, 1.000000, 0.000000,
	-0.898808, 0.000000, -0.438343
$AI Behavior: None
$Cargo 1:  XSTR("Nothing", 13)
+Initial Velocity: 33
+Subsystem: Pilot
$Arrival Location: Hyperspace
$Arrival Cue: ( false ) 
$Departure Location: Hyperspace
$Departure Cue: ( false ) 
$Determination: 10
+Flags: ( )
+Flags2: ( )
+Respawn priority: 0
+Orders Accepted: 0		;! note that this is a bitfield!!!
+Group: 0
+Use Table Score:
+Score: 12

$Name: Capricorn 2		;! Object #31
$Display Name: XSTR("Capricorn 2", 5124)
$Class: SF Manticore
$Team: Hostile
$Location: 3363.534668, -0.000011, 1528.289917
$Orientation:
	-0.413671, 0.000000, 0.910427,
	0.000000, 1.000000, 0.000000,
	-0.910427, 0.000000, -0.413671
$AI Behavior: None
$Cargo 1:  XSTR("Nothing", 13)
+Initial Velocity: 33
+Subsystem: Pilot
$Arrival Location: Hyperspace
$Arrival Cue: ( false ) 
$Departure Location: Hyperspace
$Departure Cue: ( false ) 
$Determination: 10
+Flags: ( )
+Flags2: ( )
+Respawn priority: 0
+Orders Accepted: 0		;! note that this is a bitfield!!!
+Group: 0
+Use Table Score:
+Score: 12

$Name: Capricorn 3		;! Object #32
$Display Name: XSTR("Capricorn 3", 5125)
$Class: SF Manticore
$Team: Hostile
$Location: 3307.585938, 0.000005, 1665.348877
$Orientation:
	-0.449708, 0.000000, 0.893175,
	0.000000, 1.000000, 0.000000,
	-0.893175, 0.000000, -0.449708
$AI Behavior: None
$Cargo 1:  XSTR("Nothing", 13)
+Initial Velocity: 33
+Subsystem: Pilot
$Arrival Location: Hyperspace
$Arrival Cue: ( false ) 
$Departure Location: Hyperspace
$Departure Cue: ( false ) 
$Determination: 10
+Flags: ( )
+Flags2: ( )
+Respawn priority: 0
+Orders Accepted: 0		;! note that this is a bitfield!!!
+Group: 0
+Use Table Score:
+Score: 12

$Name: Capricorn 4		;! Object #33
$Display Name: XSTR("Capricorn 4", 5126)
$Class: SF Manticore
$Team: Hostile
$Location: 3404.648682, -0.000002, 1596.307007
$Orientation:
	-0.424516, 0.000000, 0.905420,
	0.000000, 1.000000, 0.000000,
	-0.905420, 0.000000, -0.424516
$AI Behavior: None
$Cargo 1:  XSTR("Nothing", 13)
+Initial Velocity: 33
+Subsystem: Pilot
$Arrival Location: Hyperspace
$Arrival Cue: ( false ) 
$Departure Location: Hyperspace
$Departure Cue: ( false ) 
$Determination: 10
+Flags: ( )
+Flags2: ( )
+Respawn priority: 0
+Orders Accepted: 0		;! note that this is a bitfield!!!
+Group: 0
+Use Table Score:
+Score: 12

$Name: Epsilon 1		;! Object #34
$Display Name: XSTR("Epsilon 1", 5045)
$Class: GVF Seth
$Team: Friendly
$Location: -863.920349, 0.001493, -239.556213
$Orientation:
	1.000000, 0.000000, 0.000000,
	0.000000, 1.000000, 0.000000,
	0.000000, 0.000000, 1.000000
$AI Behavior: None
$Cargo 1:  XSTR("Nothing", 13)
+Initial Velocity: 33
+Initial Hull: 100
+Subsystem: Pilot
+Primary Banks: ( "Prometheus S" "Prometheus S" )
+Secondary Banks: ( "Rockeye" "Harpoon" )
$Arrival Location: Hyperspace
$Arrival Cue: ( false ) 
$Departure Location: Hyperspace
$Departure Cue: ( false ) 
$Determination: 10
+Flags: ( "cargo-known" )
+Flags2: ( )
+Respawn priority: 0
+Orders Accepted: 33023		;! note that this is a bitfield!!!
+Group: 0
+Use Table Score:
+Score: 12

$Name: Epsilon 2		;! Object #35
$Display Name: XSTR("Epsilon 2", 5046)
$Class: GVF Seth
$Team: Friendly
$Location: -774.043823, 0.001499, -367.213867
$Orientation:
	1.000000, 0.000000, 0.000000,
	0.000000, 1.000000, 0.000000,
	0.000000, 0.000000, 1.000000
$AI Behavior: None
$Cargo 1:  XSTR("Nothing", 13)
+Initial Velocity: 33
+Initial Hull: 100
+Subsystem: Pilot
+Primary Banks: ( "Prometheus S" "Prometheus S" )
+Secondary Banks: ( "Rockeye" "Harpoon" )
$Arrival Location: Hyperspace
$Arrival Cue: ( false ) 
$Departure Location: Hyperspace
$Departure Cue: ( false ) 
$Determination: 10
+Flags: ( "cargo-known" )
+Flags2: ( )
+Respawn priority: 0
+Orders Accepted: 33023		;! note that this is a bitfield!!!
+Group: 0
+Use Table Score:
+Score: 12

$Name: Epsilon 3		;! Object #36
$Display Name: XSTR("Epsilon 3", 5047)
$Class: GVF Seth
$Team: Friendly
$Location: -926.253784, 0.001412, -349.918762
$Orientation:
	1.000000, 0.000000, 0.000000,
	0.000000, 1.000000, 0.000000,
	0.000000, 0.000000, 1.000000
$AI Behavior: None
$Cargo 1:  XSTR("Nothing", 13)
+Initial Velocity: 33
+Initial Hull: 100
+Subsystem: Pilot
+Primary Banks: ( "Prometheus S" "Prometheus S" )
+Secondary Banks: ( "Rockeye" "Harpoon" )
$Arrival Location: Hyperspace
$Arrival Cue: ( false ) 
$Departure Location: Hyperspace
$Departure Cue: ( false ) 
$Determination: 10
+Flags: ( "cargo-known" )
+Flags2: ( )
+Respawn priority: 0
+Orders Accepted: 33023		;! note that this is a bitfield!!!
+Group: 0
+Use Table Score:
+Score: 12

$Name: Epsilon 4		;! Object #37
$Display Name: XSTR("Epsilon 4", 5048)
$Class: GVF Seth
$Team: Friendly
$Location: -849.762329, 0.001506, -467.810822
$Orientation:
	1.000000, 0.000000, 0.000000,
	0.000000, 1.000000, 0.000000,
	0.000000, 0.000000, 1.000000
$AI Behavior: None
$Cargo 1:  XSTR("Nothing", 13)
+Initial Velocity: 33
+Initial Hull: 100
+Subsystem: Pilot
+Primary Banks: ( "Prometheus S" "Prometheus S" )
+Secondary Banks: ( "Rockeye" "Harpoon" )
$Arrival Location: Hyperspace
$Arrival Cue: ( false ) 
$Departure Location: Hyperspace
$Departure Cue: ( false ) 
$Determination: 10
+Flags: ( "cargo-known" )
+Flags2: ( )
+Respawn priority: 0
+Orders Accepted: 33023		;! note that this is a bitfield!!!
+Group: 0
+Use Table Score:
+Score: 12

$Name: Gamma 1		;! Object #38
$Display Name: XSTR("Gamma 1", 5721)
$Class: GVF Tauret
$Team: Friendly
$Location: 466.057861, 165.487732, -84.225525
$Orientation:
	1.000000, 0.000000, 0.000000,
	0.000000, 1.000000, 0.000000,
	0.000000, 0.000000, 1.000000
$AI Behavior: None
$Cargo 1:  XSTR("Nothing", 13)
+Initial Velocity: 33
+Initial Hull: 100
+Subsystem: Pilot
+Primary Banks: ( "Prometheus S" "Mekhu HL-7" )
+Secondary Banks: ( "Rockeye" "Tornado" )
$Arrival Location: Hyperspace
$Arrival Cue: ( false ) 
$Departure Location: Hyperspace
$Departure Cue: ( false ) 
$Determination: 10
+Flags: ( "cargo-known" )
+Flags2: ( )
+Respawn priority: 0
+Orders Accepted: 33023		;! note that this is a bitfield!!!
+Group: 0
+Use Table Score:
+Score: 10

$Name: Gamma 2		;! Object #39
$Display Name: XSTR("Gamma 2", 5722)
$Class: GVF Tauret
$Team: Friendly
$Location: 505.333466, 165.487686, -161.938477
$Orientation:
	1.000000, 0.000000, 0.000000,
	0.000000, 1.000000, 0.000000,
	0.000000, 0.000000, 1.000000
$AI Behavior: None
$Cargo 1:  XSTR("Nothing", 13)
+Initial Velocity: 33
+Initial Hull: 100
+Subsystem: Pilot
+Primary Banks: ( "Prometheus S" "Mekhu HL-7" )
+Secondary Banks: ( "Rockeye" "Tornado" )
$Arrival Location: Hyperspace
$Arrival Cue: ( false ) 
$Departure Location: Hyperspace
$Departure Cue: ( false ) 
$Determination: 10
+Flags: ( "cargo-known" )
+Flags2: ( )
+Respawn priority: 0
+Orders Accepted: 33023		;! note that this is a bitfield!!!
+Group: 0
+Use Table Score:
+Score: 10

$Name: Gamma 3		;! Object #40
$Display Name: XSTR("Gamma 3", 5723)
$Class: GVF Tauret
$Team: Friendly
$Location: 329.878235, 165.487701, -174.078064
$Orientation:
	1.000000, 0.000000, 0.000000,
	0.000000, 1.000000, 0.000000,
	0.000000, 0.000000, 1.000000
$AI Behavior: None
$Cargo 1:  XSTR("Nothing", 13)
+Initial Velocity: 33
+Initial Hull: 100
+Subsystem: Pilot
+Primary Banks: ( "Prometheus S" "Mekhu HL-7" )
+Secondary Banks: ( "Rockeye" "Tornado" )
$Arrival Location: Hyperspace
$Arrival Cue: ( false ) 
$Departure Location: Hyperspace
$Departure Cue: ( false ) 
$Determination: 10
+Flags: ( "cargo-known" )
+Flags2: ( )
+Respawn priority: 0
+Orders Accepted: 33023		;! note that this is a bitfield!!!
+Group: 0
+Use Table Score:
+Score: 10

$Name: Remehya		;! Object #41
$Display Name: XSTR("Remehya", 5724)
$Class: SC Lilith
$Team: Hostile
$Location: 2477.999023, 1086.053711, 2979.936768
$Orientation:
	0.829244, 0.278564, 0.484518,
	0.154307, 0.719120, -0.677537,
	-0.537164, 0.636608, 0.553341
$AI Behavior: None
$AI Goals: ( goals ( ai-chase "Tatenen" 50 ) )
$Cargo 1:  XSTR("Nothing", 13)
+Initial Velocity: 33
+Initial Hull: 100
+Initial Shields: 100
+Subsystem: Pilot
+Subsystem: turret01
+Subsystem: turret02
+Subsystem: turret03
+Subsystem: turret04
+Subsystem: turret05
+Subsystem: turret06
+Subsystem: turret07
+Subsystem: turret08
+Subsystem: turret09
$Arrival Location: Hyperspace
$Arrival Cue: ( has-arrived-delay 98 "Tatenen" ) 
$Departure Location: Hyperspace
$Departure Cue: ( false ) 
$Determination: 10
+Flags: ( "no-shields" "escort" )
+Flags2: ( )
+Respawn priority: 0
+Escort priority: 0
+Orders Accepted: 0		;! note that this is a bitfield!!!
+Group: 0
+Use Table Score:
+Score: 210

$Name: Aquarius 1		;! Object #42
$Display Name: XSTR("Aquarius 1", 5049)
$Class: SF Astaroth
$Team: Hostile
$Location: 3959.199951, 0.000000, 1705.900024
$Orientation:
	-0.395702, 0.000000, 0.918379,
	0.000000, 1.000000, 0.000000,
	-0.918379, 0.000000, -0.395702
$AI Behavior: None
$Cargo 1:  XSTR("Nothing", 13)
+Initial Velocity: 33
+Subsystem: Pilot
$Arrival Location: Hyperspace
$Arrival Cue: ( false ) 
$Departure Location: Hyperspace
$Departure Cue: ( false ) 
$Determination: 10
+Flags: ( )
+Flags2: ( )
+Respawn priority: 0
