#Mission Info

$Version: 0.10
$Name:  XSTR("End of the Line", 6022)
$Author: Colin Czerneda
$Created: 01/30/00 at 21:09:56
$Modified: 08/06/20 at 10:41:55
$Notes:
This is a FRED created mission$End Notes:

$Mission Desc:
 XSTR("A small Shivan taskforce has evaded the Warlock and is attempting to outflank us by jumping to the Kaus Borealis system.", 6023)
$end_multi_text
+Game Type Flags: 1
+Flags: 0
+Fog Near Mult: 1.000000

+Fog Far Mult: 1.000000

+Disallow Support: 0
+Hull Repair Ceiling: 100.000000
+Subsystem Repair Ceiling: 100.000000

+Player Entry Delay:
1.000000

+Viewer pos: 6524.455566, 5237.107910, -10313.550781
+Viewer orient:
	-0.881533, 0.000000, 0.472122,
	0.030666, 0.997888, 0.057258,
	-0.471125, 0.064953, -0.879672
+SquadReassignName: 636th
+SquadReassignLogo: wolf636.pcx


$Skybox Model: skybox_GienahCygni.pof

$AI Profile: FS2 RETAIL

#Sexp_variables

$Variables:
(
		0		"autoGenVar1"		"#Command"		"string"
)

#Command Briefing

#Briefing
$start_briefing
$num_stages: 4
$start_stage
$multi_text
 XSTR("We'll be making an attack on Russik and the Naos system as soon as 7th Fleet reinforcements arrive.  Unfortunately, it seems as if the Shivans have already anticipated our attack.", 6024)
$end_multi_text
$voice: e3m6_b1.ogg
$camera_pos: 1104.742065, 44747.359375, -3403.597412
$camera_orient:
	0.046591, 0.000001, 0.998914,
	-0.995877, 0.077919, 0.046449,
	-0.077834, -0.996960, 0.003631
$camera_time: 500
$num_lines: 0
$num_icons: 4
$Flags: 0
$Formula: ( true ) 
$start_icon
$type: 33
$team: Friendly
$class: GTF Ulysses
$pos: -2415.312256, 0.001082, -13622.274414
$label:  XSTR("Kaus Borealis", 5709)
+id: 12
$hlight: 0
$mirror: 0
$multi_text
$end_multi_text
$end_icon
$start_icon
$type: 6
$team: Hostile
$class: SD Ravana
$pos: -2318.241211, -413.699036, 757.977539
$label:  XSTR("Nox", 6025)
+id: 13
$hlight: 0
$mirror: 0
$multi_text
$end_multi_text
$end_icon
$start_icon
$type: 18
$team: Hostile
$class: SC Lilith
$pos: -7813.235840, 64.603119, 343.563171
$label:  XSTR("Maya", 6026)
+id: 14
$hlight: 0
$mirror: 0
$multi_text
$end_multi_text
$end_icon
$start_icon
$type: 28
$team: Hostile
$class: SCv Moloch
$pos: 3197.501953, 192.415588, 572.296753
$label:  XSTR("Nagas", 6027)
+id: 15
$hlight: 0
$mirror: 0
$multi_text
$end_multi_text
$end_icon
$end_stage
$start_stage
$multi_text
 XSTR("A large Shivan battlegroup has been detected heading for the Kaus Borealis system jump node.  Their intent is most likely to rout our reinforcements and prevent us from launching a credible offensive in the Naos system.", 6028)
$end_multi_text
$voice: e3m6_b2.ogg
$camera_pos: 774.889282, 39981.234375, 1430.369263
$camera_orient:
	0.005983, 0.000001, 0.999982,
	-0.996942, 0.077919, 0.005965,
	-0.077917, -0.996960, 0.000467
$camera_time: 2500
$num_lines: 0
$num_icons: 4
$Flags: 0
$Formula: ( true ) 
$start_icon
$type: 33
$team: Friendly
$class: GTF Ulysses
$pos: -2415.312256, 0.001082, -13622.274414
$label:  XSTR("Kaus Borealis", 5709)
+id: 12
$hlight: 0
$mirror: 0
$multi_text
$end_multi_text
$end_icon
$start_icon
$type: 6
$team: Hostile
$class: SD Ravana
$pos: -2224.368896, -413.700867, 6659.420410
$label:  XSTR("Nox", 6025)
+id: 13
$hlight: 1
$mirror: 0
$multi_text
$end_multi_text
$end_icon
$start_icon
$type: 18
$team: Hostile
$class: SC Lilith
$pos: -6511.617676, 64.601563, 3153.166504
$label:  XSTR("Maya", 6026)
+id: 14
$hlight: 1
$mirror: 0
$multi_text
$end_multi_text
$end_icon
$start_icon
$type: 28
$team: Hostile
$class: SCv Moloch
$pos: 3927.496094, 192.414063, 3313.975098
$label:  XSTR("Nagas", 6027)
+id: 15
$hlight: 1
$mirror: 0
$multi_text
$end_multi_text
$end_icon
$end_stage
$start_stage
$multi_text
 XSTR("We have surrounded the node with Mjolnir RBC sentry guns, but those sentries are going to need support if we are to prevent the Shivans from destroying our reinforcements.  You will lead the bomber strike against the various Shivan capital ships and supply transports.  In order for this operation to be a success, all of the Shivan ships must be destroyed.", 6029)
$end_multi_text
$voice: e3m6_b3.ogg
$camera_pos: -2372.229736, 6857.918945, -12539.105469
$camera_orient:
	0.046591, 0.000001, 0.998914,
	-0.998900, -0.005381, 0.046590,
	0.005375, -0.999986, -0.000250
$camera_time: 2400
$num_lines: 0
$num_icons: 7
$Flags: 0
$Formula: ( true ) 
$start_icon
$type: 33
$team: Friendly
$class: GTF Ulysses
$pos: -2414.919678, 0.000843, -13975.812500
$label:  XSTR("Kaus Borealis", 5709)
+id: 12
$hlight: 0
$mirror: 0
$multi_text
$end_multi_text
$end_icon
$start_icon
$type: 32
$team: Friendly
$class: GTSG Mjolnir
$pos: -3313.927246, 571.309082, -13039.302734
$label:  XSTR("Mjolnir 04", 6030)
+id: 16
$hlight: 1
$mirror: 0
$multi_text
$end_multi_text
$end_icon
$start_icon
$type: 32
$team: Friendly
$class: GTSG Mjolnir
$pos: -3224.252441, -730.954956, -12388.791016
$label:  XSTR("Mjolnir 02", 6031)
+id: 17
$hlight: 1
$mirror: 0
$multi_text
$end_multi_text
$end_icon
$start_icon
$type: 32
$team: Friendly
$class: GTSG Mjolnir
$pos: -1238.400024, 571.308044, -13167.683594
$label:  XSTR("Mjolnir 05", 6032)
+id: 18
$hlight: 1
$mirror: 0
$multi_text
$end_multi_text
$end_icon
$start_icon
$type: 32
$team: Friendly
$class: GTSG Mjolnir
$pos: -1453.589478, -786.205750, -12333.470703
$label:  XSTR("Mjolnir 01", 6033)
+id: 19
$hlight: 1
$mirror: 0
$multi_text
$end_multi_text
$end_icon
$start_icon
$type: 32
$team: Friendly
$class: GTSG Mjolnir
$pos: -2392.964111, 730.400818, -12141.090820
$label:  XSTR("Mjolnir 03", 6034)
+id: 20
$hlight: 1
$mirror: 0
$multi_text
$end_multi_text
$end_icon
$start_icon
$type: 17
$team: Friendly
$class: GTB Boanerges
$pos: -2487.885986, 571.308594, -10806.090820
$label:  XSTR("Alpha", 4925)
+id: 21
$hlight: 0
$mirror: 0
$multi_text
$end_multi_text
$end_icon
$end_stage
$start_stage
$multi_text
 XSTR("You are on your own for most of this one.  Once our reinforcements have arrived, you may return to base.  Good luck, 636th!", 6035)
$end_multi_text
$voice: e3m6_b4.ogg
$camera_pos: 6524.455566, 5237.107910, -10313.550781
$camera_orient:
	0.004138, 0.000001, 0.999991,
	-0.519010, 0.854766, 0.002147,
	-0.854758, -0.519014, 0.003537
$camera_time: 3500
$num_lines: 0
$num_icons: 2
$Flags: 0
$Formula: ( true ) 
$start_icon
$type: 33
$team: Friendly
$class: GTF Ulysses
$pos: -2414.919678, 0.000843, -13975.812500
$label:  XSTR("Kaus Borealis", 5709)
+id: 12
$hlight: 0
$mirror: 0
$multi_text
$end_multi_text
$end_icon
$start_icon
$type: 17
$team: Friendly
$class: GTB Boanerges
$pos: -2487.885986, 571.308594, -10806.090820
$label:  XSTR("Alpha", 4925)
+id: 21
$hlight: 1
$mirror: 0
$multi_text
$end_multi_text
$end_icon
$end_stage
$end_briefing

#Debriefing_info

$Num stages: 3

$Formula: ( is-goal-true-delay "Clear All" 0 ) 
$Multi text
    XSTR("All Shivan capital ships were destroyed and our reinforcements arrived.  They will now head further into the Naos system with considerably less Shivan resistance.  Once again, you and your squadron have proven their elite status, despite the overwhelming odds aligned against you.", 6036)
$end_multi_text
$Voice: e3m6_db1.ogg
$Recommendation text:
    XSTR("", 3307)
$end_multi_text

$Formula: ( and 
   ( is-event-false-delay "rtb" 0 ) 
   ( is-event-false-delay "RTB Failed" 0 ) 
)
$Multi text
    XSTR("You have been declared AWOL, pilot!  Jumping out before you are ordered to do so is grounds for immediate imprisonment.", 4932)
$end_multi_text
$Voice: e3m3_db3.ogg
$Recommendation text:
    XSTR("Do not depart until you are ordered to do so.", 4933)
$end_multi_text

$Formula: ( is-goal-false-delay "Clear All" 0 ) 
$Multi text
    XSTR("You failed to eliminate all of the Shivan ships attacking the Kaus Borealis jump node.  Our reinforcements were attacked and sustained heavy damage.  Now we cannot begin our attack on the Naos system until GTVA Command assigns us further assets.  Admiral Russik may have just slipped through our hands.", 6037)
$end_multi_text
$Voice: e3m6_db2.ogg
$Recommendation text:
    XSTR("Destroy all vessels that you encounter.  Take out their beam cannons and engine susbsystems, and be wary of fighter wings attacking the Mjolnirs.", 6038)
$end_multi_text

#Players		;! 1 total

$Starting Shipname: Alpha 1
$Ship Choices: (
	"GTF Hercules Mark II"	10
	"GTF Ares"	6
	"GTF Erinyes"	4
	"GTF Loki"	4
	"GTF Perseus"	8
	"GTF Myrmidon"	8
	"GTB Artemis"	6
	"GTB Artemis D.H."	4
	"GTB Medusa"	8
	"GTB Ursa"	4
	"GTB Zeus"	8
	"GTB Boanerges"	4
)

+Weaponry Pool: (
	"Subach HL-7"	16
	"Akheton SDG"	16
	"Morning Star"	16
	"Prometheus S"	104
	"Maxim"	16
	"UD-8 Kayser"	24
	"Circe"	16
	"Lamprey"	16
	"Rockeye"	500
	"Tempest"	500
	"Hornet"	500
	"Tornado"	788
	"Harpoon"	564
	"Trebuchet"	500
	"Piranha"	500
	"Stiletto II"	500
	"Infyrno"	500
	"Cyclops"	556
	"Helios"	500
	"EMP Adv."	500
)

#Objects		;! 54 total

$Name: Alpha 1		;! Object #0
$Display Name: XSTR("Alpha 1", 4816)
$Class: GTB Boanerges
$Team: Friendly
$Location: -5788.299805, 905.099976, -11619.299805
$Orientation:
	-0.454347, 0.000000, -0.890825,
	0.204295, 0.973348, -0.104197,
	0.867083, -0.229333, -0.442238
$AI Behavior: None
$Cargo 1:  XSTR("Nothing", 13)
+Initial Velocity: 100
+Initial Hull: 100
+Subsystem: Pilot
+Primary Banks: ( "UD-8 Kayser" )
+Secondary Banks: ( "Tornado" "Cyclops" "Cyclops" )
$Arrival Location: Hyperspace
$Arrival Cue: ( false ) 
$Departure Location: Hyperspace
$Departure Cue: ( false ) 
$Determination: 10
+Flags: ( "cargo-known" "player-start" )
+Flags2: ( )
+Respawn priority: 0
+Group: 0
+Score: 8

$Name: Alpha 2		;! Object #1
$Display Name: XSTR("Alpha 2", 4937)
$Class: GTB Boanerges
$Team: Friendly
$Location: -6018.837891, 912.409729, -11723.852539
$Orientation:
	-0.409769, 0.000000, -0.912189,
	0.202658, 0.975009, -0.091037,
	0.889393, -0.222166, -0.399528
$AI Behavior: None
+AI Class: General
$Cargo 1:  XSTR("Nothing", 13)
+Initial Velocity: 33
+Initial Hull: 100
+Subsystem: Pilot
+Primary Banks: ( "UD-8 Kayser" )
+Secondary Banks: ( "Tornado" "Cyclops" "Cyclops" )
$Arrival Location: Hyperspace
$Arrival Cue: ( false ) 
$Departure Location: Hyperspace
$Departure Cue: ( false ) 
$Determination: 10
+Flags: ( "cargo-known" )
+Flags2: ( )
+Respawn priority: 0
+Group: 0
+Use Table Score:
+Score: 10

$Name: Alpha 3		;! Object #2
$Display Name: XSTR("Alpha 3", 4938)
$Class: GTB Boanerges
$Team: Friendly
$Location: -6001.650879, 904.730225, -11497.640625
$Orientation:
	-0.456839, 0.000000, -0.889549,
	0.192271, 0.976361, -0.098743,
	0.868522, -0.216144, -0.446040
$AI Behavior: None
+AI Class: General
$Cargo 1:  XSTR("Nothing", 13)
+Initial Velocity: 33
+Initial Hull: 100
+Subsystem: Pilot
+Primary Banks: ( "UD-8 Kayser" )
+Secondary Banks: ( "Tornado" "Cyclops" "Cyclops" )
$Arrival Location: Hyperspace
$Arrival Cue: ( false ) 
$Departure Location: Hyperspace
$Departure Cue: ( false ) 
$Determination: 10
+Flags: ( "cargo-known" )
+Flags2: ( )
+Respawn priority: 0
+Group: 0
+Use Table Score:
+Score: 10

$Name: Alpha 4		;! Object #3
$Display Name: XSTR("Alpha 4", 4939)
$Class: GTB Boanerges
$Team: Friendly
$Location: -6154.421875, 902.538940, -11594.057617
$Orientation:
	-0.423431, 0.000000, -0.905929,
	0.191132, 0.977491, -0.089335,
	0.885537, -0.210979, -0.413899
$AI Behavior: None
+AI Class: General
$Cargo 1:  XSTR("Nothing", 13)
+Initial Velocity: 33
+Initial Hull: 100
+Subsystem: Pilot
+Primary Banks: ( "UD-8 Kayser" )
+Secondary Banks: ( "Tornado" "Cyclops" "Cyclops" )
$Arrival Location: Hyperspace
$Arrival Cue: ( false ) 
$Departure Location: Hyperspace
$Departure Cue: ( false ) 
$Determination: 10
+Flags: ( "cargo-known" )
+Flags2: ( )
+Respawn priority: 0
+Group: 0
+Use Table Score:
+Score: 10

$Name: Beta 1		;! Object #4
$Display Name: XSTR("Beta 1", 5020)
$Class: GTF Erinyes
$Team: Friendly
$Location: -5815.713379, 1025.075317, -11745.378906
$Orientation:
	-0.424936, 0.000000, -0.905224,
	0.235148, 0.965671, -0.110384,
	0.874148, -0.259767, -0.410348
$AI Behavior: None
+AI Class: General
$Cargo 1:  XSTR("Nothing", 13)
+Initial Velocity: 33
+Initial Hull: 100
+Subsystem: Pilot
+Primary Banks: ( "UD-8 Kayser" "Prometheus S" )
+Secondary Banks: ( "Harpoon" "Tornado" )
$Arrival Location: Hyperspace
$Arrival Cue: ( false ) 
$Departure Location: Hyperspace
$Departure Cue: ( false ) 
$Determination: 10
+Flags: ( "cargo-known" )
+Flags2: ( )
+Respawn priority: 0
+Group: 0
+Use Table Score:
+Score: 12

$Name: Beta 2		;! Object #5
$Display Name: XSTR("Beta 2", 5021)
$Class: GTF Erinyes
$Team: Friendly
$Location: -5944.318848, 1085.379028, -11637.940430
$Orientation:
	-0.434619, 0.000000, -0.900614,
	0.237343, 0.964650, -0.114537,
	0.868778, -0.263534, -0.419255
$AI Behavior: None
+AI Class: General
$Cargo 1:  XSTR("Nothing", 13)
+Initial Velocity: 33
+Initial Hull: 100
+Subsystem: Pilot
+Primary Banks: ( "UD-8 Kayser" "Prometheus S" )
+Secondary Banks: ( "Harpoon" "Tornado" )
$Arrival Location: Hyperspace
$Arrival Cue: ( false ) 
$Departure Location: Hyperspace
$Departure Cue: ( false ) 
$Determination: 10
+Flags: ( "cargo-known" )
+Flags2: ( )
+Respawn priority: 0
+Group: 0
+Use Table Score:
+Score: 12

$Name: Beta 3		;! Object #6
$Display Name: XSTR("Beta 3", 5022)
$Class: GTF Erinyes
$Team: Friendly
$Location: -5975.931641, 989.808655, -11911.082031
$Orientation:
	-0.373538, 0.000000, -0.927615,
	0.228665, 0.969141, -0.092080,
	0.898989, -0.246509, -0.362010
$AI Behavior: None
+AI Class: General
$Cargo 1:  XSTR("Nothing", 13)
+Initial Velocity: 33
+Initial Hull: 100
+Subsystem: Pilot
+Primary Banks: ( "UD-8 Kayser" "Prometheus S" )
+Secondary Banks: ( "Harpoon" "Tornado" )
$Arrival Location: Hyperspace
$Arrival Cue: ( false ) 
$Departure Location: Hyperspace
$Departure Cue: ( false ) 
$Determination: 10
+Flags: ( "cargo-known" )
+Flags2: ( )
+Respawn priority: 0
+Group: 0
+Use Table Score:
+Score: 12

$Name: Beta 4		;! Object #7
$Display Name: XSTR("Beta 4", 5023)
$Class: GTF Erinyes
$Team: Friendly
$Location: -6036.725098, 901.244751, -11799.274414
$Orientation:
	-0.392291, 0.000000, -0.919841,
	0.202646, 0.975431, -0.086424,
	0.897241, -0.220306, -0.382653
$AI Behavior: None
+AI Class: General
$Cargo 1:  XSTR("Nothing", 13)
+Initial Velocity: 33
+Initial Hull: 100
+Subsystem: Pilot
+Primary Banks: ( "UD-8 Kayser" "Prometheus S" )
+Secondary Banks: ( "Harpoon" "Tornado" )
$Arrival Location: Hyperspace
$Arrival Cue: ( false ) 
$Departure Location: Hyperspace
$Departure Cue: ( false ) 
$Determination: 10
+Flags: ( "cargo-known" )
+Flags2: ( )
+Respawn priority: 0
+Group: 0
+Use Table Score:
+Score: 12

$Name: Dhara		;! Object #8
$Display Name: XSTR("Dhara", 6039)
$Class: SC Rakshasa
$Team: Hostile
$Location: -2339.300049, -226.960709, -6779.399902
$Orientation:
	-0.999992, 0.000000, 0.004086,
	0.000000, 1.000000, 0.000000,
	-0.004086, 0.000000, -0.999992
$AI Behavior: None
$AI Goals: ( goals ( ai-waypoints-once "Jump Out 1" 50 ) )
$Cargo 1:  XSTR("Nothing", 13)
+Initial Velocity: 33
+Initial Hull: 100
+Initial Shields: 100
+Subsystem: Pilot
+Subsystem: turret01
+Subsystem: turret02
+Subsystem: turret03
+Subsystem: turret04
+Subsystem: turret05
+Subsystem: turret06
+Subsystem: turret07
+Subsystem: turret08
+Subsystem: turret09
+Subsystem: turret10
+Subsystem: turret11
+Subsystem: turret12
+Subsystem: turret13
+Subsystem: turret14
$Arrival Location: Hyperspace
$Arrival Cue: ( has-arrived-delay 0 "Nagas" ) 
$Departure Location: Hyperspace
$Departure Cue: ( are-waypoints-done-delay 
   "Dhara" 
   "Jump Out 1" 
   0 
)
$Determination: 10
+Flags: ( "no-shields" "escort" )
+Flags2: ( )
+Respawn priority: 0
+Escort priority: 0
+Orders Accepted: 0		;! note that this is a bitfield!!!
+Group: 0
+Use Table Score:
+Score: 300

$Name: Maya		;! Object #9
$Display Name: XSTR("Maya", 6026)
$Class: SC Lilith
$Team: Hostile
$Location: -3303.003418, 64.600632, -5991.165039
$Orientation:
	-0.992026, 0.000000, -0.126036,
	0.000000, 1.000000, 0.000000,
	0.126036, 0.000000, -0.992026
$AI Behavior: None
$AI Goals: ( goals ( ai-waypoints-once "Jump Out 3" 50 ) )
$Cargo 1:  XSTR("Nothing", 13)
+Initial Velocity: 33
+Initial Hull: 100
+Initial Shields: 100
+Subsystem: Pilot
+Subsystem: turret01
+Subsystem: turret02
+Subsystem: turret03
+Subsystem: turret04
+Subsystem: turret05
+Subsystem: turret06
+Subsystem: turret07
+Subsystem: turret08
+Subsystem: turret09
$Arrival Location: Hyperspace
$Arrival Cue: ( has-arrived-delay 0 "Nagas" ) 
$Departure Location: Hyperspace
$Departure Cue: ( are-waypoints-done-delay 
   "Maya" 
   "Jump Out 3" 
   0 
)
$Determination: 10
+Flags: ( "no-shields" "escort" )
+Flags2: ( )
+Respawn priority: 0
+Escort priority: 0
+Orders Accepted: 0		;! note that this is a bitfield!!!
+Group: 0
+Use Table Score:
+Score: 210

$Name: Nagas		;! Object #10
$Display Name: XSTR("Nagas", 6027)
$Class: SCv Moloch
$Team: Hostile
$Location: -1300.599976, 192.412857, -5672.899902
$Orientation:
	-0.997675, 0.000000, -0.068151,
	0.000000, 1.000000, 0.000000,
	0.068151, 0.000000, -0.997675
$AI Behavior: None
$AI Goals: ( goals ( ai-waypoints-once "Jump Out 2" 50 ) )
$Cargo 1:  XSTR("Nothing", 13)
+Initial Velocity: 33
+Initial Hull: 100
+Initial Shields: 100
+Subsystem: Pilot
+Subsystem: turret01
+Subsystem: turret02
+Subsystem: turret03
+Subsystem: turret04
+Subsystem: turret05
+Subsystem: turret06
+Subsystem: turret07
+Subsystem: turret08
+Subsystem: turret09
+Subsystem: turret10
+Subsystem: turret11
+Subsystem: turret12
+Subsystem: turret13
+Subsystem: turret14
+Subsystem: turret15
+Subsystem: turret16
$Arrival Location: Hyperspace
$Arrival Cue: ( has-time-elapsed 31 ) 
$Departure Location: Hyperspace
$Departure Cue: ( are-waypoints-done-delay 
   "Nagas" 
   "Jump Out 2" 
   0 
)
$Determination: 10
+Flags: ( "no-shields" "escort" )
+Flags2: ( )
+Respawn priority: 0
+Escort priority: 0
+Orders Accepted: 0		;! note that this is a bitfield!!!
+Group: 0
+Use Table Score:
+Score: 440

$Name: Sati		;! Object #11
$Display Name: XSTR("Sati", 6040)
$Class: SC Cain
$Team: Hostile
$Location: -2278.097168, 391.051788, -7786.560059
$Orientation:
	-0.999875, 0.000000, 0.015794,
	0.000000, 1.000000, 0.000000,
	-0.015794, 0.000000, -0.999875
$AI Behavior: None
$AI Goals: ( goals ( ai-waypoints-once "Jump Out 1" 50 ) )
$Cargo 1:  XSTR("Nothing", 13)
+Initial Velocity: 33
+Initial Hull: 100
+Initial Shields: 100
+Subsystem: Pilot
+Subsystem: turret01
+Subsystem: turret02
+Subsystem: turret03
+Subsystem: turret04
+Subsystem: turret05
+Subsystem: turret06
+Subsystem: turret07
+Subsystem: turret08
+Subsystem: turret09
$Arrival Location: Hyperspace
$Arrival Cue: ( destroyed-or-departed-delay 
   12 
   "Dhara" 
   "Maya" 
   "Nagas" 
)
$Departure Location: Hyperspace
$Departure Cue: ( are-waypoints-done-delay 
   "Sati" 
   "Jump Out 1" 
   0 
)
$Determination: 10
+Flags: ( "no-shields" "escort" )
+Flags2: ( )
+Respawn priority: 0
+Escort priority: 0
+Orders Accepted: 0		;! note that this is a bitfield!!!
+Group: 0
+Use Table Score:
+Score: 150

$Name: Rudra 1		;! Object #12
$Display Name: XSTR("Rudra 1", 6041)
$Class: SFr Dis
$Team: Hostile
$Location: -3007.004150, -166.743118, -6940.063477
$Orientation:
	-0.995074, 0.000000, -0.099139,
	0.000016, 1.000000, -0.000157,
	0.099140, -0.000158, -0.995074
$AI Behavior: None
$AI Goals: ( goals ( ai-waypoints-once "Jump Out 3" 50 ) )
$Cargo 1:  XSTR("Nothing", 13)
+Initial Velocity: 33
+Initial Hull: 100
+Initial Shields: 100
+Subsystem: Pilot
+Subsystem: turret01
+Subsystem: turret02
+Subsystem: turret03
+Subsystem: turret04
$Arrival Location: Hyperspace
$Arrival Cue: ( destroyed-or-departed-delay 
   12 
   "Dhara" 
   "Maya" 
   "Nagas" 
)
$Departure Location: Hyperspace
$Departure Cue: ( are-waypoints-done-delay 
   "Rudra 1" 
   "Jump Out 2" 
   0 
)
$Determination: 10
+Flags: ( "no-shields" "escort" )
+Flags2: ( )
+Respawn priority: 0
+Escort priority: 0
+Orders Accepted: 0		;! note that this is a bitfield!!!
+Group: 0
+Use Table Score:
+Score: 20

$Name: Container 01		;! Object #13
$Display Name: XSTR("Container 01", 5036)
$Class: SAC 3
$Team: Hostile
$Location: -2988.729980, -163.883896, -7109.035645
$Orientation:
	0.995072, -0.000059, 0.099164,
	0.001087, -0.999933, -0.011503,
	0.099159, 0.011553, -0.995005
$AI Behavior: None
$Cargo 1:  XSTR("Supplies", 5192)
+Initial Velocity: 33
+Initial Hull: 100
+Initial Shields: 100
+Subsystem: Pilot
$Arrival Location: Hyperspace
$Arrival Cue: ( false ) 
$Departure Location: Hyperspace
$Departure Cue: ( false ) 
$Determination: 10
+Flags: ( "no-shields" )
+Flags2: ( )
+Respawn priority: 0
+Docked With: Rudra 1
$Docker Point: cargo dock01
$Dockee Point: cargo dockpoint
+Group: 0
+Use Table Score:
+Score: 0

$Name: Rudra 2		;! Object #14
$Display Name: XSTR("Rudra 2", 6042)
$Class: SFr Dis
$Team: Hostile
$Location: -1626.470093, 356.251648, -6846.207031
$Orientation:
	-0.993812, 0.000000, 0.111078,
	-0.000017, 1.000000, -0.000151,
	-0.111077, -0.000153, -0.993811
$AI Behavior: None
$AI Goals: ( goals ( ai-waypoints-once "Jump Out 2" 50 ) )
$Cargo 1:  XSTR("Nothing", 13)
+Initial Velocity: 33
+Initial Hull: 100
+Initial Shields: 100
+Subsystem: Pilot
+Subsystem: turret01
+Subsystem: turret02
+Subsystem: turret03
+Subsystem: turret04
$Arrival Location: Hyperspace
$Arrival Cue: ( destroyed-or-departed-delay 
   12 
   "Dhara" 
   "Maya" 
   "Nagas" 
)
$Departure Location: Hyperspace
$Departure Cue: ( are-waypoints-done-delay 
   "Rudra 2" 
   "Jump Out 2" 
   0 
)
$Determination: 10
+Flags: ( "no-shields" "escort" )
+Flags2: ( )
+Respawn priority: 0
+Escort priority: 0
+Orders Accepted: 0		;! note that this is a bitfield!!!
+Group: 0
+Use Table Score:
+Score: 20

$Name: Container 02		;! Object #15
$Display Name: XSTR("Container 02", 5039)
$Class: SAC 3
$Team: Hostile
$Location: -1643.924438, 359.111511, -7015.265625
$Orientation:
	0.993815, -0.000146, -0.111055,
	-0.001429, -0.999933, -0.011472,
	-0.111045, 0.011558, -0.993747
$AI Behavior: None
$Cargo 1:  XSTR("Supplies", 5192)
+Initial Velocity: 33
+Initial Hull: 100
+Initial Shields: 100
+Subsystem: Pilot
$Arrival Location: Hyperspace
$Arrival Cue: ( false ) 
$Departure Location: Hyperspace
$Departure Cue: ( false ) 
$Determination: 10
+Flags: ( "no-shields" )
+Flags2: ( )
+Respawn priority: 0
+Docked With: Rudra 2
$Docker Point: cargo dock01
$Dockee Point: cargo dockpoint
+Group: 0
+Use Table Score:
+Score: 0

$Name: Delta 1		;! Object #16
$Display Name: XSTR("Delta 1", 5041)
$Class: GTF Ares
$Team: Friendly
$Location: -2291.389404, 21.295349, -13147.950195
$Orientation:
	1.000000, 0.000000, 0.000000,
	0.000000, 1.000000, 0.000000,
	0.000000, 0.000000, 1.000000
$AI Behavior: None
$Cargo 1:  XSTR("Nothing", 13)
+Initial Velocity: 33
+Initial Hull: 100
+Subsystem: Pilot
+Primary Banks: ( "UD-8 Kayser" "Maxim" )
+Secondary Banks: ( "Harpoon" "Tornado" )
$Arrival Location: Hyperspace
$Arrival Cue: ( false ) 
$Departure Location: Hyperspace
$Departure Cue: ( false ) 
$Determination: 10
+Flags: ( "cargo-known" )
+Flags2: ( )
+Respawn priority: 0
+Group: 0
+Use Table Score:
+Score: 15

$Name: Delta 2		;! Object #17
$Display Name: XSTR("Delta 2", 5042)
$Class: GTF Ares
$Team: Friendly
$Location: -2415.104492, 21.295349, -13229.491211
$Orientation:
	1.000000, 0.000000, 0.000000,
	0.000000, 1.000000, 0.000000,
	0.000000, 0.000000, 1.000000
$AI Behavior: None
$Cargo 1:  XSTR("Nothing", 13)
+Initial Velocity: 33
+Initial Hull: 100
+Subsystem: Pilot
+Primary Banks: ( "UD-8 Kayser" "Maxim" )
+Secondary Banks: ( "Harpoon" "Tornado" )
$Arrival Location: Hyperspace
$Arrival Cue: ( false ) 
$Departure Location: Hyperspace
$Departure Cue: ( false ) 
$Determination: 10
+Flags: ( "cargo-known" )
+Flags2: ( )
+Respawn priority: 0
+Group: 0
+Use Table Score:
+Score: 15

$Name: Delta 3		;! Object #18
$Display Name: XSTR("Delta 3", 5043)
$Class: GTF Ares
$Team: Friendly
$Location: -2142.155273, 21.295349, -13222.259766
$Orientation:
	1.000000, 0.000000, 0.000000,
	0.000000, 1.000000, 0.000000,
	0.000000, 0.000000, 1.000000
$AI Behavior: None
$Cargo 1:  XSTR("Nothing", 13)
+Initial Velocity: 33
+Initial Hull: 100
+Subsystem: Pilot
+Primary Banks: ( "UD-8 Kayser" "Maxim" )
+Secondary Banks: ( "Harpoon" "Tornado" )
$Arrival Location: Hyperspace
$Arrival Cue: ( false ) 
$Departure Location: Hyperspace
$Departure Cue: ( false ) 
$Determination: 10
+Flags: ( "cargo-known" )
+Flags2: ( )
+Respawn priority: 0
+Group: 0
+Use Table Score:
+Score: 15

$Name: Delta 4		;! Object #19
$Display Name: XSTR("Delta 4", 5044)
$Class: GTF Ares
$Team: Friendly
$Location: -2252.478760, 21.295349, -13316.558594
$Orientation:
	1.000000, 0.000000, 0.000000,
	0.000000, 1.000000, 0.000000,
	0.000000, 0.000000, 1.000000
$AI Behavior: None
$Cargo 1:  XSTR("Nothing", 13)
+Initial Velocity: 33
+Initial Hull: 100
+Subsystem: Pilot
+Primary Banks: ( "UD-8 Kayser" "Maxim" )
+Secondary Banks: ( "Harpoon" "Tornado" )
$Arrival Location: Hyperspace
$Arrival Cue: ( false ) 
$Departure Location: Hyperspace
$Departure Cue: ( false ) 
$Determination: 10
+Flags: ( "cargo-known" )
+Flags2: ( )
+Respawn priority: 0
+Group: 0
+Use Table Score:
+Score: 15

$Name: Virgo 1		;! Object #20
$Display Name: XSTR("Virgo 1", 5111)
$Class: SF Mara
$Team: Hostile
$Location: 304.600006, 0.000000, -6730.500000
$Orientation:
	-0.625825, 0.000000, 0.779964,
	0.089769, 0.993355, 0.072028,
	-0.774781, 0.115094, -0.621666
$AI Behavior: None
$Cargo 1:  XSTR("Nothing", 13)
+Initial Velocity: 33
+Initial Hull: 100
+Subsystem: Pilot
+Secondary Banks: ( "" "" )
$Arrival Location: Hyperspace
$Arrival Cue: ( false ) 
$Departure Location: Hyperspace
$Departure Cue: ( false ) 
$Determination: 10
+Flags: ( )
+Flags2: ( )
+Respawn priority: 0
+Orders Accepted: 0		;! note that this is a bitfield!!!
+Group: 0
+Use Table Score:
+Score: 12

$Name: Virgo 2		;! Object #21
$Display Name: XSTR("Virgo 2", 5112)
$Class: SF Mara
$Team: Hostile
$Location: 443.213684, 0.000000, -6454.311523
$Orientation:
	-0.638145, 0.000000, 0.769916,
	0.085564, 0.993805, 0.070920,
	-0.765147, 0.111134, -0.634192
$AI Behavior: None
$Cargo 1:  XSTR("Nothing", 13)
+Initial Velocity: 33
+Initial Hull: 100
+Subsystem: Pilot
+Secondary Banks: ( "" "" )
$Arrival Location: Hyperspace
$Arrival Cue: ( false ) 
$Departure Location: Hyperspace
$Departure Cue: ( false ) 
$Determination: 10
+Flags: ( )
+Flags2: ( )
+Respawn priority: 0
+Orders Accepted: 0		;! note that this is a bitfield!!!
+Group: 0
+Use Table Score:
+Score: 12

$Name: Virgo 3		;! Object #22
$Display Name: XSTR("Virgo 3", 5113)
$Class: SF Mara
$Team: Hostile
$Location: 494.305511, 0.000012, -6894.754395
$Orientation:
	-0.601025, 0.000000, 0.799230,
	0.091420, 0.993436, 0.068748,
	-0.793985, 0.114385, -0.597080
$AI Behavior: None
$Cargo 1:  XSTR("Nothing", 13)
+Initial Velocity: 33
+Initial Hull: 100
+Subsystem: Pilot
+Secondary Banks: ( "" "" )
$Arrival Location: Hyperspace
$Arrival Cue: ( false ) 
$Departure Location: Hyperspace
$Departure Cue: ( false ) 
$Determination: 10
+Flags: ( )
+Flags2: ( )
+Respawn priority: 0
+Orders Accepted: 0		;! note that this is a bitfield!!!
+Group: 0
+Use Table Score:
+Score: 12

$Name: Virgo 4		;! Object #23
$Display Name: XSTR("Virgo 4", 5114)
$Class: SF Mara
$Team: Hostile
$Location: 644.707764, 0.000144, -6510.463867
$Orientation:
	-0.621902, 0.000000, 0.783095,
	0.085761, 0.993985, 0.068108,
	-0.778385, 0.109516, -0.618162
$AI Behavior: None
$Cargo 1:  XSTR("Nothing", 13)
+Initial Velocity: 33
+Initial Hull: 100
+Subsystem: Pilot
+Secondary Banks: ( "" "" )
$Arrival Location: Hyperspace
$Arrival Cue: ( false ) 
$Departure Location: Hyperspace
$Departure Cue: ( false ) 
$Determination: 10
+Flags: ( )
+Flags2: ( )
+Respawn priority: 0
+Orders Accepted: 0		;! note that this is a bitfield!!!
+Group: 0
+Use Table Score:
+Score: 12

$Name: Gemini 1		;! Object #24
$Display Name: XSTR("Gemini 1", 5054)
$Class: SF Astaroth
$Team: Hostile
$Location: -2554.500000, 0.000000, -7285.399902
$Orientation:
	-0.801473, 0.000000, 0.598031,
	0.098726, 0.986279, 0.132311,
	-0.589825, 0.165085, -0.790477
$AI Behavior: None
$Cargo 1:  XSTR("Nothing", 13)
+Initial Velocity: 33
+Subsystem: Pilot
$Arrival Location: Hyperspace
$Arrival Cue: ( false ) 
$Departure Location: Hyperspace
$Departure Cue: ( false ) 
$Determination: 10
+Flags: ( )
+Flags2: ( )
+Respawn priority: 0
+Orders Accepted: 0		;! note that this is a bitfield!!!
+Group: 0
+Use Table Score:
+Score: 13

$Name: Gemini 2		;! Object #25
$Display Name: XSTR("Gemini 2", 5055)
$Class: SF Astaroth
$Team: Hostile
$Location: -2640.868408, -0.000007, -7110.299316
$Orientation:
	-0.819989, 0.000000, 0.572379,
	0.092962, 0.986723, 0.133176,
	-0.564780, 0.162413, -0.809102
$AI Behavior: None
$Cargo 1:  XSTR("Nothing", 13)
+Initial Velocity: 33
+Subsystem: Pilot
$Arrival Location: Hyperspace
$Arrival Cue: ( false ) 
$Departure Location: Hyperspace
$Departure Cue: ( false ) 
$Determination: 10
+Flags: ( )
+Flags2: ( )
+Respawn priority: 0
+Orders Accepted: 0		;! note that this is a bitfield!!!
+Group: 0
+Use Table Score:
+Score: 13

$Name: Gemini 3		;! Object #26
$Display Name: XSTR("Gemini 3", 5056)
$Class: SF Astaroth
$Team: Hostile
$Location: -2496.749512, 0.000045, -7108.971680
$Orientation:
	-0.807771, 0.000000, 0.589496,
	0.094325, 0.987116, 0.129251,
	-0.581901, 0.160009, -0.797364
$AI Behavior: None
$Cargo 1:  XSTR("Nothing", 13)
+Initial Velocity: 33
+Subsystem: Pilot
$Arrival Location: Hyperspace
$Arrival Cue: ( false ) 
$Departure Location: Hyperspace
$Departure Cue: ( false ) 
$Determination: 10
+Flags: ( )
+Flags2: ( )
+Respawn priority: 0
+Orders Accepted: 0		;! note that this is a bitfield!!!
+Group: 0
+Use Table Score:
+Score: 13

$Name: Capricorn 1		;! Object #27
$Display Name: XSTR("Capricorn 1", 5123)
$Class: SF Aeshma
$Team: Hostile
$Location: -2106.300049, 0.000000, -6749.500000
$Orientation:
	-0.999229, 0.000000, 0.039259,
	0.000000, 1.000000, 0.000000,
	-0.039259, 0.000000, -0.999229
$AI Behavior: None
$Cargo 1:  XSTR("Nothing", 13)
+Initial Velocity: 33
+Initial Hull: 100
+Subsystem: Pilot
$Arrival Location: Hyperspace
$Arrival Cue: ( false ) 
$Departure Location: Hyperspace
$Departure Cue: ( false ) 
$Determination: 10
+Flags: ( )
+Flags2: ( )
+Respawn priority: 0
+Orders Accepted: 0		;! note that this is a bitfield!!!
+Group: 0
+Use Table Score:
+Score: 12

$Name: Capricorn 2		;! Object #28
$Display Name: XSTR("Capricorn 2", 5124)
$Class: SF Aeshma
$Team: Hostile
$Location: -2034.831543, -0.000015, -6586.716797
$Orientation:
	-0.998807, 0.000000, 0.048832,
	0.000000, 1.000000, 0.000000,
	-0.048832, 0.000000, -0.998807
$AI Behavior: None
$Cargo 1:  XSTR("Nothing", 13)
+Initial Velocity: 33
+Initial Hull: 100
+Subsystem: Pilot
$Arrival Location: Hyperspace
$Arrival Cue: ( false ) 
$Departure Location: Hyperspace
$Departure Cue: ( false ) 
$Determination: 10
+Flags: ( )
+Flags2: ( )
+Respawn priority: 0
+Orders Accepted: 0		;! note that this is a bitfield!!!
+Group: 0
+Use Table Score:
+Score: 12

$Name: Nox		;! Object #29
$Display Name: XSTR("Nox", 6025)
$Class: SD Ravana
$Team: Hostile
$Location: -2428.526123, -413.700226, -1176.073975
$Orientation:
	-0.999937, 0.000000, -0.011259,
	-0.000491, 0.999048, 0.043612,
	0.011248, 0.043615, -0.998985
$AI Behavior: None
$AI Goals: ( goals ( ai-waypoints-once "Jump Out 1" 50 ) )
$Cargo 1:  XSTR("Nothing", 13)
+Initial Velocity: 33
+Initial Hull: 100
+Initial Shields: 100
+Subsystem: Pilot
+Subsystem: Turret01
+Subsystem: Turret02
+Subsystem: Turret03
+Subsystem: Turret04
+Subsystem: Turret05
+Subsystem: Turret06
+Subsystem: Turret07
+Subsystem: Turret08
+Subsystem: Turret09
+Subsystem: Turret10
+Subsystem: Turret11
+Subsystem: Turret12
+Subsystem: Turret13
+Subsystem: Turret14
+Subsystem: Turret15
+Subsystem: Turret16
+Subsystem: Turret17
+Subsystem: Turret18
+Subsystem: Turret19
+Subsystem: Turret20
+Subsystem: Turret21
+Subsystem: Turret22
+Subsystem: Turret23
+Subsystem: Turret24
+Subsystem: Turret25
+Subsystem: Turret26
+Subsystem: Turret27
+Subsystem: Turret28
+Subsystem: Turret29
+Subsystem: Turret30
$Arrival Location: Hyperspace
$Arrival Cue: ( is-destroyed-delay 16 "Sati" ) 
$Departure Location: Hyperspace
$Departure Cue: ( are-waypoints-done-delay 
   "Nox" 
   "Jump Out 1" 
   0 
)
$Determination: 10
+Flags: ( "no-shields" "escort" )
+Flags2: ( )
+Respawn priority: 0
+Escort priority: 2
+Orders Accepted: 0		;! note that this is a bitfield!!!
+Group: 0
+Use Table Score:
+Score: 670

$Name: Mjolnir 01		;! Object #30
$Display Name: XSTR("Mjolnir 01", 6033)
$Class: GTSG Mjolnir
$Team: Friendly
$Location: -1841.885132, -786.206116, -13157.095703
$Orientation:
	-0.960552, -0.271173, 0.061690,
	-0.083955, 0.494228, 0.865270,
	-0.265127, 0.825957, -0.497497
$AI Behavior: None
$Cargo 1:  XSTR("Nothing", 13)
+Initial Velocity: 33
+Initial Hull: 100
+Subsystem: Pilot
+Subsystem: turret01
+Primary Banks: ( "MjolnirBeam#home" )
$Arrival Location: Hyperspace
$Arrival Cue: ( true ) 
$Departure Location: Hyperspace
$Departure Cue: ( false ) 
$Determination: 10
+Flags: ( "cargo-known" "beam-protect-ship" )
+Flags2: ( )
+Respawn priority: 0
+Orders Accepted: 0		;! note that this is a bitfield!!!
+Group: 0
+Use Table Score:
+Score: 17

$Name: Mjolnir 02		;! Object #31
$Display Name: XSTR("Mjolnir 02", 6031)
$Class: GTSG Mjolnir
$Team: Friendly
$Location: -3021.489014, -730.954468, -13100.611328
$Orientation:
	0.339816, 0.671629, -0.658363,
	0.606129, 0.378854, 0.699342,
	0.719121, -0.636699, -0.278353
$AI Behavior: None
$Cargo 1:  XSTR("Nothing", 13)
+Initial Velocity: 33
+Initial Hull: 100
+Subsystem: Pilot
+Subsystem: turret01
+Primary Banks: ( "MjolnirBeam#home" )
$Arrival Location: Hyperspace
$Arrival Cue: ( true ) 
$Departure Location: Hyperspace
$Departure Cue: ( false ) 
$Determination: 10
+Flags: ( "cargo-known" "beam-protect-ship" )
+Flags2: ( )
+Respawn priority: 0
+Orders Accepted: 0		;! note that this is a bitfield!!!
+Group: 0
+Use Table Score:
+Score: 17

$Name: Mjolnir 03		;! Object #32
$Display Name: XSTR("Mjolnir 03", 6034)
$Class: GTSG Mjolnir
$Team: Friendly
$Location: -2435.331543, 1439.507813, -13052.612305
$Orientation:
	-0.910140, 0.389779, 0.140424,
	-0.022660, -0.385266, 0.922528,
	0.413682, 0.836447, 0.359477
$AI Behavior: None
$Cargo 1:  XSTR("Nothing", 13)
+Initial Velocity: 33
+Initial Hull: 100
+Subsystem: Pilot
+Subsystem: turret01
+Primary Banks: ( "MjolnirBeam#home" )
$Arrival Location: Hyperspace
$Arrival Cue: ( true ) 
$Departure Location: Hyperspace
$Departure Cue: ( false ) 
$Determination: 10
+Flags: ( "cargo-known" "beam-protect-ship" )
+Flags2: ( )
+Respawn priority: 0
+Orders Accepted: 0		;! note that this is a bitfield!!!
+Group: 0
+Use Table Score:
+Score: 17

$Name: Mjolnir 04		;! Object #33
$Display Name: XSTR("Mjolnir 04", 6030)
$Class: GTSG Mjolnir
$Team: Friendly
$Location: -3053.546143, 571.308044, -13222.958008
$Orientation:
	0.863520, 0.456170, -0.215049,
	0.323388, -0.173652, 0.930199,
	0.386984, -0.872787, -0.297471
$AI Behavior: None
$Cargo 1:  XSTR("Nothing", 13)
+Initial Velocity: 33
+Initial Hull: 100
+Subsystem: Pilot
+Subsystem: turret01
+Primary Banks: ( "MjolnirBeam#home" )
$Arrival Location: Hyperspace
$Arrival Cue: ( true ) 
$Departure Location: Hyperspace
$Departure Cue: ( false ) 
$Determination: 10
+Flags: ( "cargo-known" "beam-protect-ship" )
+Flags2: ( )
+Respawn priority: 0
+Orders Accepted: 0		;! note that this is a bitfield!!!
+Group: 0
+Use Table Score:
+Score: 17

$Name: Mjolnir 05		;! Object #34
$Display Name: XSTR("Mjolnir 05", 6032)
$Class: GTSG Mjolnir
$Team: Friendly
$Location: -1746.423828, 571.308044, -13318.975586
$Orientation:
	-0.364890, 0.922955, 0.122511,
	-0.224870, -0.215051, 0.950361,
	0.903487, 0.319228, 0.286015
$AI Behavior: None
$Cargo 1:  XSTR("Nothing", 13)
+Initial Velocity: 33
+Initial Hull: 100
+Subsystem: Pilot
+Subsystem: turret01
+Primary Banks: ( "MjolnirBeam#home" )
$Arrival Location: Hyperspace
$Arrival Cue: ( true ) 
$Departure Location: Hyperspace
$Departure Cue: ( false ) 
$Determination: 10
+Flags: ( "cargo-known" "beam-protect-ship" )
+Flags2: ( )
+Respawn priority: 0
+Orders Accepted: 0		;! note that this is a bitfield!!!
+Group: 0
+Use Table Score:
+Score: 17

$Name: Capricorn 3		;! Object #35
$Display Name: XSTR("Capricorn 3", 5125)
$Class: SF Aeshma
$Team: Hostile
$Location: -2217.099854, -0.000083, -6574.592773
$Orientation:
	-0.999759, 0.000000, 0.021954,
	0.000000, 1.000000, 0.000000,
	-0.021954, 0.000000, -0.999759
$AI Behavior: None
$Cargo 1:  XSTR("Nothing", 13)
+Initial Velocity: 33
+Initial Hull: 100
+Subsystem: Pilot
$Arrival Location: Hyperspace
$Arrival Cue: ( false ) 
$Departure Location: Hyperspace
$Departure Cue: ( false ) 
$Determination: 10
+Flags: ( )
+Flags2: ( )
+Respawn priority: 0
+Orders Accepted: 0		;! note that this is a bitfield!!!
+Group: 0
+Use Table Score:
+Score: 12

$Name: Pearson		;! Object #36
$Display Name: XSTR("Pearson", 6043)
$Class: GTCv Deimos
$Team: Friendly
$Location: -2842.258301, -100.952019, -14148.757813
$Orientation:
	1.000000, 0.000000, 0.000000,
	0.000000, 1.000000, 0.000000,
	0.000000, 0.000000, 1.000000
$AI Behavior: None
$AI Goals: ( goals ( ai-waypoints-once "MBS - Pearsons's Waypoint" 89 ) )
$Cargo 1:  XSTR("Nothing", 13)
+Initial Velocity: 33
+Initial Hull: 100
+Initial Shields: 100
+Subsystem: Pilot
+Subsystem: Turret01
+Subsystem: Turret02
+Subsystem: Turret03
+Subsystem: Turret04
+Subsystem: Turret05
+Subsystem: Turret06
+Subsystem: Turret07
+Subsystem: Turret08
+Subsystem: Turret09
+Subsystem: Turret10
+Subsystem: Turret11
+Subsystem: Turret12
+Subsystem: Turret13
+Subsystem: Turret14
+Subsystem: Turret15
+Subsystem: Turret16
+Subsystem: Turret17
+Subsystem: Turret18
+Subsystem: Turret19
+Subsystem: Turret20
+Subsystem: Turret21
+Subsystem: Turret22
+Subsystem: Turret23
+Subsystem: Turret24
+Subsystem: Turret25
+Subsystem: Turret26
$Arrival Location: Hyperspace
$Arrival Cue: ( is-goal-true-delay "Clear All" 24 ) 
$Departure Location: Hyperspace
$Departure Cue: ( false ) 
$Determination: 10
+Flags: ( "cargo-known" "no-shields" )
+Flags2: ( )
+Respawn priority: 0
+Orders Accepted: 0		;! note that this is a bitfield!!!
+Group: 0
+Use Table Score:
+Score: 800
$Texture Replace:
+old: nameplate
+new: GTCvPearson

$Name: Coventry		;! Object #37
$Display Name: XSTR("Coventry", 6044)
$Class: GTCv Deimos
$Team: Friendly
$Location: -2102.988525, 277.559967, -13875.837891
$Orientation:
	1.000000, 0.000000, 0.000000,
	0.000000, 1.000000, 0.000000,
	0.000000, 0.000000, 1.000000
$AI Behavior: None
$AI Goals: ( goals ( ai-waypoints-once "MBS - Coventry's Waypoint" 89 ) )
$Cargo 1:  XSTR("Nothing", 13)
+Initial Velocity: 33
+Initial Hull: 100
+Initial Shields: 100
+Subsystem: Pilot
+Subsystem: Turret01
+Subsystem: Turret02
+Subsystem: Turret03
+Subsystem: Turret04
+Subsystem: Turret05
+Subsystem: Turret06
+Subsystem: Turret07
+Subsystem: Turret08
+Subsystem: Turret09
+Subsystem: Turret10
+Subsystem: Turret11
+Subsystem: Turret12
+Subsystem: Turret13
+Subsystem: Turret14
+Subsystem: Turret15
+Subsystem: Turret16
+Subsystem: Turret17
+Subsystem: Turret18
+Subsystem: Turret19
+Subsystem: Turret20
+Subsystem: Turret21
+Subsystem: Turret22
+Subsystem: Turret23
+Subsystem: Turret24
+Subsystem: Turret25
+Subsystem: Turret26
$Arrival Location: Hyperspace
$Arrival Cue: ( has-arrived-delay 1 "Pearson" ) 
$Departure Location: Hyperspace
$Departure Cue: ( false ) 
$Determination: 10
+Flags: ( "cargo-known" "no-shields" )
+Flags2: ( )
+Respawn priority: 0
+Orders Accepted: 0		;! note that this is a bitfield!!!
+Group: 0
+Use Table Score:
+Score: 800
$Texture Replace:
+old: nameplate
+new: GTCvCoventry

$Name: Arctius		;! Object #38
$Display Name: XSTR("Arctius", 6045)
$Class: GTC Aeolus
$Team: Friendly
$Location: -2369.062256, -323.973267, -13371.388672
$Orientation:
	1.000000, 0.000000, 0.000000,
	0.000000, 1.000000, 0.000000,
	0.000000, 0.000000, 1.000000
$AI Behavior: None
$AI Goals: ( goals ( ai-waypoints-once "MBS - Arctius' Waypoint" 89 ) )
$Cargo 1:  XSTR("Nothing", 13)
+Initial Velocity: 33
+Initial Hull: 100
+Initial Shields: 100
+Subsystem: Pilot
+Subsystem: Turret01
+Subsystem: Turret02
+Subsystem: Turret03
+Subsystem: Turret04
