#Mission Info

$Version: 0.10
$Name:  XSTR("Points of Origin", 4721)
$Author: Colin Czerneda
$Created: 11/05/99 at 17:23:07
$Modified: 08/06/20 at 13:16:41
$Notes:
This is a FRED created mission
$End Notes:

$Mission Desc:
 XSTR("Alpha wing must defend the Knossos portal from the Shivans.
", 4722)
$end_multi_text
+Game Type Flags: 1
+Flags: 0
+Fog Near Mult: 1.000000

+Fog Far Mult: 1.000000

+Disallow Support: 0
+Hull Repair Ceiling: 0.000000
+Subsystem Repair Ceiling: 100.000000

+Player Entry Delay:
1.000000

+Viewer pos: -1447.690552, 1373.922852, -1515.515137
+Viewer orient:
	0.861596, 0.000001, -0.507594,
	0.114260, 0.974335, 0.193947,
	0.494567, -0.225102, 0.839483
+SquadReassignName: 332nd
+SquadReassignLogo: manta332.pcx

$Squadron wing names: ( "Alpha" "Beta" "Delta" "Epsilon" "Kappa" )

$Skybox Model: skybox_Regulus.pof

$AI Profile: FS2 RETAIL

#Sexp_variables

$Variables:
(
		0		"autoGenVar1"		"#Knossos"		"string"
		1		"autoGenVar2"		"#Command"		"string"
)

#Command Briefing

#Briefing
$start_briefing
$num_stages: 5
$start_stage
$multi_text
 XSTR("Shortly after 1800 hours, a Vasudan scout wing returned from the far side of the Regulus system reporting a possible location of the Shivan entry point.", 4723)
$end_multi_text
$voice: e1m2_b1.ogg
$camera_pos: -7759.563965, 27391.005859, 2054.527344
$camera_orient:
	-0.016747, 0.000000, -0.999860,
	0.898823, 0.438053, -0.015055,
	0.437991, -0.898949, -0.007336
$camera_time: 1000
$num_lines: 0
$num_icons: 0
$Flags: 0
$Formula: ( true ) 
$end_stage
$start_stage
$multi_text
 XSTR("Kappa wing registered a massive increase in subspace activity in the region of space they were patrolling.  Their readings were taken at long range so we still don't know precisely what is creating the disturbance, but it's large.", 4724)
$end_multi_text
$voice: e1m2_b2.ogg
$camera_pos: -7759.563965, 27391.005859, 2054.527344
$camera_orient:
	-0.016747, 0.000000, -0.999860,
	0.898823, 0.438053, -0.015055,
	0.437991, -0.898949, -0.007336
$camera_time: 2000
$num_lines: 0
$num_icons: 2
$Flags: 0
$Formula: ( true ) 
$start_icon
$type: 1
$team: Friendly
$class: GVF Serapis
$pos: 4348.766602, 309.335724, 2124.260010
$label:  XSTR("Kappa", 4725)
+id: 6
$hlight: 0
$mirror: 0
$multi_text
$end_multi_text
$end_icon
$start_icon
$type: 20
$team: Unknown
$class: Knossos
$pos: 5608.697754, 0.000013, 9227.122070
$label:  XSTR("Subspace Disturbance", 4726)
+id: 7
$hlight: 1
$mirror: 0
$multi_text
$end_multi_text
$end_icon
$end_stage
$start_stage
$multi_text
 XSTR("Admiral Cole has given the green light to the 332nd, and we've been slated to conduct a recon-in-force.  Allied Command has approved the deployment of the GTD Valius, an Orion class destroyer, to provide additional fire support.", 4727)
$end_multi_text
$voice: e1m2_b3.ogg
$camera_pos: -7759.563965, 27391.005859, 2054.527344
$camera_orient:
	-0.016747, 0.000000, -0.999860,
	0.898823, 0.438053, -0.015055,
	0.437991, -0.898949, -0.007336
$camera_time: 1500
$num_lines: 0
$num_icons: 3
$Flags: 0
$Formula: ( true ) 
$start_icon
$type: 20
$team: Unknown
$class: Knossos
$pos: 5608.697754, 0.000013, 9227.122070
$label:  XSTR("Subspace Disturbance", 4726)
+id: 7
$hlight: 0
$mirror: 0
$multi_text
$end_multi_text
$end_icon
$start_icon
$type: 1
$team: Friendly
$class: GTF Hercules Mark II
$pos: 4736.334961, -0.000493, -1089.596191
$label:  XSTR("Alpha", 4641)
+id: 8
$hlight: 0
$mirror: 0
$multi_text
$end_multi_text
$end_icon
$start_icon
$type: 1
$team: Friendly
$class: GTF Hercules Mark II
$pos: 779.923828, -0.000691, -906.531067
$label:  XSTR("Beta", 4728)
+id: 9
$hlight: 0
$mirror: 0
$multi_text
$end_multi_text
$end_icon
$end_stage
$start_stage
$multi_text
 XSTR("The Valius has orders to enter the area unless our squad reports otherwise.  As a Shivan presence is almost guaranteed once the Valius is in the area, you are to provide full fighter support and escort for the capital ship.", 4729)
$end_multi_text
$voice: e1m2_b4.ogg
$camera_pos: -7759.563965, 27391.005859, 2054.527344
$camera_orient:
	-0.016747, 0.000000, -0.999860,
	0.898823, 0.438053, -0.015055,
	0.437991, -0.898949, -0.007336
$camera_time: 2100
$num_lines: 0
$num_icons: 4
$Flags: 0
$Formula: ( true ) 
$start_icon
$type: 20
$team: Unknown
$class: Knossos
$pos: 5608.697754, 0.000013, 9227.122070
$label:  XSTR("Subspace Disturbance", 4726)
+id: 7
$hlight: 0
$mirror: 0
$multi_text
$end_multi_text
$end_icon
$start_icon
$type: 1
$team: Friendly
$class: GTF Hercules Mark II
$pos: 1794.425293, 0.000000, 1558.865234
$label:  XSTR("Alpha", 4641)
+id: 8
$hlight: 0
$mirror: 0
$multi_text
$end_multi_text
$end_icon
$start_icon
$type: 1
$team: Friendly
$class: GTF Hercules Mark II
$pos: 1867.286133, -0.000105, -7704.868164
$label:  XSTR("Beta", 4728)
+id: 9
$hlight: 0
$mirror: 0
$multi_text
$end_multi_text
$end_icon
$start_icon
$type: 6
$team: Friendly
$class: GTD Orion
$pos: 8050.183105, 778.136963, 800.789795
$label:  XSTR("Valius", 4730)
+id: 10
$hlight: 1
$mirror: 1
$multi_text
$end_multi_text
$end_icon
$end_stage
$start_stage
$multi_text
 XSTR("Kappa wing will provide reinforcements for this mission.  They are ready to launch in case of emergency - do not hesitate to call them in should you need to.  Take care out there.  The GTVA has no use for dead pilots - play it safe.", 4731)
$end_multi_text
$voice: e1m2_b5.ogg
$camera_pos: -7407.404785, 26722.595703, -3676.073242
$camera_orient:
	0.377075, 0.000000, -0.926183,
	0.832591, 0.438053, 0.338971,
	0.405717, -0.898949, 0.165179
$camera_time: 3000
$num_lines: 0
$num_icons: 5
$Flags: 0
$Formula: ( true ) 
$start_icon
$type: 20
$team: Unknown
$class: Knossos
$pos: 5608.697754, 0.000013, 9227.122070
$label:  XSTR("Subspace Disturbance", 4726)
+id: 7
$hlight: 0
$mirror: 0
$multi_text
$end_multi_text
$end_icon
$start_icon
$type: 1
$team: Friendly
$class: GTF Hercules Mark II
$pos: 1794.425293, 0.000000, 1558.865234
$label:  XSTR("Alpha", 4641)
+id: 8
$hlight: 0
$mirror: 0
$multi_text
$end_multi_text
$end_icon
$start_icon
$type: 1
$team: Friendly
$class: GTF Hercules Mark II
$pos: 2951.558105, 0.000000, -7205.958008
$label:  XSTR("Beta", 4728)
+id: 9
$hlight: 0
$mirror: 0
$multi_text
$end_multi_text
$end_icon
$start_icon
$type: 6
$team: Friendly
$class: GTD Orion
$pos: 8050.183105, 778.136963, 800.789795
$label:  XSTR("Valius", 4730)
+id: 10
$hlight: 0
$mirror: 1
$multi_text
$end_multi_text
$end_icon
$start_icon
$type: 1
$team: Friendly
$class: GTF Myrmidon
$pos: -2179.487549, -0.000257, 7683.955078
$label:  XSTR("Kappa", 4725)
+id: 11
$hlight: 1
$mirror: 0
$multi_text
$end_multi_text
$end_icon
$end_stage
$end_briefing

#Debriefing_info

$Num stages: 4

$Formula: ( is-goal-true-delay "Disturbance" 0 ) 
$Multi text
    XSTR("You flew a commendable mission, under the circumstances.  Finding the Knossos portal in Regulus has confirmed Allied Command's suspicions that the Shivans were entering our space through a unknown portal or jump node.", 4732)
$end_multi_text
$Voice: e1m2_db1.ogg
$Recommendation text:
    XSTR("", 3307)
$end_multi_text

$Formula: ( is-destroyed-delay 0 "Valius" ) 
$Multi text
    XSTR("The destruction of the Valius and the loss of 9,000 lives has drained the 7th Fleet's strength considerably.  Command has ordered the full evacuation of the Regulus system, commencing immediately.", 4733)
$end_multi_text
$Voice: e1m2_db2.ogg
$Recommendation text:
    XSTR("You could do nothing to save the Valius.", 4734)
$end_multi_text

$Formula: ( and 
   ( not 
      ( is-destroyed-delay 0 "Gaudua" ) 
   )
   ( is-goal-true-delay "Disturbance" 0 ) 
)
$Multi text
    XSTR("At least the GTC Gaudua survived.  We need every ship we have to survive this onslaught.", 4735)
$end_multi_text
$Voice: e1m2_db3.ogg
$Recommendation text:
    XSTR("", 3307)
$end_multi_text

$Formula: ( is-event-false-delay "rtb" 0 ) 
$Multi text
    XSTR("You have been declared AWOL, pilot!  Jumping out before you are ordered to do so is grounds for immediate imprisonment.", 4648)
$end_multi_text
$Voice: e1m3_db3.ogg
$Recommendation text:
    XSTR("Do not depart until you are ordered to do so.", 4649)
$end_multi_text


#Players		;! 1 total

$Starting Shipname: Alpha 1
$Ship Choices: (
	"GTF Hercules Mark II"	4
	"GTF Loki"	8
	"GTF Myrmidon"	4
)

+Weaponry Pool: (
	"Subach HL-7"	28
	"Akheton SDG"	12
	"Morning Star"	8
	"Prometheus S"	24
	"Rockeye"	200
	"Tempest"	500
	"Hornet"	420
	"Tornado"	1190
	"Harpoon"	576
	"Stiletto II"	120
)

#Objects		;! 48 total

$Name: Alpha 1		;! Object #0
$Display Name: XSTR("Alpha 1", 4531)
$Class: GTF Hercules Mark II
$Team: Friendly
$Location: 3357.684326, 0.000219, -693.835571
$Orientation:
	1.000000, 0.000000, 0.000000,
	0.000000, 1.000000, 0.000000,
	0.000000, 0.000000, 1.000000
$AI Behavior: None
$Cargo 1:  XSTR("Nothing", 13)
+Initial Velocity: 100
+Initial Hull: 100
+Subsystem: Pilot
+Primary Banks: ( "Subach HL-7" "Prometheus S" )
+Secondary Banks: ( "Harpoon" "Tornado" )
$Arrival Location: Hyperspace
$Arrival Cue: ( false ) 
$Departure Location: Hyperspace
$Departure Cue: ( false ) 
$Determination: 10
+Flags: ( "cargo-known" "player-start" )
+Flags2: ( )
+Respawn priority: 0
+Group: 0
+Score: 8

$Name: Alpha 2		;! Object #1
$Display Name: XSTR("Alpha 2", 4653)
$Class: GTF Hercules Mark II
$Team: Friendly
$Location: 3307.988281, 0.000187, -603.563843
$Orientation:
	1.000000, 0.000000, 0.000000,
	0.000000, 1.000000, 0.000000,
	0.000000, 0.000000, 1.000000
$AI Behavior: None
$Cargo 1:  XSTR("Nothing", 13)
+Initial Hull: 100
+Subsystem: Pilot
+Primary Banks: ( "Subach HL-7" "Prometheus S" )
+Secondary Banks: ( "Harpoon" "Tornado" )
$Arrival Location: Hyperspace
$Arrival Cue: ( false ) 
$Departure Location: Hyperspace
$Departure Cue: ( false ) 
$Determination: 10
+Flags: ( "cargo-known" )
+Flags2: ( )
+Respawn priority: 0
+Group: 0
+Use Table Score:
+Score: 12

$Name: Alpha 3		;! Object #2
$Display Name: XSTR("Alpha 3", 4654)
$Class: GTF Hercules Mark II
$Team: Friendly
$Location: 3420.138916, 0.000239, -599.477844
$Orientation:
	1.000000, 0.000000, 0.000000,
	0.000000, 1.000000, 0.000000,
	0.000000, 0.000000, 1.000000
$AI Behavior: None
$Cargo 1:  XSTR("Nothing", 13)
+Initial Hull: 100
+Subsystem: Pilot
+Primary Banks: ( "Subach HL-7" "Prometheus S" )
+Secondary Banks: ( "Harpoon" "Tornado" )
$Arrival Location: Hyperspace
$Arrival Cue: ( false ) 
$Departure Location: Hyperspace
$Departure Cue: ( false ) 
$Determination: 10
+Flags: ( "cargo-known" )
+Flags2: ( )
+Respawn priority: 0
+Group: 0
+Use Table Score:
+Score: 12

$Name: Alpha 4		;! Object #3
$Display Name: XSTR("Alpha 4", 4655)
$Class: GTF Hercules Mark II
$Team: Friendly
$Location: 3378.635986, 0.000234, -826.808838
$Orientation:
	1.000000, 0.000000, 0.000000,
	0.000000, 1.000000, 0.000000,
	0.000000, 0.000000, 1.000000
$AI Behavior: None
$Cargo 1:  XSTR("Nothing", 13)
+Initial Hull: 100
+Subsystem: Pilot
+Primary Banks: ( "Subach HL-7" "Prometheus S" )
+Secondary Banks: ( "Harpoon" "Tornado" )
$Arrival Location: Hyperspace
$Arrival Cue: ( false ) 
$Departure Location: Hyperspace
$Departure Cue: ( false ) 
$Determination: 10
+Flags: ( "cargo-known" )
+Flags2: ( )
+Respawn priority: 0
+Group: 0
+Use Table Score:
+Score: 12

$Name: Beta 1		;! Object #4
$Display Name: XSTR("Beta 1", 4736)
$Class: GTF Hercules Mark II
$Team: Friendly
$Location: 3353.038330, 0.000266, -108.414757
$Orientation:
	1.000000, 0.000000, 0.000000,
	0.000000, 1.000000, 0.000000,
	0.000000, 0.000000, 1.000000
$AI Behavior: None
$Cargo 1:  XSTR("Nothing", 13)
+Initial Hull: 100
+Subsystem: Pilot
+Primary Banks: ( "Subach HL-7" "Prometheus S" )
+Secondary Banks: ( "Harpoon" "Tornado" )
$Arrival Location: Hyperspace
$Arrival Cue: ( false ) 
$Departure Location: Hyperspace
$Departure Cue: ( false ) 
$Determination: 10
+Flags: ( "cargo-known" )
+Flags2: ( )
+Respawn priority: 0
+Group: 0
+Score: 10

$Name: Beta 2		;! Object #5
$Display Name: XSTR("Beta 2", 4737)
$Class: GTF Hercules Mark II
$Team: Friendly
$Location: 3437.203369, 0.000294, -284.615936
$Orientation:
	1.000000, 0.000000, 0.000000,
	0.000000, 1.000000, 0.000000,
	0.000000, 0.000000, 1.000000
$AI Behavior: None
$Cargo 1:  XSTR("Nothing", 13)
+Initial Hull: 100
+Subsystem: Pilot
+Primary Banks: ( "Subach HL-7" "Prometheus S" )
+Secondary Banks: ( "Harpoon" "Tornado" )
$Arrival Location: Hyperspace
$Arrival Cue: ( false ) 
$Departure Location: Hyperspace
$Departure Cue: ( false ) 
$Determination: 10
+Flags: ( "cargo-known" )
+Flags2: ( )
+Respawn priority: 0
+Group: 0
+Score: 10

$Name: Beta 3		;! Object #6
$Display Name: XSTR("Beta 3", 4738)
$Class: GTF Hercules Mark II
$Team: Friendly
$Location: 3273.825439, 0.000278, -270.655029
$Orientation:
	1.000000, 0.000000, 0.000000,
	0.000000, 1.000000, 0.000000,
	0.000000, 0.000000, 1.000000
$AI Behavior: None
$Cargo 1:  XSTR("Nothing", 13)
+Initial Hull: 100
+Subsystem: Pilot
+Primary Banks: ( "Subach HL-7" "Prometheus S" )
+Secondary Banks: ( "Harpoon" "Tornado" )
$Arrival Location: Hyperspace
$Arrival Cue: ( false ) 
$Departure Location: Hyperspace
$Departure Cue: ( false ) 
$Determination: 10
+Flags: ( "cargo-known" )
+Flags2: ( )
+Respawn priority: 0
+Group: 0
+Score: 10

$Name: Beta 4		;! Object #7
$Display Name: XSTR("Beta 4", 4739)
$Class: GTF Hercules Mark II
$Team: Friendly
$Location: 3380.230713, 0.000288, -408.813751
$Orientation:
	1.000000, 0.000000, 0.000000,
	0.000000, 1.000000, 0.000000,
	0.000000, 0.000000, 1.000000
$AI Behavior: None
$Cargo 1:  XSTR("Nothing", 13)
+Initial Hull: 100
+Subsystem: Pilot
+Primary Banks: ( "Subach HL-7" "Prometheus S" )
+Secondary Banks: ( "Harpoon" "Tornado" )
$Arrival Location: Hyperspace
$Arrival Cue: ( false ) 
$Departure Location: Hyperspace
$Departure Cue: ( false ) 
$Determination: 10
+Flags: ( "cargo-known" )
+Flags2: ( )
+Respawn priority: 0
+Group: 0
+Score: 10

$Name: Knossos Portal		;! Object #8
$Display Name: XSTR("Knossos Portal", 4740)
$Class: Knossos

$Team: Friendly
$Location: 5608.697754, 0.000013, 9227.122070
$Orientation:
	0.953596, 0.000000, 0.301089,
	0.000000, 1.000000, 0.000000,
	-0.301089, 0.000000, 0.953596
$AI Behavior: None
$Cargo 1:  XSTR("Nothing", 13)
+Initial Velocity: 33
+Initial Hull: 100
+Initial Shields: 100
+Subsystem: Pilot
$Arrival Location: Hyperspace
$Arrival Cue: ( has-time-elapsed 56 ) 
$Departure Location: Hyperspace
$Departure Cue: ( false ) 
$Determination: 10
+Flags: ( "cargo-known" "protect-ship" "no-shields" "no-arrival-warp" "beam-protect-ship" "don't-collide-invisible" )
+Flags2: ( )
+Respawn priority: 0
+Group: 0
+Use Table Score:
+Score: 0

$Name: Valius		;! Object #9
$Display Name: XSTR("Valius", 4730)
$Class: GTD Orion
$Team: Friendly
$Location: 8551.774414, 778.136963, 551.780151
$Orientation:
	0.444661, 0.000000, 0.895699,
	0.000000, 1.000000, 0.000000,
	-0.895699, 0.000000, 0.444661
$AI Behavior: None
$Cargo 1:  XSTR("Nothing", 13)
+Initial Velocity: 33
+Initial Hull: 100
+Initial Shields: 100
+Subsystem: Pilot
+Subsystem: Turret01a
+Subsystem: Turret02a
+Subsystem: Turret03a
+Subsystem: Turret04a
+Subsystem: Turret05a
+Subsystem: Turret06
+Subsystem: Turret07
+Subsystem: Turret08
+Subsystem: Turret09
+Subsystem: Turret10
+Subsystem: Turret11
+Subsystem: Turret12
+Subsystem: Turret13
+Subsystem: Turret14
+Subsystem: Turret15
+Subsystem: Turret16
$Arrival Location: Hyperspace
$Arrival Cue: ( has-time-elapsed 29 ) 
$Departure Location: Hyperspace
$Departure Cue: ( false ) 
$Determination: 10
+Flags: ( "cargo-known" "no-shields" "escort" )
+Flags2: ( )
+Respawn priority: 0
+Escort priority: 6
+Orders Accepted: 0		;! note that this is a bitfield!!!
+Group: 0
+Use Table Score:
+Score: 1000
$Texture Replace:
+old: capital01-05
+new: GTDValius_old
+old: nameplate
+new: GTDValius

$Name: Masaes		;! Object #10
$Display Name: XSTR("Masaes", 4741)
$Class: SCv Moloch
$Team: Hostile
$Location: 4152.227051, -152.215118, 8542.509766
$Orientation:
	-0.894423, -0.333487, -0.297984,
	-0.419352, 0.856932, 0.299687,
	0.155410, 0.393007, -0.906308
$AI Behavior: None
$AI Goals: ( goals ( ai-chase "Valius" 50 ) )
$Cargo 1:  XSTR("Nothing", 13)
+Initial Velocity: 33
+Initial Hull: 100
+Initial Shields: 100
+Subsystem: Pilot
+Subsystem: turret01
+Subsystem: turret02
+Subsystem: turret03
+Subsystem: turret04
+Sbank Ammo: ( 0 )
+Subsystem: turret05
+Subsystem: turret06
+Subsystem: turret07
+Primary Banks: ( "Shivan Turret Laser" )
+Subsystem: turret08
+Primary Banks: ( "Shivan Turret Laser" )
+Subsystem: turret09
+Primary Banks: ( "Shivan Turret Laser" )
+Subsystem: turret10
+Subsystem: turret11
+Primary Banks: ( "Shivan Turret Laser" )
+Subsystem: turret12
+Subsystem: turret13
+Secondary Banks: ( "MX-52" )
+Sbank Ammo: ( 0 )
+Subsystem: turret14
+Subsystem: turret15
+Subsystem: turret16
+Sbank Ammo: ( 0 )
$Arrival Location: Hyperspace
$Arrival Cue: ( has-arrived-delay 
   35 
   "Knossos Portal" 
)
$Departure Location: Hyperspace
$Departure Cue: ( false ) 
$Determination: 10
+Flags: ( "no-shields" "escort" "special-warp" )
+Flags2: ( )
+Respawn priority: 0
+Escort priority: 0
+Orders Accepted: 0		;! note that this is a bitfield!!!
+Group: 0
+Use Table Score:
+Score: 440

$Name: Ghast		;! Object #11
$Display Name: XSTR("Ghast", 4742)
$Class: SC Cain
$Team: Hostile
$Location: 5348.061523, 164.757278, 8645.603516
$Orientation:
	-0.871390, -0.333487, -0.359813,
	-0.439285, 0.856932, 0.269622,
	0.218419, 0.393007, -0.893218
$AI Behavior: None
$AI Goals: ( goals ( ai-chase "Valius" 50 ) )
$Cargo 1:  XSTR("Nothing", 13)
+Initial Velocity: 33
+Initial Hull: 100
+Initial Shields: 100
+Subsystem: Pilot
+Subsystem: turret01
+Subsystem: turret02
+Subsystem: turret03
+Subsystem: turret04
+Subsystem: turret05
+Subsystem: turret06
+Subsystem: turret07
+Subsystem: turret08
+Subsystem: turret09
$Arrival Location: Hyperspace
$Arrival Cue: ( has-arrived-delay 0 "Masaes" ) 
$Departure Location: Hyperspace
$Departure Cue: ( false ) 
$Determination: 10
+Flags: ( "no-shields" "escort" "special-warp" )
+Flags2: ( )
+Respawn priority: 0
+Escort priority: 0
+Orders Accepted: 0		;! note that this is a bitfield!!!
+Group: 0
+Use Table Score:
+Score: 150

$Name: Taurus 1		;! Object #12
$Display Name: XSTR("Taurus 1", 4743)
$Class: SF Basilisk
$Team: Hostile
$Location: 4925.126953, 276.424255, 8815.090820
$Orientation:
	-0.833076, 0.000000, -0.553158,
	0.000000, 1.000000, 0.000000,
	0.553158, 0.000000, -0.833076
$AI Behavior: None
$Cargo 1:  XSTR("Nothing", 13)
+Subsystem: Pilot
+Secondary Banks: ( "" "" )
$Arrival Location: Hyperspace
$Arrival Cue: ( false ) 
$Departure Location: Hyperspace
$Departure Cue: ( false ) 
$Determination: 10
+Flags: ( "special-warp" )
+Flags2: ( )
+Respawn priority: 0
+Orders Accepted: 0		;! note that this is a bitfield!!!
+Group: 0
+Score: 16

$Name: Taurus 2		;! Object #13
$Display Name: XSTR("Taurus 2", 4744)
$Class: SF Basilisk
$Team: Hostile
$Location: 4849.404297, 276.424408, 8832.503906
$Orientation:
	-0.829893, 0.000000, -0.557923,
	0.000000, 1.000000, 0.000000,
	0.557923, 0.000000, -0.829893
$AI Behavior: None
$Cargo 1:  XSTR("Nothing", 13)
+Subsystem: Pilot
+Secondary Banks: ( "" "" )
$Arrival Location: Hyperspace
$Arrival Cue: ( false ) 
$Departure Location: Hyperspace
$Departure Cue: ( false ) 
$Determination: 10
+Flags: ( "special-warp" )
+Flags2: ( )
+Respawn priority: 0
+Orders Accepted: 0		;! note that this is a bitfield!!!
+Group: 0
+Score: 16

$Name: Taurus 3		;! Object #14
$Display Name: XSTR("Taurus 3", 4745)
$Class: SF Basilisk
$Team: Hostile
$Location: 4939.146484, 276.424347, 8882.082031
$Orientation:
	-0.835957, 0.000000, -0.548795,
	0.000000, 1.000000, 0.000000,
	0.548795, 0.000000, -0.835957
$AI Behavior: None
$Cargo 1:  XSTR("Nothing", 13)
+Subsystem: Pilot
+Secondary Banks: ( "" "" )
$Arrival Location: Hyperspace
$Arrival Cue: ( false ) 
$Departure Location: Hyperspace
$Departure Cue: ( false ) 
$Determination: 10
+Flags: ( "special-warp" )
+Flags2: ( )
+Respawn priority: 0
+Orders Accepted: 0		;! note that this is a bitfield!!!
+Group: 0
+Score: 16

$Name: Revial		;! Object #15
$Display Name: XSTR("Revial", 4746)
$Class: SD Ravana
$Team: Hostile
$Location: 5457.154297, -0.003055, 10708.967773
$Orientation:
	-0.690267, -0.703279, -0.170086,
	-0.682854, 0.710914, -0.168260,
	0.239250, 0.000000, -0.970958
$AI Behavior: None
$AI Goals: ( goals ( ai-waypoints-once "RevialWaypoint" 89 ) )
$Cargo 1:  XSTR("Nothing", 13)
+Initial Velocity: 33
+Initial Hull: 100
+Initial Shields: 100
+Subsystem: Pilot
+Subsystem: Turret01
+Primary Banks: ( "BFRed" )
+Subsystem: Turret02
+Primary Banks: ( "BFRed" )
+Subsystem: Turret03
+Subsystem: Turret04
+Subsystem: Turret05
+Subsystem: Turret06
+Subsystem: Turret07
+Subsystem: Turret08
+Subsystem: Turret09
+Subsystem: Turret10
+Subsystem: Turret11
+Subsystem: Turret12
+Subsystem: Turret13
+Subsystem: Turret14
+Subsystem: Turret15
+Subsystem: Turret16
+Subsystem: Turret17
+Subsystem: Turret18
+Subsystem: Turret19
+Subsystem: Turret20
+Subsystem: Turret21
+Subsystem: Turret22
+Subsystem: Turret23
+Subsystem: Turret24
+Subsystem: Turret25
+Subsystem: Turret26
+Subsystem: Turret27
+Subsystem: Turret28
+Subsystem: Turret29
+Subsystem: Turret30
$Arrival Location: Hyperspace
$Arrival Cue: ( destroyed-or-departed-delay 
   45 
   "Marach" 
   "Delfta" 
)
$Departure Location: Hyperspace
$Departure Cue: ( false ) 
$Determination: 10
+Flags: ( "no-shields" "escort" "no-dynamic" "special-warp" )
+Flags2: ( )
+Respawn priority: 0
+Escort priority: 0
+Orders Accepted: 0		;! note that this is a bitfield!!!
+Group: 0
+Use Table Score:
+Score: 670

$Name: Scorpio 1		;! Object #16
$Display Name: XSTR("Scorpio 1", 4747)
$Class: SB Nephilim
$Team: Hostile
$Location: 4721.660645, 0.000041, 8815.962891
$Orientation:
	-0.772159, 0.000000, -0.635430,
	0.000000, 1.000000, 0.000000,
	0.635430, 0.000000, -0.772159
$AI Behavior: None
$Cargo 1:  XSTR("Nothing", 13)
+Initial Hull: 100
+Subsystem: Pilot
+Secondary Banks: ( "" "" "" "" )
+Subsystem: turret01
+Subsystem: turret02
$Arrival Location: Hyperspace
$Arrival Cue: ( false ) 
$Departure Location: Hyperspace
$Departure Cue: ( false ) 
$Determination: 10
+Flags: ( "special-warp" )
+Flags2: ( )
+Respawn priority: 0
+Orders Accepted: 0		;! note that this is a bitfield!!!
+Group: 0
+Score: 16

$Name: Scorpio 2		;! Object #17
$Display Name: XSTR("Scorpio 2", 4748)
$Class: SB Nephilim
$Team: Hostile
$Location: 4593.390625, -0.000030, 8895.375000
$Orientation:
	-0.768668, 0.000000, -0.639648,
	0.000000, 1.000000, 0.000000,
	0.639648, 0.000000, -0.768668
$AI Behavior: None
$Cargo 1:  XSTR("Nothing", 13)
+Initial Hull: 100
+Subsystem: Pilot
+Secondary Banks: ( "" "" "" "" )
+Subsystem: turret01
+Subsystem: turret02
$Arrival Location: Hyperspace
$Arrival Cue: ( false ) 
$Departure Location: Hyperspace
$Departure Cue: ( false ) 
$Determination: 10
+Flags: ( "special-warp" )
+Flags2: ( )
+Respawn priority: 0
+Orders Accepted: 0		;! note that this is a bitfield!!!
+Group: 0
+Score: 16

$Name: Scorpio 3		;! Object #18
$Display Name: XSTR("Scorpio 3", 4749)
$Class: SB Nephilim
$Team: Hostile
$Location: 4824.852051, -0.000048, 8974.233398
$Orientation:
	-0.785026, 0.000000, -0.619463,
	0.000000, 1.000000, 0.000000,
	0.619463, 0.000000, -0.785026
$AI Behavior: None
$Cargo 1:  XSTR("Nothing", 13)
+Initial Hull: 100
+Subsystem: Pilot
+Secondary Banks: ( "" "" "" "" )
+Subsystem: turret01
+Subsystem: turret02
$Arrival Location: Hyperspace
$Arrival Cue: ( false ) 
$Departure Location: Hyperspace
$Departure Cue: ( false ) 
$Determination: 10
+Flags: ( "special-warp" )
+Flags2: ( )
+Respawn priority: 0
+Orders Accepted: 0		;! note that this is a bitfield!!!
+Group: 0
+Score: 16

$Name: Scorpio 4		;! Object #19
$Display Name: XSTR("Scorpio 4", 4750)
$Class: SB Nephilim
$Team: Hostile
$Location: 4673.700195, 0.000000, 9085.099609
$Orientation:
	-0.781563, 0.000000, -0.623827,
	0.000000, 1.000000, 0.000000,
	0.623827, 0.000000, -0.781563
$AI Behavior: None
$Cargo 1:  XSTR("Nothing", 13)
+Initial Hull: 100
+Subsystem: Pilot
+Secondary Banks: ( "" "" "" "" )
+Subsystem: turret01
+Subsystem: turret02
$Arrival Location: Hyperspace
$Arrival Cue: ( false ) 
$Departure Location: Hyperspace
$Departure Cue: ( false ) 
$Determination: 10
+Flags: ( "special-warp" )
+Flags2: ( )
+Respawn priority: 0
+Orders Accepted: 0		;! note that this is a bitfield!!!
+Group: 0
+Score: 16

$Name: Pisces 1		;! Object #20
$Display Name: XSTR("Pisces 1", 4672)
$Class: SB Nahema
$Team: Hostile
$Location: 4445.600098, 0.000000, 9191.500000
$Orientation:
	-0.773915, 0.000000, -0.633290,
	0.000000, 1.000000, 0.000000,
	0.633290, 0.000000, -0.773915
$AI Behavior: None
$Cargo 1:  XSTR("Nothing", 13)
+Initial Velocity: 33
+Initial Hull: 100
+Subsystem: Pilot
+Secondary Banks: ( "" "" "" )
$Arrival Location: Hyperspace
$Arrival Cue: ( false ) 
$Departure Location: Hyperspace
$Departure Cue: ( false ) 
$Determination: 10
+Flags: ( "no-dynamic" "special-warp" )
+Flags2: ( )
+Respawn priority: 0
+Orders Accepted: 0		;! note that this is a bitfield!!!
+Group: 0
+Use Table Score:
+Score: 14

$Name: Pisces 2		;! Object #21
$Display Name: XSTR("Pisces 2", 4673)
$Class: SB Nahema
$Team: Hostile
$Location: 4368.287598, 0.000017, 9263.305664
$Orientation:
	-0.772936, 0.000000, -0.634484,
	0.000000, 1.000000, 0.000000,
	0.634484, 0.000000, -0.772936
$AI Behavior: None
$Cargo 1:  XSTR("Nothing", 13)
+Initial Velocity: 33
+Initial Hull: 100
+Subsystem: Pilot
+Secondary Banks: ( "" "" "" )
$Arrival Location: Hyperspace
$Arrival Cue: ( false ) 
$Departure Location: Hyperspace
$Departure Cue: ( false ) 
$Determination: 10
+Flags: ( "no-dynamic" "special-warp" )
+Flags2: ( )
+Respawn priority: 0
+Orders Accepted: 0		;! note that this is a bitfield!!!
+Group: 0
+Use Table Score:
+Score: 14

$Name: Pisces 3		;! Object #22
$Display Name: XSTR("Pisces 3", 4674)
$Class: SB Nahema
$Team: Hostile
$Location: 4508.807617, 0.000056, 9294.381836
$Orientation:
	-0.781676, 0.000000, -0.623684,
	0.000000, 1.000000, 0.000000,
	0.623684, 0.000000, -0.781676
$AI Behavior: None
$Cargo 1:  XSTR("Nothing", 13)
+Initial Velocity: 33
+Initial Hull: 100
+Subsystem: Pilot
+Secondary Banks: ( "" "" "" )
$Arrival Location: Hyperspace
$Arrival Cue: ( false ) 
$Departure Location: Hyperspace
$Departure Cue: ( false ) 
$Determination: 10
+Flags: ( "no-dynamic" "special-warp" )
+Flags2: ( )
+Respawn priority: 0
+Orders Accepted: 0		;! note that this is a bitfield!!!
+Group: 0
+Use Table Score:
+Score: 14

$Name: Pisces 4		;! Object #23
$Display Name: XSTR("Pisces 4", 4675)
$Class: SB Nahema
$Team: Hostile
$Location: 4420.070801, 0.000052, 9384.737305
$Orientation:
	-0.780809, 0.000000, -0.624770,
	0.000000, 1.000000, 0.000000,
	0.624770, 0.000000, -0.780809
$AI Behavior: None
$Cargo 1:  XSTR("Nothing", 13)
+Initial Velocity: 33
+Initial Hull: 100
+Subsystem: Pilot
+Secondary Banks: ( "" "" "" )
$Arrival Location: Hyperspace
$Arrival Cue: ( false ) 
$Departure Location: Hyperspace
$Departure Cue: ( false ) 
$Determination: 10
+Flags: ( "no-dynamic" "special-warp" )
+Flags2: ( )
+Respawn priority: 0
+Orders Accepted: 0		;! note that this is a bitfield!!!
+Group: 0
+Use Table Score:
+Score: 14

$Name: Marach		;! Object #24
$Display Name: XSTR("Marach", 4751)
$Class: SFr Dis
$Team: Hostile
$Location: -1286.558472, -1586.259766, 2531.141113
$Orientation:
	0.696333, 0.000000, -0.717720,
	-0.116600, 0.986715, -0.113126,
	0.708185, 0.162459, 0.687082
$AI Behavior: None
$AI Goals: ( goals ( ai-waypoints-once "Shivan Transport 1" 50 ) )
$Cargo 1:  XSTR("Nothing", 13)
+Initial Velocity: 33
+Initial Hull: 100
+Initial Shields: 100
+Subsystem: Pilot
+Subsystem: turret01
+Subsystem: turret02
+Subsystem: turret03
+Subsystem: turret04
$Arrival Location: Hyperspace
$Arrival Cue: ( is-destroyed-delay 
   35 
   "Masaes" 
   "Ghast" 
)
$Departure Location: Hyperspace
$Departure Cue: ( false ) 
$Determination: 10
+Flags: ( "no-shields" "beam-protect-ship" "special-warp" )
+Flags2: ( )
+Respawn priority: 0
+Orders Accepted: 0		;! note that this is a bitfield!!!
+Group: 0
+Use Table Score:
+Score: 20

$Name: Container 01		;! Object #25
$Display Name: XSTR("Container 01", 4752)
$Class: SAC 3
$Team: Hostile
$Location: -1167.535645, -1555.801758, 2648.612793
$Orientation:
	-0.696351, -0.000005, 0.717702,
	0.124886, -0.984745, 0.121164,
	0.706753, 0.174003, 0.685729
$AI Behavior: None
$Cargo 1:  XSTR("Weaponry", 4753)
+Initial Velocity: 33
+Initial Hull: 100
+Initial Shields: 100
+Subsystem: Pilot
$Arrival Location: Hyperspace
$Arrival Cue: ( false ) 
$Departure Location: Hyperspace
$Departure Cue: ( false ) 
$Determination: 10
+Flags: ( "no-shields" "beam-protect-ship" "special-warp" )
+Flags2: ( )
+Respawn priority: 0
+Docked With: Marach
$Docker Point: cargo dock01
$Dockee Point: cargo dockpoint
+Group: 0
+Use Table Score:
+Score: 0

$Name: Delfta		;! Object #26
$Display Name: XSTR("Delfta", 4754)
$Class: SFr Dis
$Team: Hostile
$Location: 781.548462, -1295.172363, 3187.331787
$Orientation:
	0.803963, 0.000000, -0.594680,
	-0.128490, 0.976379, -0.173709,
	0.580633, 0.216066, 0.784972
$AI Behavior: None
$AI Goals: ( goals ( ai-waypoints-once "Shivan Transport 2" 50 ) )
$Cargo 1:  XSTR("Nothing", 13)
+Initial Velocity: 33
+Initial Hull: 100
+Initial Shields: 100
+Subsystem: Pilot
+Subsystem: turret01
+Subsystem: turret02
+Subsystem: turret03
+Subsystem: turret04
$Arrival Location: Hyperspace
$Arrival Cue: ( has-arrived-delay 13 "Marach" ) 
$Departure Location: Hyperspace
$Departure Cue: ( false ) 
$Determination: 10
+Flags: ( "no-shields" "beam-protect-ship" "special-warp" )
+Flags2: ( )
+Respawn priority: 0
+Orders Accepted: 0		;! note that this is a bitfield!!!
+Group: 0
+Use Table Score:
+Score: 20

$Name: Container 02		;! Object #27
$Display Name: XSTR("Container 02", 4755)
$Class: SAC 3
$Team: Hostile
$Location: 878.701965, -1255.626953, 3321.088867
$Orientation:
	-0.803965, -0.000095, 0.594677,
	0.135354, -0.973782, 0.182835,
	0.579068, 0.227485, 0.782899
$AI Behavior: None
$Cargo 1:  XSTR("Unknown", 4756)
+Initial Velocity: 33
+Initial Hull: 100
+Initial Shields: 100
+Subsystem: Pilot
$Arrival Location: Hyperspace
$Arrival Cue: ( false ) 
$Departure Location: Hyperspace
$Departure Cue: ( false ) 
$Determination: 10
+Flags: ( "no-shields" "beam-protect-ship" "special-warp" )
+Flags2: ( )
+Respawn priority: 0
+Docked With: Delfta
$Docker Point: cargo dock01
$Dockee Point: cargo dockpoint
+Group: 0
+Use Table Score:
+Score: 0

$Name: Delta 1		;! Object #28
$Display Name: XSTR("Delta 1", 4757)
$Class: GTF Perseus
$Team: Friendly
$Location: 7985.676758, 0.000427, 833.795593
$Orientation:
	1.000000, 0.000000, 0.000000,
	0.000000, 1.000000, 0.000000,
	0.000000, 0.000000, 1.000000
$AI Behavior: None
$Cargo 1:  XSTR("Nothing", 13)
+Initial Velocity: 33
+Initial Hull: 100
+Subsystem: Pilot
+Primary Banks: ( "Prometheus S" "Morning Star" )
+Secondary Banks: ( "Harpoon" "Trebuchet" )
$Arrival Location: Hyperspace
$Arrival Cue: ( false ) 
$Departure Location: Hyperspace
$Departure Cue: ( false ) 
$Determination: 10
+Flags: ( "cargo-known" )
+Flags2: ( )
+Respawn priority: 0
+Group: 0
+Use Table Score:
+Score: 14

$Name: Delta 2		;! Object #29
$Display Name: XSTR("Delta 2", 4758)
$Class: GTF Perseus
$Team: Friendly
$Location: 8087.925781, 0.000427, 823.551453
$Orientation:
	1.000000, 0.000000, 0.000000,
	0.000000, 1.000000, 0.000000,
	0.000000, 0.000000, 1.000000
$AI Behavior: None
$Cargo 1:  XSTR("Nothing", 13)
+Initial Velocity: 33
+Initial Hull: 100
+Subsystem: Pilot
+Primary Banks: ( "Prometheus S" "Morning Star" )
+Secondary Banks: ( "Harpoon" "Trebuchet" )
$Arrival Location: Hyperspace
$Arrival Cue: ( false ) 
$Departure Location: Hyperspace
$Departure Cue: ( false ) 
$Determination: 10
+Flags: ( "cargo-known" )
+Flags2: ( )
+Respawn priority: 0
+Group: 0
+Use Table Score:
+Score: 14

$Name: Delta 3		;! Object #30
$Display Name: XSTR("Delta 3", 4759)
$Class: GTF Perseus
$Team: Friendly
$Location: 8002.441406, 0.000427, 745.232178
$Orientation:
	1.000000, 0.000000, 0.000000,
	0.000000, 1.000000, 0.000000,
	0.000000, 0.000000, 1.000000
$AI Behavior: None
$Cargo 1:  XSTR("Nothing", 13)
+Initial Velocity: 33
+Initial Hull: 100
+Subsystem: Pilot
+Primary Banks: ( "Prometheus S" "Morning Star" )
+Secondary Banks: ( "Harpoon" "Trebuchet" )
$Arrival Location: Hyperspace
$Arrival Cue: ( false ) 
$Departure Location: Hyperspace
$Departure Cue: ( false ) 
$Determination: 10
+Flags: ( "cargo-known" )
+Flags2: ( )
+Respawn priority: 0
+Group: 0
+Use Table Score:
+Score: 14

$Name: Delta 4		;! Object #31
$Display Name: XSTR("Delta 4", 4760)
$Class: GTF Perseus
$Team: Friendly
$Location: 8107.922852, 0.000427, 721.302490
$Orientation:
	1.000000, 0.000000, 0.000000,
	0.000000, 1.000000, 0.000000,
	0.000000, 0.000000, 1.000000
$AI Behavior: None
$Cargo 1:  XSTR("Nothing", 13)
+Initial Velocity: 33
+Initial Hull: 100
+Subsystem: Pilot
+Primary Banks: ( "Prometheus S" "Morning Star" )
+Secondary Banks: ( "Harpoon" "Trebuchet" )
$Arrival Location: Hyperspace
$Arrival Cue: ( false ) 
$Departure Location: Hyperspace
$Departure Cue: ( false ) 
$Determination: 10
+Flags: ( "cargo-known" )
+Flags2: ( )
+Respawn priority: 0
+Group: 0
+Use Table Score:
+Score: 14

$Name: Epsilon 1		;! Object #32
$Display Name: XSTR("Epsilon 1", 4761)
$Class: GTF Perseus
$Team: Friendly
$Location: 8267.111328, 0.000427, 785.809326
$Orientation:
	1.000000, 0.000000, 0.000000,
	0.000000, 1.000000, 0.000000,
	0.000000, 0.000000, 1.000000
$AI Behavior: None
$Cargo 1:  XSTR("Nothing", 13)
+Initial Velocity: 33
+Initial Hull: 100
+Subsystem: Pilot
+Primary Banks: ( "Prometheus S" "Morning Star" )
+Secondary Banks: ( "Harpoon" "Trebuchet" )
$Arrival Location: Hyperspace
$Arrival Cue: ( false ) 
$Departure Location: Hyperspace
$Departure Cue: ( false ) 
$Determination: 10
+Flags: ( "cargo-known" )
+Flags2: ( )
+Respawn priority: 0
+Group: 0
+Use Table Score:
+Score: 14

$Name: Epsilon 2		;! Object #33
$Display Name: XSTR("Epsilon 2", 4762)
$Class: GTF Perseus
$Team: Friendly
$Location: 8436.253906, 0.000427, 688.557373
$Orientation:
	1.000000, 0.000000, 0.000000,
	0.000000, 1.000000, 0.000000,
	0.000000, 0.000000, 1.000000
$AI Behavior: None
$Cargo 1:  XSTR("Nothing", 13)
+Initial Velocity: 33
+Initial Hull: 100
+Subsystem: Pilot
+Primary Banks: ( "Prometheus S" "Morning Star" )
+Secondary Banks: ( "Harpoon" "Trebuchet" )
$Arrival Location: Hyperspace
$Arrival Cue: ( false ) 
$Departure Location: Hyperspace
$Departure Cue: ( false ) 
$Determination: 10
+Flags: ( "cargo-known" )
+Flags2: ( )
+Respawn priority: 0
+Group: 0
+Use Table Score:
+Score: 14

$Name: Epsilon 3		;! Object #34
$Display Name: XSTR("Epsilon 3", 4763)
$Class: GTF Perseus
$Team: Friendly
$Location: 8222.018555, 0.000427, 721.089600
$Orientation:
	1.000000, 0.000000, 0.000000,
	0.000000, 1.000000, 0.000000,
	0.000000, 0.000000, 1.000000
$AI Behavior: None
$Cargo 1:  XSTR("Nothing", 13)
+Initial Velocity: 33
+Initial Hull: 100
+Subsystem: Pilot
+Primary Banks: ( "Prometheus S" "Morning Star" )
+Secondary Banks: ( "Harpoon" "Trebuchet" )
$Arrival Location: Hyperspace
$Arrival Cue: ( false ) 
$Departure Location: Hyperspace
$Departure Cue: ( false ) 
$Determination: 10
+Flags: ( "cargo-known" )
+Flags2: ( )
+Respawn priority: 0
+Group: 0
+Use Table Score:
+Score: 14

$Name: Epsilon 4		;! Object #35
$Display Name: XSTR("Epsilon 4", 4764)
$Class: GTF Perseus
$Team: Friendly
$Location: 8361.005859, 0.000427, 634.889404
$Orientation:
	1.000000, 0.000000, 0.000000,
	0.000000, 1.000000, 0.000000,
	0.000000, 0.000000, 1.000000
$AI Behavior: None
$Cargo 1:  XSTR("Nothing", 13)
+Initial Velocity: 33
+Initial Hull: 100
+Subsystem: Pilot
+Primary Banks: ( "Prometheus S" "Morning Star" )
+Secondary Banks: ( "Harpoon" "Trebuchet" )
$Arrival Location: Hyperspace
$Arrival Cue: ( false ) 
$Departure Location: Hyperspace
$Departure Cue: ( false ) 
$Determination: 10
+Flags: ( "cargo-known" )
+Flags2: ( )
+Respawn priority: 0
+Group: 0
+Use Table Score:
+Score: 14

$Name: Aquarius 1		;! Object #36
$Display Name: XSTR("Aquarius 1", 4765)
$Class: SF Mara
$Team: Hostile
$Location: -263.191315, -1071.350220, 3111.627441
$Orientation:
	0.755629, 0.000000, -0.655000,
	-0.117390, 0.983809, -0.135425,
	0.644395, 0.179221, 0.743394
$AI Behavior: None
$Cargo 1:  XSTR("Nothing", 13)
+Initial Velocity: 33
+Initial Hull: 100
+Subsystem: Pilot
+Secondary Banks: ( "" "" )
$Arrival Location: Hyperspace
$Arrival Cue: ( false ) 
$Departure Location: Hyperspace
$Departure Cue: ( false ) 
$Determination: 10
+Flags: ( "special-warp" )
+Flags2: ( )
+Respawn priority: 0
+Orders Accepted: 0		;! note that this is a bitfield!!!
+Group: 0
+Use Table Score:
+Score: 12

$Name: Aquarius 2		;! Object #37
$Display Name: XSTR("Aquarius 2", 4766)
$Class: SF Mara
$Team: Hostile
$Location: -271.537994, -1071.350220, 3025.227051
$Orientation:
	0.759374, 0.000000, -0.650654,
	-0.115697, 0.984064, -0.135030,
	0.640285, 0.177817, 0.747273
$AI Behavior: None
$Cargo 1:  XSTR("Nothing", 13)
+Initial Velocity: 33
+Initial Hull: 100
+Subsystem: Pilot
+Secondary Banks: ( "" "" )
$Arrival Location: Hyperspace
$Arrival Cue: ( false ) 
$Departure Location: Hyperspace
$Departure Cue: ( false ) 
$Determination: 10
+Flags: ( "special-warp" )
+Flags2: ( )
+Respawn priority: 0
+Orders Accepted: 0		;! note that this is a bitfield!!!
+Group: 0
+Use Table Score:
+Score: 12

$Name: Aquarius 3		;! Object #38
$Display Name: XSTR("Aquarius 3", 4767)
$Class: SF Mara
$Team: Hostile
$Location: -369.748932, -1071.350220, 3028.612793
$Orientation:
	0.753685, 0.000000, -0.657236,
	-0.116077, 0.984280, -0.133111,
	0.646904, 0.176614, 0.741837
$AI Behavior: None
$Cargo 1:  XSTR("Nothing", 13)
+Initial Velocity: 33
+Initial Hull: 100
+Subsystem: Pilot
+Secondary Banks: ( "" "" )
$Arrival Location: Hyperspace
$Arrival Cue: ( false ) 
$Departure Location: Hyperspace
$Departure Cue: ( false ) 
$Determination: 10
+Flags: ( "special-warp" )
+Flags2: ( )
+Respawn priority: 0
+Orders Accepted: 0		;! note that this is a bitfield!!!
+Group: 0
+Use Table Score:
+Score: 12

$Name: Aquarius 4		;! Object #39
$Display Name: XSTR("Aquarius 4", 4768)
$Class: SF Mara
$Team: Hostile
$Location: -308.055573, -1071.350220, 3075.257324
$Orientation:
	0.754874, 0.000000, -0.655870,
	-0.116806, 0.984014, -0.134438,
	0.645385, 0.178093, 0.742806
$AI Behavior: None
$Cargo 1:  XSTR("Nothing", 13)
+Initial Velocity: 33
+Initial Hull: 100
+Subsystem: Pilot
+Secondary Banks: ( "" "" )
$Arrival Location: Hyperspace
$Arrival Cue: ( false ) 
$Departure Location: Hyperspace
$Departure Cue: ( false ) 
$Determination: 10
+Flags: ( "special-warp" )
+Flags2: ( )
+Respawn priority: 0
+Orders Accepted: 0		;! note that this is a bitfield!!!
+Group: 0
+Use Table Score:
+Score: 12

$Name: Gaudua		;! Object #40
$Display Name: XSTR("Gaudua", 4769)
$Class: GTC Aeolus
$Team: Friendly
$Location: 7465.749512, 309.336212, 1732.780396
$Orientation:
	0.453596, 0.000000, 0.891207,
	0.000000, 1.000000, 0.000000,
	-0.891207, 0.000000, 0.453596
$AI Behavior: None
$AI Goals: ( goals ( ai-waypoints-once "Cruiser Waypoint" 50 ) )
$Cargo 1:  XSTR("Nothing", 13)
+Initial Velocity: 33
+Initial Hull: 100
+Initial Shields: 100
+Subsystem: Pilot
+Subsystem: Turret01
+Subsystem: Turret02
+Subsystem: Turret03
+Subsystem: Turret04
+Subsystem: Turret05
+Subsystem: Turret06
+Subsystem: turret07
+Subsystem: turret08
+Subsystem: turret09
+Subsystem: turret10
+Subsystem: turret11
+Subsystem: turret12
$Arrival Location: Hyperspace
$Arrival Cue: ( has-arrived-delay 1 "Valius" ) 
$Departure Location: Hyperspace
$Departure Cue: ( is-destroyed-delay 5 "Valius" ) 
$Determination: 10
+Flags: ( "cargo-known" "no-shields" "escort" )
+Flags2: ( )
+Respawn priority: 0
+Escort priority: 2
+Orders Accepted: 0		;! note that this is a bitfield!!!
+Group: 0
+Use Table Score:
+Score: 500
$Texture Replace:
+old: nameplate
+new: GTCGaudua

$Name: Gemini 1		;! Object #41
$Display Name: XSTR("Gemini 1", 4770)
$Class: SB Taurvi
$Team: Hostile
$Location: 4488.332031, -0.000034, 8945.832031
$Orientation:
	-0.993163, 0.000000, 0.116732,
	0.000000, 1.000000, 0.000000,
