#Mission Info

$Version: 0.10
$Name:  XSTR("Dusk Hour", 5309)
$Author: Colin Czerneda
$Created: 12/18/99 at 14:59:04
$Modified: 01/02/10 at 16:27:51
$Notes:
This is a FRED created mission
$End Notes:

$Mission Desc:
 XSTR("The Warlock has been disabled.  Defend her.", 5310)
$end_multi_text

+Game Type Flags: 1

+Flags: 131084
+NebAwacs: 8000.000000

+Storm: s_standard

$Contrail Speed Threshold: 1


+Disallow Support: 0

+Hull Repair Ceiling: 0.000000

+Subsystem Repair Ceiling: 100.000000

+Player Entry Delay:
1.000000

+Viewer pos: -3008.926270, 8799.138672, 2369.585693
+Viewer orient:
	0.031277, -0.000001, -0.999511,
	0.956149, 0.291349, 0.029920,
	0.291206, -0.956617, 0.009113
+SquadReassignName: 125th
+SquadReassignLogo: 125vasudan.pcx

$Squadron wing names: ( "Alpha" "Beta" "Delta" "Epsilon" "Zeta" )

$AI Profile: FS2 RETAIL

#Sexp_variables

$Variables:
(
		0		"autoGenVar1"		"#Command"		"string"
)

#Command Briefing

#Briefing
$start_briefing
$num_stages: 4
$start_stage
$multi_text
 XSTR("Welcome to the 125th pilot.  You are one of a small number of Terrans that have been granted the opportunity to serve in a Vasudan fighter squadron.  Consider yourself lucky.  Many apologies for the lack of a command briefing, but we don't have any more time for introductions.", 5311)
$end_multi_text
$voice: e2m4_b1.ogg
$camera_pos: -1413.894897, -830.367493, 5257.668457
$camera_orient:
	-0.825164, 0.000000, -0.564893,
	-0.344262, 0.792841, 0.502878,
	0.447871, 0.609428, -0.654224
$camera_time: 1000
$num_lines: 0
$num_icons: 1
$Flags: 1
$Formula: ( true ) 
$start_icon
$type: 6
$team: Friendly
$class: GVD Hatshepsut
$pos: 2630.723389, 4936.815430, -1047.449585
$label: XSTR("Tatenen", 4541)
+id: 3
$hlight: 1
$mirror: 0
$multi_text
$end_multi_text
$end_icon
$end_stage
$start_stage
$multi_text
 XSTR("The Shivans have launched a counter offensive.  Intelligence has been confounded by the attack, retreat, attack tactics being employed by the Shivans.  This behavior has not been previously recorded by the Alliance in any other engagements.  Nevertheless, we must repel the Shivan advance.", 5312)
$end_multi_text
$voice: e2m4_b2.ogg
$camera_pos: -3008.926270, 8799.138672, 2369.585693
$camera_orient:
	0.031277, -0.000001, -0.999511,
	0.956149, 0.291349, 0.029920,
	0.291206, -0.956617, 0.009113
$camera_time: 2000
$num_lines: 0
$num_icons: 2
$Flags: 2
$Formula: ( true ) 
$start_icon
$type: 6
$team: Friendly
$class: GVD Hatshepsut
$pos: 2630.723389, 4936.815430, -1047.449585
$label: XSTR("Tatenen", 4541)
+id: 3
$hlight: 0
$mirror: 0
$multi_text
$end_multi_text
$end_icon
$start_icon
$type: 6
$team: Hostile
$class: SD Ravana
$pos: -371.655457, -0.000646, 2080.572998
$label: XSTR("Kebla", 5313)
+id: 4
$hlight: 1
$mirror: 0
$multi_text
$end_multi_text
$end_icon
$end_stage
$start_stage
$multi_text
 XSTR("The Warlock has fallen under heavy attack.  Alpha, Beta, and Zeta wings will be deployed to assist in the defense of the Warlock.  The Shivans have deployed the SD Kebla, a Ravana class destroyer, into the nebula.", 5314)
$end_multi_text
$voice: e2m4_b3.ogg
$camera_pos: -3008.926270, 8799.138672, 2369.585693
$camera_orient:
	0.031277, -0.000001, -0.999511,
	0.956149, 0.291349, 0.029920,
	0.291206, -0.956617, 0.009113
$camera_time: 3000
$num_lines: 0
$num_icons: 5
$Flags: 1
$Formula: ( true ) 
$start_icon
$type: 6
$team: Friendly
$class: GTD Hecate
$pos: -1993.988159, 1593.092651, 5006.944824
$label: XSTR("Warlock", 4540)
+id: 1
$hlight: 0
$mirror: 0
$multi_text
$end_multi_text
$end_icon
$start_icon
$type: 17
$team: Friendly
$class: GVB Sekhmet
$pos: -2263.578125, 7406.347168, 2046.013184
$label: XSTR("Alpha", 4641)
+id: 2
$hlight: 1
$mirror: 0
$multi_text
$end_multi_text
$end_icon
$start_icon
$type: 6
$team: Friendly
$class: GVD Hatshepsut
$pos: 2630.723389, 4936.815430, -1047.449585
$label: XSTR("Tatenen", 4541)
+id: 3
$hlight: 0
$mirror: 0
$multi_text
$end_multi_text
$end_icon
$start_icon
$type: 1
$team: Friendly
$class: GVF Serapis
$pos: 1037.722900, -0.000263, 3591.665039
$label: XSTR("Beta", 4728)
+id: 5
$hlight: 1
$mirror: 0
$multi_text
$end_multi_text
$end_icon
$start_icon
$type: 17
$team: Friendly
$class: GVB Bakha
$pos: -2098.568848, 4590.198242, 1261.945190
$label: XSTR("Zeta", 5315)
+id: 6
$hlight: 1
$mirror: 0
$multi_text
$end_multi_text
$end_icon
$end_stage
$start_stage
$multi_text
 XSTR("While you're busy defending the Warlock, the Tatenen will jump to new co-ordinates to attempt to destroy the Kebla and the Shivan attack force from their rear.  We cannot afford to lose the Warlock, the Tatenen, or any of our other major warships.  Your wing is being scrambled - the Warlock will not survive without immediate support.", 5316)
$end_multi_text
$voice: e2m4_b4.ogg
$camera_pos: -3008.926270, 8799.138672, 2369.585693
$camera_orient:
	0.031277, -0.000001, -0.999511,
	0.956149, 0.291349, 0.029920,
	0.291206, -0.956617, 0.009113
$camera_time: 1000
$num_lines: 0
$num_icons: 4
$Flags: 2
$Formula: ( true ) 
$start_icon
$type: 6
$team: Friendly
$class: GTD Hecate
$pos: -1993.988159, 1593.092651, 5006.944824
$label: XSTR("Warlock", 4540)
+id: 1
$hlight: 0
$mirror: 0
$multi_text
$end_multi_text
$end_icon
$start_icon
$type: 6
$team: Friendly
$class: GVD Hatshepsut
$pos: 2630.723389, 4936.815430, -1047.449585
$label: XSTR("Tatenen", 4541)
+id: 3
$hlight: 0
$mirror: 0
$multi_text
$end_multi_text
$end_icon
$start_icon
$type: 6
$team: Hostile
$class: SD Ravana
$pos: 178.600128, -0.000649, 2847.645020
$label: XSTR("Kebla", 5313)
+id: 8
$hlight: 1
$mirror: 0
$multi_text
$end_multi_text
$end_icon
$start_icon
$type: 6
$team: Friendly
$class: GVD Hatshepsut
$pos: -662.216064, 4571.690918, 1617.906860
$label: XSTR("Tatenen", 4541)
+id: 9
$hlight: 1
$mirror: 0
$multi_text
$end_multi_text
$end_icon
$end_stage
$end_briefing

#Debriefing_info

$Num stages: 5

$Formula: ( is-goal-true-delay "Def Warlock" 0 ) 
$Multi text
    XSTR("The Warlock, thanks to you, is currently undergoing repairs.  Damage is heavy and most of the 7th fleet has been destroyed, but under the circumstances we are in a good position to continue our operation.

Admiral Russik has formally taken control of the expeditionary force into the Mintaka system.  Rear Admiral Quas has received no information from the Security Council, the General Assembly, or the Vasudan Imperium regarding the change.  It seems that someone at high command is pulling the strings.", 5317)
$end_multi_text
$Voice: e2m4_db1.ogg
$Recommendation text:
    XSTR("", 3307)
$end_multi_text

$Formula: ( is-goal-true-delay 
   "Shiv Cap Ships" 
   0 
)
$Multi text
    XSTR("Vasudan Tactical Command was extremely impressed with your ability in handling our bombers.  Your demonstration of skill in destroying a major Shivan capital ship is truly impressive.", 5318)
$end_multi_text
$Voice: e2m4_db2.ogg
$Recommendation text:
    XSTR("", 3307)
$end_multi_text

$Formula: ( is-goal-true-delay 
   "MBS - Protect Hawkins" 
   0 
)
$Multi text
    XSTR("The cruiser Hawkins has survived the battle. The warship was heavily damaged, but your precious efforts prevented us from losing that vital asset.", 5319)
$end_multi_text
$Voice: none.wav
$Recommendation text:
    XSTR("Nice work. The Hawkins was about to face certain destruction.", 5320)
$end_multi_text

$Formula: ( and 
   ( is-event-false-delay "RTB failed" 0 ) 
   ( is-event-false-delay "rtb" 0 ) 
)
$Multi text
    XSTR("You have been declared AWOL, pilot!  Jumping out before you are ordered to do so is grounds for immediate imprisonment.", 4648)
$end_multi_text
$Voice: e2m4_db3.ogg
$Recommendation text:
    XSTR("Do not depart until you are ordered to do so.", 4649)
$end_multi_text

$Formula: ( is-goal-false-delay "Def Warlock" 0 ) 
$Multi text
    XSTR("The Warlock was destroyed.  This is a total disaster for the Alliance.  The loss of such a fine ship will be mourned and avenged.

It was a tough assignment and the Shivans launched a credible offensive - however, Vasudan Tactical command had thought you were up for the job.  Perhaps they were wrong.  You dishonour your Terran crewmates, pilot.", 5321)
$end_multi_text
$Voice: none.wav
$Recommendation text:
    XSTR("Destroy the Kebla's beam cannons as soon as you can.", 5322)
$end_multi_text

#Players		;! 1 total

$Starting Shipname: Alpha 1
$Ship Choices: (
	"GVF Seth"	8
	"GVF Horus"	4
	"GVF Thoth"	2
	"GVF Serapis"	8
	"GVF Tauret"	4
	"GVB Sekhmet"	4
	"GVB Osiris"	2
	"GVB Bakha"	8
)

+Weaponry Pool: (
	"Mekhu HL-7"	20
	"Akheton SDG"	20
	"Morning Star"	16
	"Prometheus S"	32
	"Maxim"	18
	"Circe"	10
	"Lamprey"	10
	"Rockeye"	500
	"Tempest"	980
	"Hornet"	500
	"Tornado"	756
	"Harpoon"	596
	"Trebuchet"	500
	"Piranha"	500
	"Stiletto II"	500
	"Infyrno"	500
	"Cyclops"	548
)

#Objects		;! 67 total

$Name: Alpha 1		;! Object #0
$Display Name: XSTR("Alpha 1", 4531)
$Class: GVB Sekhmet
$Team: Friendly
$Location: 57.636719, 0.000003, -5.979973
$Orientation:
	0.296281, 0.000000, 0.955101,
	0.000000, 1.000000, 0.000000,
	-0.955101, 0.000000, 0.296281
$AI Behavior: None
$Cargo 1:  XSTR("Nothing", 13)
+Initial Hull: 100
+Subsystem: Pilot
+Primary Banks: ( "Prometheus S" )
+Secondary Banks: ( "Tornado" "Cyclops" "Cyclops" )
$Arrival Location: Hyperspace
$Arrival Cue: ( false ) 
$Departure Location: Hyperspace
$Departure Cue: ( false ) 
$Determination: 10
+Flags: ( "cargo-known" "player-start" )
+Flags2: ( )
+Respawn priority: 0
+Group: 0
+Score: 8

$Name: Alpha 2		;! Object #1
$Display Name: XSTR("Alpha 2", 4653)
$Class: GVB Sekhmet
$Team: Friendly
$Location: 90.927719, 0.000012, -92.292549
$Orientation:
	0.296281, 0.000000, 0.955101,
	0.000000, 1.000000, 0.000000,
	-0.955101, 0.000000, 0.296281
$AI Behavior: None
+AI Class: General
$Cargo 1:  XSTR("Nothing", 13)
+Initial Velocity: 33
+Initial Hull: 100
+Subsystem: Pilot
+Primary Banks: ( "Prometheus S" )
+Secondary Banks: ( "Tornado" "Cyclops" "Cyclops" )
$Arrival Location: Hyperspace
$Arrival Cue: ( false ) 
$Departure Location: Hyperspace
$Departure Cue: ( false ) 
$Determination: 10
+Flags: ( "cargo-known" )
+Flags2: ( )
+Respawn priority: 0
+Group: 0
+Use Table Score:
+Score: 10

$Name: Alpha 3		;! Object #2
$Display Name: XSTR("Alpha 3", 4654)
$Class: GVB Sekhmet
$Team: Friendly
$Location: 57.250130, 0.000006, 72.771622
$Orientation:
	0.296281, 0.000000, 0.955101,
	0.000000, 1.000000, 0.000000,
	-0.955101, 0.000000, 0.296281
$AI Behavior: None
+AI Class: General
$Cargo 1:  XSTR("Nothing", 13)
+Initial Velocity: 33
+Initial Hull: 100
+Subsystem: Pilot
+Primary Banks: ( "Prometheus S" )
+Secondary Banks: ( "Tornado" "Cyclops" "Cyclops" )
$Arrival Location: Hyperspace
$Arrival Cue: ( false ) 
$Departure Location: Hyperspace
$Departure Cue: ( false ) 
$Determination: 10
+Flags: ( "cargo-known" )
+Flags2: ( )
+Respawn priority: 0
+Group: 0
+Use Table Score:
+Score: 10

$Name: Alpha 4		;! Object #3
$Display Name: XSTR("Alpha 4", 4655)
$Class: GVB Sekhmet
$Team: Friendly
$Location: 164.588287, 0.000017, 62.251617
$Orientation:
	0.296281, 0.000000, 0.955101,
	0.000000, 1.000000, 0.000000,
	-0.955101, 0.000000, 0.296281
$AI Behavior: None
+AI Class: General
$Cargo 1:  XSTR("Nothing", 13)
+Initial Velocity: 33
+Initial Hull: 100
+Subsystem: Pilot
+Primary Banks: ( "Prometheus S" )
+Secondary Banks: ( "Tornado" "Cyclops" "Cyclops" )
$Arrival Location: Hyperspace
$Arrival Cue: ( false ) 
$Departure Location: Hyperspace
$Departure Cue: ( false ) 
$Determination: 10
+Flags: ( "cargo-known" )
+Flags2: ( )
+Respawn priority: 0
+Group: 0
+Use Table Score:
+Score: 10

$Name: Beta 1		;! Object #4
$Display Name: XSTR("Beta 1", 4736)
$Class: GVF Serapis
$Team: Friendly
$Location: -96.477005, 9.143927, 41.121254
$Orientation:
	0.296281, 0.000000, 0.955101,
	0.000000, 1.000000, 0.000000,
	-0.955101, 0.000000, 0.296281
$AI Behavior: None
+AI Class: General
$Cargo 1:  XSTR("Nothing", 13)
+Initial Velocity: 33
+Initial Hull: 100
+Subsystem: Pilot
+Primary Banks: ( "Mekhu HL-7" "Prometheus S" )
+Secondary Banks: ( "Harpoon" "Tempest" )
$Arrival Location: Hyperspace
$Arrival Cue: ( false ) 
$Departure Location: Hyperspace
$Departure Cue: ( false ) 
$Determination: 10
+Flags: ( "cargo-known" )
+Flags2: ( )
+Respawn priority: 0
+Group: 0
+Use Table Score:
+Score: 12

$Name: Beta 2		;! Object #5
$Display Name: XSTR("Beta 2", 4737)
$Class: GVF Serapis
$Team: Friendly
$Location: -108.462769, -14.198748, 22.961588
$Orientation:
	0.296281, 0.000000, 0.955101,
	0.000000, 1.000000, 0.000000,
	-0.955101, 0.000000, 0.296281
$AI Behavior: None
+AI Class: General
$Cargo 1:  XSTR("Nothing", 13)
+Initial Velocity: 33
+Initial Hull: 100
+Subsystem: Pilot
+Primary Banks: ( "Mekhu HL-7" "Prometheus S" )
+Secondary Banks: ( "Harpoon" "Tempest" )
$Arrival Location: Hyperspace
$Arrival Cue: ( false ) 
$Departure Location: Hyperspace
$Departure Cue: ( false ) 
$Determination: 10
+Flags: ( "cargo-known" )
+Flags2: ( )
+Respawn priority: 0
+Group: 0
+Use Table Score:
+Score: 12

$Name: Beta 3		;! Object #6
$Display Name: XSTR("Beta 3", 4738)
$Class: GVF Serapis
$Team: Friendly
$Location: -77.594803, 9.143922, 106.631432
$Orientation:
	0.296281, 0.000000, 0.955101,
	0.000000, 1.000000, 0.000000,
	-0.955101, 0.000000, 0.296281
$AI Behavior: None
+AI Class: General
$Cargo 1:  XSTR("Nothing", 13)
+Initial Velocity: 33
+Initial Hull: 100
+Subsystem: Pilot
+Primary Banks: ( "Mekhu HL-7" "Prometheus S" )
+Secondary Banks: ( "Harpoon" "Tempest" )
$Arrival Location: Hyperspace
$Arrival Cue: ( false ) 
$Departure Location: Hyperspace
$Departure Cue: ( false ) 
$Determination: 10
+Flags: ( "cargo-known" )
+Flags2: ( )
+Respawn priority: 0
+Group: 0
+Use Table Score:
+Score: 12

$Name: Zeta 1		;! Object #7
$Display Name: XSTR("Zeta 1", 4676)
$Class: GVB Bakha
$Team: Friendly
$Location: -247.967255, -14.198753, 15.099540
$Orientation:
	0.296281, 0.000000, 0.955101,
	0.000000, 1.000000, 0.000000,
	-0.955101, 0.000000, 0.296281
$AI Behavior: None
+AI Class: General
$Cargo 1:  XSTR("Nothing", 13)
+Initial Hull: 100
+Subsystem: Pilot
+Primary Banks: ( "Maxim" "Prometheus S" )
+Secondary Banks: ( "Trebuchet" "Cyclops" )
$Arrival Location: Hyperspace
$Arrival Cue: ( false ) 
$Departure Location: Hyperspace
$Departure Cue: ( false ) 
$Determination: 10
+Flags: ( "cargo-known" )
+Flags2: ( )
+Respawn priority: 0
+Group: 0
+Score: 12

$Name: Zeta 2		;! Object #8
$Display Name: XSTR("Zeta 2", 4677)
$Class: GVB Bakha
$Team: Friendly
$Location: -261.591949, 49.066288, 48.353218
$Orientation:
	0.296281, 0.000000, 0.955101,
	0.000000, 1.000000, 0.000000,
	-0.955101, 0.000000, 0.296281
$AI Behavior: None
+AI Class: General
$Cargo 1:  XSTR("Nothing", 13)
+Initial Hull: 100
+Subsystem: Pilot
+Primary Banks: ( "Maxim" "Prometheus S" )
+Secondary Banks: ( "Trebuchet" "Cyclops" )
$Arrival Location: Hyperspace
$Arrival Cue: ( false ) 
$Departure Location: Hyperspace
$Departure Cue: ( false ) 
$Determination: 10
+Flags: ( "cargo-known" )
+Flags2: ( )
+Respawn priority: 0
+Group: 0
+Score: 12

$Name: Zeta 3		;! Object #9
$Display Name: XSTR("Zeta 3", 4678)
$Class: GVB Bakha
$Team: Friendly
$Location: -224.109894, 49.066280, -27.720615
$Orientation:
	0.296281, 0.000000, 0.955101,
	0.000000, 1.000000, 0.000000,
	-0.955101, 0.000000, 0.296281
$AI Behavior: None
+AI Class: General
$Cargo 1:  XSTR("Nothing", 13)
+Initial Hull: 100
+Subsystem: Pilot
+Primary Banks: ( "Maxim" "Prometheus S" )
+Secondary Banks: ( "Trebuchet" "Cyclops" )
$Arrival Location: Hyperspace
$Arrival Cue: ( false ) 
$Departure Location: Hyperspace
$Departure Cue: ( false ) 
$Determination: 10
+Flags: ( "cargo-known" )
+Flags2: ( )
+Respawn priority: 0
+Group: 0
+Score: 12

$Name: Zeta 4		;! Object #10
$Display Name: XSTR("Zeta 4", 5323)
$Class: GVB Bakha
$Team: Friendly
$Location: -136.842361, 49.066288, 75.880096
$Orientation:
	0.296281, 0.000000, 0.955101,
	0.000000, 1.000000, 0.000000,
	-0.955101, 0.000000, 0.296281
$AI Behavior: None
+AI Class: General
$Cargo 1:  XSTR("Nothing", 13)
+Initial Hull: 100
+Subsystem: Pilot
+Primary Banks: ( "Maxim" "Prometheus S" )
+Secondary Banks: ( "Trebuchet" "Cyclops" )
$Arrival Location: Hyperspace
$Arrival Cue: ( false ) 
$Departure Location: Hyperspace
$Departure Cue: ( false ) 
$Determination: 10
+Flags: ( "cargo-known" )
+Flags2: ( )
+Respawn priority: 0
+Group: 0
+Score: 12

$Name: Warlock		;! Object #11
$Display Name: XSTR("Warlock", 4540)
$Class: GTD Hecate
$Team: Friendly
$Location: 163.233154, -1131.343140, 5006.944824
$Orientation:
	-0.635923, 0.000000, 0.771753,
	0.000000, 1.000000, 0.000000,
	-0.771753, 0.000000, -0.635923
$AI Behavior: None
$Cargo 1:  XSTR("Nothing", 13)
+Initial Hull: 91
+Initial Shields: 100
+Subsystem: Pilot
+Subsystem: turret01
+Subsystem: turret02
+Subsystem: turret03
+Subsystem: turret04
+Subsystem: turret05
+Subsystem: turret06
+Subsystem: turret07
+Subsystem: turret08
+Subsystem: turret09
+Subsystem: turret10
+Subsystem: turret11
+Subsystem: turret12
+Subsystem: turret13
+Subsystem: turret14
+Subsystem: turret15
+Subsystem: turret16
+Subsystem: turret17
+Subsystem: turret18
+Subsystem: turret19
+Subsystem: turret20
+Subsystem: turret21
+Subsystem: turret22
+Subsystem: turret23
+Subsystem: turret24
+Subsystem: turret25
+Subsystem: turret26
+Subsystem: turret27
+Subsystem: navigation
$Damage: 100
+Subsystem: communications
$Damage: 13
+Subsystem: weapons
$Damage: 44
+Subsystem: sensors
$Damage: 77
+Subsystem: engine01
$Damage: 100
+Subsystem: engine02
$Damage: 100
+Subsystem: engine03
$Damage: 100
+Subsystem: engine04
$Damage: 100
$Arrival Location: Hyperspace
$Arrival Cue: ( true ) 
$Departure Location: Hyperspace
$Departure Cue: ( are-waypoints-done-delay 
   "Warlock" 
   "Warlock Escape Route" 
   0 
)
$Determination: 10
+Flags: ( "cargo-known" "no-shields" "escort" )
+Flags2: ( )
+Respawn priority: 0
+Escort priority: 5
+Orders Accepted: 0		;! note that this is a bitfield!!!
+Group: 0
+Use Table Score:
+Score: 1300
$Texture Replace:
+old: nameplate
+new: GTDWarlock

$Name: Miranda		;! Object #12
$Display Name: XSTR("Miranda", 5324)
$Class: GTT Argo
$Team: Friendly
$Location: 2253.023682, -1379.848511, 8051.651855
$Orientation:
	-0.740046, -0.002634, 0.672551,
	-0.097403, 0.989869, -0.103301,
	-0.665466, -0.141956, -0.732806
$AI Behavior: None
$AI Goals: ( goals ( ai-dock "Warlock" "Frontside dock" "Dock01" 50 ) )
$Cargo 1:  XSTR("Repair Teams", 5325)
+Initial Velocity: 33
+Initial Hull: 100
+Initial Shields: 100
+Subsystem: Pilot
+Subsystem: turret01
+Subsystem: turret02
$Arrival Location: Hyperspace
$Arrival Cue: ( has-time-elapsed 130 ) 
$Departure Location: Hyperspace
$Departure Cue: ( false ) 
$Determination: 10
+Flags: ( "cargo-known" "no-shields" "escort" )
+Flags2: ( )
+Respawn priority: 0
+Escort priority: 0
+Orders Accepted: 0		;! note that this is a bitfield!!!
+Group: 0
+Use Table Score:
+Score: 40

$Name: Parvati		;! Object #13
$Display Name: XSTR("Parvati", 5326)
$Class: SC Rakshasa
$Team: Hostile
$Location: -3735.876221, -0.000503, 2951.331299
$Orientation:
	-0.504098, -0.091465, 0.858789,
	0.046301, -0.995809, -0.078879,
	0.862404, 0.000000, 0.506220
$AI Behavior: None
$AI Goals: ( goals ( ai-chase "Warlock" 50 ) )
$Cargo 1:  XSTR("Nothing", 13)
+Initial Velocity: 33
+Initial Hull: 100
+Initial Shields: 100
+Subsystem: Pilot
+Subsystem: turret01
+Primary Banks: ( "Shivan Turret Laser" )
+Subsystem: turret02
+Subsystem: turret03
+Subsystem: turret04
+Subsystem: turret05
+Subsystem: turret06
+Subsystem: turret07
+Subsystem: turret08
+Subsystem: turret09
+Subsystem: turret10
+Subsystem: turret11
+Subsystem: turret12
+Subsystem: turret13
+Subsystem: turret14
$Arrival Location: Hyperspace
$Arrival Cue: ( is-destroyed-delay 
   12 
   "Capricorn" 
   "Gemini" 
   "Sakatha" 
   "Kalsa" 
)
$Departure Location: Hyperspace
$Departure Cue: ( false ) 
$Determination: 10
+Flags: ( "no-shields" "escort" )
+Flags2: ( )
+Respawn priority: 0
+Escort priority: 0
+Orders Accepted: 0		;! note that this is a bitfield!!!
+Group: 0
+Use Table Score:
+Score: 300

$Name: Jagganath		;! Object #14
$Display Name: XSTR("Jagganath", 5327)
$Class: SC Rakshasa
$Team: Hostile
$Location: -3793.343994, -298.868805, 2939.300049
$Orientation:
	0.142272, 0.846832, -0.512479,
	-0.226527, 0.531861, 0.815972,
	0.963558, 0.000000, 0.267499
$AI Behavior: None
$AI Goals: ( goals ( ai-chase "Warlock" 50 ) )
$Cargo 1:  XSTR("Nothing", 13)
+Initial Velocity: 33
+Initial Hull: 100
+Initial Shields: 100
+Subsystem: Pilot
+Subsystem: turret01
+Primary Banks: ( "Shivan Turret Laser" )
+Subsystem: turret02
+Subsystem: turret03
+Subsystem: turret04
+Subsystem: turret05
+Subsystem: turret06
+Subsystem: turret07
+Subsystem: turret08
+Subsystem: turret09
+Subsystem: turret10
+Subsystem: turret11
+Subsystem: turret12
+Subsystem: turret13
+Subsystem: turret14
$Arrival Location: Hyperspace
$Arrival Cue: ( has-arrived-delay 0 "Parvati" ) 
$Departure Location: Hyperspace
$Departure Cue: ( false ) 
$Determination: 10
+Flags: ( "no-shields" "escort" )
+Flags2: ( )
+Respawn priority: 0
+Escort priority: 0
+Orders Accepted: 0		;! note that this is a bitfield!!!
+Group: 0
+Use Table Score:
+Score: 300

$Name: Kebla		;! Object #15
$Display Name: XSTR("Kebla", 5313)
$Class: SD Ravana
$Team: Hostile
$Location: -6742.405273, -0.000527, 1354.296753
$Orientation:
	0.285703, -0.056877, -0.956629,
	0.050097, 0.997759, -0.044361,
	0.957008, -0.035250, 0.287912
$AI Behavior: None
$AI Goals: ( goals ( ai-chase "Warlock" 50 ) )
$Cargo 1:  XSTR("Nothing", 13)
+Initial Velocity: 33
+Initial Hull: 67
+Initial Shields: 100
+Subsystem: Pilot
+Subsystem: turret01
+Subsystem: turret02
+Subsystem: turret03
+Subsystem: turret04
+Subsystem: turret05
+Subsystem: turret06
+Subsystem: turret07
+Subsystem: turret08
+Subsystem: turret09
+Subsystem: turret10
+Subsystem: turret11
+Subsystem: turret12
+Subsystem: turret13
+Subsystem: turret14
+Subsystem: turret15
+Subsystem: turret16
+Subsystem: turret17
+Subsystem: turret18
+Subsystem: turret19
+Subsystem: turret20
+Subsystem: turret21
+Subsystem: turret22
+Subsystem: turret23
+Subsystem: turret24
+Subsystem: turret25
+Subsystem: turret26
+Subsystem: turret27
+Subsystem: turret28
+Subsystem: turret29
+Subsystem: turret30
$Arrival Location: Hyperspace
$Arrival Cue: ( is-destroyed-delay 
   45 
   "Parvati" 
   "Jagganath" 
)
$Departure Location: Hyperspace
$Departure Cue: ( false ) 
$Determination: 10
+Flags: ( "no-shields" "escort" "no-arrival-warp" )
+Flags2: ( )
+Respawn priority: 0
+Escort priority: 0
+Orders Accepted: 0		;! note that this is a bitfield!!!
+Group: 0
+Use Table Score:
+Score: 670

$Name: Virgo 1		;! Object #16
$Display Name: XSTR("Virgo 1", 4827)
$Class: SF Dragon
$Team: Hostile
$Location: -2116.098877, 0.000258, 3130.803467
$Orientation:
	1.000000, 0.000000, 0.000000,
	0.000000, 1.000000, 0.000000,
	0.000000, 0.000000, 1.000000
$AI Behavior: None
$Cargo 1:  XSTR("Nothing", 13)
+Initial Velocity: 33
+Subsystem: Pilot
$Arrival Location: Hyperspace
$Arrival Cue: ( false ) 
$Departure Location: Hyperspace
$Departure Cue: ( false ) 
$Determination: 10
+Flags: ( )
+Flags2: ( )
+Respawn priority: 0
+Orders Accepted: 0		;! note that this is a bitfield!!!
+Group: 0
+Use Table Score:
+Score: 16

$Name: Virgo 2		;! Object #17
$Display Name: XSTR("Virgo 2", 4828)
$Class: SF Dragon
$Team: Hostile
$Location: -2133.808350, 0.000219, 3058.438965
$Orientation:
	1.000000, 0.000000, 0.000000,
	0.000000, 1.000000, 0.000000,
	0.000000, 0.000000, 1.000000
$AI Behavior: None
$Cargo 1:  XSTR("Nothing", 13)
+Initial Velocity: 33
+Subsystem: Pilot
$Arrival Location: Hyperspace
$Arrival Cue: ( false ) 
$Departure Location: Hyperspace
$Departure Cue: ( false ) 
$Determination: 10
+Flags: ( )
+Flags2: ( )
+Respawn priority: 0
+Orders Accepted: 0		;! note that this is a bitfield!!!
+Group: 0
+Use Table Score:
+Score: 16

$Name: Virgo 3		;! Object #18
$Display Name: XSTR("Virgo 3", 4829)
$Class: SF Dragon
$Team: Hostile
$Location: -2175.840332, 0.000277, 3123.522461
$Orientation:
	1.000000, 0.000000, 0.000000,
	0.000000, 1.000000, 0.000000,
	0.000000, 0.000000, 1.000000
$AI Behavior: None
$Cargo 1:  XSTR("Nothing", 13)
+Initial Velocity: 33
+Subsystem: Pilot
$Arrival Location: Hyperspace
$Arrival Cue: ( false ) 
$Departure Location: Hyperspace
$Departure Cue: ( false ) 
$Determination: 10
+Flags: ( )
+Flags2: ( )
+Respawn priority: 0
+Orders Accepted: 0		;! note that this is a bitfield!!!
+Group: 0
+Use Table Score:
+Score: 16

$Name: Cancer 1		;! Object #19
$Display Name: XSTR("Cancer 1", 4660)
$Class: SB Nahema
$Team: Hostile
$Location: -3978.182129, 159.469452, 3127.488770
$Orientation:
	0.734469, -0.589145, -0.336843,
	0.670131, 0.551254, 0.497035,
	-0.107140, -0.590786, 0.799683
$AI Behavior: None
$Cargo 1:  XSTR("Nothing", 13)
+Initial Velocity: 100
+Initial Hull: 100
+Subsystem: Pilot
+Secondary Banks: ( "" "" "" )
$Arrival Location: Hyperspace
$Arrival Cue: ( false ) 
$Departure Location: Hyperspace
$Departure Cue: ( false ) 
$Determination: 10
+Flags: ( "no-dynamic" )
+Flags2: ( )
+Respawn priority: 0
+Orders Accepted: 0		;! note that this is a bitfield!!!
+Group: 0
+Use Table Score:
+Score: 14

$Name: Cancer 2		;! Object #20
$Display Name: XSTR("Cancer 2", 4661)
$Class: SB Nahema
$Team: Hostile
$Location: -4143.124512, 328.923218, 3161.935791
$Orientation:
	0.734469, -0.589145, -0.336843,
	0.670131, 0.551254, 0.497035,
	-0.107140, -0.590786, 0.799683
$AI Behavior: None
$Cargo 1:  XSTR("Nothing", 13)
+Initial Velocity: 100
+Initial Hull: 100
+Subsystem: Pilot
+Secondary Banks: ( "" "" "" )
$Arrival Location: Hyperspace
$Arrival Cue: ( false ) 
$Departure Location: Hyperspace
$Departure Cue: ( false ) 
$Determination: 10
+Flags: ( "no-dynamic" )
+Flags2: ( )
+Respawn priority: 0
+Orders Accepted: 0		;! note that this is a bitfield!!!
+Group: 0
+Use Table Score:
+Score: 14

$Name: Cancer 3		;! Object #21
$Display Name: XSTR("Cancer 3", 4662)
$Class: SB Nahema
$Team: Hostile
$Location: -3972.337891, 268.832367, 2998.315918
$Orientation:
	0.734469, -0.589145, -0.336843,
	0.670131, 0.551254, 0.497035,
	-0.107140, -0.590786, 0.799683
$AI Behavior: None
$Cargo 1:  XSTR("Nothing", 13)
+Initial Velocity: 100
+Initial Hull: 100
+Subsystem: Pilot
+Secondary Banks: ( "" "" "" )
$Arrival Location: Hyperspace
$Arrival Cue: ( false ) 
$Departure Location: Hyperspace
$Departure Cue: ( false ) 
$Determination: 10
+Flags: ( "no-dynamic" )
+Flags2: ( )
+Respawn priority: 0
+Orders Accepted: 0		;! note that this is a bitfield!!!
+Group: 0
+Use Table Score:
+Score: 14

$Name: Cancer 4		;! Object #22
$Display Name: XSTR("Cancer 4", 4933)
$Class: SB Nahema
$Team: Hostile
$Location: -4119.547363, 390.274841, 3062.105957
$Orientation:
	0.734469, -0.589145, -0.336843,
	0.670131, 0.551254, 0.497035,
	-0.107140, -0.590786, 0.799683
$AI Behavior: None
$Cargo 1:  XSTR("Nothing", 13)
+Initial Velocity: 100
+Initial Hull: 100
+Subsystem: Pilot
+Secondary Banks: ( "" "" "" )
$Arrival Location: Hyperspace
$Arrival Cue: ( false ) 
$Departure Location: Hyperspace
$Departure Cue: ( false ) 
$Determination: 10
+Flags: ( "no-dynamic" )
+Flags2: ( )
+Respawn priority: 0
+Orders Accepted: 0		;! note that this is a bitfield!!!
+Group: 0
+Use Table Score:
+Score: 14

$Name: Sagittarius 1		;! Object #23
$Display Name: XSTR("Sagittarius 1", 4833)
$Class: SF Manticore
$Team: Hostile
$Location: -4188.023438, 0.000005, 3308.821777
$Orientation:
	0.338642, 0.000000, -0.940915,
	0.181214, 0.981279, 0.065220,
	0.923300, -0.192593, 0.332302
$AI Behavior: None
$Cargo 1:  XSTR("Nothing", 13)
+Initial Velocity: 33
+Subsystem: Pilot
$Arrival Location: Hyperspace
$Arrival Cue: ( false ) 
$Departure Location: Hyperspace
$Departure Cue: ( false ) 
$Determination: 10
+Flags: ( )
+Flags2: ( )
+Respawn priority: 0
+Orders Accepted: 0		;! note that this is a bitfield!!!
+Group: 0
+Use Table Score:
+Score: 12

$Name: Sagittarius 2		;! Object #24
$Display Name: XSTR("Sagittarius 2", 4834)
$Class: SF Manticore
$Team: Hostile
$Location: -4315.969727, 0.000011, 3264.604736
$Orientation:
	0.338274, 0.000000, -0.941048,
	0.175871, 0.982381, 0.063219,
	0.924468, -0.186888, 0.332314
$AI Behavior: None
$Cargo 1:  XSTR("Nothing", 13)
+Initial Velocity: 33
+Subsystem: Pilot
$Arrival Location: Hyperspace
$Arrival Cue: ( false ) 
$Departure Location: Hyperspace
$Departure Cue: ( false ) 
$Determination: 10
+Flags: ( )
+Flags2: ( )
+Respawn priority: 0
+Orders Accepted: 0		;! note that this is a bitfield!!!
+Group: 0
+Use Table Score:
+Score: 12

$Name: Sagittarius 3		;! Object #25
$Display Name: XSTR("Sagittarius 3", 4835)
$Class: SF Manticore
$Team: Hostile
$Location: -4160.894531, 0.000034, 3191.179443
$Orientation:
	0.364814, 0.000000, -0.931081,
	0.178676, 0.981414, 0.070008,
	0.913776, -0.191902, 0.358033
$AI Behavior: None
$Cargo 1:  XSTR("Nothing", 13)
+Initial Velocity: 33
+Subsystem: Pilot
$Arrival Location: Hyperspace
$Arrival Cue: ( false ) 
$Departure Location: Hyperspace
$Departure Cue: ( false ) 
$Determination: 10
+Flags: ( )
+Flags2: ( )
+Respawn priority: 0
+Orders Accepted: 0		;! note that this is a bitfield!!!
+Group: 0
+Use Table Score:
+Score: 12

$Name: Kirosi		;! Object #26
$Display Name: XSTR("Kirosi", 5328)
$Class: GTD Orion
$Team: Friendly
$Location: 2304.126953, -1560.738770, 8498.375000
$Orientation:
	-0.611909, -0.017927, 0.790725,
	-0.064422, 0.997551, -0.027237,
	-0.788300, -0.067606, -0.611566
$AI Behavior: None
$Cargo 1:  XSTR("Nothing", 13)
+Initial Velocity: 33
+Initial Hull: 100
+Initial Shields: 100
+Subsystem: Pilot
+Subsystem: turret01a
+Subsystem: turret02a
+Subsystem: turret03a
+Subsystem: turret04a
+Subsystem: turret05a
+Subsystem: turret06
+Subsystem: turret07
+Subsystem: turret08
+Subsystem: turret09
+Subsystem: turret10
+Subsystem: turret11
+Subsystem: turret12
+Subsystem: turret13
+Subsystem: turret14
+Subsystem: turret15
+Subsystem: turret16
$Arrival Location: Hyperspace
$Arrival Cue: ( and 
   ( and 
      ( is-destroyed-delay 
         28 
         "Kebla" 
         "Scorpio" 
         "Cancer" 
         "Taurus" 
      )
      ( is-event-true-delay 
         "Miranda Repairs" 
         16 
      )
   )
   ( not 
      ( or 
         ( is-destroyed-delay 0 "Warlock" ) 
         ( is-destroyed-delay 0 "Miranda" ) 
      )
   )
)
$Departure Location: Hyperspace
$Departure Cue: ( false ) 
$Determination: 10
+Flags: ( "cargo-known" "no-shields" )
+Flags2: ( )
+Respawn priority: 0
+Orders Accepted: 0		;! note that this is a bitfield!!!
+Group: 0
+Use Table Score:
+Score: 1000
$Texture Replace:
+old: capital01-05
+new: GTDKirosi_old
+old: nameplate
+new: GTDKirosi

$Name: Scorpio 1		;! Object #27
$Display Name: XSTR("Scorpio 1", 4747)
$Class: SB Seraphim
$Team: Hostile
$Location: -6022.899902, 0.000000, 1963.800049
$Orientation:
	0.441411, 0.000000, -0.897305,
	0.145306, 0.986801, 0.071481,
	0.885462, -0.161937, 0.435585
$AI Behavior: None
$Cargo 1:  XSTR("Nothing", 13)
+Initial Velocity: 33
+Initial Hull: 100
+Subsystem: Pilot
+Secondary Banks: ( "" "" "" "" )
+Subsystem: turret01
+Subsystem: turret02
$Arrival Location: Hyperspace
$Arrival Cue: ( false ) 
$Departure Location: Hyperspace
$Departure Cue: ( false ) 
$Determination: 10
+Flags: ( "no-dynamic" )
+Flags2: ( )
+Respawn priority: 0
+Orders Accepted: 0		;! note that this is a bitfield!!!
+Group: 0
+Use Table Score:
+Score: 16

$Name: Scorpio 2		;! Object #28
$Display Name: XSTR("Scorpio 2", 4748)
$Class: SB Seraphim
$Team: Hostile
$Location: -6063.563965, -0.000001, 1838.046021
$Orientation:
	0.453557, 0.000000, -0.891227,
	0.142458, 0.987142, 0.072499,
	0.879768, -0.159845, 0.447725
$AI Behavior: None
$Cargo 1:  XSTR("Nothing", 13)
+Initial Velocity: 33
+Initial Hull: 100
+Subsystem: Pilot
+Secondary Banks: ( "" "" "" "" )
+Subsystem: turret01
+Subsystem: turret02
$Arrival Location: Hyperspace
$Arrival Cue: ( false ) 
$Departure Location: Hyperspace
$Departure Cue: ( false ) 
$Determination: 10
+Flags: ( "no-dynamic" )
+Flags2: ( )
+Respawn priority: 0
+Orders Accepted: 0		;! note that this is a bitfield!!!
+Group: 0
+Use Table Score:
+Score: 16

$Name: Scorpio 3		;! Object #29
$Display Name: XSTR("Scorpio 3", 4749)
$Class: SB Seraphim
$Team: Hostile
$Location: -6152.828613, -0.000016, 2063.293945
$Orientation:
	0.422432, 0.000000, -0.906394,
	0.145256, 0.987075, 0.067698,
	0.894680, -0.160256, 0.416973
$AI Behavior: None
$Cargo 1:  XSTR("Nothing", 13)
+Initial Velocity: 33
+Initial Hull: 100
+Subsystem: Pilot
+Secondary Banks: ( "" "" "" "" )
+Subsystem: turret01
+Subsystem: turret02
$Arrival Location: Hyperspace
$Arrival Cue: ( false ) 
$Departure Location: Hyperspace
$Departure Cue: ( false ) 
$Determination: 10
+Flags: ( "no-dynamic" )
+Flags2: ( )
+Respawn priority: 0
+Orders Accepted: 0		;! note that this is a bitfield!!!
+Group: 0
+Use Table Score:
+Score: 16

$Name: Aquarius 1		;! Object #30
$Display Name: XSTR("Aquarius 1", 4765)
$Class: SF Astaroth
$Team: Hostile
$Location: -5981.291016, 0.000000, 1765.158081
$Orientation:
	0.466628, 0.000000, -0.884453,
	0.142158, 0.986998, 0.075001,
	0.872954, -0.160730, 0.460561
$AI Behavior: None
$Cargo 1:  XSTR("Nothing", 13)
+Initial Velocity: 33
+Subsystem: Pilot
$Arrival Location: Hyperspace
$Arrival Cue: ( false ) 
$Departure Location: Hyperspace
$Departure Cue: ( false ) 
$Determination: 10
+Flags: ( )
+Flags2: ( )
+Respawn priority: 0
+Orders Accepted: 0		;! note that this is a bitfield!!!
+Group: 0
+Use Table Score:
+Score: 13

$Name: Aquarius 2		;! Object #31
$Display Name: XSTR("Aquarius 2", 4766)
$Class: SF Astaroth
$Team: Hostile
$Location: -6009.439941, 0.000002, 1693.066650
$Orientation:
	0.473007, 0.000000, -0.881058,
	0.140456, 0.987211, 0.075406,
	0.869791, -0.159417, 0.466958
$AI Behavior: None
$Cargo 1:  XSTR("Nothing", 13)
+Initial Velocity: 33
+Subsystem: Pilot
$Arrival Location: Hyperspace
$Arrival Cue: ( false ) 
$Departure Location: Hyperspace
$Departure Cue: ( false ) 
$Determination: 10
+Flags: ( )
+Flags2: ( )
+Respawn priority: 0
+Orders Accepted: 0		;! note that this is a bitfield!!!
+Group: 0
+Use Table Score:
+Score: 13

$Name: Aquarius 3		;! Object #32
$Display Name: XSTR("Aquarius 3", 4767)
$Class: SF Astaroth
$Team: Hostile
$Location: -6057.145020, -0.000028, 1772.015137
$Orientation:
	0.461390, 0.000000, -0.887197,
	0.141331, 0.987230, 0.073500,
	0.875868, -0.159300, 0.455498
$AI Behavior: None
$Cargo 1:  XSTR("Nothing", 13)
+Initial Velocity: 33
+Subsystem: Pilot
$Arrival Location: Hyperspace
$Arrival Cue: ( false ) 
$Departure Location: Hyperspace
$Departure Cue: ( false ) 
$Determination: 10
+Flags: ( )
+Flags2: ( )
+Respawn priority: 0
+Orders Accepted: 0		;! note that this is a bitfield!!!
+Group: 0
+Use Table Score:
+Score: 13

$Name: Aquarius 4		;! Object #33
$Display Name: XSTR("Aquarius 4", 4768)
$Class: SF Astaroth
$Team: Hostile
$Location: -6101.000000, 0.000000, 1702.300049
$Orientation:
	0.466595, 0.000000, -0.884471,
	0.139515, 0.987481, 0.073600,
	0.873398, -0.157739, 0.460754
$AI Behavior: None
$Cargo 1:  XSTR("Nothing", 13)
+Initial Velocity: 33
+Subsystem: Pilot
$Arrival Location: Hyperspace
$Arrival Cue: ( false ) 
$Departure Location: Hyperspace
$Departure Cue: ( false ) 
$Determination: 10
+Flags: ( )
+Flags2: ( )
+Respawn priority: 0
+Orders Accepted: 0		;! note that this is a bitfield!!!
+Group: 0
+Use Table Score:
+Score: 13

$Name: Aquarius 5		;! Object #34
$Display Name: XSTR("Aquarius 5", 5329)
$Class: SF Astaroth
$Team: Hostile
$Location: -6136.437500, 0.000003, 1601.789673
$Orientation:
	0.475509, 0.000000, -0.879711,
	0.137279, 0.987749, 0.074203,
	0.868934, -0.156050, 0.469684
$AI Behavior: None
$Cargo 1:  XSTR("Nothing", 13)
+Initial Velocity: 33
+Subsystem: Pilot
$Arrival Location: Hyperspace
$Arrival Cue: ( false ) 
$Departure Location: Hyperspace
$Departure Cue: ( false ) 
$Determination: 10
+Flags: ( )
+Flags2: ( )
+Respawn priority: 0
+Orders Accepted: 0		;! note that this is a bitfield!!!
+Group: 0
+Use Table Score:
+Score: 13

$Name: Taurus 1		;! Object #35
$Display Name: XSTR("Taurus 1", 4743)
$Class: SB Taurvi
$Team: Hostile
$Location: -5921.698242, -0.000011, 2225.335938
$Orientation:
	0.420650, 0.000000, -0.907223,
	0.148983, 0.986424, 0.069078,
	0.894906, -0.164218, 0.414940
$AI Behavior: None
$Cargo 1:  XSTR("Nothing", 13)
+Initial Velocity: 33
+Initial Hull: 100
+Subsystem: Pilot
+Secondary Banks: ( "" "" )
$Arrival Location: Hyperspace
$Arrival Cue: ( false ) 
$Departure Location: Hyperspace
$Departure Cue: ( false ) 
$Determination: 10
+Flags: ( "no-dynamic" )
+Flags2: ( )
+Respawn priority: 0
+Orders Accepted: 0		;! note that this is a bitfield!!!
+Group: 0
+Use Table Score:
+Score: 10

$Name: Taurus 2		;! Object #36
$Display Name: XSTR("Taurus 2", 4744)
$Class: SB Taurvi
$Team: Hostile
$Location: -5946.269043, -0.000010, 2120.920654
$Orientation:
	0.427007, 0.000000, -0.904248,
	0.147332, 0.986637, 0.069574,
	0.892165, -0.162934, 0.421301
$AI Behavior: None
$Cargo 1:  XSTR("Nothing", 13)
+Initial Velocity: 33
+Initial Hull: 100
+Subsystem: Pilot
+Secondary Banks: ( "" "" )
$Arrival Location: Hyperspace
$Arrival Cue: ( false ) 
$Departure Location: Hyperspace
$Departure Cue: ( false ) 
$Determination: 10
+Flags: ( "no-dynamic" )
+Flags2: ( )
+Respawn priority: 0
+Orders Accepted: 0		;! note that this is a bitfield!!!
+Group: 0
+Use Table Score:
+Score: 10

$Name: Taurus 3		;! Object #37
$Display Name: XSTR("Taurus 3", 4745)
$Class: SB Taurvi
$Team: Hostile
$Location: -6022.112305, 0.000006, 2274.586426
$Orientation:
	0.413203, 0.000000, -0.910639,
	0.148057, 0.986694, 0.067181,
	0.898523, -0.162586, 0.407705
$AI Behavior: None
$Cargo 1:  XSTR("Nothing", 13)
+Initial Velocity: 33
+Initial Hull: 100
+Subsystem: Pilot
+Secondary Banks: ( "" "" )
$Arrival Location: Hyperspace
$Arrival Cue: ( false ) 
$Departure Location: Hyperspace
$Departure Cue: ( false ) 
$Determination: 10
+Flags: ( "no-dynamic" )
+Flags2: ( )
+Respawn priority: 0
+Orders Accepted: 0		;! note that this is a bitfield!!!
+Group: 0
+Use Table Score:
+Score: 10

$Name: Taurus 4		;! Object #38
$Display Name: XSTR("Taurus 4", 4837)
$Class: SB Taurvi
$Team: Hostile
$Location: -6055.307129, 0.000031, 2176.602539
$Orientation:
	0.419432, 0.000000, -0.907787,
	0.146677, 0.986860, 0.067770,
	0.895858, -0.161576, 0.413921
$AI Behavior: None
$Cargo 1:  XSTR("Nothing", 13)
+Initial Velocity: 33
+Initial Hull: 100
+Subsystem: Pilot
+Secondary Banks: ( "" "" )
$Arrival Location: Hyperspace
$Arrival Cue: ( false ) 
$Departure Location: Hyperspace
$Departure Cue: ( false ) 
$Determination: 10
+Flags: ( "no-dynamic" )
+Flags2: ( )
+Respawn priority: 0
+Orders Accepted: 0		;! note that this is a bitfield!!!
+Group: 0
+Use Table Score:
+Score: 10

$Name: Leo 1		;! Object #39
$Display Name: XSTR("Leo 1", 4845)
$Class: SB Taurvi
$Team: Hostile
$Location: -5921.698242, -0.000011, 2225.335938
$Orientation:
	0.420650, 0.000000, -0.907223,
	0.148983, 0.986424, 0.069078,
	0.894906, -0.164218, 0.414940
$AI Behavior: None
$Cargo 1:  XSTR("Nothing", 13)
+Initial Velocity: 33
+Initial Hull: 100
+Subsystem: Pilot
+Secondary Banks: ( "" "" )
$Arrival Location: Hyperspace
$Arrival Cue: ( false ) 
$Departure Location: Hyperspace
$Departure Cue: ( false ) 
$Determination: 10
+Flags: ( "no-dynamic" )
+Flags2: ( )
+Respawn priority: 0
+Orders Accepted: 0		;! note that this is a bitfield!!!
+Group: 0
+Use Table Score:
+Score: 10

$Name: Leo 2		;! Object #40
$Display Name: XSTR("Leo 2", 4846)
$Class: SB Taurvi
$Team: Hostile
$Location: -5946.269043, -0.000010, 2120.920654
$Orientation:
	0.427007, 0.000000, -0.904248,
	0.147332, 0.986637, 0.069574,
	0.892165, -0.162934, 0.421301
$AI Behavior: None
$Cargo 1:  XSTR("Nothing", 13)
+Initial Velocity: 33
+Initial Hull: 100
+Subsystem: Pilot
+Secondary Banks: ( "" "" )
$Arrival Location: Hyperspace
$Arrival Cue: ( false ) 
$Departure Location: Hyperspace
$Departure Cue: ( false ) 
$Determination: 10
+Flags: ( "no-dynamic" )
+Flags2: ( )
+Respawn priority: 0
+Orders Accepted: 0		;! note that this is a bitfield!!!
+Group: 0
+Use Table Score:
+Score: 10

$Name: Leo 3		;! Object #41
$Display Name: XSTR("Leo 3", 5138)
$Class: SB Taurvi
