#Mission Info

$Version: 0.10
$Name:  XSTR("Voice in the Wilderness", 6162)
$Author: Colin Czerneda
$Created: 11/12/99 at 09:01:05
$Modified: 08/06/20 at 07:13:12
$Notes:
This is a FRED created mission
$End Notes:

$Mission Desc:
 XSTR("Alpha wing of the 92nd Lonestars is to scout the area directly ahead of the GTD Warlock.  The AWACS ship Hawkeye will assist in the operation.
", 6163)
$end_multi_text
+Game Type Flags: 1
+Flags: 4
+NebAwacs: 3500.000000

+Storm: s_standard

+Fog Near Mult: 1.000000

+Fog Far Mult: 1.000000

$Contrail Speed Threshold: 1

+Disallow Support: 0
+Hull Repair Ceiling: 0.000000
+Subsystem Repair Ceiling: 100.000000

+Player Entry Delay:
1.000000

+Viewer pos: -304.564545, 17184.812500, 17174.125000
+Viewer orient:
	-0.999988, 0.000002, 0.004920,
	-0.003837, 0.625658, -0.780088,
	-0.003080, -0.780098, -0.625650
+SquadReassignName: 92nd
+SquadReassignLogo: stars92c.pcx


$AI Profile: FS2 RETAIL

#Sexp_variables

$Variables:
(
		0		"NodoAlfa"		"0"		"number"
		1		"i18nVariable1"		"Unknown Debris"		"string"
		2		"i18nVariable2"		"#Command"		"string"
		3		"i18nVariable3"		"#Unknown Source"		"string"
)

#Command Briefing

$Stage Text:
 XSTR("Beyond the Portal

We have entered the Mintaka system beyond the Regulus Knossos portal.  What we have encountered is very much like what the 3rd fleet found beyond the original Knossos portal.

The Mintaka system is made up of no less than five stars. Terran scientists were puzzled when one of these stars went supernova 700 years ago, long before than it was expected to perish. Only its core remains intact. The rest of the star became a massive nebula.", 6164)
$end_multi_text
$Ani Filename: cb_sm2-01_b.ani
+Wave Filename: e2m2_cb1.ogg

$Stage Text:
 XSTR("Resemblance to Capella

If we were to return to Capella the view outside would be very much the same.  Perhaps this nebula is the result of the destruction of yet another sun by the Shivan Sathanas fleet hundreds of years ago.

We are to keep on our guard.  Should a Sathanas juggernaut be sighted we have orders to destroy the portal and return to GTVA space.", 6165)
$end_multi_text
$Ani Filename: cb_sm3-08_b.ani
+Wave Filename: e2m2_cb2.ogg

$Stage Text:
 XSTR("The Fleet

Command has authorized the deployment of the 7th Fleet and the 12th Vasudan Battlegroup into the Mintaka nebula system.  Our objective is to remove Shivan influence and penetrate as deep into Shivan lines as possible.", 6166)
$end_multi_text
$Ani Filename: cb_sm3-08_b.ani
+Wave Filename: e2m2_cb3.ogg

$Stage Text:
 XSTR("Shivan Influence

Special Operations Command will be involved in an operation to determine what happened in the Sirius and Regulus systems.

Shivan forces have been retreating from most engagements, although we still face stiff resistance.

Intelligence agents are going to be conducting high priority missions to learn as much as we can about the Shivans and this is the best opportunity we've yet had.  Do not disrupt any intelligence gathering operation.", 6167)
$end_multi_text
$Ani Filename: cb_sm3-08_b.ani
+Wave Filename: e2m2_cb4.ogg

#Briefing
$start_briefing
$num_stages: 4
$start_stage
$multi_text
 XSTR("Lt. Stavros here.  Thanks to the excellent work of the Lonestars, we have now moved the Warlock into the region beyond the portal.  Similar to the system beyond the Gamma Draconis portal, this region is a nebula that is several lightyears in size.", 6168)
$end_multi_text
$voice: E2M2_b1.ogg
$camera_pos: -19088.416016, 30386.623047, 600.662598
$camera_orient:
	0.019991, 0.000002, -0.999800,
	0.886817, 0.461780, 0.017733,
	0.461688, -0.886994, 0.009230
$camera_time: 1000
$num_lines: 0
$num_icons: 1
$Flags: 0
$Formula: ( true ) 
$start_icon
$type: 33
$team: Friendly
$class: GTF Ulysses
$pos: -4874.330078, -483.425934, -4983.760254
$label:  XSTR("Regulus", 5950)
+id: 1
$hlight: 1
$mirror: 0
$multi_text
$end_multi_text
$end_icon
$end_stage
$start_stage
$multi_text
 XSTR("Because our sensors are limited, we have deployed several wings from the Warlock and Tatenen to scout ahead and give us accurate information on the capabilities and numbers of the Shivans.  EM interference is not high and we expect that all internal systems will be operating at normal levels.", 6169)
$end_multi_text
$voice: E2M2_b2.ogg
$camera_pos: -13328.197266, 31397.138672, 8407.032227
$camera_orient:
	-0.963840, 0.000002, -0.266483,
	0.242273, 0.416471, -0.876274,
	0.110981, -0.909149, -0.401412
$camera_time: 1800
$num_lines: 0
$num_icons: 2
$Flags: 0
$Formula: ( true ) 
$start_icon
$type: 33
$team: Friendly
$class: GTF Ulysses
$pos: -4874.330078, -483.425934, -4983.760254
$label:  XSTR("Regulus", 5950)
+id: 1
$hlight: 0
$mirror: 0
$multi_text
$end_multi_text
$end_icon
$start_icon
$type: 6
$team: Friendly
$class: GTD Hecate
$pos: 295.651215, -360.446106, 520.451477
$label:  XSTR("Warlock", 5537)
+id: 2
$hlight: 1
$mirror: 0
$multi_text
$end_multi_text
$end_icon
$end_stage
$start_stage
$multi_text
 XSTR("By order of Admiral Cole, several AWACS radar ships have been dispatched and are now available for use in the nebula.  The GTA Hawkeye will take part in your patrol.  You are to protect the AWACS ship at all costs.", 6170)
$end_multi_text
$voice: E2M2_b3.ogg
$camera_pos: -10860.399414, 33268.820313, 3126.433105
$camera_orient:
	-0.000600, 0.000002, -1.000000,
	0.953766, 0.300551, -0.000572,
	0.300551, -0.953766, -0.000182
$camera_time: 2700
$num_lines: 0
$num_icons: 2
$Flags: 0
$Formula: ( true ) 
$start_icon
$type: 6
$team: Friendly
$class: GTD Hecate
$pos: 295.651215, -360.446106, 520.451477
$label:  XSTR("Warlock", 5537)
+id: 2
$hlight: 0
$mirror: 0
$multi_text
$end_multi_text
$end_icon
$start_icon
$type: 30
$team: Friendly
$class: GTA Charybdis
$pos: 4551.878906, 112.036697, 7582.388184
$label:  XSTR("Hawkeye", 6171)
+id: 6
$hlight: 1
$mirror: 0
$multi_text
$end_multi_text
$end_icon
$end_stage
$start_stage
$multi_text
 XSTR("Nebular conditions are the most hazardous to navigate and fight in.  Even with our previous experience in nebulas, operational capabilities are significantly reduced.  Watch your backs, pilots.", 6172)
$end_multi_text
$voice: E2M2_b4.ogg
$camera_pos: -304.564545, 17184.812500, 17174.125000
$camera_orient:
	-0.999988, 0.000002, 0.004920,
	-0.003837, 0.625657, -0.780088,
	-0.003080, -0.780098, -0.625650
$camera_time: 3500
$num_lines: 0
$num_icons: 2
$Flags: 0
$Formula: ( true ) 
$start_icon
$type: 6
$team: Friendly
$class: GTD Hecate
$pos: 295.651215, -360.446106, 520.451477
$label:  XSTR("Warlock", 5537)
+id: 2
$hlight: 0
$mirror: 0
$multi_text
$end_multi_text
$end_icon
$start_icon
$type: 30
$team: Friendly
$class: GTA Charybdis
$pos: 4551.878906, 112.036697, 7582.388184
$label:  XSTR("Hawkeye", 6171)
+id: 6
$hlight: 0
$mirror: 1
$multi_text
$end_multi_text
$end_icon
$end_stage
$end_briefing

#Debriefing_info

$Num stages: 5

$Formula: ( is-goal-true-delay "Patrol" 0 ) 
$Multi text
    XSTR("You did a good job on your patrol.  Nebular conditions make combat and navigation nearly impossible, but you showed your skills as a top notch fighter pilot, performing well in this hazardous environment.", 6173)
$end_multi_text
$Voice: E2M2_db1.ogg
$Recommendation text:
    XSTR("", 10)
$end_multi_text

$Formula: ( is-goal-true-delay "Hawkeye" 0 ) 
$Multi text
    XSTR("Good work defending the Hawkeye.  Because of your efforts, the ship will now be available for intelligence operations within the nebula.", 6174)
$end_multi_text
$Voice: E2M2_db2.ogg
$Recommendation text:
    XSTR("", 10)
$end_multi_text

$Formula: ( is-goal-true-delay 
   "Sathana Debris" 
   0 
)
$Multi text
    XSTR("Although the existence of Sathanas debris, compounded by the discovery of further debris, is cause for concern, Allied Command has elected not to pull out of the nebula.

The reasoning behind this decision is unknown, although it appears that somebody at very high levels wants this exploration to continue despite the risks.

Further information on the debris has been classified way beyond my level of clearance.", 6175)
$end_multi_text
$Voice: E2M2_db3.ogg
$Recommendation text:
    XSTR("", 10)
$end_multi_text

$Formula: ( and 
   ( has-departed-delay 0 "Alpha 1" ) 
   ( not 
      ( or 
         ( is-event-true-delay 
            "accomplished" 
            0 
         )
         ( is-event-true-delay "failed" 0 ) 
      )
   )
)
$Multi text
    XSTR("You have been declared AWOL, pilot!  Jumping out before you are ordered to do so is grounds for immediate imprisonment.

You've failed your objective to patrol the area ahead of the Warlock.  Another scouting party will now be required to accomplish the same tasks.  We're wasting manpower and possibly even lives cleaning up after you, pilot.", 6176)
$end_multi_text
$Voice: E2M2_db4.ogg
$Recommendation text:
    XSTR("Do not depart until you are ordered to do so.", 5644)
$end_multi_text

$Formula: ( is-goal-false-delay "Hawkeye" 0 ) 
$Multi text
    XSTR("Failure to protect the AWACS has cost us dearly.  I don't suspect that Command will find it worthwhile for you to be flying with us again.  I hear that SOC aren't happy that the Hawkeye was lost, either.  They had planned to use the vessel in some classified operations within the nebula.", 6177)
$end_multi_text
$Voice: E2M2_db5.ogg
$Recommendation text:
    XSTR("Defend the Hawkeye at all costs.  It's value is too high for it to be destroyed.", 6178)
$end_multi_text


#Players		;! 1 total

$Starting Shipname: Alpha 1
$Ship Choices: (
	"GTF Hercules Mark II"	4
	"GTF Loki"	4
	"GTF Perseus"	4
	"GTF Myrmidon"	4
)

+Weaponry Pool: (
	"Subach HL-7"	24
	"Akheton SDG"	16
	"Morning Star"	16
	"Prometheus S"	24
	"Maxim"	16
	"Circe"	100
	"Lamprey"	100
	"Rockeye"	500
	"Tempest"	500
	"Hornet"	500
	"Tornado"	756
	"Harpoon"	628
	"Trebuchet"	100
)

#Objects		;! 45 total

$Name: Alpha 1		;! Object #0
$Display Name: XSTR("Alpha 1", 5528)
$Class: GTF Perseus
$Team: Friendly
$Location: 346.248718, -322.617737, 1243.191895
$Orientation:
	-0.979690, 0.019823, -0.199536,
	0.170009, 0.609756, -0.774141,
	0.106322, -0.792341, -0.600742
$AI Behavior: None
$Cargo 1:  XSTR("Nothing", 13)
+Initial Velocity: 100
+Initial Hull: 100
+Subsystem: Pilot
+Primary Banks: ( "Subach HL-7" "Prometheus S" )
+Secondary Banks: ( "Harpoon" "Tornado" )
$Arrival Location: Hyperspace
$Arrival Cue: ( false ) 
$Departure Location: Hyperspace
$Departure Cue: ( false ) 
$Determination: 10
+Flags: ( "cargo-known" "player-start" )
+Flags2: ( )
+Respawn priority: 0
+Group: 0
+Score: 8

$Name: Alpha 2		;! Object #1
$Display Name: XSTR("Alpha 2", 5648)
$Class: GTF Perseus
$Team: Friendly
$Location: 101.699997, -473.000000, 1263.699951
$Orientation:
	0.995336, 0.000000, -0.096467,
	-0.042093, 0.899776, -0.434317,
	0.086798, 0.436352, 0.895580
$AI Behavior: None
+AI Class: Colonel
$Cargo 1:  XSTR("Nothing", 13)
+Initial Hull: 100
+Subsystem: Pilot
+Primary Banks: ( "Subach HL-7" "Prometheus S" )
+Secondary Banks: ( "Harpoon" "Tornado" )
$Arrival Location: Hyperspace
$Arrival Cue: ( false ) 
$Departure Location: Hyperspace
$Departure Cue: ( false ) 
$Determination: 10
+Flags: ( "cargo-known" )
+Flags2: ( )
+Respawn priority: 0
+Group: 0
+Use Table Score:
+Score: 14

$Name: Alpha 3		;! Object #2
$Display Name: XSTR("Alpha 3", 5649)
$Class: GTF Perseus
$Team: Friendly
$Location: 534.005493, -508.481293, 1184.723877
$Orientation:
	0.970852, 0.000000, 0.239680,
	0.102084, 0.904761, -0.413504,
	-0.216853, 0.425919, 0.878389
$AI Behavior: None
+AI Class: Colonel
$Cargo 1:  XSTR("Nothing", 13)
+Initial Hull: 100
+Subsystem: Pilot
+Primary Banks: ( "Subach HL-7" "Prometheus S" )
+Secondary Banks: ( "Harpoon" "Tornado" )
$Arrival Location: Hyperspace
$Arrival Cue: ( false ) 
$Departure Location: Hyperspace
$Departure Cue: ( false ) 
$Determination: 10
+Flags: ( "cargo-known" )
+Flags2: ( )
+Respawn priority: 0
+Group: 0
+Use Table Score:
+Score: 14

$Name: Alpha 4		;! Object #3
$Display Name: XSTR("Alpha 4", 5650)
$Class: GTF Perseus
$Team: Friendly
$Location: 445.995789, -578.351196, 1540.019043
$Orientation:
	0.970924, 0.000000, 0.239387,
	0.140527, 0.809566, -0.569961,
	-0.193799, 0.587029, 0.786027
$AI Behavior: None
+AI Class: Colonel
$Cargo 1:  XSTR("Nothing", 13)
+Initial Hull: 100
+Subsystem: Pilot
+Primary Banks: ( "Subach HL-7" "Prometheus S" )
+Secondary Banks: ( "Harpoon" "Tornado" )
$Arrival Location: Hyperspace
$Arrival Cue: ( false ) 
$Departure Location: Hyperspace
$Departure Cue: ( false ) 
$Determination: 10
+Flags: ( "cargo-known" )
+Flags2: ( )
+Respawn priority: 0
+Group: 0
+Use Table Score:
+Score: 14

$Name: Warlock		;! Object #4
$Display Name: XSTR("Warlock", 5537)
$Class: GTD Hecate
$Team: Friendly
$Location: 309.211609, -360.446075, 589.223755
$Orientation:
	1.000000, 0.000000, 0.000000,
	0.000000, 1.000000, 0.000000,
	0.000000, 0.000000, 1.000000
$AI Behavior: None
$Cargo 1:  XSTR("Nothing", 13)
+Initial Velocity: 33
+Initial Hull: 100
+Initial Shields: 100
+Subsystem: Pilot
+Subsystem: Turret01
+Subsystem: Turret02
+Subsystem: Turret03
+Subsystem: Turret04
+Subsystem: Turret05
+Subsystem: Turret06
+Subsystem: Turret07
+Subsystem: Turret08
+Subsystem: Turret09
+Subsystem: Turret10
+Subsystem: Turret11
+Subsystem: Turret12
+Subsystem: Turret13
+Subsystem: Turret14
+Subsystem: Turret15
+Subsystem: Turret16
+Subsystem: Turret17
+Subsystem: Turret18
+Subsystem: Turret19
+Subsystem: Turret20
+Subsystem: Turret21
+Subsystem: Turret22
+Subsystem: Turret23
+Subsystem: Turret24
+Subsystem: Turret25
+Subsystem: Turret26
+Subsystem: Turret27
$Arrival Location: Hyperspace
$Arrival Cue: ( true ) 
$Departure Location: Hyperspace
$Departure Cue: ( false ) 
$Determination: 10
+Flags: ( "cargo-known" "no-shields" )
+Flags2: ( )
+Respawn priority: 0
+Orders Accepted: 0		;! note that this is a bitfield!!!
+Group: 0
+Use Table Score:
+Score: 1300
$Texture Replace:
+old: nameplate
+new: GTDWarlock

$Name: Hawkeye		;! Object #5
$Display Name: XSTR("Hawkeye", 6171)
$Class: GTA Charybdis
$Team: Friendly
$Location: 218.074127, 112.036461, 2464.441895
$Orientation:
	1.000000, 0.000000, 0.000000,
	0.000000, 1.000000, 0.000000,
	0.000000, 0.000000, 1.000000
$AI Behavior: None
$Cargo 1:  XSTR("Nothing", 13)
+Initial Velocity: 33
+Initial Hull: 100
+Initial Shields: 100
+Subsystem: Pilot
+Subsystem: Turret01
+Subsystem: Turret02
+Subsystem: Turret03
+Subsystem: Turret04
+Subsystem: Turret05
+Subsystem: Turret06
$Arrival Location: Hyperspace
$Arrival Cue: ( true ) 
$Departure Location: Hyperspace
$Departure Cue: ( is-event-true-delay 
   "sending another team" 
   6 
)
$Determination: 10
+Flags: ( "cargo-known" "no-shields" "escort" )
+Flags2: ( )
+Respawn priority: 0
+Escort priority: 0
+Orders Accepted: 0		;! note that this is a bitfield!!!
+Group: 0
+Use Table Score:
+Score: 150

$Name: Aries 1		;! Object #6
$Display Name: XSTR("Aries 1", 5651)
$Class: SF Mara
$Team: Hostile
$Location: -520.254211, -0.002214, 11457.856445
$Orientation:
	-0.993204, 0.000000, -0.116385,
	0.000000, 1.000000, 0.000000,
	0.116385, 0.000000, -0.993204
$AI Behavior: None
$Cargo 1:  XSTR("Nothing", 13)
+Initial Velocity: 33
+Initial Hull: 100
+Subsystem: Pilot
$Arrival Location: Hyperspace
$Arrival Cue: ( false ) 
$Departure Location: Hyperspace
$Departure Cue: ( false ) 
$Determination: 10
+Flags: ( "no-arrival-warp" "hidden-from-sensors" )
+Flags2: ( )
+Respawn priority: 0
+Orders Accepted: 0		;! note that this is a bitfield!!!
+Group: 0
+Use Table Score:
+Score: 12

$Name: Aries 2		;! Object #7
$Display Name: XSTR("Aries 2", 5652)
$Class: SF Mara
$Team: Hostile
$Location: -594.732361, -0.002293, 11417.997070
$Orientation:
	-0.991727, 0.000000, -0.128366,
	0.000000, 1.000000, 0.000000,
	0.128366, 0.000000, -0.991727
$AI Behavior: None
$Cargo 1:  XSTR("Nothing", 13)
+Initial Velocity: 33
+Initial Hull: 100
+Subsystem: Pilot
$Arrival Location: Hyperspace
$Arrival Cue: ( false ) 
$Departure Location: Hyperspace
$Departure Cue: ( false ) 
$Determination: 10
+Flags: ( "no-arrival-warp" "hidden-from-sensors" )
+Flags2: ( )
+Respawn priority: 0
+Orders Accepted: 0		;! note that this is a bitfield!!!
+Group: 0
+Use Table Score:
+Score: 12

$Name: Aries 3		;! Object #8
$Display Name: XSTR("Aries 3", 5653)
$Class: SF Mara
$Team: Hostile
$Location: -643.760620, -0.002311, 11577.848633
$Orientation:
	-0.991178, 0.000000, -0.132538,
	0.000000, 1.000000, 0.000000,
	0.132538, 0.000000, -0.991178
$AI Behavior: None
$Cargo 1:  XSTR("Nothing", 13)
+Initial Velocity: 33
+Initial Hull: 100
+Subsystem: Pilot
$Arrival Location: Hyperspace
$Arrival Cue: ( false ) 
$Departure Location: Hyperspace
$Departure Cue: ( false ) 
$Determination: 10
+Flags: ( "no-arrival-warp" "hidden-from-sensors" )
+Flags2: ( )
+Respawn priority: 0
+Orders Accepted: 0		;! note that this is a bitfield!!!
+Group: 0
+Use Table Score:
+Score: 12

$Name: Aries 4		;! Object #9
$Display Name: XSTR("Aries 4", 5654)
$Class: SF Mara
$Team: Hostile
$Location: -693.952332, -0.002316, 11503.340820
$Orientation:
	-0.989942, 0.000000, -0.141473,
	0.000000, 1.000000, 0.000000,
	0.141473, 0.000000, -0.989942
$AI Behavior: None
$Cargo 1:  XSTR("Nothing", 13)
+Initial Velocity: 33
+Initial Hull: 100
+Subsystem: Pilot
$Arrival Location: Hyperspace
$Arrival Cue: ( false ) 
$Departure Location: Hyperspace
$Departure Cue: ( false ) 
$Determination: 10
+Flags: ( "no-arrival-warp" "hidden-from-sensors" )
+Flags2: ( )
+Respawn priority: 0
+Orders Accepted: 0		;! note that this is a bitfield!!!
+Group: 0
+Use Table Score:
+Score: 12

$Name: Leo 1		;! Object #10
$Display Name: XSTR("Leo 1", 5829)
$Class: SF Astaroth
$Team: Hostile
$Location: -397.160645, -0.002311, 11464.049805
$Orientation:
	-0.995218, 0.000000, -0.097677,
	0.000000, 1.000000, 0.000000,
	0.097677, 0.000000, -0.995218
$AI Behavior: None
$Cargo 1:  XSTR("Nothing", 13)
+Initial Velocity: 33
+Subsystem: Pilot
$Arrival Location: Hyperspace
$Arrival Cue: ( false ) 
$Departure Location: Hyperspace
$Departure Cue: ( false ) 
$Determination: 10
+Flags: ( "no-arrival-warp" "hidden-from-sensors" )
+Flags2: ( )
+Respawn priority: 0
+Orders Accepted: 0		;! note that this is a bitfield!!!
+Group: 0
+Use Table Score:
+Score: 13

$Name: Leo 2		;! Object #11
$Display Name: XSTR("Leo 2", 5830)
$Class: SF Astaroth
$Team: Hostile
$Location: -454.775940, -0.002315, 11535.529297
$Orientation:
	-0.994446, 0.000000, -0.105253,
	0.000000, 1.000000, 0.000000,
	0.105253, 0.000000, -0.994446
$AI Behavior: None
$Cargo 1:  XSTR("Nothing", 13)
+Initial Velocity: 33
+Subsystem: Pilot
$Arrival Location: Hyperspace
$Arrival Cue: ( false ) 
$Departure Location: Hyperspace
$Departure Cue: ( false ) 
$Determination: 10
+Flags: ( "no-arrival-warp" "hidden-from-sensors" )
+Flags2: ( )
+Respawn priority: 0
+Orders Accepted: 0		;! note that this is a bitfield!!!
+Group: 0
+Use Table Score:
+Score: 13

$Name: Leo 3		;! Object #12
$Display Name: XSTR("Leo 3", 6115)
$Class: SF Astaroth
$Team: Hostile
$Location: -339.614563, -0.002315, 11534.669922
$Orientation:
	-0.996121, 0.000000, -0.087997,
	0.000000, 1.000000, 0.000000,
	0.087997, 0.000000, -0.996121
$AI Behavior: None
$Cargo 1:  XSTR("Nothing", 13)
+Initial Velocity: 33
+Subsystem: Pilot
$Arrival Location: Hyperspace
$Arrival Cue: ( false ) 
$Departure Location: Hyperspace
$Departure Cue: ( false ) 
$Determination: 10
+Flags: ( "no-arrival-warp" "hidden-from-sensors" )
+Flags2: ( )
+Respawn priority: 0
+Orders Accepted: 0		;! note that this is a bitfield!!!
+Group: 0
+Use Table Score:
+Score: 13

$Name: Leo 4		;! Object #13
$Display Name: XSTR("Leo 4", 6179)
$Class: SF Astaroth
$Team: Hostile
$Location: -380.132690, -0.002318, 11607.219727
$Orientation:
	-0.995660, 0.000000, -0.093065,
	0.000000, 1.000000, 0.000000,
	0.093065, 0.000000, -0.995660
$AI Behavior: None
$Cargo 1:  XSTR("Nothing", 13)
+Initial Velocity: 33
+Subsystem: Pilot
$Arrival Location: Hyperspace
$Arrival Cue: ( false ) 
$Departure Location: Hyperspace
$Departure Cue: ( false ) 
$Determination: 10
+Flags: ( "no-arrival-warp" "hidden-from-sensors" )
+Flags2: ( )
+Respawn priority: 0
+Orders Accepted: 0		;! note that this is a bitfield!!!
+Group: 0
+Use Table Score:
+Score: 13

$Name: Unknown 2		;! Object #14
$Display Name: XSTR("Unknown 2", 6180)
$Class: SpaceHunk

$Team: Unknown
$Location: 678.413940, 482.847870, 17615.890625
$Orientation:
	0.476968, 0.068167, -0.876273,
	-0.826031, 0.375396, -0.420417,
	0.300291, 0.924354, 0.235360
$AI Behavior: None
$Cargo 1:  XSTR("Nothing", 13)
+Initial Velocity: 33
+Initial Hull: 100
+Initial Shields: 100
+Subsystem: Pilot
$Arrival Location: Hyperspace
$Arrival Cue: ( < 
   ( distance 
      "Hawkeye" 
      "Hawkeye Patrol Path:1" 
   )
   3000 
)
$Departure Location: Hyperspace
$Departure Cue: ( false ) 
$Determination: 10
+Flags: ( "ignore-count" "protect-ship" "no-shields" "no-arrival-music" "no-arrival-warp" "hidden-from-sensors" "scannable" "beam-protect-ship" )
+Flags2: ( "hide-ship-name" )
+Respawn priority: 0
+Group: 0
+Use Table Score:
+Score: 10

$Name: Unknown 1		;! Object #15
$Display Name: XSTR("Unknown 1", 6181)
$Class: SpaceHunk

$Team: Unknown
$Location: -540.360046, -0.000569, 18778.394531
$Orientation:
	0.853980, -0.440678, -0.276623,
	0.256135, -0.106715, 0.960733,
	-0.452893, -0.891300, 0.021741
$AI Behavior: None
$Cargo 1:  XSTR("Nothing", 13)
+Initial Velocity: 33
+Initial Hull: 100
+Initial Shields: 100
+Subsystem: Pilot
$Arrival Location: Hyperspace
$Arrival Cue: ( < 
   ( distance 
      "Hawkeye" 
      "Hawkeye Patrol Path:1" 
   )
   3000 
)
$Departure Location: Hyperspace
$Departure Cue: ( false ) 
$Determination: 10
+Flags: ( "ignore-count" "protect-ship" "no-shields" "no-arrival-music" "no-arrival-warp" "hidden-from-sensors" "scannable" "beam-protect-ship" )
+Flags2: ( "hide-ship-name" )
+Respawn priority: 0
+Group: 0
+Use Table Score:
+Score: 10

$Name: Pisces 1		;! Object #16
$Display Name: XSTR("Pisces 1", 5667)
$Class: SF Aeshma
$Team: Hostile
$Location: 1521.504395, -0.001773, 14366.571289
$Orientation:
	-0.988766, 0.000000, 0.149474,
	0.000000, 1.000000, 0.000000,
	-0.149474, 0.000000, -0.988766
$AI Behavior: None
$Cargo 1:  XSTR("Nothing", 13)
+Initial Velocity: 33
+Initial Hull: 100
+Subsystem: Pilot
$Arrival Location: Hyperspace
$Arrival Cue: ( false ) 
$Departure Location: Hyperspace
$Departure Cue: ( false ) 
$Determination: 10
+Flags: ( "no-arrival-warp" )
+Flags2: ( )
+Respawn priority: 0
+Orders Accepted: 0		;! note that this is a bitfield!!!
+Group: 0
+Use Table Score:
+Score: 12

$Name: Pisces 2		;! Object #17
$Display Name: XSTR("Pisces 2", 5668)
$Class: SF Aeshma
$Team: Hostile
$Location: 1662.852539, -0.001794, 14419.329102
$Orientation:
	-0.986665, 0.000000, 0.162762,
	0.000000, 1.000000, 0.000000,
	-0.162762, 0.000000, -0.986665
$AI Behavior: None
$Cargo 1:  XSTR("Nothing", 13)
+Initial Velocity: 33
+Initial Hull: 100
+Subsystem: Pilot
$Arrival Location: Hyperspace
$Arrival Cue: ( false ) 
$Departure Location: Hyperspace
$Departure Cue: ( false ) 
$Determination: 10
+Flags: ( "no-arrival-warp" )
+Flags2: ( )
+Respawn priority: 0
+Orders Accepted: 0		;! note that this is a bitfield!!!
+Group: 0
+Use Table Score:
+Score: 12

$Name: Pisces 3		;! Object #18
$Display Name: XSTR("Pisces 3", 5669)
$Class: SF Aeshma
$Team: Hostile
$Location: 1572.917969, -0.001750, 14549.878906
$Orientation:
	-0.988410, 0.000000, 0.151810,
	0.000000, 1.000000, 0.000000,
	-0.151810, 0.000000, -0.988410
$AI Behavior: None
$Cargo 1:  XSTR("Nothing", 13)
+Initial Velocity: 33
+Initial Hull: 100
+Subsystem: Pilot
$Arrival Location: Hyperspace
$Arrival Cue: ( false ) 
$Departure Location: Hyperspace
$Departure Cue: ( false ) 
$Determination: 10
+Flags: ( "no-arrival-warp" )
+Flags2: ( )
+Respawn priority: 0
+Orders Accepted: 0		;! note that this is a bitfield!!!
+Group: 0
+Use Table Score:
+Score: 12

$Name: Pisces 4		;! Object #19
$Display Name: XSTR("Pisces 4", 5670)
$Class: SF Aeshma
$Team: Hostile
$Location: 1712.464844, -0.001747, 14561.058594
$Orientation:
	-0.986239, 0.000000, 0.165327,
	0.000000, 1.000000, 0.000000,
	-0.165327, 0.000000, -0.986239
$AI Behavior: None
$Cargo 1:  XSTR("Nothing", 13)
+Initial Velocity: 33
+Initial Hull: 100
+Subsystem: Pilot
$Arrival Location: Hyperspace
$Arrival Cue: ( false ) 
$Departure Location: Hyperspace
$Departure Cue: ( false ) 
$Determination: 10
+Flags: ( "no-arrival-warp" )
+Flags2: ( )
+Respawn priority: 0
+Orders Accepted: 0		;! note that this is a bitfield!!!
+Group: 0
+Use Table Score:
+Score: 12

$Name: Pisces 5		;! Object #20
$Display Name: XSTR("Pisces 5", 6182)
$Class: SF Aeshma
$Team: Hostile
$Location: 1798.175781, -0.001746, 14500.047852
$Orientation:
	-0.984614, 0.000000, 0.174741,
	0.000000, 1.000000, 0.000000,
	-0.174741, 0.000000, -0.984614
$AI Behavior: None
$Cargo 1:  XSTR("Nothing", 13)
+Initial Velocity: 33
+Initial Hull: 100
+Subsystem: Pilot
$Arrival Location: Hyperspace
$Arrival Cue: ( false ) 
$Departure Location: Hyperspace
$Departure Cue: ( false ) 
$Determination: 10
+Flags: ( "no-arrival-warp" )
+Flags2: ( )
+Respawn priority: 0
+Orders Accepted: 0		;! note that this is a bitfield!!!
+Group: 0
+Use Table Score:
+Score: 12

$Name: Mar-herah		;! Object #21
$Display Name: XSTR("Mar-herah", 6183)
$Class: GVA Setekh
$Team: Friendly
$Location: 1184.626709, 0.001547, 7675.016113
$Orientation:
	-0.999767, 0.000000, -0.021591,
	0.000000, 1.000000, 0.000000,
	0.021591, 0.000000, -0.999767
$AI Behavior: None
$AI Goals: ( goals ( ai-waypoints-once "Vas AWAC Waypoint" 50 ) )
$Cargo 1:  XSTR("Nothing", 13)
+Initial Velocity: 100
+Initial Hull: 37
+Initial Shields: 100
+Subsystem: Pilot
+Subsystem: turret01
$Damage: 87
+Subsystem: turret02
$Damage: 75
+Subsystem: turret03
$Damage: 88
+Subsystem: navigation
$Damage: 35
+Subsystem: Communication
$Damage: 35
+Subsystem: weapons
$Damage: 88
+Subsystem: radara
$Damage: 79
$Arrival Location: Hyperspace
$Arrival Cue: ( true ) 
$Departure Location: Hyperspace
$Departure Cue: ( are-waypoints-done-delay 
   "Mar-herah" 
   "Vas AWAC Waypoint" 
   0 
)
$Determination: 10
+Flags: ( "cargo-known" "no-shields" )
+Flags2: ( )
+Respawn priority: 0
+Orders Accepted: 0		;! note that this is a bitfield!!!
+Group: 0
+Use Table Score:
+Score: 150

$Name: Sigma 1		;! Object #22
$Display Name: XSTR("Sigma 1", 5809)
$Class: GVF Serapis
$Team: Friendly
$Location: 1344.725342, -0.001397, 7546.768066
$Orientation:
	-0.999081, 0.000000, -0.042870,
	0.000000, 1.000000, 0.000001,
	0.042870, 0.000001, -0.999081
$AI Behavior: None
$Cargo 1:  XSTR("Nothing", 13)
+Initial Velocity: 100
+Initial Hull: 32
+Subsystem: Pilot
+Secondary Banks: ( "" "" )
$Arrival Location: Hyperspace
$Arrival Cue: ( false ) 
$Departure Location: Hyperspace
$Departure Cue: ( false ) 
$Determination: 10
+Flags: ( "cargo-known" )
+Flags2: ( )
+Respawn priority: 0
+Orders Accepted: 0		;! note that this is a bitfield!!!
+Group: 0
+Use Table Score:
+Score: 12

$Name: Sigma 2		;! Object #23
$Display Name: XSTR("Sigma 2", 5810)
$Class: GVF Serapis
$Team: Friendly
$Location: 1072.028320, -0.001406, 7529.910645
$Orientation:
	-0.994590, 0.000000, -0.103879,
	0.000000, 1.000000, 0.000001,
	0.103879, 0.000001, -0.994590
$AI Behavior: None
$Cargo 1:  XSTR("Nothing", 13)
+Initial Velocity: 100
+Initial Hull: 23
+Subsystem: Pilot
+Secondary Banks: ( "" "" )
$Arrival Location: Hyperspace
$Arrival Cue: ( false ) 
$Departure Location: Hyperspace
$Departure Cue: ( false ) 
$Determination: 10
+Flags: ( "cargo-known" )
+Flags2: ( )
+Respawn priority: 0
+Orders Accepted: 0		;! note that this is a bitfield!!!
+Group: 0
+Use Table Score:
+Score: 12

$Name: Beta 1		;! Object #24
$Display Name: XSTR("Beta 1", 5726)
$Class: GTF Perseus
$Team: Friendly
$Location: 834.019714, -219.899994, 2167.249512
$Orientation:
	0.434559, 0.000000, 0.900644,
	0.393264, 0.899633, -0.189749,
	-0.810248, 0.436647, 0.390943
$AI Behavior: None
+AI Class: Colonel
$Cargo 1:  XSTR("Nothing", 13)
+Initial Hull: 100
+Subsystem: Pilot
+Primary Banks: ( "Subach HL-7" "Prometheus S" )
+Secondary Banks: ( "Harpoon" "Tornado" )
$Arrival Location: Hyperspace
$Arrival Cue: ( false ) 
$Departure Location: Hyperspace
$Departure Cue: ( false ) 
$Determination: 10
+Flags: ( "cargo-known" )
+Flags2: ( )
+Respawn priority: 0
+Group: 0
+Use Table Score:
+Score: 14

$Name: Beta 2		;! Object #25
$Display Name: XSTR("Beta 2", 5727)
$Class: GTF Perseus
$Team: Friendly
$Location: 779.853577, -219.899994, 2083.968750
$Orientation:
	0.560760, 0.000000, 0.827978,
	0.363858, 0.898265, -0.246428,
	-0.743744, 0.439453, 0.503711
$AI Behavior: None
+AI Class: Colonel
$Cargo 1:  XSTR("Nothing", 13)
+Initial Hull: 100
+Subsystem: Pilot
+Primary Banks: ( "Subach HL-7" "Prometheus S" )
+Secondary Banks: ( "Harpoon" "Tornado" )
$Arrival Location: Hyperspace
$Arrival Cue: ( false ) 
$Departure Location: Hyperspace
$Departure Cue: ( false ) 
$Determination: 10
+Flags: ( "cargo-known" )
+Flags2: ( )
+Respawn priority: 0
+Group: 0
+Use Table Score:
+Score: 14

$Name: Beta 3		;! Object #26
$Display Name: XSTR("Beta 3", 5728)
$Class: GTF Perseus
$Team: Friendly
$Location: 904.073608, -219.899994, 2077.002930
$Orientation:
	0.491769, 0.000000, 0.870726,
	0.338074, 0.921547, -0.190937,
	-0.802415, 0.388267, 0.453188
$AI Behavior: None
+AI Class: Colonel
$Cargo 1:  XSTR("Nothing", 13)
+Initial Hull: 100
+Subsystem: Pilot
+Primary Banks: ( "Subach HL-7" "Prometheus S" )
+Secondary Banks: ( "Harpoon" "Tornado" )
$Arrival Location: Hyperspace
$Arrival Cue: ( false ) 
$Departure Location: Hyperspace
$Departure Cue: ( false ) 
$Determination: 10
+Flags: ( "cargo-known" )
+Flags2: ( )
+Respawn priority: 0
+Group: 0
+Use Table Score:
+Score: 14

$Name: Beta 4		;! Object #27
$Display Name: XSTR("Beta 4", 5729)
$Class: GTF Perseus
$Team: Friendly
$Location: 851.299988, -219.899994, 2023.400024
$Orientation:
	0.571533, 0.000000, 0.820579,
	0.324245, 0.918620, -0.225837,
	-0.753800, 0.395142, 0.525022
$AI Behavior: None
+AI Class: Colonel
$Cargo 1:  XSTR("Nothing", 13)
+Initial Hull: 100
+Subsystem: Pilot
+Primary Banks: ( "Subach HL-7" "Prometheus S" )
+Secondary Banks: ( "Harpoon" "Tornado" )
$Arrival Location: Hyperspace
$Arrival Cue: ( false ) 
$Departure Location: Hyperspace
$Departure Cue: ( false ) 
$Determination: 10
+Flags: ( "cargo-known" )
+Flags2: ( )
+Respawn priority: 0
+Group: 0
+Use Table Score:
+Score: 14

$Name: Sigma 3		;! Object #28
$Display Name: XSTR("Sigma 3", 5973)
$Class: GVF Serapis
$Team: Friendly
$Location: 1295.783447, -0.001399, 7647.281738
$Orientation:
	-0.998614, 0.000000, -0.052622,
	0.000000, 1.000000, 0.000001,
	0.052622, 0.000001, -0.998614
$AI Behavior: None
$Cargo 1:  XSTR("Nothing", 13)
+Initial Velocity: 100
+Initial Hull: 54
+Subsystem: Pilot
+Secondary Banks: ( "" "" )
$Arrival Location: Hyperspace
$Arrival Cue: ( false ) 
$Departure Location: Hyperspace
$Departure Cue: ( false ) 
$Determination: 10
+Flags: ( "cargo-known" )
+Flags2: ( )
+Respawn priority: 0
+Orders Accepted: 0		;! note that this is a bitfield!!!
+Group: 0
+Use Table Score:
+Score: 12

$Name: Capricorn 1		;! Object #29
$Display Name: XSTR("Capricorn 1", 5823)
$Class: SB Taurvi
$Team: Hostile
$Location: -3777.704102, -0.002925, 17365.667969
$Orientation:
	-0.992938, 0.000000, -0.118639,
	0.000000, 1.000000, 0.000000,
	0.118639, 0.000000, -0.992938
$AI Behavior: None
$Cargo 1:  XSTR("Nothing", 13)
+Initial Hull: 100
+Subsystem: Pilot
+Secondary Banks: ( "" "" )
$Arrival Location: Hyperspace
$Arrival Cue: ( false ) 
$Departure Location: Hyperspace
$Departure Cue: ( false ) 
$Determination: 10
+Flags: ( "no-arrival-warp" "hidden-from-sensors" )
+Flags2: ( )
+Respawn priority: 0
+Orders Accepted: 0		;! note that this is a bitfield!!!
+Group: 0
+Score: 16

$Name: Capricorn 2		;! Object #30
$Display Name: XSTR("Capricorn 2", 5824)
$Class: SB Taurvi
$Team: Hostile
$Location: -3668.089355, -0.002848, 17445.734375
$Orientation:
	-0.993185, 0.000000, -0.116552,
	0.000000, 1.000000, 0.000000,
	0.116552, 0.000000, -0.993185
$AI Behavior: None
$Cargo 1:  XSTR("Nothing", 13)
+Initial Hull: 100
+Subsystem: Pilot
+Secondary Banks: ( "" "" )
$Arrival Location: Hyperspace
$Arrival Cue: ( false ) 
$Departure Location: Hyperspace
$Departure Cue: ( false ) 
$Determination: 10
+Flags: ( "no-arrival-warp" "hidden-from-sensors" )
+Flags2: ( )
+Respawn priority: 0
+Orders Accepted: 0		;! note that this is a bitfield!!!
+Group: 0
+Score: 16

$Name: Capricorn 3		;! Object #31
$Display Name: XSTR("Capricorn 3", 5825)
$Class: SB Taurvi
$Team: Hostile
$Location: -3835.017090, -0.002902, 17467.589844
$Orientation:
	-0.991911, 0.000000, -0.126935,
	0.000000, 1.000000, 0.000000,
	0.126935, 0.000000, -0.991911
$AI Behavior: None
$Cargo 1:  XSTR("Nothing", 13)
+Initial Hull: 100
+Subsystem: Pilot
+Secondary Banks: ( "" "" )
$Arrival Location: Hyperspace
$Arrival Cue: ( false ) 
$Departure Location: Hyperspace
$Departure Cue: ( false ) 
$Determination: 10
+Flags: ( "no-arrival-warp" "hidden-from-sensors" )
+Flags2: ( )
+Respawn priority: 0
+Orders Accepted: 0		;! note that this is a bitfield!!!
+Group: 0
+Score: 16

$Name: Gemini 1		;! Object #32
$Display Name: XSTR("Gemini 1", 5759)
$Class: SF Manticore
$Team: Hostile
$Location: -4073.447510, -0.002933, 17302.113281
$Orientation:
	-0.992509, 0.000000, -0.122170,
	0.000000, 1.000000, 0.000000,
	0.122170, 0.000000, -0.992509
$AI Behavior: None
$Cargo 1:  XSTR("Nothing", 13)
+Initial Velocity: 33
+Subsystem: Pilot
$Arrival Location: Hyperspace
$Arrival Cue: ( false ) 
$Departure Location: Hyperspace
$Departure Cue: ( false ) 
$Determination: 10
+Flags: ( "no-arrival-warp" )
+Flags2: ( )
+Respawn priority: 0
+Orders Accepted: 0		;! note that this is a bitfield!!!
+Group: 0
+Use Table Score:
+Score: 12

$Name: Gemini 2		;! Object #33
$Display Name: XSTR("Gemini 2", 5760)
$Class: SF Manticore
$Team: Hostile
$Location: -4125.496094, -0.002914, 17375.542969
$Orientation:
	-0.992321, 0.000000, -0.123692,
	0.000000, 1.000000, 0.000000,
	0.123692, 0.000000, -0.992321
$AI Behavior: None
$Cargo 1:  XSTR("Nothing", 13)
+Initial Velocity: 33
+Subsystem: Pilot
$Arrival Location: Hyperspace
$Arrival Cue: ( false ) 
$Departure Location: Hyperspace
$Departure Cue: ( false ) 
$Determination: 10
+Flags: ( "no-arrival-warp" )
+Flags2: ( )
+Respawn priority: 0
+Orders Accepted: 0		;! note that this is a bitfield!!!
+Group: 0
+Use Table Score:
+Score: 12

$Name: Gemini 3		;! Object #34
$Display Name: XSTR("Gemini 3", 5761)
$Class: SF Manticore
$Team: Hostile
$Location: -4166.589844, -0.002928, 17325.511719
$Orientation:
	-0.992110, 0.000000, -0.125369,
	0.000000, 1.000000, 0.000000,
	0.125369, 0.000000, -0.992110
$AI Behavior: None
$Cargo 1:  XSTR("Nothing", 13)
+Initial Velocity: 33
+Subsystem: Pilot
$Arrival Location: Hyperspace
$Arrival Cue: ( false ) 
$Departure Location: Hyperspace
$Departure Cue: ( false ) 
$Determination: 10
+Flags: ( "no-arrival-warp" )
+Flags2: ( )
+Respawn priority: 0
+Orders Accepted: 0		;! note that this is a bitfield!!!
+Group: 0
+Use Table Score:
+Score: 12

$Name: Rho 1		;! Object #35
$Display Name: XSTR("Rho 1", 6184)
$Class: GVF Serapis
$Team: Friendly
$Location: -4835.306641, -0.002933, 16976.625000
$Orientation:
	-0.989991, 0.000000, -0.141128,
	0.000000, 1.000000, 0.000000,
	0.141128, 0.000000, -0.989991
$AI Behavior: None
$Cargo 1:  XSTR("Nothing", 13)
+Initial Hull: 100
+Subsystem: Pilot
+Primary Banks: ( "Mekhu HL-7" "Prometheus S" )
+Secondary Banks: ( "Tornado" "Harpoon" )
$Arrival Location: Hyperspace
$Arrival Cue: ( false ) 
$Departure Location: Hyperspace
$Departure Cue: ( false ) 
$Determination: 10
+Flags: ( "cargo-known" )
+Flags2: ( )
+Respawn priority: 0
+Orders Accepted: 0		;! note that this is a bitfield!!!
+Group: 0
+Score: 10

$Name: Rho 2		;! Object #36
$Display Name: XSTR("Rho 2", 6185)
$Class: GVF Serapis
$Team: Friendly
$Location: -4770.462891, -0.002963, 17056.964844
$Orientation:
	-0.990375, 0.000000, -0.138411,
	0.000000, 1.000000, 0.000000,
	0.138411, 0.000000, -0.990375
$AI Behavior: None
$Cargo 1:  XSTR("Nothing", 13)
+Initial Hull: 100
+Subsystem: Pilot
+Primary Banks: ( "Mekhu HL-7" "Prometheus S" )
+Secondary Banks: ( "Tornado" "Harpoon" )
$Arrival Location: Hyperspace
$Arrival Cue: ( false ) 
$Departure Location: Hyperspace
$Departure Cue: ( false ) 
$Determination: 10
+Flags: ( "cargo-known" )
+Flags2: ( )
+Respawn priority: 0
+Orders Accepted: 0		;! note that this is a bitfield!!!
+Group: 0
+Score: 10

$Name: Rho 3		;! Object #37
$Display Name: XSTR("Rho 3", 6186)
$Class: GVF Serapis
$Team: Friendly
$Location: -4917.346680, -0.002970, 17045.386719
$Orientation:
	-0.989622, 0.000000, -0.143698,
	0.000000, 1.000000, 0.000000,
	0.143698, 0.000000, -0.989622
$AI Behavior: None
$Cargo 1:  XSTR("Nothing", 13)
+Initial Hull: 100
+Subsystem: Pilot
+Primary Banks: ( "Mekhu HL-7" "Prometheus S" )
+Secondary Banks: ( "Tornado" "Harpoon" )
$Arrival Location: Hyperspace
$Arrival Cue: ( false ) 
$Departure Location: Hyperspace
$Departure Cue: ( false ) 
$Determination: 10
+Flags: ( "cargo-known" )
+Flags2: ( )
+Respawn priority: 0
+Orders Accepted: 0		;! note that this is a bitfield!!!
+Group: 0
+Score: 10

$Name: Rho 4		;! Object #38
$Display Name: XSTR("Rho 4", 6187)
$Class: GVF Serapis
$Team: Friendly
$Location: -4849.019531, -0.002954, 17096.902344
$Orientation:
	-0.990009, 0.000000, -0.141006,
	0.000000, 1.000000, 0.000000,
	0.141006, 0.000000, -0.990009
$AI Behavior: None
$Cargo 1:  XSTR("Nothing", 13)
+Initial Hull: 100
+Subsystem: Pilot
+Primary Banks: ( "Mekhu HL-7" "Prometheus S" )
+Secondary Banks: ( "Tornado" "Harpoon" )
$Arrival Location: Hyperspace
$Arrival Cue: ( false ) 
$Departure Location: Hyperspace
$Departure Cue: ( false ) 
$Determination: 10
+Flags: ( "cargo-known" )
+Flags2: ( )
+Respawn priority: 0
+Orders Accepted: 0		;! note that this is a bitfield!!!
+Group: 0
+Score: 10

$Name: Libra 1		;! Object #39
$Display Name: XSTR("Libra 1", 5660)
$Class: SF Astaroth
$Team: Hostile
$Location: -3964.845703, -0.002933, 16966.410156
$Orientation:
	-0.992804, 0.000000, -0.119752,
	0.000000, 1.000000, 0.000000,
	0.119752, 0.000000, -0.992804
$AI Behavior: None
$Cargo 1:  XSTR("Nothing", 13)
+Initial Velocity: 33
+Subsystem: Pilot
$Arrival Location: Hyperspace
$Arrival Cue: ( false ) 
$Departure Location: Hyperspace
$Departure Cue: ( false ) 
$Determination: 10
+Flags: ( "no-arrival-warp" )
+Flags2: ( )
+Respawn priority: 0
+Orders Accepted: 0		;! note that this is a bitfield!!!
+Group: 0
+Use Table Score:
+Score: 13

$Name: Libra 2		;! Object #40
$Display Name: XSTR("Libra 2", 5661)
$Class: SF Astaroth
$Team: Hostile
$Location: -3939.807617, -0.002931, 17015.890625
$Orientation:
	-0.992937, 0.000000, -0.118639,
	0.000000, 1.000000, 0.000000,
	0.118639, 0.000000, -0.992937
$AI Behavior: None
$Cargo 1:  XSTR("Nothing", 13)
+Initial Velocity: 33
+Subsystem: Pilot
$Arrival Location: Hyperspace
$Arrival Cue: ( false ) 
$Departure Location: Hyperspace
$Departure Cue: ( false ) 
$Determination: 10
+Flags: ( "no-arrival-warp" )
+Flags2: ( )
+Respawn priority: 0
+Orders Accepted: 0		;! note that this is a bitfield!!!
+Group: 0
+Use Table Score:
+Score: 13

$Name: Equinox		;! Object #41
$Display Name: XSTR("Equinox", 5868)
$Class: GTCv Deimos
$Team: Friendly
$Location: -432.243713, 0.001134, 1821.328491
$Orientation:
	1.000000, 0.000000, 0.000000,
	0.000000, 1.000000, 0.000000,
	0.000000, 0.000000, 1.000000
$AI Behavior: None
$Cargo 1:  XSTR("Nothing", 13)
+Initial Hull: 100
+Initial Shields: 100
+Subsystem: Pilot
+Subsystem: Turret01
+Subsystem: Turret02
+Subsystem: Turret03
+Subsystem: Turret04
+Subsystem: Turret05
+Subsystem: Turret06
+Subsystem: Turret07
+Subsystem: Turret08
+Subsystem: Turret09
+Subsystem: Turret10
+Subsystem: Turret11
+Subsystem: Turret12
+Subsystem: Turret13
+Subsystem: Turret14
+Subsystem: Turret15
+Subsystem: Turret16
+Subsystem: Turret17
+Subsystem: Turret18
+Subsystem: Turret19
+Subsystem: Turret20
+Subsystem: Turret21
+Subsystem: Turret22
+Subsystem: Turret23
+Subsystem: Turret24
+Subsystem: Turret25
+Subsystem: Turret26
$Arrival Location: Hyperspace
$Arrival Cue: ( true ) 
