#Mission Info

$Version: 0.10
$Name:  XSTR("Slipping Through the Cracks", 5646)
$Author: Colin Czerneda
$Created: 01/30/00 at 21:09:56
$Modified: 08/06/20 at 10:41:00
$Notes:
This is a FRED created mission$End Notes:

$Mission Desc:
 XSTR("Admiral Russik has been tracked to this location.  We want him alive, capture his ship.", 5647)
$end_multi_text
+Game Type Flags: 1
+Flags: 0
+Fog Near Mult: 1.000000

+Fog Far Mult: 1.000000

+Disallow Support: 0
+Hull Repair Ceiling: 100.000000
+Subsystem Repair Ceiling: 100.000000

+Player Entry Delay:
1.000000

+Viewer pos: -8727.815430, 18185.410156, 8852.811523
+Viewer orient:
	-0.742259, -0.000000, 0.670113,
	0.087998, 0.991340, 0.097472,
	-0.664310, 0.131318, -0.735831
+SquadReassignName: 636th
+SquadReassignLogo: wolf636.pcx


$Skybox Model: skybox_GienahCygni.pof

$AI Profile: FS2 RETAIL

#Sexp_variables

$Variables:
(
		0		"autoGenVar1"		"#Command"		"string"
)

#Command Briefing

#Briefing
$start_briefing
$num_stages: 5
$start_stage
$multi_text
 XSTR("Thanks to Commander Niven's work, Admiral Russik and the GTE Vidar have been tracked through subspace to a jump node leaving the system.", 5648)
$end_multi_text
$voice: e3m5_b1.ogg
$camera_pos: -1770.152832, 43479.156250, 7955.916992
$camera_orient:
	0.999912, 0.000000, -0.013272,
	0.013263, 0.036411, 0.999249,
	0.000483, -0.999337, 0.036408
$camera_time: 1000
$num_lines: 0
$num_icons: 1
$Flags: 0
$Formula: ( true ) 
$start_icon
$type: 18
$team: Neutral
$class: GTE Vidar
$pos: -762.747864, -0.000964, 6347.250977
$label:  XSTR("Vidar", 4515)
+id: 1
$hlight: 1
$mirror: 0
$multi_text
$end_multi_text
$end_icon
$end_stage
$start_stage
$multi_text
 XSTR("Our scans now report that an Argo transport has docked with the Vidar.  Shivan fighters appear to be flying patrols around these ships.  We can only assume that Russik has succeeded in making contact with the Shivans.  The outcome of this contact is unknown, but Shivan patrols around Russik's ships cannot be a good sign for the Alliance.", 5649)
$end_multi_text
$voice: e3m5_b2.ogg
$camera_pos: -1770.152832, 43479.156250, 7955.916992
$camera_orient:
	0.999912, 0.000000, -0.013272,
	0.013263, 0.036411, 0.999249,
	0.000483, -0.999337, 0.036408
$camera_time: 2200
$num_lines: 0
$num_icons: 2
$Flags: 0
$Formula: ( true ) 
$start_icon
$type: 18
$team: Neutral
$class: GTE Vidar
$pos: -762.747864, -0.000964, 6347.250977
$label:  XSTR("Vidar", 4515)
+id: 1
$hlight: 0
$mirror: 0
$multi_text
$end_multi_text
$end_icon
$start_icon
$type: 34
$team: Hostile
$class: GTT Argo
$pos: 2564.130127, 0.000713, 6790.589844
$label:  XSTR("Gemini", 5650)
+id: 11
$hlight: 1
$mirror: 0
$multi_text
$end_multi_text
$end_icon
$end_stage
$start_stage
$multi_text
 XSTR("Your primary objective, Alpha 1, will be to recapture the GTE Vidar.  This ship and the technology onboard are extremely valuable to our scientists back home.  You must capture and defend this vessel.", 5651)
$end_multi_text
$voice: e3m5_b3.ogg
$camera_pos: -1770.152832, 43479.156250, 7955.916992
$camera_orient:
	0.999912, 0.000000, -0.013272,
	0.013263, 0.036411, 0.999249,
	0.000483, -0.999337, 0.036408
$camera_time: 1500
$num_lines: 0
$num_icons: 5
$Flags: 0
$Formula: ( true ) 
$start_icon
$type: 18
$team: Neutral
$class: GTE Vidar
$pos: -762.747864, -0.000964, 6347.250977
$label:  XSTR("Vidar", 4515)
+id: 1
$hlight: 0
$mirror: 0
$multi_text
$end_multi_text
$end_icon
$start_icon
$type: 34
$team: Hostile
$class: GTT Argo
$pos: 2564.130127, 0.000713, 6790.589844
$label:  XSTR("Gemini", 5650)
+id: 11
$hlight: 0
$mirror: 0
$multi_text
$end_multi_text
$end_icon
$start_icon
$type: 1
$team: Friendly
$class: GTF Erinyes
$pos: 5636.111816, 482.397980, 15599.760742
$label:  XSTR("Alpha", 4600)
+id: 12
$hlight: 1
$mirror: 0
$multi_text
$end_multi_text
$end_icon
$start_icon
$type: 1
$team: Friendly
$class: GTF Erinyes
$pos: -8973.659180, 482.396881, 15413.737305
$label:  XSTR("Beta", 4687)
+id: 13
$hlight: 1
$mirror: 0
$multi_text
$end_multi_text
$end_icon
$start_icon
$type: 28
$team: Friendly
$class: GTCv Deimos
$pos: 12817.144531, 545.359436, 4603.678223
$label:  XSTR("Liberty", 5652)
+id: 16
$hlight: 0
$mirror: 0
$multi_text
$end_multi_text
$end_icon
$end_stage
$start_stage
$multi_text
 XSTR("Engage Shivan forces, secure the area, and await further reinforcements.  We will deploy additional ships as they become available. Your secondary objective is to capture Admiral Russik.
 
The GTCv Liberty will assist you in destroying any enemy capital units present.  We cannot afford to lose this warship.  Protect the Liberty.", 5653)
$end_multi_text
$voice: e3m5_b4.ogg
$camera_pos: -1770.152832, 43479.156250, 7955.916992
$camera_orient:
	0.999912, 0.000000, -0.013272,
	0.013263, 0.036411, 0.999249,
	0.000483, -0.999337, 0.036408
$camera_time: 2600
$num_lines: 0
$num_icons: 5
$Flags: 1
$Formula: ( true ) 
$start_icon
$type: 18
$team: Neutral
$class: GTE Vidar
$pos: -762.747864, -0.000964, 6347.250977
$label:  XSTR("Vidar", 4515)
+id: 1
$hlight: 0
$mirror: 0
$multi_text
$end_multi_text
$end_icon
$start_icon
$type: 34
$team: Hostile
$class: GTT Argo
$pos: 2564.130127, 0.000713, 6790.589844
$label:  XSTR("Gemini", 5650)
+id: 11
$hlight: 0
$mirror: 0
$multi_text
$end_multi_text
$end_icon
$start_icon
$type: 1
$team: Friendly
$class: GTF Erinyes
$pos: 5636.111816, 482.397980, 15599.760742
$label:  XSTR("Alpha", 4600)
+id: 12
$hlight: 0
$mirror: 0
$multi_text
$end_multi_text
$end_icon
$start_icon
$type: 1
$team: Friendly
$class: GTF Erinyes
$pos: -8973.659180, 482.396881, 15413.737305
$label:  XSTR("Beta", 4687)
+id: 13
$hlight: 0
$mirror: 0
$multi_text
$end_multi_text
$end_icon
$start_icon
$type: 28
$team: Friendly
$class: GTCv Deimos
$pos: 7849.147461, 545.358154, 7735.300781
$label:  XSTR("Liberty", 5652)
+id: 16
$hlight: 0
$mirror: 0
$multi_text
$end_multi_text
$end_icon
$end_stage
$start_stage
$multi_text
 XSTR("The Warlock is currently blockading the Kaus Borealis jump node.  All squadrons aside from the 636th will be involved in blockading this node.  Good luck, pilots!", 5654)
$end_multi_text
$voice: e3m5_b5.ogg
$camera_pos: 14518.163086, 21778.396484, 20042.005859
$camera_orient:
	0.999973, -0.000001, 0.007382,
	-0.007307, 0.141619, 0.989894,
	-0.001046, -0.989921, 0.141615
$camera_time: 1000
$num_lines: 0
$num_icons: 2
$Flags: 2
$Formula: ( true ) 
$start_icon
$type: 33
$team: Friendly
$class: GTF Ulysses
$pos: 21852.628906, -622.420166, 22606.095703
$label:  XSTR("Kaus Borealis", 5384)
+id: 14
$hlight: 0
$mirror: 0
$multi_text
$end_multi_text
$end_icon
$start_icon
$type: 6
$team: Friendly
$class: GTD Hecate
$pos: 5623.551758, 545.375977, 22691.517578
$label:  XSTR("Warlock", 4499)
+id: 15
$hlight: 1
$mirror: 0
$multi_text
$end_multi_text
$end_icon
$end_stage
$end_briefing

#Debriefing_info

$Num stages: 7

$Formula: ( and 
   ( is-goal-true-delay "Cap Vidar" 0 ) 
   ( is-goal-true-delay 
      "Defend the Liberty" 
      0 
   )
)
$Multi text
    XSTR("Well done pilots!  We've scored a major victory over the Shivans and Admiral Russik.", 5655)
$end_multi_text
$Voice: e3m5_db1.ogg
$Recommendation text:
    XSTR("", 3307)
$end_multi_text

$Formula: ( and 
   ( is-goal-true-delay 
      "Vidar Defense" 
      0 
   )
   ( is-goal-true-delay 
      "Defend the Liberty" 
      0 
   )
)
$Multi text
    XSTR("Thanks to you, the GTE Vidar is now in our hands.  Capture teams report that the hybrids are missing and most of the databank has been wiped clean, yet there is hope that we may recover some of the lost data, and the technology aboard that ship is nevertheless valuable.", 5656)
$end_multi_text
$Voice: e3m5_db2.ogg
$Recommendation text:
    XSTR("", 3307)
$end_multi_text

$Formula: ( and 
   ( is-event-false-delay 
      "RTB Vidar Down" 
      0 
   )
   ( is-event-false-delay 
      "RTB Failure" 
      0 
   )
   ( is-event-false-delay "rtb" 0 ) 
)
$Multi text
    XSTR("You have been declared AWOL, pilot!  Jumping out before you are ordered to do so is grounds for immediate imprisonment.", 4607)
$end_multi_text
$Voice: e3m3_db3.ogg
$Recommendation text:
    XSTR("Do not depart until you are ordered to do so.", 4608)
$end_multi_text

$Formula: ( is-destroyed-delay 0 "Liberty" ) 
$Multi text
    XSTR("The GTCv Liberty was destroyed in this engagement.  Thousands of brave crewmen lost their lives in their attempt to save humanity from this madman.", 5657)
$end_multi_text
$Voice: e3m5_db3.ogg
$Recommendation text:
    XSTR("Protect the Liberty.  Destroy Shivan bombers, and disable enemy beam cannons.", 5658)
$end_multi_text

$Formula: ( is-goal-true-delay "Secure" 0 ) 
$Multi text
    XSTR("The Naos jump node is now secure and we will resume our effort shortly to capture and arrest Admiral Russik.

Report to briefing pilot, we've got another task for you.", 5659)
$end_multi_text
$Voice: e3m5_db4.ogg
$Recommendation text:
    XSTR("", 3307)
$end_multi_text

$Formula: ( is-goal-false-delay 
   "Vidar Defense" 
   0 
)
$Multi text
    XSTR("The Vidar has been destroyed by the Shivans and any hope of learning Admiral Russik's plans or duplicating his technlogy has been lost.", 5660)
$end_multi_text
$Voice: e3m5_db5.ogg
$Recommendation text:
    XSTR("Concentrate on Shivan bombers and let the capital ships fight it out.", 5661)
$end_multi_text

$Formula: ( is-goal-false-delay "Secure" 0 ) 
$Multi text
    XSTR("Your squadron's failure to secure the Naos jump node has made it all the more difficult to pursue our operations.", 5662)
$end_multi_text
$Voice: e3m5_db6.ogg
$Recommendation text:
    XSTR("", 3307)
$end_multi_text

#Alternate Types:
$Alt: Hybrids

#end


#Callsigns:
$Callsign: XSTR("Admiral Russik", 5565)

#end


#Players		;! 1 total

$Starting Shipname: Alpha 1
$Ship Choices: (
	"GTF Hercules Mark II"	8
	"GTF Ares"	4
	"GTF Erinyes"	2
	"GTF Perseus"	8
	"GTF Myrmidon"	8
)

+Weaponry Pool: (
	"Subach HL-7"	16
	"Akheton SDG"	16
	"Morning Star"	20
	"Prometheus S"	20
	"Maxim"	16
	"UD-8 Kayser"	24
	"Circe"	16
	"Lamprey"	16
	"Rockeye"	500
	"Tempest"	500
	"Hornet"	500
	"Tornado"	756
	"Harpoon"	500
	"Trebuchet"	556
	"Piranha"	500
	"Stiletto II"	500
	"Infyrno"	500
	"EMP Adv."	500
)

#Objects		;! 55 total

$Name: Alpha 1		;! Object #0
$Display Name: XSTR("Alpha 1", 4490)
$Class: GTF Erinyes
$Team: Friendly
$Location: -3803.489990, 483.415863, 4076.689453
$Orientation:
	0.581683, 0.000000, 0.813415,
	0.000000, 1.000000, 0.000000,
	-0.813415, 0.000000, 0.581683
$AI Behavior: None
$Cargo 1:  XSTR("Nothing", 13)
+Initial Velocity: 100
+Initial Hull: 100
+Subsystem: Pilot
+Primary Banks: ( "UD-8 Kayser" "Prometheus S" )
+Secondary Banks: ( "Tornado" "Trebuchet" )
$Arrival Location: Hyperspace
$Arrival Cue: ( false ) 
$Departure Location: Hyperspace
$Departure Cue: ( false ) 
$Determination: 10
+Flags: ( "cargo-known" "player-start" )
+Flags2: ( )
+Respawn priority: 0
+Group: 0
+Score: 8

$Name: Alpha 2		;! Object #1
$Display Name: XSTR("Alpha 2", 4612)
$Class: GTF Erinyes
$Team: Friendly
$Location: -3673.133301, 482.398834, 4095.099609
$Orientation:
	0.581683, 0.000000, 0.813415,
	0.000000, 1.000000, 0.000000,
	-0.813415, 0.000000, 0.581683
$AI Behavior: None
+AI Class: General
$Cargo 1:  XSTR("Nothing", 13)
+Initial Hull: 100
+Subsystem: Pilot
+Primary Banks: ( "UD-8 Kayser" "Prometheus S" )
+Secondary Banks: ( "Tornado" "Trebuchet" )
$Arrival Location: Hyperspace
$Arrival Cue: ( false ) 
$Departure Location: Hyperspace
$Departure Cue: ( false ) 
$Determination: 10
+Flags: ( "cargo-known" )
+Flags2: ( )
+Respawn priority: 0
+Group: 0
+Score: 10

$Name: Alpha 3		;! Object #2
$Display Name: XSTR("Alpha 3", 4613)
$Class: GTF Erinyes
$Team: Friendly
$Location: -3785.213623, 482.398804, 3938.783691
$Orientation:
	0.581683, 0.000000, 0.813415,
	0.000000, 1.000000, 0.000000,
	-0.813415, 0.000000, 0.581683
$AI Behavior: None
+AI Class: General
$Cargo 1:  XSTR("Nothing", 13)
+Initial Hull: 100
+Subsystem: Pilot
+Primary Banks: ( "UD-8 Kayser" "Prometheus S" )
+Secondary Banks: ( "Tornado" "Trebuchet" )
$Arrival Location: Hyperspace
$Arrival Cue: ( false ) 
$Departure Location: Hyperspace
$Departure Cue: ( false ) 
$Determination: 10
+Flags: ( "cargo-known" )
+Flags2: ( )
+Respawn priority: 0
+Group: 0
+Score: 10

$Name: Alpha 4		;! Object #3
$Display Name: XSTR("Alpha 4", 4614)
$Class: GTF Erinyes
$Team: Friendly
$Location: -3652.415527, 482.398865, 3968.571777
$Orientation:
	0.581683, 0.000000, 0.813415,
	0.000000, 1.000000, 0.000000,
	-0.813415, 0.000000, 0.581683
$AI Behavior: None
+AI Class: General
$Cargo 1:  XSTR("Nothing", 13)
+Initial Hull: 100
+Subsystem: Pilot
+Primary Banks: ( "UD-8 Kayser" "Prometheus S" )
+Secondary Banks: ( "Tornado" "Trebuchet" )
$Arrival Location: Hyperspace
$Arrival Cue: ( false ) 
$Departure Location: Hyperspace
$Departure Cue: ( false ) 
$Determination: 10
+Flags: ( "cargo-known" )
+Flags2: ( )
+Respawn priority: 0
+Group: 0
+Score: 10

$Name: Beta 1		;! Object #4
$Display Name: XSTR("Beta 1", 4695)
$Class: GTF Erinyes
$Team: Friendly
$Location: -3483.088379, 482.398865, 4292.644531
$Orientation:
	0.725834, 0.000000, 0.687870,
	0.000000, 1.000000, 0.000000,
	-0.687870, 0.000000, 0.725834
$AI Behavior: None
+AI Class: General
$Cargo 1:  XSTR("Nothing", 13)
+Initial Hull: 100
+Subsystem: Pilot
+Primary Banks: ( "UD-8 Kayser" "Morning Star" )
+Secondary Banks: ( "Tornado" "Trebuchet" )
$Arrival Location: Hyperspace
$Arrival Cue: ( false ) 
$Departure Location: Hyperspace
$Departure Cue: ( false ) 
$Determination: 10
+Flags: ( "cargo-known" )
+Flags2: ( )
+Respawn priority: 0
+Group: 0
+Score: 10

$Name: Beta 2		;! Object #5
$Display Name: XSTR("Beta 2", 4696)
$Class: GTF Erinyes
$Team: Friendly
$Location: -3406.380371, 482.398865, 4205.291992
$Orientation:
	0.726459, 0.000000, 0.687210,
	0.000000, 1.000000, 0.000000,
	-0.687210, 0.000000, 0.726459
$AI Behavior: None
+AI Class: General
$Cargo 1:  XSTR("Nothing", 13)
+Initial Hull: 100
+Subsystem: Pilot
+Primary Banks: ( "UD-8 Kayser" "Morning Star" )
+Secondary Banks: ( "Tornado" "Trebuchet" )
$Arrival Location: Hyperspace
$Arrival Cue: ( false ) 
$Departure Location: Hyperspace
$Departure Cue: ( false ) 
$Determination: 10
+Flags: ( "cargo-known" )
+Flags2: ( )
+Respawn priority: 0
+Group: 0
+Score: 10

$Name: Beta 3		;! Object #6
$Display Name: XSTR("Beta 3", 4697)
$Class: GTF Erinyes
$Team: Friendly
$Location: -3367.472656, 482.398865, 4352.533203
$Orientation:
	0.707564, 0.000000, 0.706650,
	0.000000, 1.000000, 0.000000,
	-0.706650, 0.000000, 0.707564
$AI Behavior: None
+AI Class: General
$Cargo 1:  XSTR("Nothing", 13)
+Initial Hull: 100
+Subsystem: Pilot
+Primary Banks: ( "UD-8 Kayser" "Morning Star" )
+Secondary Banks: ( "Tornado" "Trebuchet" )
$Arrival Location: Hyperspace
$Arrival Cue: ( false ) 
$Departure Location: Hyperspace
$Departure Cue: ( false ) 
$Determination: 10
+Flags: ( "cargo-known" )
+Flags2: ( )
+Respawn priority: 0
+Group: 0
+Score: 10

$Name: Beta 4		;! Object #7
$Display Name: XSTR("Beta 4", 4698)
$Class: GTF Erinyes
$Team: Friendly
$Location: -3287.823242, 482.398865, 4256.013672
$Orientation:
	0.709270, 0.000000, 0.704937,
	0.000000, 1.000000, 0.000000,
	-0.704937, 0.000000, 0.709270
$AI Behavior: None
+AI Class: General
$Cargo 1:  XSTR("Nothing", 13)
+Initial Hull: 100
+Subsystem: Pilot
+Primary Banks: ( "UD-8 Kayser" "Morning Star" )
+Secondary Banks: ( "Tornado" "Trebuchet" )
$Arrival Location: Hyperspace
$Arrival Cue: ( false ) 
$Departure Location: Hyperspace
$Departure Cue: ( false ) 
$Determination: 10
+Flags: ( "cargo-known" )
+Flags2: ( )
+Respawn priority: 0
+Group: 0
+Score: 10

$Name: Vidar		;! Object #8
$Display Name: XSTR("Vidar", 4515)
$Class: GTE Vidar
$Team: Hostile
$Location: -8048.105957, 0.000396, 9109.314453
$Orientation:
	0.100626, 0.000000, 0.994924,
	0.000000, 1.000000, 0.000000,
	-0.994924, 0.000000, 0.100626
$AI Behavior: None
$Cargo 1:  XSTR("Nothing", 13)
+Initial Velocity: 33
+Initial Hull: 100
+Initial Shields: 100
+Subsystem: Pilot
+Subsystem: turret01
+Subsystem: turret02
+Subsystem: turret03
+Subsystem: turret04
+Subsystem: turret05
+Subsystem: turret06
+Subsystem: turret07
+Subsystem: turret08
+Subsystem: turret09
+Subsystem: turret10
+Subsystem: turret11
+Subsystem: turret12
+Subsystem: turret13
+Subsystem: turret14
+Subsystem: turret15
$Arrival Location: Hyperspace
$Arrival Cue: ( true ) 
$Departure Location: Hyperspace
$Departure Cue: ( false ) 
$Determination: 10
+Flags: ( "cargo-known" "protect-ship" "no-shields" "escort" )
+Flags2: ( )
+Respawn priority: 0
+Escort priority: 5
+Orders Accepted: 0		;! note that this is a bitfield!!!
+Group: 0
+Use Table Score:
+Score: 800

$Name: Pisces 1		;! Object #9
$Display Name: XSTR("Pisces 1", 4631)
$Class: SF Mara
$Team: Hostile
$Location: -8558.617188, 361.899170, 8714.900391
$Orientation:
	0.231937, 0.000000, 0.972731,
	-0.037701, 0.999249, 0.008989,
	-0.972000, -0.038758, 0.231763
$AI Behavior: None
$Cargo 1:  XSTR("Nothing", 13)
+Initial Velocity: 33
+Initial Hull: 100
+Subsystem: Pilot
$Arrival Location: Hyperspace
$Arrival Cue: ( false ) 
$Departure Location: Hyperspace
$Departure Cue: ( false ) 
$Determination: 10
+Flags: ( )
+Flags2: ( )
+Respawn priority: 0
+Orders Accepted: 0		;! note that this is a bitfield!!!
+Group: 0
+Use Table Score:
+Score: 12

$Name: Pisces 2		;! Object #10
$Display Name: XSTR("Pisces 2", 4632)
$Class: SF Mara
$Team: Hostile
$Location: -8399.841797, 361.899170, 8820.482422
$Orientation:
	0.211349, 0.000000, 0.977411,
	-0.037131, 0.999278, 0.008029,
	-0.976705, -0.037989, 0.211197
$AI Behavior: None
$Cargo 1:  XSTR("Nothing", 13)
+Initial Velocity: 33
+Initial Hull: 100
+Subsystem: Pilot
$Arrival Location: Hyperspace
$Arrival Cue: ( false ) 
$Departure Location: Hyperspace
$Departure Cue: ( false ) 
$Determination: 10
+Flags: ( )
+Flags2: ( )
+Respawn priority: 0
+Orders Accepted: 0		;! note that this is a bitfield!!!
+Group: 0
+Use Table Score:
+Score: 12

$Name: Pisces 3		;! Object #11
$Display Name: XSTR("Pisces 3", 4633)
$Class: SF Mara
$Team: Hostile
$Location: -8439.447266, 361.899170, 8589.564453
$Orientation:
	0.245761, 0.000000, 0.969331,
	-0.036745, 0.999281, 0.009316,
	-0.968634, -0.037907, 0.245584
$AI Behavior: None
$Cargo 1:  XSTR("Nothing", 13)
+Initial Velocity: 33
+Initial Hull: 100
+Subsystem: Pilot
$Arrival Location: Hyperspace
$Arrival Cue: ( false ) 
$Departure Location: Hyperspace
$Departure Cue: ( false ) 
$Determination: 10
+Flags: ( )
+Flags2: ( )
+Respawn priority: 0
+Orders Accepted: 0		;! note that this is a bitfield!!!
+Group: 0
+Use Table Score:
+Score: 12

$Name: Liberty		;! Object #12
$Display Name: XSTR("Liberty", 5652)
$Class: GTCv Deimos
$Team: Friendly
$Location: -8090.126953, 603.514160, 15370.796875
$Orientation:
	-0.253485, -0.001365, 0.967338,
	0.072403, 0.997167, 0.020380,
	-0.964626, 0.075204, -0.252668
$AI Behavior: None
+AI Class: General
$AI Goals: ( goals ( ai-waypoints-once "Liberty Path" 50 ) )
$Cargo 1:  XSTR("Nothing", 13)
+Initial Velocity: 100
+Initial Hull: 100
+Initial Shields: 100
+Subsystem: Pilot
+Subsystem: Turret01
+Subsystem: Turret02
+Subsystem: Turret03
+Subsystem: Turret04
+Subsystem: Turret05
+Subsystem: Turret06
+Subsystem: Turret07
+Subsystem: Turret08
+Subsystem: Turret09
+Subsystem: Turret10
+Subsystem: Turret11
+Subsystem: Turret12
+Subsystem: Turret13
+Subsystem: Turret14
+Subsystem: Turret15
+Subsystem: Turret16
+Subsystem: Turret17
+Subsystem: Turret18
+Subsystem: Turret19
+Subsystem: Turret20
+Subsystem: Turret21
+Subsystem: Turret22
+Subsystem: Turret23
+Subsystem: Turret24
+Subsystem: Turret25
+Secondary Banks: ( "" )
+Sbank Ammo: ( 0 )
+Subsystem: Turret26
+Secondary Banks: ( "" )
+Sbank Ammo: ( 0 )
$Arrival Location: Hyperspace
$Arrival Cue: ( has-arrived-delay 12 "Themnos" ) 
$Departure Location: Hyperspace
$Departure Cue: ( is-destroyed-delay 33 "Themnos" ) 
$Determination: 10
+Flags: ( "cargo-known" "no-shields" "escort" )
+Flags2: ( )
+Respawn priority: 0
+Escort priority: 1
+Orders Accepted: 0		;! note that this is a bitfield!!!
+Group: 0
+Use Table Score:
+Score: 800
$Texture Replace:
+old: nameplate
+new: GTCvLiberty

$Name: Themnos		;! Object #13
$Display Name: XSTR("Themnos", 5663)
$Class: SCv Moloch
$Team: Hostile
$Location: -13785.900391, -408.299805, 11014.900391
$Orientation:
	-0.059169, 0.000000, -0.998248,
	0.000000, 1.000000, 0.000000,
	0.998248, 0.000000, -0.059169
$AI Behavior: None
$AI Goals: ( goals ( ai-waypoints "Themnos Path" 50 ) )
$Cargo 1:  XSTR("Nothing", 13)
+Initial Velocity: 33
+Initial Hull: 100
+Initial Shields: 100
+Subsystem: Pilot
+Subsystem: turret01
+Subsystem: turret02
+Primary Banks: ( "SRed" )
+Subsystem: turret03
+Primary Banks: ( "SAAA" )
+Subsystem: turret04
+Sbank Ammo: ( 0 )
+Subsystem: turret05
+Subsystem: turret06
+Subsystem: turret07
+Subsystem: turret08
+Subsystem: turret09
+Subsystem: turret10
+Subsystem: turret11
+Subsystem: turret12
+Subsystem: turret13
+Secondary Banks: ( "EMP Adv." )
+Sbank Ammo: ( 0 )
+Subsystem: turret14
+Subsystem: turret15
+Subsystem: turret16
$Arrival Location: Hyperspace
$Arrival Cue: ( is-event-true-delay 
   "change vidar iff" 
   43 
)
$Departure Location: Hyperspace
$Departure Cue: ( false ) 
$Determination: 10
+Flags: ( "no-shields" "escort" )
+Flags2: ( )
+Respawn priority: 0
+Escort priority: 1
+Orders Accepted: 0		;! note that this is a bitfield!!!
+Group: 0
+Use Table Score:
+Score: 440

$Name: Gemini 1		;! Object #14
$Display Name: XSTR("Gemini 1", 4729)
$Class: GTT Argo
$Team: Hostile
$Location: -11229.275391, 0.000286, 9966.983398
$Orientation:
	0.438290, 0.000000, 0.898833,
	0.049036, 0.998511, -0.023911,
	-0.897495, 0.054555, 0.437638
$AI Behavior: None
$AI Goals: ( goals ( ai-waypoints-once "Naos Jump Node" 50 ) )
$Cargo 1:  XSTR("Hybrids", 5664)
+Initial Velocity: 100
+Initial Hull: 100
+Initial Shields: 100
+Subsystem: Pilot
+Subsystem: turret01
+Subsystem: turret02
$Arrival Location: Hyperspace
$Arrival Cue: ( true ) 
$Departure Location: Hyperspace
$Departure Cue: ( or 
   ( are-waypoints-done-delay 
      "Gemini 1" 
      "Naos Jump Node" 
      0 
   )
   ( < 
      ( distance "Alpha 1" "Gemini 1" ) 
      2000 
   )
)
$Determination: 10
+Flags: ( "protect-ship" "no-shields" "invulnerable" "beam-protect-ship" )
+Flags2: ( )
+Respawn priority: 0
+Orders Accepted: 0		;! note that this is a bitfield!!!
+Group: 0
+Score: 15

$Name: Pisces 4		;! Object #15
$Display Name: XSTR("Pisces 4", 4634)
$Class: SF Mara
$Team: Hostile
$Location: -8214.013672, 361.899109, 8698.820313
$Orientation:
	0.222754, 0.000000, 0.974875,
	-0.035907, 0.999321, 0.008204,
	-0.974213, -0.036832, 0.222603
$AI Behavior: None
$Cargo 1:  XSTR("Nothing", 13)
+Initial Velocity: 33
+Initial Hull: 100
+Subsystem: Pilot
$Arrival Location: Hyperspace
$Arrival Cue: ( false ) 
$Departure Location: Hyperspace
$Departure Cue: ( false ) 
$Determination: 10
+Flags: ( )
+Flags2: ( )
+Respawn priority: 0
+Orders Accepted: 0		;! note that this is a bitfield!!!
+Group: 0
+Use Table Score:
+Score: 12

$Name: Virgo 1		;! Object #16
$Display Name: XSTR("Virgo 1", 4786)
$Class: SF Aeshma
$Team: Hostile
$Location: -8622.726563, -0.000451, 9388.771484
$Orientation:
	0.261798, 0.000000, 0.965123,
	-0.038117, 0.999220, 0.010339,
	-0.964370, -0.039494, 0.261594
$AI Behavior: None
$Cargo 1:  XSTR("Nothing", 13)
+Initial Velocity: 33
+Initial Hull: 100
+Subsystem: Pilot
$Arrival Location: Hyperspace
$Arrival Cue: ( false ) 
$Departure Location: Hyperspace
$Departure Cue: ( false ) 
$Determination: 10
+Flags: ( )
+Flags2: ( )
+Respawn priority: 0
+Orders Accepted: 0		;! note that this is a bitfield!!!
+Group: 0
+Use Table Score:
+Score: 12

$Name: Virgo 2		;! Object #17
$Display Name: XSTR("Virgo 2", 4787)
$Class: SF Aeshma
$Team: Hostile
$Location: -8529.287109, -0.000333, 9451.167969
$Orientation:
	0.249067, 0.000000, 0.968486,
	-0.037808, 0.999238, 0.009723,
	-0.967748, -0.039038, 0.248877
$AI Behavior: None
$Cargo 1:  XSTR("Nothing", 13)
+Initial Velocity: 33
+Initial Hull: 100
+Subsystem: Pilot
$Arrival Location: Hyperspace
$Arrival Cue: ( false ) 
$Departure Location: Hyperspace
$Departure Cue: ( false ) 
$Determination: 10
+Flags: ( )
+Flags2: ( )
+Respawn priority: 0
+Orders Accepted: 0		;! note that this is a bitfield!!!
+Group: 0
+Use Table Score:
+Score: 12

$Name: Virgo 3		;! Object #18
$Display Name: XSTR("Virgo 3", 4788)
$Class: SF Aeshma
$Team: Hostile
$Location: -8502.318359, -0.000336, 9349.658203
$Orientation:
	0.262725, 0.000000, 0.964871,
	-0.037364, 0.999250, 0.010174,
	-0.964147, -0.038725, 0.262528
$AI Behavior: None
$Cargo 1:  XSTR("Nothing", 13)
+Initial Velocity: 33
+Initial Hull: 100
+Subsystem: Pilot
$Arrival Location: Hyperspace
$Arrival Cue: ( false ) 
$Departure Location: Hyperspace
$Departure Cue: ( false ) 
$Determination: 10
+Flags: ( )
+Flags2: ( )
+Respawn priority: 0
+Orders Accepted: 0		;! note that this is a bitfield!!!
+Group: 0
+Use Table Score:
+Score: 12

$Name: Virgo 4		;! Object #19
$Display Name: XSTR("Virgo 4", 4789)
$Class: SF Aeshma
$Team: Hostile
$Location: -8421.009766, -0.000338, 9418.714844
$Orientation:
	0.249727, 0.000000, 0.968316,
	-0.037149, 0.999264, 0.009581,
	-0.967603, -0.038365, 0.249543
$AI Behavior: None
$Cargo 1:  XSTR("Nothing", 13)
+Initial Velocity: 33
+Initial Hull: 100
+Subsystem: Pilot
$Arrival Location: Hyperspace
$Arrival Cue: ( false ) 
$Departure Location: Hyperspace
$Departure Cue: ( false ) 
$Determination: 10
+Flags: ( )
+Flags2: ( )
+Respawn priority: 0
+Orders Accepted: 0		;! note that this is a bitfield!!!
+Group: 0
+Use Table Score:
+Score: 12

$Name: Epsilon 1		;! Object #20
$Display Name: XSTR("Epsilon 1", 4720)
$Class: GTF Perseus
$Team: Friendly
$Location: -3208.186523, 482.398865, 3919.531250
$Orientation:
	0.221179, 0.050378, 0.973931,
	-0.015140, 0.998722, -0.048222,
	-0.975116, -0.004080, 0.221659
$AI Behavior: None
+AI Class: General
$Cargo 1:  XSTR("Nothing", 13)
+Initial Hull: 100
+Subsystem: Pilot
+Primary Banks: ( "UD-8 Kayser" "UD-8 Kayser" )
+Secondary Banks: ( "Harpoon" "Trebuchet" )
$Arrival Location: Hyperspace
$Arrival Cue: ( false ) 
$Departure Location: Hyperspace
$Departure Cue: ( false ) 
$Determination: 10
+Flags: ( "cargo-known" )
+Flags2: ( )
+Respawn priority: 0
+Group: 0
+Score: 12

$Name: Epsilon 2		;! Object #21
$Display Name: XSTR("Epsilon 2", 4721)
$Class: GTF Perseus
$Team: Friendly
$Location: -3088.401611, 482.398865, 3845.411621
$Orientation:
	0.223817, 0.049982, 0.973349,
	-0.015150, 0.998742, -0.047803,
	-0.974513, -0.004047, 0.224292
$AI Behavior: None
+AI Class: General
$Cargo 1:  XSTR("Nothing", 13)
+Initial Hull: 100
+Subsystem: Pilot
+Primary Banks: ( "UD-8 Kayser" "UD-8 Kayser" )
+Secondary Banks: ( "Harpoon" "Trebuchet" )
$Arrival Location: Hyperspace
$Arrival Cue: ( false ) 
$Departure Location: Hyperspace
$Departure Cue: ( false ) 
$Determination: 10
+Flags: ( "cargo-known" )
+Flags2: ( )
+Respawn priority: 0
+Group: 0
+Score: 12

$Name: Epsilon 3		;! Object #22
$Display Name: XSTR("Epsilon 3", 4722)
$Class: GTF Perseus
$Team: Friendly
$Location: -3229.466309, 482.398865, 3710.149414
$Orientation:
	0.233264, 0.050297, 0.971112,
	-0.015712, 0.998726, -0.047954,
	-0.972286, -0.004072, 0.233757
$AI Behavior: None
+AI Class: General
$Cargo 1:  XSTR("Nothing", 13)
+Initial Hull: 100
+Subsystem: Pilot
+Primary Banks: ( "UD-8 Kayser" "UD-8 Kayser" )
+Secondary Banks: ( "Harpoon" "Trebuchet" )
$Arrival Location: Hyperspace
$Arrival Cue: ( false ) 
$Departure Location: Hyperspace
$Departure Cue: ( false ) 
$Determination: 10
+Flags: ( "cargo-known" )
+Flags2: ( )
+Respawn priority: 0
+Group: 0
+Score: 12

$Name: Epsilon 4		;! Object #23
$Display Name: XSTR("Epsilon 4", 4723)
$Class: GTF Perseus
$Team: Friendly
$Location: -3099.796631, 482.398865, 3642.946289
$Orientation:
	0.235278, 0.049878, 0.970648,
	-0.015680, 0.998747, -0.047521,
	-0.971802, -0.004039, 0.235765
$AI Behavior: None
+AI Class: General
$Cargo 1:  XSTR("Nothing", 13)
+Initial Hull: 100
+Subsystem: Pilot
+Primary Banks: ( "UD-8 Kayser" "UD-8 Kayser" )
+Secondary Banks: ( "Harpoon" "Trebuchet" )
$Arrival Location: Hyperspace
$Arrival Cue: ( false ) 
$Departure Location: Hyperspace
$Departure Cue: ( false ) 
$Determination: 10
+Flags: ( "cargo-known" )
+Flags2: ( )
+Respawn priority: 0
+Group: 0
+Score: 12

$Name: Omega		;! Object #24
$Display Name: XSTR("Omega", 4622)
$Class: GTT Elysium
$Team: Friendly
$Location: -7498.659180, 543.075378, 9732.817383
$Orientation:
	-0.030792, 0.000000, -0.999526,
	0.024624, -0.999696, -0.000759,
	-0.999223, -0.024635, 0.030783
$AI Behavior: None
$AI Goals: ( goals ( ai-dock "Vidar" "topside docking" "primary dock" 89 ) )
$Cargo 1:  XSTR("Marines", 5665)
+Initial Velocity: 33
+Initial Hull: 100
+Initial Shields: 100
+Subsystem: Pilot
+Subsystem: turret01
$Arrival Location: Hyperspace
$Arrival Cue: ( has-arrived-delay 1 "Philosties" ) 
$Departure Location: Hyperspace
$Departure Cue: ( false ) 
$Determination: 10
+Flags: ( "cargo-known" "no-shields" )
+Flags2: ( )
+Respawn priority: 0
+Orders Accepted: 0		;! note that this is a bitfield!!!
+Group: 0
+Use Table Score:
+Score: 10

$Name: Sagittarius 1		;! Object #25
$Display Name: XSTR("Sagittarius 1", 4792)
$Class: SF Astaroth
$Team: Hostile
$Location: -8579.156250, -0.000326, 8739.964844
$Orientation:
	0.350596, 0.000000, 0.936527,
	-0.035640, 0.999276, 0.013342,
	-0.935849, -0.038056, 0.350342
$AI Behavior: None
$Cargo 1:  XSTR("Nothing", 13)
+Initial Velocity: 33
+Subsystem: Pilot
$Arrival Location: Hyperspace
$Arrival Cue: ( false ) 
$Departure Location: Hyperspace
$Departure Cue: ( false ) 
$Determination: 10
+Flags: ( )
+Flags2: ( )
+Respawn priority: 0
+Orders Accepted: 0		;! note that this is a bitfield!!!
+Group: 0
+Use Table Score:
+Score: 13

$Name: Sagittarius 2		;! Object #26
$Display Name: XSTR("Sagittarius 2", 4793)
$Class: SF Astaroth
$Team: Hostile
$Location: -8490.035156, -0.000369, 8805.224609
$Orientation:
	0.337571, 0.000000, 0.941300,
	-0.035493, 0.999289, 0.012729,
	-0.940631, -0.037706, 0.337330
$AI Behavior: None
$Cargo 1:  XSTR("Nothing", 13)
+Initial Velocity: 33
+Subsystem: Pilot
$Arrival Location: Hyperspace
$Arrival Cue: ( false ) 
$Departure Location: Hyperspace
$Departure Cue: ( false ) 
$Determination: 10
+Flags: ( )
+Flags2: ( )
+Respawn priority: 0
+Orders Accepted: 0		;! note that this is a bitfield!!!
+Group: 0
+Use Table Score:
+Score: 13

$Name: Sagittarius 3		;! Object #27
$Display Name: XSTR("Sagittarius 3", 4794)
$Class: SF Astaroth
$Team: Hostile
$Location: -8473.017578, -0.000336, 8671.359375
$Orientation:
	0.354361, 0.000000, 0.935109,
	-0.034933, 0.999302, 0.013238,
	-0.934456, -0.037357, 0.354113
$AI Behavior: None
$Cargo 1:  XSTR("Nothing", 13)
+Initial Velocity: 33
+Subsystem: Pilot
$Arrival Location: Hyperspace
$Arrival Cue: ( false ) 
$Departure Location: Hyperspace
$Departure Cue: ( false ) 
$Determination: 10
+Flags: ( )
+Flags2: ( )
+Respawn priority: 0
+Orders Accepted: 0		;! note that this is a bitfield!!!
+Group: 0
+Use Table Score:
+Score: 13

$Name: Sagittarius 4		;! Object #28
$Display Name: XSTR("Sagittarius 4", 4795)
$Class: SF Astaroth
$Team: Hostile
$Location: -8335.994141, -0.000400, 8737.748047
$Orientation:
	0.339158, 0.000000, 0.940729,
	-0.034601, 0.999323, 0.012474,
	-0.940093, -0.036781, 0.338929
$AI Behavior: None
$Cargo 1:  XSTR("Nothing", 13)
+Initial Velocity: 33
+Subsystem: Pilot
$Arrival Location: Hyperspace
$Arrival Cue: ( false ) 
$Departure Location: Hyperspace
$Departure Cue: ( false ) 
$Determination: 10
+Flags: ( )
+Flags2: ( )
+Respawn priority: 0
+Orders Accepted: 0		;! note that this is a bitfield!!!
+Group: 0
+Use Table Score:
+Score: 13

$Name: Leo 1		;! Object #29
$Display Name: XSTR("Leo 1", 4804)
$Class: SB Nephilim
$Team: Hostile
$Location: -13769.676758, -386.270294, 10895.306641
$Orientation:
	-0.163887, 0.000000, -0.986479,
	0.000000, 1.000000, 0.000000,
	0.986479, 0.000000, -0.163887
$AI Behavior: None
$Cargo 1:  XSTR("Nothing", 13)
+Initial Velocity: 33
+Initial Hull: 100
+Subsystem: Pilot
+Secondary Banks: ( "" "" "" "" )
+Subsystem: turret01
+Subsystem: turret02
$Arrival Location: Hyperspace
$Arrival Cue: ( false ) 
$Departure Location: Hyperspace
$Departure Cue: ( false ) 
$Determination: 10
+Flags: ( )
+Flags2: ( )
+Respawn priority: 0
+Orders Accepted: 0		;! note that this is a bitfield!!!
+Group: 0
+Use Table Score:
+Score: 11

$Name: Leo 2		;! Object #30
$Display Name: XSTR("Leo 2", 4805)
$Class: SB Nephilim
$Team: Hostile
$Location: -13957.137695, -386.270294, 11147.141602
$Orientation:
	-0.195409, 0.000000, -0.980722,
	0.000000, 1.000000, 0.000000,
	0.980722, 0.000000, -0.195409
$AI Behavior: None
$Cargo 1:  XSTR("Nothing", 13)
+Initial Velocity: 33
+Initial Hull: 100
+Subsystem: Pilot
+Secondary Banks: ( "" "" "" "" )
+Subsystem: turret01
+Subsystem: turret02
$Arrival Location: Hyperspace
$Arrival Cue: ( false ) 
$Departure Location: Hyperspace
$Departure Cue: ( false ) 
$Determination: 10
+Flags: ( )
+Flags2: ( )
+Respawn priority: 0
+Orders Accepted: 0		;! note that this is a bitfield!!!
+Group: 0
+Use Table Score:
+Score: 11

$Name: Leo 3		;! Object #31
$Display Name: XSTR("Leo 3", 5097)
$Class: SB Nephilim
$Team: Hostile
$Location: -14069.138672, -386.270325, 10666.000000
$Orientation:
	-0.123985, 0.000000, -0.992284,
	0.000000, 1.000000, 0.000000,
	0.992284, 0.000000, -0.123985
$AI Behavior: None
$Cargo 1:  XSTR("Nothing", 13)
+Initial Velocity: 33
+Initial Hull: 100
+Subsystem: Pilot
+Secondary Banks: ( "" "" "" "" )
+Subsystem: turret01
+Subsystem: turret02
$Arrival Location: Hyperspace
$Arrival Cue: ( false ) 
$Departure Location: Hyperspace
$Departure Cue: ( false ) 
$Determination: 10
+Flags: ( )
+Flags2: ( )
+Respawn priority: 0
+Orders Accepted: 0		;! note that this is a bitfield!!!
+Group: 0
+Use Table Score:
+Score: 11

$Name: Leo 4		;! Object #32
$Display Name: XSTR("Leo 4", 5161)
$Class: SB Nephilim
$Team: Hostile
$Location: -14243.482422, -386.270294, 10912.901367
$Orientation:
	-0.155427, 0.000000, -0.987847,
	0.000000, 1.000000, 0.000000,
	0.987847, 0.000000, -0.155427
$AI Behavior: None
$Cargo 1:  XSTR("Nothing", 13)
+Initial Velocity: 33
+Initial Hull: 100
+Subsystem: Pilot
+Secondary Banks: ( "" "" "" "" )
+Subsystem: turret01
+Subsystem: turret02
$Arrival Location: Hyperspace
$Arrival Cue: ( false ) 
$Departure Location: Hyperspace
$Departure Cue: ( false ) 
$Determination: 10
+Flags: ( )
+Flags2: ( )
+Respawn priority: 0
+Orders Accepted: 0		;! note that this is a bitfield!!!
+Group: 0
+Use Table Score:
+Score: 11

$Name: Aquarius 1		;! Object #33
$Display Name: XSTR("Aquarius 1", 4724)
$Class: SB Nahema
$Team: Hostile
$Location: -13646.487305, -166.140182, 10943.794922
$Orientation:
	-0.031035, 0.000000, -0.999518,
	0.000000, 1.000000, 0.000000,
	0.999518, 0.000000, -0.031035
$AI Behavior: None
$Cargo 1:  XSTR("Nothing", 13)
+Initial Velocity: 33
+Initial Hull: 100
+Subsystem: Pilot
+Secondary Banks: ( "" "" "" )
$Arrival Location: Hyperspace
$Arrival Cue: ( false ) 
$Departure Location: Hyperspace
$Departure Cue: ( false ) 
$Determination: 10
+Flags: ( "no-dynamic" )
+Flags2: ( )
+Respawn priority: 0
+Orders Accepted: 0		;! note that this is a bitfield!!!
+Group: 0
+Use Table Score:
+Score: 14

$Name: Aquarius 2		;! Object #34
$Display Name: XSTR("Aquarius 2", 4725)
$Class: SB Nahema
$Team: Hostile
$Location: -13801.171875, -166.140167, 11139.634766
$Orientation:
	-0.058573, 0.000000, -0.998283,
	0.000000, 1.000000, 0.000000,
	0.998283, 0.000000, -0.058573
$AI Behavior: None
$Cargo 1:  XSTR("Nothing", 13)
+Initial Velocity: 33
+Initial Hull: 100
+Subsystem: Pilot
+Secondary Banks: ( "" "" "" )
$Arrival Location: Hyperspace
$Arrival Cue: ( false ) 
$Departure Location: Hyperspace
$Departure Cue: ( false ) 
$Determination: 10
+Flags: ( "no-dynamic" )
+Flags2: ( )
+Respawn priority: 0
+Orders Accepted: 0		;! note that this is a bitfield!!!
+Group: 0
+Use Table Score:
+Score: 14

$Name: Aquarius 3		;! Object #35
$Display Name: XSTR("Aquarius 3", 4726)
$Class: SB Nahema
$Team: Hostile
$Location: -13908.070313, -166.140106, 10790.580078
$Orientation:
	-0.008075, 0.000000, -0.999967,
	0.000000, 1.000000, 0.000000,
	0.999967, 0.000000, -0.008075
$AI Behavior: None
$Cargo 1:  XSTR("Nothing", 13)
+Initial Velocity: 33
+Initial Hull: 100
+Subsystem: Pilot
+Secondary Banks: ( "" "" "" )
$Arrival Location: Hyperspace
$Arrival Cue: ( false ) 
$Departure Location: Hyperspace
$Departure Cue: ( false ) 
$Determination: 10
+Flags: ( "no-dynamic" )
+Flags2: ( )
+Respawn priority: 0
+Orders Accepted: 0		;! note that this is a bitfield!!!
+Group: 0
+Use Table Score:
+Score: 14

$Name: Aquarius 4		;! Object #36
$Display Name: XSTR("Aquarius 4", 4727)
$Class: SB Nahema
$Team: Hostile
$Location: -13952.119141, -166.140228, 10962.760742
$Orientation:
	-0.039411, 0.000000, -0.999223,
	0.000000, 1.000000, 0.000000,
	0.999223, 0.000000, -0.039411
$AI Behavior: None
$Cargo 1:  XSTR("Nothing", 13)
+Initial Velocity: 33
+Initial Hull: 100
+Subsystem: Pilot
+Secondary Banks: ( "" "" "" )
$Arrival Location: Hyperspace
$Arrival Cue: ( false ) 
$Departure Location: Hyperspace
$Departure Cue: ( false ) 
$Determination: 10
+Flags: ( "no-dynamic" )
+Flags2: ( )
+Respawn priority: 0
+Orders Accepted: 0		;! note that this is a bitfield!!!
+Group: 0
+Use Table Score:
+Score: 14

$Name: Aries 1		;! Object #37
$Display Name: XSTR("Aries 1", 4615)
$Class: SF Astaroth
$Team: Hostile
$Location: -13547.551758, -93.844398, 11140.614258
$Orientation:
	-0.060941, 0.000000, -0.998141,
	0.000000, 1.000000, 0.000000,
	0.998141, 0.000000, -0.060941
$AI Behavior: None
$Cargo 1:  XSTR("Nothing", 13)
+Initial Velocity: 33
+Subsystem: Pilot
$Arrival Location: Hyperspace
$Arrival Cue: ( false ) 
$Departure Location: Hyperspace
$Departure Cue: ( false ) 
$Determination: 10
+Flags: ( )
+Flags2: ( )
+Respawn priority: 0
+Orders Accepted: 0		;! note that this is a bitfield!!!
+Group: 0
+Use Table Score:
+Score: 13

$Name: Aries 2		;! Object #38
$Display Name: XSTR("Aries 2", 4616)
$Class: SF Astaroth
$Team: Hostile
$Location: -13636.083008, -93.844383, 11199.325195
$Orientation:
	-0.068787, 0.000000, -0.997631,
	0.000000, 1.000000, 0.000000,
	0.997631, 0.000000, -0.068787
$AI Behavior: None
$Cargo 1:  XSTR("Nothing", 13)
+Initial Velocity: 33
+Subsystem: Pilot
$Arrival Location: Hyperspace
$Arrival Cue: ( false ) 
$Departure Location: Hyperspace
$Departure Cue: ( false ) 
$Determination: 10
+Flags: ( )
+Flags2: ( )
+Respawn priority: 0
+Orders Accepted: 0		;! note that this is a bitfield!!!
+Group: 0
+Use Table Score:
+Score: 13

$Name: Libra 1		;! Object #39
$Display Name: XSTR("Libra 1", 4624)
$Class: SB Taurvi
$Team: Hostile
$Location: -13898.351563, -220.105896, 11125.614258
$Orientation:
	-0.055774, 0.000000, -0.998443,
	0.000000, 1.000000, 0.000000,
	0.998443, 0.000000, -0.055774
$AI Behavior: None
$Cargo 1:  XSTR("Nothing", 13)
+Initial Velocity: 33
+Initial Hull: 100
+Subsystem: Pilot
+Secondary Banks: ( "" "" )
$Arrival Location: Hyperspace
$Arrival Cue: ( false ) 
$Departure Location: Hyperspace
$Departure Cue: ( false ) 
$Determination: 10
+Flags: ( "no-dynamic" )
+Flags2: ( )
+Respawn priority: 0
+Orders Accepted: 0		;! note that this is a bitfield!!!
+Group: 0
+Use Table Score:
+Score: 10

$Name: Libra 2		;! Object #40
$Display Name: XSTR("Libra 2", 4625)
$Class: SB Taurvi
$Team: Hostile
$Location: -13975.460938, -220.105896, 11207.430664
$Orientation:
	-0.066645, 0.000000, -0.997777,
	0.000000, 1.000000, 0.000000,
	0.997777, 0.000000, -0.066645
$AI Behavior: None
$Cargo 1:  XSTR("Nothing", 13)
+Initial Velocity: 33
+Initial Hull: 100
+Subsystem: Pilot
+Secondary Banks: ( "" "" )
$Arrival Location: Hyperspace
$Arrival Cue: ( false ) 
$Departure Location: Hyperspace
$Departure Cue: ( false ) 
$Determination: 10
+Flags: ( "no-dynamic" )
+Flags2: ( )
+Respawn priority: 0
+Orders Accepted: 0		;! note that this is a bitfield!!!
+Group: 0
+Use Table Score:
+Score: 10

$Name: Scorpio 1		;! Object #41
$Display Name: XSTR("Scorpio 1", 4706)
$Class: SF Manticore
$Team: Hostile
