#Mission Info

$Version: 0.10
$Name:  XSTR("Voices from the Mist", 7971)
$Author: Exile Team
$Created: 02/20/14 at 14:29:55
$Modified: 09/22/22 at 09:25:01
$Notes:
This is a FRED2_OPEN created mission.
$End Notes:

$Mission Desc:
 XSTR("Put mission description here
", 6680)
$end_multi_text
+Game Type Flags: 1
+Flags: 327812
+NebAwacs: 4000.000000

+Storm: none

+Fog Near Mult: 1.000000

+Fog Far Mult: 1.000000

+Disallow Support: 1
+Hull Repair Ceiling: 0.000000
+Subsystem Repair Ceiling: 100.000000

+Viewer pos: 7578.348145, 14443.439453, 9409.945313
+Viewer orient:
	0.062490, 0.000002, 0.998046,
	-0.992735, 0.103021, 0.062157,
	-0.102819, -0.994679, 0.006440


$Load Screen 1024: Loading_M06.png

$Skybox Model: skybox_uranus2.pof

$AI Profile: Exile

#Sexp_variables

$Variables:
(
		0		"filename"		"exile05ships"		"string"
		1		"saveexist"		"2"		"number"
		2		"i18nVariable1"		"#Valhalla"		"string"
		3		"i18nVariable2"		"#Spark"		"string"
		4		"i18nVariable3"		"#Ironclad"		"string"
)

#Command Briefing

#Briefing
$start_briefing
$num_stages: 1
$start_stage
$multi_text
 XSTR("Tactical Arbiter Hemming:
Good job destroying those devices, pilots. Thanks to your efforts, our scanners are fully functional in the vicinity around Uranus once again. We were able to track our missing convoy and confirm that its crash-jump from Europa took it all the way to Uranus. Beyond that, we are uncertain about how many ships may have survived entry into the planet's atmosphere. 

You are going to start your search at the exact destination point of their crash-jump. Be advised that we are not receiving any distress signals from the convoy. We suspect their emergency transponders were deactivated in order to reduce the likelihood of being discovered. However, the Shivans have sufficient forces to scour the entirety of the vicinity near Uranus. We do not. Therefore, it is imperative that we find the convoy before the Shivans do. 

Your primary objective is to locate and secure the ORSh Big Buddha, a mobile shipyard the ORS previously used during the Rim Conflict to repair its damaged warships, and the ORCa Graf Zeppelin, a Syr Darya-class carrier that was escorting the convoy. Because of their strategic value, it is essential you locate and rescue both the Big Buddha and the Graf Zeppelin and bring them both to the rendezvous point intact.", 7972)
$end_multi_text
$voice: none.wav
$camera_pos: 1906.135498, 5917.928711, 20383.074219
$camera_orient:
	0.896305, -0.000000, 0.443438,
	-0.340954, 0.639385, 0.689157,
	-0.283528, -0.768886, 0.573084
$camera_time: 500
$num_lines: 0
$num_icons: 0
$Flags: 0
$Formula: ( true ) 
$end_stage
$end_briefing

#Debriefing_info

$Num stages: 3

$Formula: ( is-goal-true-delay 
   "Protect convoy" 
   0 
)
$Multi text
    XSTR("Shipmaster Donnelly:
Welcome aboard the Graf Zeppelin, pilots. I am Shipmaster Donnelly. I wanted to personally welcome the ORS pilots who braved Uranus' atmosphere in order to rescue the Big Buddha. Our crews are hard at work servicing your fighters. Once they are rearmed and repaired, you can thank them by supporting our retreat to Beta Volantis. 

I believe it is only fair that I inform you where I stand in all this. Your Fleetmaster may have convinced me to take part in his plan, but he has not gained my trust. At least, not yet. I'm taking a great risk in joining his exodus. There are thirty thousand survivors under my care whom I must protect at all costs. Tyrone had better be well prepared if his goal is to get us out of Sol alive. Otherwise, all my efforts to save this small human enclave will have been for nothing. 

In any case, we are, as your squadmaster said himself, 'in the same boat now.' One of our deck officers will show you to your cabins. Take time to rest, eat something and get a shower. All of you need to be at full combat readiness when my fleet reaches the rallying point.", 7973)
$end_multi_text
$Voice: none.wav
$Recommendation text:
    XSTR("", 10)
$end_multi_text

$Formula: ( or 
   ( is-destroyed-delay 0 "Big Buddha" ) 
   ( is-destroyed-delay 
      0 
      "Graf Zeppelin" 
   )
)
$Multi text
    XSTR("Your squadron failed in its mission to locate and retrieve the Big Buddha and the missing refuge convoy from Uranus. Soon after you reached the allied rally point, it was compromised and came under attack by multiple Shivan bomber wings. Despite the valiant effort of the Avalonians and other escort wings, the Syndicate's ships didn't make it out of Uranus alive.", 7974)
$end_multi_text
$Voice: none.wav
$Recommendation text:
    XSTR("", 10)
$end_multi_text

$Formula: ( is-event-true-delay 
   "you got lost" 
   0 
)
$Multi text
    XSTR("The ORS patrol sent to locate Europa's missing refugee convoy failed in accomplishing its objectives. The pilots who participated in the mission became separated by the planet's dense gas clouds. Failing to re-establish contact, Beta wing was officially listed by Valhalla as MIA. The rescue operation in this theatre was also suspended as a result.", 7975)
$end_multi_text
$Voice: none.wav
$Recommendation text:
    XSTR("", 10)
$end_multi_text

#Callsigns:
$Callsign: XSTR("Harper", 6805)
$Callsign: XSTR("Black Widow", 6806)
$Callsign: XSTR("Spark", 6807)
$Callsign: XSTR("Al-Churi", 6810)
$Callsign: XSTR("Nielsen", 6811)

#end


#Players		;! 1 total

$Starting Shipname: Beta 1
$Ship Choices: (
	"GTF Ulysses"	5
	"GTF Hercules"	5
	"GTF Hercules Mark II"	5
	"GTF Ares"	5
	"GTF Erinyes"	5
	"GTF Loki"	5
	"GTF Pegasus"	5
	"GTF Perseus"	5
	"GTF Myrmidon"	5
	"SF Mara (terrans)"	5
	"GTB Artemis"	5
	"GTB Artemis D.H."	5
	"GTB Medusa"	5
	"GTB Ursa"	5
	"GTB Zeus"	5
	"GTB Boanerges"	5
	"GVF Ptah"	5
	"ORF Rapier"	5
	"ORF Ymir"	5
	"ORF Vindicator"	5
	"ORB Stalker"	5
)

+Weaponry Pool: (
	"Subach HL-7"	16
	"Subach HL-D"	16
	"Mekhu HL-7"	16
	"Mekhu HL-7D"	16
	"Akheton SDG"	16
	"Morning Star"	16
	"MorningStar D"	16
	"Prometheus R"	16
	"Prometheus S"	16
	"Prometheus D"	16
	"Maxim"	16
	"Maxim D"	16
	"UD-8 Kayser"	16
	"UD-D Kayser"	16
	"Circe"	16
	"Lamprey"	16
	"Pulsar PC-9"	24
	"Prometheus N"	24
	"Defiler LPC"	16
	"Scythe"	16
	"Eviscerator"	16
	"Incisor"	16
	"Devastator"	16
	"Excalibur"	16
	"Vengeance"	16
	"Yali Pulse Cannon"	16
	"Rockeye"	500
	"Rockeye D"	500
	"Tempest"	500
	"Tempest D"	500
	"Hornet"	500
	"Hornet D"	500
	"Tornado"	500
	"Tornado D"	500
	"Harpoon"	500
	"Harpoon D"	500
	"Trebuchet"	500
	"TAG-A"	500
	"TAG-B"	500
	"TAG-C"	500
	"Piranha"	500
	"Stiletto II"	500
	"Infyrno"	500
	"Infyrno D"	500
	"Cyclops"	500
	"Cyclops#short"	500
	"Helios"	500
	"EMP Adv."	500
	"Bolt"	500
	"Seeker"	500
	"Maelstrom"	500
	"Stinger"	580
	"MX-112"	1300
	"Vortex"	500
	"Thunderstrike"	500
	"Hurricane"	500
	"Arbalest"	500
	"Demolisher"	500
	"Revenant"	500
)

#Objects		;! 92 total

$Name: Beta 1		;! Object #0
$Display Name: XSTR("Beta 1", 6701)
$Class: ORF Defender
$Callsign: XSTR("Spark", 6807)

$Team: Friendly
$Team Color Setting: Non-Assigned
$Location: -3520.294189, -0.000000, -8875.750000
$Orientation:
	1.000000, 0.000000, 0.000000,
	0.000000, 1.000000, 0.000000,
	0.000000, 0.000000, 1.000000
$AI Behavior: None
$Cargo 1:  XSTR("Nothing", 13)
+Initial Hull: 100
+Subsystem: Pilot
$Arrival Location: Hyperspace
$Arrival Cue: ( false ) 
$Departure Location: Hyperspace
$Departure Cue: ( false ) 
$Determination: 10
+Flags: ( "cargo-known" "player-start" )
+Flags2: ( )
+Respawn priority: 0
+Orders Accepted List: ( "attack ship" "disable ship" "disarm ship" "guard ship" "ignore ship" "form on wing" "cover me" "attack any" "disable subsys" )
+Group: 0
+Use Table Score:
+Score: 8

$Name: Beta 2		;! Object #1
$Display Name: XSTR("Beta 2", 6702)
$Class: ORF Defender
$Callsign: XSTR("Al-Churi", 6810)

$Team: Friendly
$Team Color Setting: Non-Assigned
$Location: -3550.000000, -0.000000, -8912.477539
$Orientation:
	1.000000, 0.000000, 0.000000,
	0.000000, 1.000000, 0.000000,
	0.000000, 0.000000, 1.000000
$AI Behavior: None
$Cargo 1:  XSTR("Nothing", 13)
+Initial Velocity: 33
+Initial Hull: 100
+Subsystem: Pilot
$Arrival Location: Hyperspace
$Arrival Cue: ( false ) 
$Departure Location: Hyperspace
$Departure Cue: ( false ) 
$Determination: 10
+Flags: ( "cargo-known" )
+Flags2: ( )
+Respawn priority: 0
+Orders Accepted List: ( "attack ship" "disable ship" "disarm ship" "guard ship" "ignore ship" "form on wing" "cover me" "attack any" "disable subsys" )
+Group: 0
+Use Table Score:
+Score: 8
+Persona Index: 11

$Name: Beta 3		;! Object #2
$Display Name: XSTR("Beta 3", 6703)
$Class: ORF Defender
$Team: Friendly
$Team Color Setting: Non-Assigned
$Location: -3459.399170, -0.000000, -8914.454102
$Orientation:
	1.000000, 0.000000, 0.000000,
	0.000000, 1.000000, 0.000000,
	0.000000, 0.000000, 1.000000
$AI Behavior: None
$Cargo 1:  XSTR("Nothing", 13)
+Initial Velocity: 33
+Initial Hull: 100
+Subsystem: Pilot
$Arrival Location: Hyperspace
$Arrival Cue: ( false ) 
$Departure Location: Hyperspace
$Departure Cue: ( false ) 
$Determination: 10
+Flags: ( "cargo-known" )
+Flags2: ( )
+Respawn priority: 0
+Orders Accepted List: ( "attack ship" "disable ship" "disarm ship" "guard ship" "ignore ship" "form on wing" "cover me" "attack any" "disable subsys" )
+Group: 0
+Use Table Score:
+Score: 8
+Persona Index: 21

$Name: Beta 4		;! Object #3
$Display Name: XSTR("Beta 4", 6704)
$Class: ORF Defender
$Team: Friendly
$Team Color Setting: Non-Assigned
$Location: -3500.942627, -0.000000, -8949.229492
$Orientation:
	1.000000, 0.000000, 0.000000,
	0.000000, 1.000000, 0.000000,
	0.000000, 0.000000, 1.000000
$AI Behavior: None
$Cargo 1:  XSTR("Nothing", 13)
+Initial Velocity: 33
+Initial Hull: 100
+Subsystem: Pilot
$Arrival Location: Hyperspace
$Arrival Cue: ( false ) 
$Departure Location: Hyperspace
$Departure Cue: ( false ) 
$Determination: 10
+Flags: ( "cargo-known" )
+Flags2: ( )
+Respawn priority: 0
+Orders Accepted List: ( "attack ship" "disable ship" "disarm ship" "guard ship" "ignore ship" "form on wing" "cover me" "attack any" "disable subsys" )
+Group: 0
+Use Table Score:
+Score: 8
+Persona Index: 20

$Name: Alpha 1		;! Object #4
$Display Name: XSTR("Alpha 1", 6681)
$Class: ORF Defender
$Callsign: XSTR("Harper", 6805)

$Team: Friendly
$Team Color Setting: Non-Assigned
$Location: -3659.866943, -0.000000, -8868.958008
$Orientation:
	1.000000, 0.000000, 0.000000,
	0.000000, 1.000000, 0.000000,
	0.000000, 0.000000, 1.000000
$AI Behavior: None
$Cargo 1:  XSTR("Nothing", 13)
+Initial Velocity: 33
+Initial Hull: 100
+Subsystem: Pilot
$Arrival Location: Hyperspace
$Arrival Cue: ( false ) 
$Departure Location: Hyperspace
$Departure Cue: ( false ) 
$Determination: 10
+Flags: ( "cargo-known" "no-departure-warp" )
+Flags2: ( )
+Respawn priority: 0
+Orders Accepted List: ( )
+Group: 0
+Use Table Score:
+Score: 8
+Persona Index: 7

$Name: Alpha 2		;! Object #5
$Display Name: XSTR("Alpha 2", 6826)
$Class: ORF Defender
$Callsign: XSTR("Black Widow", 6806)

$Team: Friendly
$Team Color Setting: Non-Assigned
$Location: -3622.672119, -0.000000, -8934.868164
$Orientation:
	1.000000, 0.000000, 0.000000,
	0.000000, 1.000000, 0.000000,
	0.000000, 0.000000, 1.000000
$AI Behavior: None
$Cargo 1:  XSTR("Nothing", 13)
+Initial Velocity: 33
+Initial Hull: 100
+Subsystem: Pilot
$Arrival Location: Hyperspace
$Arrival Cue: ( false ) 
$Departure Location: Hyperspace
$Departure Cue: ( false ) 
$Determination: 10
+Flags: ( "cargo-known" "no-departure-warp" )
+Flags2: ( )
+Respawn priority: 0
+Orders Accepted List: ( )
+Group: 0
+Use Table Score:
+Score: 8
+Persona Index: 8

$Name: Alpha 3		;! Object #6
$Display Name: XSTR("Alpha 3", 6827)
$Class: ORF Defender
$Callsign: XSTR("Nielsen", 6811)

$Team: Friendly
$Team Color Setting: Non-Assigned
$Location: -3683.573486, -0.000000, -8945.778320
$Orientation:
	1.000000, 0.000000, 0.000000,
	0.000000, 1.000000, 0.000000,
	0.000000, 0.000000, 1.000000
$AI Behavior: None
$Cargo 1:  XSTR("Nothing", 13)
+Initial Velocity: 33
+Initial Hull: 100
+Subsystem: Pilot
$Arrival Location: Hyperspace
$Arrival Cue: ( false ) 
$Departure Location: Hyperspace
$Departure Cue: ( false ) 
$Determination: 10
+Flags: ( "cargo-known" "no-departure-warp" )
+Flags2: ( )
+Respawn priority: 0
+Orders Accepted List: ( )
+Group: 0
+Use Table Score:
+Score: 8
+Persona Index: 9

$Name: Alpha 4		;! Object #7
$Display Name: XSTR("Alpha 4", 6828)
$Class: ORF Defender
$Team: Friendly
$Team Color Setting: Non-Assigned
$Location: -3640.071533, -0.000000, -8993.805664
$Orientation:
	1.000000, 0.000000, 0.000000,
	0.000000, 1.000000, 0.000000,
	0.000000, 0.000000, 1.000000
$AI Behavior: None
$Cargo 1:  XSTR("Nothing", 13)
+Initial Velocity: 33
+Initial Hull: 100
+Subsystem: Pilot
$Arrival Location: Hyperspace
$Arrival Cue: ( false ) 
$Departure Location: Hyperspace
$Departure Cue: ( false ) 
$Determination: 10
+Flags: ( "cargo-known" "no-departure-warp" )
+Flags2: ( )
+Respawn priority: 0
+Orders Accepted List: ( )
+Group: 0
+Use Table Score:
+Score: 8
+Persona Index: 21

$Name: Ganymede Express		;! Object #8
$Display Name: XSTR("Ganymede Express", 7976)
$Class: ORFr Chronos
$Team: Friendly
$Location: 3911.325195, 1425.984619, 23271.107422
$Orientation:
	0.985585, -0.162118, 0.048378,
	0.169182, 0.944431, -0.281830,
	0.000000, 0.285952, 0.958244
$AI Behavior: None
$Cargo 1:  XSTR("Nothing", 13)
+Initial Velocity: 33
+Initial Hull: 87
+Subsystem: Pilot
+Subsystem: turreta
$Arrival Location: Hyperspace
$Arrival Cue: ( is-event-true-delay "fadein" 0 ) 
$Departure Location: Hyperspace
+Departure delay: 1
$Departure Cue: ( false ) 
$Determination: 10
+Flags: ( "cargo-known" "no-arrival-warp" )
+Flags2: ( )
+Respawn priority: 0
+Hotkey: 4
+Orders Accepted List: ( )
+Group: 0
+Use Table Score:
+Score: 20

$Name: UHI Hauler 14a		;! Object #9
$Display Name: XSTR("UHI Hauler 14a", 7977)
$Class: ORFr Chronos
$Team: Friendly
$Location: 4129.502441, 1168.781006, 23692.404297
$Orientation:
	0.985587, -0.162100, 0.048438,
	0.169183, 0.944488, -0.281655,
	-0.000093, 0.285791, 0.958300
$AI Behavior: None
$Cargo 1:  XSTR("Nothing", 13)
+Initial Velocity: 33
+Initial Hull: 100
+Subsystem: Pilot
+Subsystem: turreta
$Arrival Location: Hyperspace
$Arrival Cue: ( is-event-true-delay "fadein" 0 ) 
$Departure Location: Hyperspace
$Departure Cue: ( false ) 
$Determination: 10
+Flags: ( "cargo-known" "no-arrival-warp" )
+Flags2: ( )
+Respawn priority: 0
+Hotkey: 4
+Orders Accepted List: ( )
+Group: 0
+Use Table Score:
+Score: 20

$Name: UHI Cargo 138-H		;! Object #10
$Display Name: XSTR("UHI Cargo 138-H", 7978)
$Class: ORHCG-03
$Team: Friendly
$Location: 4131.975586, 1180.327637, 23684.748047
$Orientation:
	0.985587, -0.162101, 0.048438,
	0.169183, 0.944929, -0.280171,
	-0.000355, 0.284328, 0.958735
$AI Behavior: None
$Cargo 1:  XSTR("Ammunition", 7979)
+Initial Velocity: 33
+Initial Hull: 100
+Initial Shields: 100
+Subsystem: Pilot
$Arrival Location: Hyperspace
$Arrival Cue: ( false ) 
$Departure Location: Hyperspace
$Departure Cue: ( false ) 
$Determination: 10
+Flags: ( "cargo-known" "no-shields" )
+Flags2: ( )
+Respawn priority: 0
+Docked With: UHI Hauler 14a
$Docker Point: cargo dockpoint
$Dockee Point: cargo dockpoint
+Group: 0
+Use Table Score:
+Score: 5

$Name: Bradley		;! Object #11
$Display Name: XSTR("Bradley", 7980)
$Class: ORFr Chronos
$Team: Friendly
$Location: 5039.064941, 553.474060, 21623.968750
$Orientation:
	0.131424, -0.167065, -0.977143,
	-0.262457, 0.944665, -0.196813,
	0.955954, 0.282324, 0.080304
$AI Behavior: None
$Cargo 1:  XSTR("Nothing", 13)
+Initial Velocity: 33
+Initial Hull: 92
+Subsystem: Pilot
+Subsystem: turreta
$Arrival Location: Hyperspace
$Arrival Cue: ( is-event-true-delay "fadein" 0 ) 
$Departure Location: Hyperspace
+Departure delay: 1
$Departure Cue: ( false ) 
$Determination: 10
+Flags: ( "cargo-known" "no-arrival-warp" )
+Flags2: ( )
+Respawn priority: 0
+Hotkey: 4
+Orders Accepted List: ( )
+Group: 0
+Use Table Score:
+Score: 20

$Name: Bamiyan Corp. Cargo 66		;! Object #12
$Display Name: XSTR("Bamiyan Corp. Cargo 66", 7981)
$Class: ORHCG-03
$Team: Friendly
$Location: 5031.687500, 565.036621, 21620.816406
$Orientation:
	0.131424, -0.167066, -0.977143,
	-0.260977, 0.945101, -0.196689,
	0.956359, 0.280861, 0.080608
$AI Behavior: None
$Cargo 1:  XSTR("Engine Parts", 7982)
+Initial Velocity: 33
+Initial Hull: 100
+Initial Shields: 100
+Subsystem: Pilot
$Arrival Location: Hyperspace
$Arrival Cue: ( false ) 
$Departure Location: Hyperspace
$Departure Cue: ( false ) 
$Determination: 10
+Flags: ( "cargo-known" "no-shields" )
+Flags2: ( )
+Respawn priority: 0
+Docked With: Bradley
$Docker Point: cargo dockpoint
$Dockee Point: cargo dockpoint
+Group: 0
+Use Table Score:
+Score: 5

$Name: Izyda		;! Object #13
$Display Name: XSTR("Izyda", 7983)
$Class: ORFr Chronos
$Team: Friendly
$Location: 5542.007813, 479.458374, 21967.664063
$Orientation:
	0.708747, -0.165677, -0.685758,
	-0.087943, 0.943709, -0.318888,
	0.699987, 0.286319, 0.654279
$AI Behavior: None
$Cargo 1:  XSTR("Nothing", 13)
+Initial Velocity: 33
+Initial Hull: 100
+Subsystem: Pilot
+Subsystem: turreta
$Arrival Location: Hyperspace
$Arrival Cue: ( is-event-true-delay "fadein" 0 ) 
$Departure Location: Hyperspace
+Departure delay: 5
$Departure Cue: ( false ) 
$Determination: 10
+Flags: ( "cargo-known" "no-arrival-warp" )
+Flags2: ( )
+Respawn priority: 0
+Hotkey: 4
+Orders Accepted List: ( )
+Group: 0
+Use Table Score:
+Score: 20

$Name: ORHCG-239		;! Object #14
$Display Name: XSTR("ORHCG-239", 7984)
$Class: ORHCG-03
$Team: Friendly
$Location: 5538.121582, 490.992157, 21960.599609
$Orientation:
	0.708747, -0.165677, -0.685758,
	-0.086859, 0.944151, -0.317875,
	0.700122, 0.284858, 0.654772
$AI Behavior: None
$Cargo 1:  XSTR("Supplies", 7533)
+Initial Velocity: 33
+Initial Hull: 100
+Initial Shields: 100
+Subsystem: Pilot
$Arrival Location: Hyperspace
$Arrival Cue: ( false ) 
$Departure Location: Hyperspace
$Departure Cue: ( false ) 
$Determination: 10
+Flags: ( "cargo-known" "no-shields" )
+Flags2: ( )
+Respawn priority: 0
+Docked With: Izyda
$Docker Point: cargo dockpoint
$Dockee Point: cargo dockpoint
+Group: 0
+Use Table Score:
+Score: 5

$Name: Tesla		;! Object #15
$Display Name: XSTR("Tesla", 7985)
$Class: ORSC Faustus
$Team: Friendly
$Location: 3959.437012, 775.086548, 22061.632813
$Orientation:
	0.688846, -0.342067, 0.639126,
	0.320478, 0.934528, 0.154760,
	-0.650220, 0.098220, 0.753371
$AI Behavior: None
$Cargo 1:  XSTR("Nothing", 13)
+Initial Velocity: 33
+Initial Hull: 39
+Initial Shields: 100
+Subsystem: Pilot
+Subsystem: turret01
+Subsystem: turret02
+Subsystem: turret03
+Subsystem: turret04
+Subsystem: turret05
+Subsystem: turret06
$Arrival Location: Hyperspace
$Arrival Cue: ( is-event-true-delay "fadein" 0 ) 
$Departure Location: Hyperspace
+Departure delay: 4
$Departure Cue: ( false ) 
$Determination: 10
+Flags: ( "cargo-known" "no-shields" "no-arrival-warp" )
+Flags2: ( )
+Respawn priority: 0
+Hotkey: 4
+Orders Accepted List: ( )
+Group: 0
+Use Table Score:
+Score: 50

$Name: Asimov		;! Object #16
$Display Name: XSTR("Asimov", 7986)
$Class: ORSC Faustus
$Team: Friendly
$Location: 5733.429199, 992.865845, 23326.324219
$Orientation:
	0.894090, 0.076488, 0.441307,
	0.152615, 0.874317, -0.460737,
	-0.421083, 0.479291, 0.770045
$AI Behavior: None
$Cargo 1:  XSTR("Nothing", 13)
+Initial Velocity: 33
+Initial Hull: 61
+Initial Shields: 100
+Subsystem: Pilot
+Subsystem: turret01
+Subsystem: turret02
+Subsystem: turret03
+Subsystem: turret04
+Subsystem: turret05
+Subsystem: turret06
$Arrival Location: Hyperspace
$Arrival Cue: ( is-event-true-delay "fadein" 0 ) 
$Departure Location: Hyperspace
+Departure delay: 1
$Departure Cue: ( false ) 
$Determination: 10
+Flags: ( "cargo-known" "no-shields" "no-arrival-warp" )
+Flags2: ( )
+Respawn priority: 0
+Hotkey: 4
+Orders Accepted List: ( )
+Group: 0
+Use Table Score:
+Score: 50

$Name: UHI Omega 7		;! Object #17
$Display Name: XSTR("UHI Omega 7", 7987)
$Class: ORT Elysium
$Team: Friendly
$Location: 5165.249512, 290.539978, 21774.199219
$Orientation:
	0.654003, 0.516481, 0.552745,
	0.756489, -0.448500, -0.475996,
	0.002063, 0.729449, -0.684032
$AI Behavior: None
$Cargo 1:  XSTR("Survivors", 1610)
+Initial Velocity: 33
+Initial Hull: 61
+Subsystem: Pilot
+Subsystem: turret01
$Arrival Location: Hyperspace
$Arrival Cue: ( is-event-true-delay "fadein" 0 ) 
$Departure Location: Hyperspace
$Departure Cue: ( false ) 
$Determination: 10
+Flags: ( "cargo-known" "no-arrival-warp" )
+Flags2: ( )
+Respawn priority: 0
+Hotkey: 4
+Orders Accepted List: ( )
+Group: 0
+Use Table Score:
+Score: 10

$Name: Mariposa		;! Object #18
$Display Name: XSTR("Mariposa", 7988)
$Class: ORFr Nautilus
$Team: Friendly
$Location: 5432.286621, 1418.724609, 21420.652344
$Orientation:
	0.269390, 0.420077, -0.866583,
	-0.247637, 0.899806, 0.359201,
	0.930648, 0.117833, 0.346425
$AI Behavior: None
$Cargo 1:  XSTR("Heavy Supplies", 7989)
+Initial Velocity: 33
+Initial Hull: 48
+Initial Shields: 100
+Subsystem: Pilot
+Subsystem: turret01
+Subsystem: turret02
+Subsystem: turret03
+Subsystem: turret04
+Subsystem: turret05
+Subsystem: turret06
+Subsystem: turret07
+Subsystem: turret08
+Subsystem: turret09
+Subsystem: turret10
+Subsystem: turret11
+Subsystem: turret12
+Subsystem: turret13
+Subsystem: turret14
$Arrival Location: Hyperspace
$Arrival Cue: ( is-event-true-delay "fadein" 0 ) 
$Departure Location: Hyperspace
$Departure Cue: ( false ) 
$Determination: 10
+Flags: ( "cargo-known" "no-shields" "escort" "no-arrival-warp" )
+Flags2: ( )
+Respawn priority: 0
+Escort priority: 17
+Hotkey: 4
+Orders Accepted List: ( )
+Group: 0
+Use Table Score:
+Score: 180

$Name: Queen of the Stars		;! Object #19
$Display Name: XSTR("Queen of the Stars", 7990)
$Class: ORLr Hestia
$Team: Friendly
$Location: 6614.827637, 269.449371, 23016.310547
$Orientation:
	0.608257, -0.450966, 0.653187,
	0.637522, 0.767805, -0.063570,
	-0.472853, 0.455088, 0.754523
$AI Behavior: None
$Cargo 1:  XSTR("Passengers", 7991)
+Initial Hull: 100
+Initial Shields: 100
+Subsystem: Pilot
+Subsystem: turret01
+Subsystem: turret02
+Subsystem: turret03
+Subsystem: turret04
+Subsystem: turret05
+Subsystem: turret06
+Subsystem: turret07
+Subsystem: turret08
+Subsystem: turret09
+Subsystem: turret10
+Subsystem: turret11
+Subsystem: turret12
+Subsystem: turret13
+Subsystem: turret14
+Subsystem: turret15
+Subsystem: turret16
+Subsystem: turret17
$Arrival Location: Hyperspace
$Arrival Cue: ( is-event-true-delay "fadein" 0 ) 
$Departure Location: Hyperspace
$Departure Cue: ( false ) 
$Determination: 10
+Flags: ( "cargo-known" "no-shields" "escort" "no-arrival-warp" )
+Flags2: ( )
+Respawn priority: 0
+Escort priority: 16
+Hotkey: 4
+Orders Accepted List: ( )
+Group: 0
+Score: 180

$Name: Inventory Hauler 24		;! Object #20
$Display Name: XSTR("Inventory Hauler 24", 7992)
$Class: ORT Elysium
$Team: Friendly
$Location: 6032.252441, 410.177063, 23066.392578
$Orientation:
	-0.281899, 0.616625, -0.735056,
	-0.542973, -0.734169, -0.407647,
	-0.791021, 0.284200, 0.541772
$AI Behavior: None
$Cargo 1:  XSTR("Supplies", 7533)
+Initial Velocity: 33
+Initial Hull: 100
+Subsystem: Pilot
+Subsystem: turret01
$Arrival Location: Hyperspace
$Arrival Cue: ( is-event-true-delay "fadein" 0 ) 
$Departure Location: Hyperspace
+Departure delay: 3
$Departure Cue: ( false ) 
$Determination: 10
+Flags: ( "cargo-known" "no-arrival-warp" )
+Flags2: ( )
+Respawn priority: 0
+Hotkey: 4
+Orders Accepted List: ( )
+Group: 0
+Use Table Score:
+Score: 10

$Name: Graf Zeppelin		;! Object #21
$Display Name: XSTR("Graf Zeppelin", 7993)
$Class: ORCa Syr Darya
$Team: Friendly
$Location: 3781.615234, 1800.593018, 23999.232422
$Orientation:
	0.333345, 0.295068, -0.895442,
	-0.458287, 0.880719, 0.119611,
	0.823926, 0.370498, 0.428809
$AI Behavior: None
$Cargo 1:  XSTR("Nothing", 13)
+Initial Hull: 76
+Initial Shields: 100
+Subsystem: Pilot
+Subsystem: Turret01
+Subsystem: Turret02
+Subsystem: Turret03
+Subsystem: Turret04
+Subsystem: Turret05
+Subsystem: Turret06
+Subsystem: Turret07
+Subsystem: Turret08
+Subsystem: Turret09
+Subsystem: Turret10
+Subsystem: Turret11
+Subsystem: Turret12
+Subsystem: Turret13
+Subsystem: Turret14
+Subsystem: Turret15
+Subsystem: Turret16
+Subsystem: Turret17
+Subsystem: Turret18
+Subsystem: Turret19
+Subsystem: Turret20
+Subsystem: Turret21
+Subsystem: Turret22
+Subsystem: Turret23
+Subsystem: Turret24
$Arrival Location: Hyperspace
$Arrival Cue: ( is-event-true-delay "fadein" 0 ) 
$Departure Location: Hyperspace
$Departure Cue: ( false ) 
$Determination: 10
+Flags: ( "cargo-known" "no-shields" "escort" "no-arrival-warp" )
+Flags2: ( )
+Respawn priority: 0
+Escort priority: 19
+Hotkey: 4
+Orders Accepted List: ( )
+Group: 0
+Score: 8

$Name: GZ Beta 1		;! Object #22
$Display Name: XSTR("GZ Beta 1", 7994)
$Class: ORF Claymore
$Team: Friendly
$Team Color Setting: Non-Assigned
$Location: 3245.729248, 412.474976, 21532.933594
$Orientation:
	0.985585, -0.162118, 0.048378,
	0.169182, 0.944431, -0.281830,
	0.000000, 0.285952, 0.958244
$AI Behavior: None
$Cargo 1:  XSTR("Nothing", 13)
+Initial Hull: 100
+Subsystem: Pilot
+Secondary Banks: ( "Vortex" )
$Arrival Location: Hyperspace
$Arrival Cue: ( false ) 
$Departure Location: Hyperspace
$Departure Cue: ( false ) 
$Determination: 10
+Flags: ( "cargo-known" "no-arrival-warp" "no-departure-warp" )
+Flags2: ( )
+Respawn priority: 0
+Orders Accepted List: ( )
+Group: 0
+Score: 30
+Persona Index: 21

$Name: GZ Epsilon 1		;! Object #23
$Display Name: XSTR("GZ Epsilon 1", 7995)
$Class: ORF Defender
$Team: Friendly
$Team Color Setting: Non-Assigned
$Location: 2892.658447, 1172.438477, 23637.300781
$Orientation:
	0.985585, -0.162118, 0.048378,
	0.169182, 0.944431, -0.281830,
	0.000000, 0.285952, 0.958244
$AI Behavior: None
$Cargo 1:  XSTR("Nothing", 13)
+Initial Velocity: 33
+Initial Hull: 74
+Subsystem: Pilot
+Secondary Banks: ( "Vortex" "Vortex" )
$Arrival Location: Hyperspace
$Arrival Cue: ( false ) 
$Departure Location: Hyperspace
$Departure Cue: ( false ) 
$Determination: 10
+Flags: ( "cargo-known" "no-arrival-warp" "no-departure-warp" )
+Flags2: ( )
+Respawn priority: 0
+Orders Accepted List: ( )
+Group: 0
+Use Table Score:
+Score: 8
+Persona Index: 4

$Name: GZ Beta 2		;! Object #24
$Display Name: XSTR("GZ Beta 2", 7996)
$Class: ORF Claymore
$Team: Friendly
$Team Color Setting: Non-Assigned
$Location: 3271.768066, 369.815308, 21405.611328
$Orientation:
	0.985585, -0.162118, 0.048378,
	0.169182, 0.944431, -0.281830,
	0.000000, 0.285952, 0.958244
$AI Behavior: None
$Cargo 1:  XSTR("Nothing", 13)
+Initial Hull: 100
+Subsystem: Pilot
+Secondary Banks: ( "Vortex" )
$Arrival Location: Hyperspace
$Arrival Cue: ( false ) 
$Departure Location: Hyperspace
$Departure Cue: ( false ) 
$Determination: 10
+Flags: ( "cargo-known" "no-arrival-warp" "no-departure-warp" )
+Flags2: ( )
+Respawn priority: 0
+Orders Accepted List: ( )
+Group: 0
+Score: 30
+Persona Index: 20

$Name: GZ Beta 3		;! Object #25
$Display Name: XSTR("GZ Beta 3", 7997)
$Class: ORF Claymore
$Team: Friendly
$Team Color Setting: Non-Assigned
$Location: 3139.074707, 407.510742, 21452.251953
$Orientation:
	0.985585, -0.162118, 0.048378,
	0.169182, 0.944431, -0.281830,
	0.000000, 0.285952, 0.958244
$AI Behavior: None
$Cargo 1:  XSTR("Nothing", 13)
+Initial Hull: 100
+Subsystem: Pilot
+Secondary Banks: ( "Vortex" )
$Arrival Location: Hyperspace
$Arrival Cue: ( false ) 
$Departure Location: Hyperspace
$Departure Cue: ( false ) 
$Determination: 10
+Flags: ( "cargo-known" "no-arrival-warp" "no-departure-warp" )
+Flags2: ( )
+Respawn priority: 0
+Orders Accepted List: ( )
+Group: 0
+Score: 30
+Persona Index: 20

$Name: GZ Epsilon 2		;! Object #26
$Display Name: XSTR("GZ Epsilon 2", 7998)
$Class: ORF Defender
$Team: Friendly
$Team Color Setting: Non-Assigned
$Location: 2840.192627, 1118.337891, 23424.470703
$Orientation:
	0.985585, -0.162118, 0.048378,
	0.169182, 0.944431, -0.281830,
	0.000000, 0.285952, 0.958244
$AI Behavior: None
$Cargo 1:  XSTR("Nothing", 13)
+Initial Velocity: 33
+Initial Hull: 32
+Subsystem: Pilot
+Secondary Banks: ( "Vortex" "Vortex" )
$Arrival Location: Hyperspace
$Arrival Cue: ( false ) 
$Departure Location: Hyperspace
$Departure Cue: ( false ) 
$Determination: 10
+Flags: ( "cargo-known" "no-arrival-warp" "no-departure-warp" )
+Flags2: ( )
+Respawn priority: 0
+Orders Accepted List: ( )
+Group: 0
+Use Table Score:
+Score: 8
+Persona Index: 20

$Name: GZ Alpha 1		;! Object #27
$Display Name: XSTR("GZ Alpha 1", 7999)
$Class: ORF Claymore
$Team: Friendly
$Team Color Setting: Non-Assigned
$Location: 6362.208496, 284.570251, 22058.769531
$Orientation:
	0.985585, -0.162118, 0.048378,
	0.169182, 0.944431, -0.281830,
	0.000000, 0.285952, 0.958244
$AI Behavior: None
$Cargo 1:  XSTR("Nothing", 13)
+Initial Velocity: 33
+Initial Hull: 65
+Subsystem: Pilot
+Secondary Banks: ( "Vortex" )
$Arrival Location: Hyperspace
$Arrival Cue: ( false ) 
$Departure Location: Hyperspace
$Departure Cue: ( false ) 
$Determination: 10
+Flags: ( "cargo-known" "no-arrival-warp" "no-departure-warp" )
+Flags2: ( )
+Respawn priority: 0
+Orders Accepted List: ( )
+Group: 0
+Use Table Score:
+Score: 10
+Persona Index: 20

$Name: GZ Alpha 2		;! Object #28
$Display Name: XSTR("GZ Alpha 2", 8000)
$Class: ORF Claymore
$Team: Friendly
$Team Color Setting: Non-Assigned
$Location: 6595.447754, 294.695923, 22232.753906
$Orientation:
	0.985585, -0.162118, 0.048378,
	0.169182, 0.944431, -0.281830,
	0.000000, 0.285952, 0.958244
$AI Behavior: None
$Cargo 1:  XSTR("Nothing", 13)
+Initial Velocity: 33
+Initial Hull: 93
+Subsystem: Pilot
+Secondary Banks: ( "Vortex" )
$Arrival Location: Hyperspace
$Arrival Cue: ( false ) 
$Departure Location: Hyperspace
$Departure Cue: ( false ) 
$Determination: 10
+Flags: ( "cargo-known" "no-arrival-warp" "no-departure-warp" )
+Flags2: ( )
+Respawn priority: 0
+Orders Accepted List: ( )
+Group: 0
+Use Table Score:
+Score: 10
+Persona Index: 21

$Name: GZ Alpha 3		;! Object #29
$Display Name: XSTR("GZ Alpha 3", 8001)
$Class: ORF Claymore
$Team: Friendly
$Team Color Setting: Non-Assigned
$Location: 6655.293457, 226.949036, 22041.673828
$Orientation:
	0.985585, -0.162118, 0.048378,
	0.169182, 0.944431, -0.281830,
	0.000000, 0.285952, 0.958244
$AI Behavior: None
$Cargo 1:  XSTR("Nothing", 13)
+Initial Velocity: 33
+Initial Hull: 100
+Subsystem: Pilot
+Secondary Banks: ( "Vortex" )
$Arrival Location: Hyperspace
$Arrival Cue: ( false ) 
$Departure Location: Hyperspace
$Departure Cue: ( false ) 
$Determination: 10
+Flags: ( "cargo-known" "no-arrival-warp" "no-departure-warp" )
+Flags2: ( )
+Respawn priority: 0
+Orders Accepted List: ( )
+Group: 0
+Use Table Score:
+Score: 10
+Persona Index: 20

$Name: Big Buddha		;! Object #30
$Display Name: XSTR("Big Buddha", 8002)
$Class: ORSh Qadesh
$Team: Friendly
$Location: 2450.975586, 57.122620, 21911.169922
$Orientation:
	0.790938, 0.502328, 0.349403,
	-0.341230, 0.836079, -0.429574,
	-0.507916, 0.220539, 0.832697
$AI Behavior: None
$Cargo 1:  XSTR("Nothing", 13)
+Initial Hull: 62
+Initial Shields: 100
+Subsystem: Pilot
+Subsystem: turret01
+Subsystem: turret02
+Subsystem: turret03
+Subsystem: turret04
+Subsystem: turret05
+Subsystem: turret06
+Subsystem: turret07
+Subsystem: turret08
+Subsystem: turret09
+Subsystem: turret10
$Arrival Location: Hyperspace
$Arrival Cue: ( is-event-true-delay "fadein" 0 ) 
$Departure Location: Hyperspace
$Departure Cue: ( false ) 
$Determination: 10
+Flags: ( "cargo-known" "no-shields" "escort" "no-arrival-warp" )
+Flags2: ( )
+Respawn priority: 0
+Escort priority: 20
+Hotkey: 4
+Orders Accepted List: ( )
+Group: 0
+Score: 1000

$Name: ORFR 43-VRH-6621		;! Object #31
$Display Name: XSTR("ORFR 43-VRH-6621", 8003)
$Class: ORFr Chronos
$Team: Friendly
$Location: -3227.705566, 286.631104, -6085.160645
$Orientation:
	-0.428539, 0.707786, 0.561599,
	0.157435, -0.553562, 0.817791,
	0.889701, 0.438871, 0.125793
$AI Behavior: None
$AI Goals: ( goals ( ai-play-dead 50 ) )
$Cargo 1:  XSTR("Nothing", 13)
+Initial Hull: 12
+Initial Shields: 100
+Subsystem: Pilot
+Subsystem: communication
$Damage: 450
+Subsystem: navigation
$Damage: 355
+Subsystem: weapons
$Damage: 801
+Subsystem: sensors
$Damage: 855
+Subsystem: engine 1
$Damage: 100
+Subsystem: engine 2
$Damage: 100
+Subsystem: engine 3
$Damage: 100
+Subsystem: turreta
$Arrival Location: Hyperspace
$Arrival Cue: ( true ) 
$Departure Location: Hyperspace
$Departure Cue: ( false ) 
$Determination: 10
+Flags: ( "cargo-known" "no-shields" )
+Flags2: ( )
+Respawn priority: 0
+Orders Accepted List: ( )
+Group: 0
+Score: 15

$Name: GZ Gamma 3		;! Object #32
$Display Name: XSTR("GZ Gamma 3", 8004)
$Class: ORF Defender
$Team: Friendly
$Team Color Setting: Non-Assigned
$Location: -3539.099121, 189.559631, -6142.193359
$Orientation:
	0.382536, -0.702824, -0.599755,
	0.729984, 0.627823, -0.270117,
	0.566384, -0.334481, 0.753215
$AI Behavior: None
$AI Goals: ( goals ( ai-play-dead 50 ) )
$Cargo 1:  XSTR("Nothing", 13)
+Initial Hull: 100
+Initial Shields: 100
+Subsystem: Pilot
+Subsystem: communication
$Damage: 18
+Subsystem: navigation
$Damage: 18
+Subsystem: weapons
$Damage: 29
+Subsystem: sensors
$Damage: 15
+Subsystem: engines
$Damage: 100
$Arrival Location: Hyperspace
$Arrival Cue: ( true ) 
$Departure Location: Hyperspace
$Departure Cue: ( false ) 
$Determination: 10
+Flags: ( "cargo-known" "no-shields" )
+Flags2: ( )
+Respawn priority: 0
+Orders Accepted List: ( )
+Group: 0
+Score: 30

$Name: GZ Gamma 1		;! Object #33
$Display Name: XSTR("GZ Gamma 1", 8005)
$Class: ORF Defender
$Team: Friendly
$Team Color Setting: Jovian Second Fleet
$Location: -754.589050, -0.000000, -198.770020
$Orientation:
	-0.507864, -0.770445, 0.385344,
	-0.728204, 0.144989, -0.669850,
	0.460211, -0.620801, -0.634675
$AI Behavior: None
$AI Goals: ( goals ( ai-play-dead 50 ) )
$Cargo 1:  XSTR("Nothing", 13)
+Initial Hull: 100
+Initial Shields: 100
+Subsystem: Pilot
+Subsystem: communication
$Damage: 16
+Subsystem: navigation
$Damage: 18
+Subsystem: weapons
$Damage: 25
+Subsystem: sensors
$Damage: 18
+Subsystem: engines
$Damage: 63
$Arrival Location: Hyperspace
$Arrival Cue: ( true ) 
$Departure Location: Hyperspace
$Departure Cue: ( false ) 
$Determination: 10
+Flags: ( "cargo-known" "no-shields" )
+Flags2: ( )
+Respawn priority: 0
+Orders Accepted List: ( )
+Group: 0
+Score: 30

$Name: GZ Kappa 2		;! Object #34
$Display Name: XSTR("GZ Kappa 2", 8006)
$Class: ORF Claymore
$Team: Friendly
$Team Color Setting: Jovian Second Fleet
$Location: 549.454529, 83.494308, -934.782410
$Orientation:
	0.725707, 0.212232, 0.654452,
	0.667164, 0.015270, -0.744755,
	-0.168055, 0.977100, -0.130512
$AI Behavior: None
$AI Goals: ( goals ( ai-play-dead 50 ) )
$Cargo 1:  XSTR("Nothing", 13)
+Initial Velocity: 33
+Initial Hull: 9
+Initial Shields: 100
+Subsystem: Pilot
+Subsystem: Sensors
$Damage: 87
+Subsystem: Communication
$Damage: 100
+Subsystem: Weapons
$Damage: 100
+Subsystem: Navigation
$Damage: 100
+Subsystem: Engine
$Damage: 100
$Arrival Location: Hyperspace
$Arrival Cue: ( true ) 
$Departure Location: Hyperspace
$Departure Cue: ( false ) 
$Determination: 10
+Flags: ( "cargo-known" "no-shields" )
+Flags2: ( )
+Respawn priority: 0
+Orders Accepted List: ( )
+Group: 0
+Use Table Score:
+Score: 10

$Name: Delphine		;! Object #35
$Display Name: XSTR("Delphine", 8007)
$Class: ORFr Chronos
$Team: Friendly
$Location: 60.400627, -98.675903, -35.860519
$Orientation:
	0.840746, 0.333971, 0.426160,
	0.118522, 0.654485, -0.746730,
	-0.528301, 0.678320, 0.510673
$AI Behavior: None
$AI Goals: ( goals ( ai-play-dead 50 ) )
$Cargo 1:  XSTR("Nothing", 13)
+Initial Velocity: 33
+Initial Hull: 15
+Initial Shields: 100
+Subsystem: Pilot
+Subsystem: bridge
$Damage: 100
+Subsystem: communication
$Damage: 100
+Subsystem: navigation
$Damage: 100
+Subsystem: weapons
$Damage: 89
+Subsystem: sensors
$Damage: 93
+Subsystem: engine 1
$Damage: 100
+Subsystem: engine 2
$Damage: 100
+Subsystem: engine 3
$Damage: 100
+Subsystem: turreta
$Damage: 100
$Arrival Location: Hyperspace
$Arrival Cue: ( true ) 
$Departure Location: Hyperspace
$Departure Cue: ( false ) 
$Determination: 10
+Flags: ( "cargo-known" "no-shields" )
+Flags2: ( )
+Respawn priority: 0
+Orders Accepted List: ( )
+Group: 0
+Use Table Score:
+Score: 20

$Name: UHI Cargo 58-B		;! Object #36
$Display Name: XSTR("UHI Cargo 58-B", 8008)
$Class: ORC-C 1
$Team: Friendly
$Location: -687.695435, -241.620499, -797.654419
$Orientation:
	-0.595337, 0.682100, -0.424636,
	-0.001382, -0.529367, -0.848393,
	-0.803476, -0.504492, 0.316093
$AI Behavior: None
$Cargo 1:  XSTR("Navigation Parts", 8009)
+Initial Velocity: 33
+Initial Hull: 15
+Initial Shields: 100
+Subsystem: Pilot
$Arrival Location: Hyperspace
$Arrival Cue: ( true ) 
$Departure Location: Hyperspace
$Departure Cue: ( false ) 
$Determination: 10
+Flags: ( "cargo-known" "no-shields" )
+Flags2: ( )
+Respawn priority: 0
+Group: 0
+Use Table Score:
+Score: 5

$Name: ORCG-115		;! Object #37
$Display Name: XSTR("ORCG-115", 8010)
$Class: ORCG-01
$Team: Friendly
$Location: -590.549011, 342.994110, -823.181885
$Orientation:
	-0.129979, -0.428401, -0.894192,
	-0.700586, -0.598492, 0.388570,
	-0.701630, 0.676964, -0.222340
$AI Behavior: None
$Cargo 1:  XSTR("Supplies", 7533)
+Initial Velocity: 33
+Initial Hull: 46
+Initial Shields: 100
+Subsystem: Pilot
$Arrival Location: Hyperspace
$Arrival Cue: ( true ) 
$Departure Location: Hyperspace
$Departure Cue: ( false ) 
$Determination: 10
+Flags: ( "cargo-known" "no-shields" )
+Flags2: ( )
+Respawn priority: 0
+Group: 0
+Use Table Score:
+Score: 0

$Name: Rama 1		;! Object #38
$Display Name: XSTR("Rama 1", 6822)
$Class: SF Scorpion
$Team: Hostile
$Location: 2955.951904, 0.000000, 6189.392090
$Orientation:
	1.000000, 0.000000, 0.000000,
	0.000000, 1.000000, 0.000000,
	0.000000, 0.000000, 1.000000
$AI Behavior: None
$Cargo 1:  XSTR("Nothing", 13)
+Initial Velocity: 33
+Initial Hull: 100
+Subsystem: Pilot
$Arrival Location: Hyperspace
$Arrival Cue: ( false ) 
$Departure Location: Hyperspace
$Departure Cue: ( false ) 
$Determination: 10
+Flags: ( "no-arrival-warp" )
+Flags2: ( )
+Respawn priority: 0
+Orders Accepted List: ( )
+Group: 0
+Use Table Score:
+Score: 10

$Name: Rama 2		;! Object #39
$Display Name: XSTR("Rama 2", 6823)
$Class: SF Scorpion
$Team: Hostile
$Location: 2598.456787, 0.000000, 6303.997070
$Orientation:
	1.000000, 0.000000, 0.000000,
	0.000000, 1.000000, 0.000000,
	0.000000, 0.000000, 1.000000
$AI Behavior: None
$Cargo 1:  XSTR("Nothing", 13)
+Initial Velocity: 33
+Initial Hull: 100
+Subsystem: Pilot
$Arrival Location: Hyperspace
$Arrival Cue: ( false ) 
$Departure Location: Hyperspace
$Departure Cue: ( false ) 
$Determination: 10
+Flags: ( "no-arrival-warp" )
+Flags2: ( )
+Respawn priority: 0
+Orders Accepted List: ( )
+Group: 0
+Use Table Score:
+Score: 10

$Name: Rama 3		;! Object #40
$Display Name: XSTR("Rama 3", 6824)
$Class: SF Scorpion
$Team: Hostile
$Location: 2525.505615, 0.000000, 6755.208984
$Orientation:
	1.000000, 0.000000, 0.000000,
	0.000000, 1.000000, 0.000000,
	0.000000, 0.000000, 1.000000
$AI Behavior: None
$Cargo 1:  XSTR("Nothing", 13)
+Initial Velocity: 33
+Initial Hull: 100
+Subsystem: Pilot
$Arrival Location: Hyperspace
$Arrival Cue: ( false ) 
$Departure Location: Hyperspace
$Departure Cue: ( false ) 
$Determination: 10
+Flags: ( "no-arrival-warp" )
+Flags2: ( )
+Respawn priority: 0
+Orders Accepted List: ( )
+Group: 0
+Use Table Score:
+Score: 10

$Name: Rama 4		;! Object #41
$Display Name: XSTR("Rama 4", 6825)
$Class: SF Scorpion
$Team: Hostile
$Location: 3244.033691, 0.000000, 6620.690430
$Orientation:
	1.000000, 0.000000, 0.000000,
	0.000000, 1.000000, 0.000000,
	0.000000, 0.000000, 1.000000
$AI Behavior: None
$AI Goals: ( goals ( ai-chase-wing "Beta" 50 ) )
$Cargo 1:  XSTR("Nothing", 13)
+Initial Velocity: 33
+Initial Hull: 100
+Subsystem: Pilot
$Arrival Location: Hyperspace
$Arrival Cue: ( false ) 
$Departure Location: Hyperspace
$Departure Cue: ( false ) 
$Determination: 10
+Flags: ( "no-arrival-warp" )
+Flags2: ( )
+Respawn priority: 0
+Orders Accepted List: ( )
+Group: 0
+Use Table Score:
+Score: 10

