#Mission Info

$Version: 23.1
$Name:  XSTR("The Eclipse", 6804)
$Author: Exile Team
$Created: 10/27/13 at 11:46:33
$Modified: 12/21/24 at 17:14:38
$Notes:
This is a FRED2_OPEN created mission.
$End Notes:

$Mission Desc:
 XSTR("Put mission description here
", 6680)
$end_multi_text
+Game Type Flags: 1
+Flags: 3264
+Fog Near Mult: 1.000000

+Fog Far Mult: 1.000000


+Disallow Support: 0
+Hull Repair Ceiling: 60.000000
+Subsystem Repair Ceiling: 100.000000

+Viewer pos: 20936.318359, 14437.132813, 9023.151367
+Viewer orient:
	-0.611686, -0.000004, 0.791101,
	-0.438976, 0.831924, -0.339416,
	-0.658134, -0.554890, -0.508877


$Load Screen 1024: Loading_M01.png

$Skybox Model: skybox_earth.pof
+Skybox Orientation:
	0.933580, 0.338844, -0.116673,
	-0.358368, 0.882718, -0.303944,
	0.000000, 0.325568, 0.945519

$AI Profile: Exile

#Sexp_variables

$Variables:
(
		0		"checkpoint1"		"0"		"number"		"save-on-mission-close"
		1		"checkpoint2"		"0"		"number"		"save-on-mission-close"
		2		"engineOverride"		"0"		"number"
		3		"engineOverrideMax"		"100"		"number"
		4		"filename"		"a"		"string"
		5		"loadship"		"a"		"string"
		6		"saveexist"		"2"		"number"
		7		"i18nVariable1"		"EFI Endymion"		"string"
		8		"i18nVariable2"		"EFI Arcadia"		"string"
		9		"i18nVariable3"		"#Paris Control"		"string"
		10		"i18nVariable4"		"#Tiberius"		"string"
		11		"i18nVariable5"		"#Damascus Jota 1"		"string"
		12		"i18nVariable6"		"#Spark"		"string"
		13		"i18nVariable7"		"#Valhalla"		"string"
		14		"i18nVariable8"		"#Damascus"		"string"
		15		"i18nVariable9"		"Secondary Beam"		"string"
		16		"i18nVariable10"		"Scan Communication"		"string"
)

#Command Briefing

#Briefing
$start_briefing
$num_stages: 0
$end_briefing

#Debriefing_info

$Num stages: 0


#Callsigns:
$Callsign: XSTR("Harper", 6805)
$Callsign: XSTR("Black Widow", 6806)
$Callsign: XSTR("Spark", 6807)
$Callsign: XSTR("Duke", 6808)
$Callsign: XSTR("Rosie", 6809)
$Callsign: XSTR("Al-Churi", 6810)
$Callsign: XSTR("Nielsen", 6811)

#end


#Players		;! 1 total

$Starting Shipname: Beta 1
$Ship Choices: (
	"GTF Ulysses"	5
	"GTF Hercules"	5
	"GTF Hercules Mark II"	5
	"GTF Ares"	5
	"GTF Erinyes"	5
	"GTF Loki"	5
	"GTF Pegasus"	5
	"GTF Perseus"	5
	"GTF Myrmidon"	5
	"SF Mara (terrans)"	5
	"GTB Artemis"	5
	"GTB Artemis D.H."	5
	"GTB Medusa"	5
	"GTB Ursa"	5
	"GTB Zeus"	5
	"GTB Boanerges"	5
	"GVF Ptah"	5
	"ORF Rapier"	5
)

+Weaponry Pool: (
	"Subach HL-7"	16
	"Subach HL-D"	16
	"Mekhu HL-7"	16
	"Mekhu HL-7D"	16
	"Akheton SDG"	16
	"Morning Star"	16
	"MorningStar D"	16
	"Prometheus R"	16
	"Prometheus S"	16
	"Prometheus D"	16
	"Maxim"	16
	"Maxim D"	16
	"UD-8 Kayser"	16
	"UD-D Kayser"	16
	"Circe"	16
	"Lamprey"	16
	"Pulsar PC-9"	24
	"Prometheus N"	24
	"Defiler LPC"	16
	"Scythe"	16
	"Eviscerator"	16
	"Incisor"	16
	"Devastator"	16
	"Excalibur"	16
	"Vengeance"	16
	"Rockeye"	500
	"Rockeye D"	500
	"Tempest"	500
	"Tempest D"	500
	"Hornet"	500
	"Hornet D"	500
	"Tornado"	500
	"Tornado D"	500
	"Harpoon"	500
	"Harpoon D"	500
	"Trebuchet"	500
	"TAG-A"	500
	"TAG-B"	500
	"TAG-C"	500
	"Piranha"	500
	"Stiletto II"	500
	"Infyrno"	500
	"Infyrno D"	500
	"Cyclops"	500
	"Cyclops#short"	500
	"Helios"	500
	"EMP Adv."	500
	"Stinger"	120
	"MX-112"	2000
	"Vortex"	160
)

#Objects		;! 253 total

$Name: Beta 1		;! Object #0
$Display Name: XSTR("Beta 1", 6701)
$Class: ORF Defender
$Callsign: XSTR("Spark", 6807)

$Team: Friendly
$Team Color Setting: Non-Assigned
$Location: -243.019699, 9997.775391, 8302.380859
$Orientation:
	-0.948959, 0.006693, 0.315327,
	-0.023285, 0.995560, -0.091206,
	-0.314537, -0.093893, -0.944590
$Cargo 1:  XSTR("Nothing", 13)
+Initial Hull: 100
+Subsystem: Pilot
$Arrival Location: Hyperspace
$Arrival Cue: ( false ) 
$Departure Location: Hyperspace
$Departure Cue: ( false ) 
$Determination: 10
+Flags: ( "cargo-known" "player-start" )
+Flags2: ( )
+Respawn priority: 0
+Orders Accepted List: ( "attack ship" "disable ship" "disarm ship" "guard ship" "ignore ship" "form on wing" "cover me" "attack any" "disable subsys" )
+Group: 0
+Use Table Score:
+Score: 8

$Name: Tiberius		;! Object #1
$Display Name: XSTR("Tiberius", 6812)
$Class: EFCa Praetor
$Team: Friendly
$Location: 22068.884766, 2640.789063, -66876.257813
$Orientation:
	0.585303, -0.519972, 0.622132,
	0.243625, 0.844620, 0.476722,
	-0.773347, -0.127460, 0.621037
$Cargo 1:  XSTR("Nothing", 13)
+Initial Hull: 100
+Initial Shields: 100
+Subsystem: Pilot
+Subsystem: turret01
+Subsystem: turret02
+Subsystem: turret03
+Subsystem: turret04
+Subsystem: turret05
+Subsystem: turret06
+Subsystem: turret07
+Subsystem: turret08
+Subsystem: turret09
+Subsystem: turret10
+Subsystem: turret11
+Subsystem: turret12
+Subsystem: turret13
+Subsystem: turret14
+Subsystem: turret15
+Subsystem: turret16
+Subsystem: turret17
+Subsystem: turret18
+Subsystem: turret19
+Subsystem: turret20
+Subsystem: turret21
+Subsystem: turret22
+Subsystem: turret23
+Subsystem: turret24
+Subsystem: turret25
+Subsystem: turret26
+Subsystem: turret27
+Subsystem: turret28
+Subsystem: turret29
+Subsystem: turret30
+Subsystem: turret31
+Subsystem: turret32
+Subsystem: turret33
+Subsystem: turret34
+Subsystem: turret35
+Subsystem: turret36
+Subsystem: turret37
+Subsystem: turret38
+Subsystem: turret39
+Subsystem: turret40
+Subsystem: turret41
+Subsystem: turret42
+Subsystem: turret43
+Subsystem: turret44
+Subsystem: turret45
+Subsystem: turret46
+Subsystem: turret47
+Subsystem: turret48
+Subsystem: turret49
+Subsystem: turret50
+Subsystem: turret51
+Subsystem: turret52
+Subsystem: enginesa
$Damage: 50
$Arrival Location: Hyperspace
$Arrival Cue: ( true ) 
$Departure Location: Hyperspace
$Departure Cue: ( is-event-true-delay 
   "subspace corridor" 
   0 
)
$Determination: 10
+Flags: ( "cargo-known" "no-shields" "no-departure-warp" "invulnerable" )
+Flags2: ( )
+Respawn priority: 0
+Orders Accepted List: ( )
+Group: 0
+Score: 8

$Name: Andrasta		;! Object #2
$Display Name: XSTR("Andrasta", 6813)
$Class: EFFg Solomon
$Team: Friendly
$Location: -1269.430176, 740.198120, -5335.653809
$Orientation:
	0.970049, 0.184922, -0.157519,
	-0.130589, 0.943764, 0.303740,
	0.204828, -0.274072, 0.939645
$AI Goals: ( goals ( ai-waypoints-once "Andrasta path" 50 ) )
$Cargo 1:  XSTR("Nothing", 13)
+Initial Hull: 57
+Initial Shields: 100
+Subsystem: Pilot
+Subsystem: turret01
+Subsystem: turret02
+Subsystem: turret03
+Subsystem: turret04
+Subsystem: turret05
+Subsystem: turret06
+Subsystem: turret07
+Subsystem: turret08
+Subsystem: turret09
+Subsystem: turret10
+Subsystem: turret11
+Subsystem: turret12
+Subsystem: turret13
+Subsystem: turret14
+Subsystem: turret15
+Subsystem: turret16
+Subsystem: turret17
+Subsystem: turret18
+Subsystem: turret19
+Subsystem: turret20
+Subsystem: turret21
+Subsystem: turret22
+Subsystem: turret23
+Subsystem: turret24
+Subsystem: turret25
+Subsystem: turret26
+Subsystem: turret27
+Subsystem: turret28
+Subsystem: turret29
+Subsystem: turret30
+Subsystem: turret31
+Subsystem: turret32
+Subsystem: turret33
+Subsystem: turret34
+Subsystem: Engine01
$Damage: 59
+Subsystem: Engine02
$Damage: 68
$Arrival Location: Hyperspace
$Arrival Cue: ( or 
   ( and 
      ( is-event-true-delay "msg58" 18 ) 
      ( is-destroyed-delay 18 "Arjuna" ) 
   )
   ( is-event-true-delay 
      "Checkpoint 2 fade" 
      1 
   )
)
$Departure Location: Hyperspace
+Departure delay: 2
$Departure Cue: ( is-event-true-delay "msg133" 5 ) 
$Determination: 10
+Flags: ( "cargo-known" "no-shields" "escort" "no-arrival-music" "invulnerable" )
+Flags2: ( )
+Respawn priority: 0
+Escort priority: 17
+Hotkey: 5
+Orders Accepted List: ( )
+Group: 0
+Score: 8
$Texture Replace:
+old: nameplate
+new: nameplate-andrasta

$Name: Damascus		;! Object #3
$Display Name: XSTR("Damascus", 6814)
$Class: ORD Galahad
$Team: Friendly
$Team Color Setting: Uranus Fifth Fleet
$Location: -2372.603516, -1271.673584, -42.878902
$Orientation:
	0.125519, 0.418424, -0.899537,
	0.097621, 0.897099, 0.430911,
	0.987277, -0.141902, 0.071756
$Cargo 1:  XSTR("Nothing", 13)
+Initial Hull: 37
+Initial Shields: 100
+Subsystem: Pilot
+Subsystem: turret01
$Damage: 77
+Subsystem: turret02
$Damage: 100
+Subsystem: turret03
$Damage: 47
+Subsystem: turret04
$Damage: 98
+Subsystem: turret05
$Damage: 25
+Sbank Ammo: ( 0 )
+Subsystem: turret06
+Sbank Ammo: ( 0 )
+Subsystem: turret07
+Sbank Ammo: ( 0 )
+Subsystem: turret08
$Damage: 46
+Sbank Ammo: ( 0 )
+Subsystem: turret09
+Subsystem: turret10
$Damage: 100
+Subsystem: turret11
$Damage: 100
+Subsystem: turret12
$Damage: 94
+Subsystem: turret13
$Damage: 28
+Subsystem: turret14
+Subsystem: turret15
+Subsystem: turret16
$Damage: 77
+Subsystem: turret17
+Subsystem: turret18
+Subsystem: turret19
$Damage: 95
+Subsystem: turret20
+Subsystem: turret21
$Damage: 7
+Subsystem: turret22
+Subsystem: turret23
+Subsystem: turret24
+Subsystem: turret25
+Subsystem: turret26
+Subsystem: turret27
+Subsystem: turret28
+Sbank Ammo: ( 0 )
+Subsystem: turret29
$Damage: 64
+Sbank Ammo: ( 0 )
+Subsystem: turret30
$Damage: 36
+Sbank Ammo: ( 0 )
+Subsystem: turret31
$Damage: 94
+Subsystem: turret32
$Damage: 97
+Subsystem: turret33
$Damage: 67
+Subsystem: turret34
+Subsystem: turret35
+Subsystem: turret36
$Damage: 88
+Subsystem: turret37
+Subsystem: turret38
+Subsystem: turret39
+Subsystem: turret40
+Subsystem: turret41
+Subsystem: turret42
+Subsystem: turret43
+Subsystem: turret44
+Subsystem: turret45
+Sbank Ammo: ( 0 )
+Subsystem: turret46
+Sbank Ammo: ( 0 )
+Subsystem: turret47
+Subsystem: turret48
+Subsystem: turret49
+Subsystem: turret50
+Subsystem: turret51
+Subsystem: turret52
+Subsystem: turret53
+Subsystem: turret54
+Subsystem: turret55
+Subsystem: turret56
$Damage: 46
+Subsystem: Navigation
$Damage: 100
+Subsystem: Communication
$Damage: 35
+Cargo Name: XSTR("Link established", 6815)
+Subsystem: Sensors01
$Damage: 100
+Subsystem: Sensors02
$Damage: 76
+Subsystem: Engine01
$Damage: 100
+Subsystem: Engine02
$Damage: 100
+Subsystem: Fighterbay01
$Damage: 36
+Subsystem: Fighterbay02
$Damage: 76
$Arrival Location: Hyperspace
$Arrival Cue: ( or 
   ( is-event-true-delay 
      "omoikane guardian" 
      0 
   )
   ( is-event-true-delay 
      "fadein after jump" 
      0 
   )
)
$Departure Location: Hyperspace
$Departure Cue: ( is-event-true-delay "msg118" 4 ) 
$Determination: 10
+Flags: ( "no-shields" "escort" "no-arrival-music" "no-arrival-warp" "scannable" "beam-protect-ship" )
+Flags2: ( "lock-all-turrets" )
+Respawn priority: 0
+Escort priority: 24
+Orders Accepted List: ( )
+Group: 0
+Score: 8
$Texture Replace:
+old: galnameplate-trans
+new: nameplate-damascusors

$Name: Harmattan		;! Object #4
$Display Name: XSTR("Harmattan", 6816)
$Class: ORFg Vitalius
$Team: Friendly
$Team Color Setting: Neptune Fourth Fleet
$Location: 83.294304, 9851.172852, 6925.832031
$Orientation:
	-0.960187, 0.175142, 0.217640,
	0.154940, 0.982136, -0.106790,
	-0.232455, -0.068818, -0.970170
$Cargo 1:  XSTR("Nothing", 13)
+Initial Velocity: 33
+Initial Hull: 100
+Initial Shields: 100
+Subsystem: Pilot
+Subsystem: turret01a
+Subsystem: turret02a
+Subsystem: turret03a
+Subsystem: turret04
+Subsystem: turret05
+Subsystem: turret06
+Subsystem: turret07
+Subsystem: turret08
+Subsystem: turret09
+Subsystem: turret10
+Subsystem: turret11
+Subsystem: turret12
+Subsystem: turret13
+Subsystem: turret14
+Subsystem: turret15
+Subsystem: turret16
+Subsystem: turret17
+Subsystem: turret18
+Subsystem: turret19
+Subsystem: turret20
+Subsystem: turret21
+Subsystem: turret22
+Subsystem: turret23
+Subsystem: turret24
+Subsystem: turret25
+Subsystem: turret26
+Subsystem: turret27
+Subsystem: turret28
+Subsystem: turret29
+Subsystem: turret30
$Arrival Location: Hyperspace
$Arrival Cue: ( true ) 
$Departure Location: Hyperspace
$Departure Cue: ( is-event-true-delay "msg133" 8 ) 
$Determination: 10
+Flags: ( "cargo-known" "no-shields" "escort" "no-arrival-warp" "guardian" )
+Flags2: ( )
+Respawn priority: 0
+Escort priority: 19
+Orders Accepted List: ( )
+Group: 0
+Use Table Score:
+Score: 8
$Texture Replace:
+old: nameplate
+new: nameplate-harmattan_sol

$Name: Glassia Labolis		;! Object #5
$Display Name: XSTR("Glassia Labolis", 6817)
$Class: SD Ravana
$Team: Hostile
$Location: 25300.623047, 3665.640137, -63207.257813
$Orientation:
	-0.710361, -0.313774, 0.630029,
	-0.437816, 0.897863, -0.046475,
	-0.551097, -0.308847, -0.775182
$Cargo 1:  XSTR("Nothing", 13)
+Initial Hull: 92
+Initial Shields: 100
+Subsystem: Pilot
+Subsystem: Turret01
$Damage: 90
+Subsystem: Turret02
$Damage: 90
+Subsystem: Turret03
+Subsystem: Turret04
+Subsystem: Turret05
+Subsystem: Turret06
+Subsystem: Turret07
$Damage: 600
+Subsystem: Turret08
+Subsystem: Turret09
+Subsystem: Turret10
+Subsystem: Turret11
+Subsystem: Turret12
+Subsystem: Turret13
+Subsystem: Turret14
+Subsystem: Turret15
+Subsystem: Turret16
+Subsystem: Turret17
+Subsystem: Turret18
+Subsystem: Turret19
+Subsystem: Turret20
+Subsystem: Turret21
+Subsystem: Turret22
+Subsystem: Turret23
+Subsystem: Turret24
+Subsystem: Turret25
+Subsystem: Turret26
+Subsystem: Turret27
+Subsystem: Turret28
+Subsystem: Turret29
+Subsystem: Turret30
$Arrival Location: Hyperspace
$Arrival Cue: ( true ) 
$Departure Location: Hyperspace
$Departure Cue: ( is-event-true-delay 
   "subspace corridor" 
   0 
)
$Determination: 10
+Flags: ( "no-shields" "no-departure-warp" "invulnerable" )
+Flags2: ( )
+Respawn priority: 0
+Special Hitpoints: 225000
+Group: 0
+Score: 150

$Name: Beta 2		;! Object #6
$Display Name: XSTR("Beta 2", 6702)
$Class: ORF Defender
$Callsign: XSTR("Rosie", 6809)

$Team: Friendly
$Team Color Setting: Non-Assigned
$Location: -266.193695, 9998.973633, 8288.864258
$Orientation:
	-0.952222, 0.015180, 0.305029,
	-0.018174, 0.994178, -0.106210,
	-0.304865, -0.106679, -0.946402
$Cargo 1:  XSTR("Nothing", 13)
+Initial Hull: 100
+Subsystem: Pilot
$Arrival Location: Hyperspace
$Arrival Cue: ( false ) 
$Departure Location: Hyperspace
$Departure Cue: ( false ) 
$Determination: 10
+Flags: ( "cargo-known" )
+Flags2: ( )
+Respawn priority: 0
+Orders Accepted List: ( "attack ship" "disable ship" "disarm ship" "guard ship" "ignore ship" "form on wing" "cover me" "attack any" "disable subsys" )
+Group: 0
+Use Table Score:
+Score: 8
+Persona Name: Rosie

$Name: Beta 3		;! Object #7
$Display Name: XSTR("Beta 3", 6703)
$Class: ORF Defender
$Callsign: XSTR("Al-Churi", 6810)

$Team: Friendly
$Team Color Setting: Non-Assigned
$Location: -239.258224, 9991.188477, 8270.911133
$Orientation:
	-0.952087, 0.008534, 0.305708,
	-0.022267, 0.995023, -0.097125,
	-0.305016, -0.099279, -0.947159
$Cargo 1:  XSTR("Nothing", 13)
+Initial Hull: 100
+Subsystem: Pilot
$Arrival Location: Hyperspace
$Arrival Cue: ( false ) 
$Departure Location: Hyperspace
$Departure Cue: ( false ) 
$Determination: 10
+Flags: ( "cargo-known" )
+Flags2: ( )
+Respawn priority: 0
+Orders Accepted List: ( "attack ship" "disable ship" "disarm ship" "guard ship" "ignore ship" "form on wing" "cover me" "attack any" "disable subsys" )
+Group: 0
+Use Table Score:
+Score: 8
+Persona Name: Al-Churi

$Name: Beta 4		;! Object #8
$Display Name: XSTR("Beta 4", 6704)
$Class: ORF Defender
$Team: Friendly
$Team Color Setting: Non-Assigned
$Location: -265.748627, 10006.880859, 8253.299805
$Orientation:
	-0.952087, 0.008534, 0.305708,
	-0.022267, 0.995023, -0.097125,
	-0.305016, -0.099279, -0.947159
$Cargo 1:  XSTR("Nothing", 13)
+Initial Hull: 100
+Subsystem: Pilot
$Arrival Location: Hyperspace
$Arrival Cue: ( false ) 
$Departure Location: Hyperspace
$Departure Cue: ( false ) 
$Determination: 10
+Flags: ( "cargo-known" )
+Flags2: ( )
+Respawn priority: 0
+Orders Accepted List: ( "attack ship" "disable ship" "disarm ship" "guard ship" "ignore ship" "form on wing" "cover me" "attack any" "disable subsys" )
+Group: 0
+Use Table Score:
+Score: 8
+Persona Name: ORS Wingman 1

$Name: Dioscuri		;! Object #9
$Display Name: XSTR("Dioscuri", 6818)
$Class: ORFg Vitalius
$Team: Friendly
$Team Color Setting: Jovian Second Fleet
$Location: -1024.792358, 10250.396484, 7153.616699
$Orientation:
	-0.989042, -0.146112, -0.021202,
	-0.147584, 0.982449, 0.114082,
	0.004163, 0.115962, -0.993245
$Cargo 1:  XSTR("Nothing", 13)
+Initial Velocity: 33
+Initial Hull: 100
+Initial Shields: 100
+Subsystem: Pilot
+Subsystem: turret01a
+Subsystem: turret02a
+Subsystem: turret03a
+Subsystem: turret04
+Subsystem: turret05
+Subsystem: turret06
+Subsystem: turret07
+Subsystem: turret08
+Subsystem: turret09
+Subsystem: turret10
+Subsystem: turret11
+Subsystem: turret12
+Subsystem: turret13
+Subsystem: turret14
+Subsystem: turret15
+Subsystem: turret16
+Subsystem: turret17
+Subsystem: turret18
+Subsystem: turret19
+Subsystem: turret20
+Subsystem: turret21
+Subsystem: turret22
+Subsystem: turret23
+Subsystem: turret24
+Subsystem: turret25
+Subsystem: turret26
+Subsystem: turret27
+Subsystem: turret28
+Subsystem: turret29
+Subsystem: turret30
$Arrival Location: Hyperspace
$Arrival Cue: ( true ) 
$Departure Location: Hyperspace
$Departure Cue: ( is-event-true-delay "msg133" 5 ) 
$Determination: 10
+Flags: ( "cargo-known" "no-shields" "escort" "no-arrival-warp" )
+Flags2: ( )
+Respawn priority: 0
+Escort priority: 19
+Orders Accepted List: ( )
+Group: 0
+Use Table Score:
+Score: 8
$Texture Replace:
+old: nameplate
+new: nameplate-dioscuri

$Name: Abyzou		;! Object #10
$Display Name: XSTR("Abyzou", 6732)
$Class: SFg Moloch
$Team: Hostile
$Location: -4165.390625, 1867.939331, -643.138977
$Orientation:
	0.635627, -0.277700, -0.720326,
	-0.709073, 0.158984, -0.686987,
	0.305297, 0.947426, -0.095855
$Cargo 1:  XSTR("Nothing", 13)
+Initial Velocity: 32
+Initial Hull: 67
+Initial Shields: 100
+Subsystem: Pilot
+Subsystem: turret01
+Subsystem: turret02
+Subsystem: turret03
+Subsystem: turret04
+Subsystem: turret05
+Subsystem: turret06
+Subsystem: turret07
+Subsystem: turret08
+Subsystem: turret09
+Subsystem: turret10
+Subsystem: turret11
+Subsystem: turret12
+Subsystem: turret13
+Subsystem: turret14
+Subsystem: turret15
+Subsystem: turret16
$Arrival Location: Hyperspace
+Arrival Delay: 1
$Arrival Cue: ( has-arrived-delay 0 "Balam" ) 
$Departure Location: Hyperspace
$Departure Cue: ( false ) 
$Determination: 10
+Flags: ( "no-shields" "escort" )
+Flags2: ( )
+Respawn priority: 0
+Escort priority: 9
+Orders Accepted List: ( )
+Group: 0
+Use Table Score:
+Score: 440

$Name: Sword 1		;! Object #11
$Display Name: XSTR("Sword 1", 6819)
$Class: EFF Sabre
$Callsign: XSTR("Duke", 6808)

$Team: Friendly
$Location: -833.012451, 761.513245, -5611.753906
$Orientation:
	-0.710921, -0.693064, -0.119390,
	0.700741, -0.712469, -0.036736,
	-0.059602, -0.109778, 0.992167
$Cargo 1:  XSTR("Nothing", 13)
+Initial Velocity: 33
+Initial Hull: 100
+Subsystem: Pilot
$Arrival Location: Hyperspace
$Arrival Cue: ( false ) 
$Departure Location: Hyperspace
$Departure Cue: ( false ) 
$Determination: 10
+Flags: ( "cargo-known" )
+Flags2: ( )
+Respawn priority: 0
+Orders Accepted List: ( )
+Group: 0
+Use Table Score:
+Score: 24
+Persona Name: Duke
$Texture Replace:
+old: sabre_uv
+new: sabre_uv_duke

$Name: Sword 2		;! Object #12
$Display Name: XSTR("Sword 2", 6820)
$Class: EFF Sabre
$Team: Friendly
$Location: -824.309326, 761.513245, -5641.253906
$Orientation:
	0.330438, -0.940068, -0.084164,
	0.941944, 0.322833, 0.092304,
	-0.059602, -0.109778, 0.992167
$Cargo 1:  XSTR("Nothing", 13)
+Initial Velocity: 33
+Initial Hull: 100
+Subsystem: Pilot
$Arrival Location: Hyperspace
$Arrival Cue: ( false ) 
$Departure Location: Hyperspace
$Departure Cue: ( false ) 
$Determination: 10
+Flags: ( "cargo-known" )
+Flags2: ( )
+Respawn priority: 0
+Orders Accepted List: ( )
+Group: 0
+Use Table Score:
+Score: 24
+Persona Name: EFN Wingman 2

$Name: Sword 3		;! Object #13
$Display Name: XSTR("Sword 3", 6821)
$Class: EFF Sabre
$Team: Friendly
$Location: -856.731018, 758.635071, -5640.878906
$Orientation:
	0.786499, -0.617233, -0.021047,
	0.614709, 0.779085, 0.123129,
	-0.059602, -0.109778, 0.992167
$Cargo 1:  XSTR("Nothing", 13)
+Initial Velocity: 33
+Initial Hull: 100
+Subsystem: Pilot
$Arrival Location: Hyperspace
$Arrival Cue: ( false ) 
$Departure Location: Hyperspace
$Departure Cue: ( false ) 
$Determination: 10
+Flags: ( "cargo-known" )
+Flags2: ( )
+Respawn priority: 0
+Orders Accepted List: ( )
+Group: 0
+Use Table Score:
+Score: 24
+Persona Name: EFN Wingman 1

$Name: Rama 1		;! Object #14
$Display Name: XSTR("Rama 1", 6822)
$Class: SF Scorpion
$Team: Hostile
$Location: 538.880493, 4193.889160, -1342.459229
$Orientation:
	1.000000, 0.000000, 0.000000,
	0.000000, 0.371660, 0.928369,
	0.000000, -0.928369, 0.371660
$Cargo 1:  XSTR("Nothing", 13)
+Initial Velocity: 33
+Initial Hull: 100
+Subsystem: Pilot
$Arrival Location: Hyperspace
$Arrival Cue: ( false ) 
$Departure Location: Hyperspace
$Departure Cue: ( false ) 
$Determination: 10
+Flags: ( "no-arrival-warp" "no-departure-warp" )
+Flags2: ( )
+Respawn priority: 0
+Orders Accepted List: ( )
+Group: 0
+Use Table Score:
+Score: 10

$Name: Rama 2		;! Object #15
$Display Name: XSTR("Rama 2", 6823)
$Class: SF Scorpion
$Team: Hostile
$Location: 581.684631, 4193.889160, -1564.343384
$Orientation:
	1.000000, 0.000000, 0.000000,
	0.000000, 0.371660, 0.928369,
	0.000000, -0.928369, 0.371660
$Cargo 1:  XSTR("Nothing", 13)
+Initial Velocity: 33
+Initial Hull: 100
+Subsystem: Pilot
$Arrival Location: Hyperspace
$Arrival Cue: ( false ) 
$Departure Location: Hyperspace
$Departure Cue: ( false ) 
$Determination: 10
+Flags: ( "no-arrival-warp" "no-departure-warp" )
+Flags2: ( )
+Respawn priority: 0
+Orders Accepted List: ( )
+Group: 0
+Use Table Score:
+Score: 10

$Name: Rama 3		;! Object #16
$Display Name: XSTR("Rama 3", 6824)
$Class: SF Scorpion
$Team: Hostile
$Location: 756.623352, 4193.889160, -1527.862915
$Orientation:
	1.000000, 0.000000, 0.000000,
	0.000000, 0.371660, 0.928369,
	0.000000, -0.928369, 0.371660
$Cargo 1:  XSTR("Nothing", 13)
+Initial Velocity: 33
+Initial Hull: 100
+Subsystem: Pilot
$Arrival Location: Hyperspace
$Arrival Cue: ( false ) 
$Departure Location: Hyperspace
$Departure Cue: ( false ) 
$Determination: 10
+Flags: ( "no-arrival-warp" "no-departure-warp" )
+Flags2: ( )
+Respawn priority: 0
+Orders Accepted List: ( )
+Group: 0
+Use Table Score:
+Score: 10

$Name: Rama 4		;! Object #17
$Display Name: XSTR("Rama 4", 6825)
$Class: SF Scorpion
$Team: Hostile
$Location: 702.357727, 4193.889160, -1377.244507
$Orientation:
	1.000000, 0.000000, 0.000000,
	0.000000, 0.371660, 0.928369,
	0.000000, -0.928369, 0.371660
$Cargo 1:  XSTR("Nothing", 13)
+Initial Velocity: 33
+Initial Hull: 100
+Subsystem: Pilot
$Arrival Location: Hyperspace
$Arrival Cue: ( false ) 
$Departure Location: Hyperspace
$Departure Cue: ( false ) 
$Determination: 10
+Flags: ( "no-arrival-warp" "no-departure-warp" )
+Flags2: ( )
+Respawn priority: 0
+Orders Accepted List: ( )
+Group: 0
+Use Table Score:
+Score: 10

$Name: Alpha 1		;! Object #18
$Display Name: XSTR("Alpha 1", 6681)
$Class: ORF Defender
$Callsign: XSTR("Harper", 6805)

$Team: Friendly
$Team Color Setting: Non-Assigned
$Location: -349.625977, 9970.830078, 8327.505859
$Orientation:
	-0.995835, 0.015165, 0.089899,
	0.016180, 0.999813, 0.010576,
	-0.089722, 0.011986, -0.995895
$Cargo 1:  XSTR("Nothing", 13)
+Initial Hull: 100
+Subsystem: Pilot
$Arrival Location: Hyperspace
$Arrival Cue: ( false ) 
$Departure Location: Hyperspace
$Departure Cue: ( false ) 
$Determination: 10
+Flags: ( "cargo-known" "no-arrival-warp" "no-departure-warp" )
+Flags2: ( )
+Respawn priority: 0
+Orders Accepted List: ( )
+Group: 0
+Score: 10
+Persona Name: Harper

$Name: Alpha 2		;! Object #19
$Display Name: XSTR("Alpha 2", 6826)
$Class: ORF Defender
$Callsign: XSTR("Black Widow", 6806)

$Team: Friendly
$Team Color Setting: Non-Assigned
$Location: -326.906921, 9973.357422, 8322.732422
$Orientation:
	-0.995835, 0.015164, 0.089899,
	0.016180, 0.999813, 0.010577,
	-0.089722, 0.011988, -0.995895
$Cargo 1:  XSTR("Nothing", 13)
+Initial Hull: 100
+Subsystem: Pilot
$Arrival Location: Hyperspace
$Arrival Cue: ( false ) 
$Departure Location: Hyperspace
$Departure Cue: ( false ) 
$Determination: 10
+Flags: ( "cargo-known" "no-arrival-warp" "no-departure-warp" )
+Flags2: ( )
+Respawn priority: 0
+Orders Accepted List: ( )
+Group: 0
+Score: 10
+Persona Name: Black Widow

$Name: Alpha 3		;! Object #20
$Display Name: XSTR("Alpha 3", 6827)
$Class: ORF Defender
$Callsign: XSTR("Nielsen", 6811)

$Team: Friendly
$Team Color Setting: Non-Assigned
$Location: -353.041199, 9967.956055, 8305.421875
$Orientation:
	-0.995835, 0.015164, 0.089899,
	0.016180, 0.999813, 0.010577,
	-0.089722, 0.011988, -0.995895
$Cargo 1:  XSTR("Nothing", 13)
+Initial Hull: 100
+Subsystem: Pilot
$Arrival Location: Hyperspace
$Arrival Cue: ( false ) 
$Departure Location: Hyperspace
$Departure Cue: ( false ) 
$Determination: 10
+Flags: ( "cargo-known" "no-arrival-warp" "no-departure-warp" )
+Flags2: ( )
+Respawn priority: 0
+Orders Accepted List: ( )
+Group: 0
+Score: 10
+Persona Name: Nielsen

$Name: Alpha 4		;! Object #21
$Display Name: XSTR("Alpha 4", 6828)
$Class: ORF Defender
$Team: Friendly
$Team Color Setting: Non-Assigned
$Location: -328.814636, 9967.257813, 8300.744141
$Orientation:
	-0.995835, 0.015164, 0.089899,
	0.016180, 0.999813, 0.010577,
	-0.089722, 0.011988, -0.995895
$Cargo 1:  XSTR("Nothing", 13)
+Initial Hull: 100
+Subsystem: Pilot
$Arrival Location: Hyperspace
$Arrival Cue: ( false ) 
$Departure Location: Hyperspace
$Departure Cue: ( false ) 
$Determination: 10
+Flags: ( "cargo-known" "no-arrival-warp" "no-departure-warp" )
+Flags2: ( )
+Respawn priority: 0
+Orders Accepted List: ( )
+Group: 0
+Score: 10
+Persona Name: ORS Wingman 2

$Name: Leyak		;! Object #22
$Display Name: XSTR("Leyak", 6829)
$Class: SC Cain
$Team: Hostile
$Location: -5072.953613, 2430.169434, 509.081909
$Orientation:
	-0.276637, -0.214943, -0.936630,
	-0.902754, 0.392231, 0.176621,
	0.329411, 0.894403, -0.302547
$Cargo 1:  XSTR("Nothing", 13)
+Initial Velocity: 33
+Initial Hull: 72
+Initial Shields: 100
+Subsystem: Pilot
+Subsystem: turret01
+Subsystem: turret02
+Subsystem: turret03
+Subsystem: turret04
+Subsystem: turret05
+Subsystem: turret06
+Subsystem: turret07
+Subsystem: turret08
+Subsystem: turret09
$Arrival Location: Hyperspace
+Arrival Delay: 2
$Arrival Cue: ( has-arrived-delay 0 "Balam" ) 
$Departure Location: Hyperspace
$Departure Cue: ( false ) 
$Determination: 10
+Flags: ( "no-shields" "escort" )
+Flags2: ( )
+Respawn priority: 0
+Escort priority: 9
+Orders Accepted List: ( )
+Group: 0
+Use Table Score:
+Score: 150

$Name: Arjuna 2		;! Object #23
$Display Name: XSTR("Arjuna 2", 6718)
$Class: SF Manticore
$Team: Hostile
$Location: -2201.883545, 4309.206055, 1751.652466
$Orientation:
	1.000000, 0.000000, 0.000000,
	0.000000, 0.080709, 0.996738,
	0.000000, -0.996738, 0.080709
$Cargo 1:  XSTR("Nothing", 13)
+Initial Velocity: 33
+Subsystem: Pilot
$Arrival Location: Hyperspace
$Arrival Cue: ( false ) 
$Departure Location: Hyperspace
$Departure Cue: ( false ) 
$Determination: 10
+Flags: ( "no-arrival-warp" )
+Flags2: ( )
+Respawn priority: 0
+Orders Accepted List: ( )
+Group: 0
+Use Table Score:
+Score: 12

$Name: Arjuna 3		;! Object #24
$Display Name: XSTR("Arjuna 3", 6719)
$Class: SF Manticore
$Team: Hostile
$Location: -2219.546631, 4309.206055, 1495.267334
$Orientation:
	1.000000, 0.000000, 0.000000,
	0.000000, 0.080709, 0.996738,
	0.000000, -0.996738, 0.080709
$Cargo 1:  XSTR("Nothing", 13)
+Initial Velocity: 33
+Subsystem: Pilot
$Arrival Location: Hyperspace
$Arrival Cue: ( false ) 
$Departure Location: Hyperspace
$Departure Cue: ( false ) 
$Determination: 10
+Flags: ( "no-arrival-warp" )
+Flags2: ( )
+Respawn priority: 0
+Orders Accepted List: ( )
+Group: 0
+Use Table Score:
+Score: 12

$Name: Arjuna 4		;! Object #25
$Display Name: XSTR("Arjuna 4", 6720)
$Class: SF Manticore
$Team: Hostile
$Location: -2090.065186, 4309.206055, 1661.951416
$Orientation:
	1.000000, 0.000000, 0.000000,
	0.000000, 0.080709, 0.996738,
	0.000000, -0.996738, 0.080709
$Cargo 1:  XSTR("Nothing", 13)
+Initial Velocity: 33
+Subsystem: Pilot
$Arrival Location: Hyperspace
$Arrival Cue: ( false ) 
$Departure Location: Hyperspace
$Departure Cue: ( false ) 
$Determination: 10
+Flags: ( "no-arrival-warp" )
+Flags2: ( )
+Respawn priority: 0
+Orders Accepted List: ( )
+Group: 0
+Use Table Score:
+Score: 12

$Name: Ahriman		;! Object #26
$Display Name: XSTR("Ahriman", 6830)
$Class: SC Rakshasa
$Team: Hostile
$Location: 1401.617798, 8214.577148, 136.055923
$Orientation:
	-0.595406, 0.476640, 0.646766,
	-0.590364, 0.286462, -0.754594,
	-0.544945, -0.831116, 0.110829
$Cargo 1:  XSTR("Nothing", 13)
+Initial Velocity: 33
+Initial Hull: 89
+Initial Shields: 100
+Subsystem: Pilot
+Subsystem: turret01
+Subsystem: turret02
+Subsystem: turret03
+Subsystem: turret04
+Subsystem: turret05
+Subsystem: turret06
+Subsystem: turret07
+Subsystem: turret08
+Subsystem: turret09
+Subsystem: turret10
+Subsystem: turret11
+Subsystem: turret12
+Subsystem: turret13
+Subsystem: turret14
$Arrival Location: Hyperspace
$Arrival Cue: ( has-arrived-delay 2 "Forneus" ) 
$Departure Location: Hyperspace
$Departure Cue: ( false ) 
$Determination: 10
+Flags: ( "no-shields" "escort" )
+Flags2: ( )
+Respawn priority: 0
+Escort priority: 8
+Orders Accepted List: ( )
+Group: 0
+Use Table Score:
+Score: 300

$Name: Radha 1		;! Object #27
$Display Name: XSTR("Radha 1", 6831)
$Class: SB Seraphim
$Team: Hostile
$Location: -1592.027710, -1690.502930, -6003.361816
$Orientation:
	1.000000, 0.000000, 0.000000,
	0.000000, 0.179813, -0.983701,
	0.000000, 0.983701, 0.179813
$Cargo 1:  XSTR("Nothing", 13)
+Initial Hull: 100
+Subsystem: Pilot
+Subsystem: turret01
+Subsystem: turret02
$Arrival Location: Hyperspace
$Arrival Cue: ( false ) 
$Departure Location: Hyperspace
$Departure Cue: ( false ) 
$Determination: 10
+Flags: ( "no-arrival-warp" "no-departure-warp" )
+Flags2: ( )
+Respawn priority: 0
+Orders Accepted List: ( )
+Group: 0
+Score: 15

$Name: Radha 2		;! Object #28
$Display Name: XSTR("Radha 2", 6832)
$Class: SB Seraphim
$Team: Hostile
$Location: -1445.579590, -1690.502930, -5869.746094
$Orientation:
	1.000000, 0.000000, 0.000000,
	0.000000, 0.179813, -0.983701,
	0.000000, 0.983701, 0.179813
$Cargo 1:  XSTR("Nothing", 13)
+Initial Hull: 100
+Subsystem: Pilot
+Subsystem: turret01
+Subsystem: turret02
$Arrival Location: Hyperspace
$Arrival Cue: ( false ) 
$Departure Location: Hyperspace
$Departure Cue: ( false ) 
$Determination: 10
+Flags: ( "no-arrival-warp" "no-departure-warp" )
+Flags2: ( )
+Respawn priority: 0
+Orders Accepted List: ( )
+Group: 0
+Score: 15

$Name: Radha 3		;! Object #29
$Display Name: XSTR("Radha 3", 6833)
$Class: SB Seraphim
$Team: Hostile
$Location: -1230.473145, -1690.502930, -5959.181152
$Orientation:
	1.000000, 0.000000, 0.000000,
	0.000000, 0.179813, -0.983701,
	0.000000, 0.983701, 0.179813
$Cargo 1:  XSTR("Nothing", 13)
+Initial Hull: 100
+Subsystem: Pilot
+Subsystem: turret01
+Subsystem: turret02
$Arrival Location: Hyperspace
$Arrival Cue: ( false ) 
$Departure Location: Hyperspace
$Departure Cue: ( false ) 
$Determination: 10
+Flags: ( "no-arrival-warp" "no-departure-warp" )
+Flags2: ( )
+Respawn priority: 0
+Orders Accepted List: ( )
+Group: 0
+Score: 15

$Name: Radha 4		;! Object #30
$Display Name: XSTR("Radha 4", 6834)
$Class: SB Seraphim
$Team: Hostile
$Location: -1417.676270, -1690.502930, -6248.344727
$Orientation:
	1.000000, 0.000000, 0.000000,
	0.000000, 0.179813, -0.983701,
	0.000000, 0.983701, 0.179813
$Cargo 1:  XSTR("Nothing", 13)
+Initial Hull: 100
+Subsystem: Pilot
+Subsystem: turret01
+Subsystem: turret02
$Arrival Location: Hyperspace
$Arrival Cue: ( false ) 
$Departure Location: Hyperspace
$Departure Cue: ( false ) 
$Determination: 10
+Flags: ( "no-arrival-warp" "no-departure-warp" )
+Flags2: ( )
+Respawn priority: 0
+Orders Accepted List: ( )
+Group: 0
+Score: 15

$Name: Radha 5		;! Object #31
$Display Name: XSTR("Radha 5", 6835)
$Class: SB Seraphim
$Team: Hostile
$Location: -1660.648804, -1690.502930, -6275.441406
$Orientation:
	1.000000, 0.000000, 0.000000,
	0.000000, 0.179813, -0.983701,
	0.000000, 0.983701, 0.179813
$Cargo 1:  XSTR("Nothing", 13)
+Initial Hull: 100
+Subsystem: Pilot
+Subsystem: turret01
+Subsystem: turret02
$Arrival Location: Hyperspace
$Arrival Cue: ( false ) 
$Departure Location: Hyperspace
$Departure Cue: ( false ) 
$Determination: 10
+Flags: ( "no-arrival-warp" "no-departure-warp" )
+Flags2: ( )
+Respawn priority: 0
+Orders Accepted List: ( )
+Group: 0
+Score: 15

$Name: Indra 1		;! Object #32
$Display Name: XSTR("Indra 1", 6836)
$Class: SF Basilisk
$Team: Hostile
$Location: 1149.821411, 973.407959, 3421.143066
$Orientation:
	1.000000, 0.000000, 0.000000,
	0.000000, 0.179813, -0.983701,
	0.000000, 0.983701, 0.179813
$Cargo 1:  XSTR("Nothing", 13)
+Initial Velocity: 33
+Initial Hull: 100
+Subsystem: Pilot
$Arrival Location: Hyperspace
$Arrival Cue: ( false ) 
$Departure Location: Hyperspace
$Departure Cue: ( false ) 
$Determination: 10
+Flags: ( "no-arrival-warp" "no-departure-warp" )
+Flags2: ( )
+Respawn priority: 0
+Orders Accepted List: ( )
+Group: 0
+Use Table Score:
+Score: 12

$Name: Indra 2		;! Object #33
$Display Name: XSTR("Indra 2", 6837)
$Class: SF Basilisk
$Team: Hostile
$Location: 885.403198, 962.345459, 3433.365723
$Orientation:
	1.000000, 0.000000, 0.000000,
	0.000000, 0.179813, -0.983701,
	0.000000, 0.983701, 0.179813
$Cargo 1:  XSTR("Nothing", 13)
+Initial Velocity: 33
+Initial Hull: 100
+Subsystem: Pilot
$Arrival Location: Hyperspace
$Arrival Cue: ( false ) 
$Departure Location: Hyperspace
$Departure Cue: ( false ) 
$Determination: 10
+Flags: ( "no-arrival-warp" "no-departure-warp" )
+Flags2: ( )
+Respawn priority: 0
+Orders Accepted List: ( )
+Group: 0
+Use Table Score:
+Score: 12

$Name: Indra 3		;! Object #34
$Display Name: XSTR("Indra 3", 6838)
$Class: SF Basilisk
$Team: Hostile
$Location: 634.211792, 973.407959, 3325.736816
$Orientation:
	1.000000, 0.000000, 0.000000,
	0.000000, 0.179813, -0.983701,
	0.000000, 0.983701, 0.179813
$Cargo 1:  XSTR("Nothing", 13)
+Initial Velocity: 33
+Initial Hull: 100
+Subsystem: Pilot
$Arrival Location: Hyperspace
$Arrival Cue: ( false ) 
$Departure Location: Hyperspace
$Departure Cue: ( false ) 
$Determination: 10
+Flags: ( "no-arrival-warp" "no-departure-warp" )
+Flags2: ( )
+Respawn priority: 0
+Orders Accepted List: ( )
+Group: 0
+Use Table Score:
+Score: 12

$Name: Indra 4		;! Object #35
$Display Name: XSTR("Indra 4", 6839)
$Class: SF Basilisk
$Team: Hostile
$Location: 908.957886, 973.413818, 3165.924316
$Orientation:
	1.000000, 0.000000, 0.000000,
	0.000000, 0.179813, -0.983701,
	0.000000, 0.983701, 0.179813
$Cargo 1:  XSTR("Nothing", 13)
+Initial Velocity: 33
+Initial Hull: 100
+Subsystem: Pilot
$Arrival Location: Hyperspace
$Arrival Cue: ( false ) 
$Departure Location: Hyperspace
$Departure Cue: ( false ) 
$Determination: 10
+Flags: ( "no-arrival-warp" "no-departure-warp" )
+Flags2: ( )
+Respawn priority: 0
+Orders Accepted List: ( )
+Group: 0
+Use Table Score:
+Score: 12

$Name: Vishnu 1		;! Object #36
$Display Name: XSTR("Vishnu 1", 6840)
$Class: SF Manticore
$Team: Hostile
$Location: -1220.140503, 2360.297852, -5323.708008
$Orientation:
	-0.991768, 0.106463, 0.071160,
	-0.100309, -0.991313, 0.085086,
	0.079600, 0.077248, 0.993831
$Cargo 1:  XSTR("Nothing", 13)
+Initial Velocity: 33
+Subsystem: Pilot
$Arrival Location: Hyperspace
$Arrival Cue: ( false ) 
$Departure Location: Hyperspace
$Departure Cue: ( false ) 
$Determination: 10
+Flags: ( )
+Flags2: ( )
+Respawn priority: 0
+Orders Accepted List: ( )
+Group: 0
+Use Table Score:
+Score: 12

$Name: Krishna 3		;! Object #37
$Display Name: XSTR("Krishna 3", 6728)
$Class: SB Nephilim
$Team: Hostile
$Location: -1222.063721, 1926.108643, -5403.051270
$Orientation:
	-0.991768, 0.106463, 0.071160,
	-0.100309, -0.991313, 0.085086,
	0.079600, 0.077248, 0.993831
$Cargo 1:  XSTR("Nothing", 13)
+Initial Velocity: 33
+Initial Hull: 100
+Subsystem: Pilot
+Subsystem: turret01
+Subsystem: turret02
$Arrival Location: Hyperspace
$Arrival Cue: ( false ) 
$Departure Location: Hyperspace
$Departure Cue: ( false ) 
$Determination: 10
+Flags: ( )
+Flags2: ( )
+Respawn priority: 0
+Orders Accepted List: ( )
+Group: 0
+Use Table Score:
+Score: 11

$Name: Krishna 4		;! Object #38
$Display Name: XSTR("Krishna 4", 6729)
$Class: SB Nephilim
$Team: Hostile
$Location: -1232.781494, 2032.104736, -5628.194336
$Orientation:
	-0.991768, 0.106463, 0.071160,
	-0.100309, -0.991313, 0.085086,
	0.079600, 0.077248, 0.993831
$Cargo 1:  XSTR("Nothing", 13)
+Initial Velocity: 33
+Initial Hull: 100
+Subsystem: Pilot
+Subsystem: turret01
+Subsystem: turret02
$Arrival Location: Hyperspace
$Arrival Cue: ( false ) 
$Departure Location: Hyperspace
$Departure Cue: ( false ) 
$Determination: 10
+Flags: ( )
+Flags2: ( )
+Respawn priority: 0
+Orders Accepted List: ( )
+Group: 0
+Use Table Score:
+Score: 11

$Name: Krishna 1		;! Object #39
$Display Name: XSTR("Krishna 1", 6726)
$Class: SB Nephilim
$Team: Hostile
$Location: -749.228027, 2138.570313, -5756.755859
$Orientation:
	-0.991768, 0.106463, 0.071160,
	-0.100309, -0.991313, 0.085086,
	0.079600, 0.077248, 0.993831
$Cargo 1:  XSTR("Nothing", 13)
+Initial Velocity: 33
+Initial Hull: 100
+Subsystem: Pilot
+Subsystem: turret01
+Subsystem: turret02
$Arrival Location: Hyperspace
$Arrival Cue: ( false ) 
$Departure Location: Hyperspace
$Departure Cue: ( false ) 
$Determination: 10
+Flags: ( )
+Flags2: ( )
+Respawn priority: 0
+Orders Accepted List: ( )
+Group: 0
+Use Table Score:
+Score: 11

$Name: Durga 1		;! Object #40
$Display Name: XSTR("Durga 1", 6722)
$Class: SB Shaitan
$Team: Hostile
$Location: 2512.764648, 5972.251465, 966.215332
$Orientation:
	1.000000, 0.000000, 0.000000,
	0.000000, -0.148651, 0.988891,
	0.000000, -0.988891, -0.148651
$Cargo 1:  XSTR("Nothing", 13)
+Initial Hull: 100
+Subsystem: Pilot
$Arrival Location: Hyperspace
$Arrival Cue: ( false ) 
$Departure Location: Hyperspace
$Departure Cue: ( false ) 
$Determination: 10
+Flags: ( "no-departure-warp" )
+Flags2: ( )
+Respawn priority: 0
+Orders Accepted List: ( )
+Group: 0
+Score: 16

$Name: Durga 2		;! Object #41
$Display Name: XSTR("Durga 2", 6723)
$Class: SB Shaitan
$Team: Hostile
$Location: 2692.733398, 5880.511230, 863.302246
$Orientation:
	1.000000, 0.000000, 0.000000,
	0.000000, -0.148651, 0.988891,
	0.000000, -0.988891, -0.148651
$Cargo 1:  XSTR("Nothing", 13)
+Initial Hull: 100
+Subsystem: Pilot
$Arrival Location: Hyperspace
$Arrival Cue: ( false ) 
$Departure Location: Hyperspace
$Departure Cue: ( false ) 
$Determination: 10
+Flags: ( "no-departure-warp" )
+Flags2: ( )
+Respawn priority: 0
+Orders Accepted List: ( )
+Group: 0
+Score: 16

$Name: Durga 3		;! Object #42
$Display Name: XSTR("Durga 3", 6724)
$Class: SB Shaitan
$Team: Hostile
$Location: 2350.280762, 5913.727051, 776.510254
$Orientation:
	1.000000, 0.000000, 0.000000,
	0.000000, -0.148651, 0.988891,
	0.000000, -0.988891, -0.148651
$Cargo 1:  XSTR("Nothing", 13)
+Initial Hull: 100
+Subsystem: Pilot
$Arrival Location: Hyperspace
$Arrival Cue: ( false ) 
$Departure Location: Hyperspace
$Departure Cue: ( false ) 
$Determination: 10
+Flags: ( "no-departure-warp" )
+Flags2: ( )
+Respawn priority: 0
+Orders Accepted List: ( )
+Group: 0
+Score: 16

$Name: Vishnu 2		;! Object #43
$Display Name: XSTR("Vishnu 2", 6841)
$Class: SF Manticore
$Team: Hostile
$Location: -994.056274, 2396.355469, -5400.297363
$Orientation:
	-0.991768, 0.106463, 0.071160,
	-0.100309, -0.991313, 0.085086,
	0.079600, 0.077248, 0.993831
$Cargo 1:  XSTR("Nothing", 13)
+Initial Velocity: 33
+Subsystem: Pilot
$Arrival Location: Hyperspace
$Arrival Cue: ( false ) 
$Departure Location: Hyperspace
$Departure Cue: ( false ) 
$Determination: 10
+Flags: ( )
+Flags2: ( )
+Respawn priority: 0
+Orders Accepted List: ( )
+Group: 0
+Use Table Score:
+Score: 12

$Name: Vishnu 3		;! Object #44
$Display Name: XSTR("Vishnu 3", 6842)
$Class: SF Manticore
$Team: Hostile
$Location: -1096.341187, 2529.717773, -5683.583496
$Orientation:
	-0.991768, 0.106463, 0.071160,
	-0.100309, -0.991313, 0.085086,
	0.079600, 0.077248, 0.993831
