#Mission Info

$Version: 24.1
$Name:  XSTR("Impatience", 8808)
$Author: Exile Team
$Created: 01/19/14 at 16:29:36
$Modified: 12/29/24 at 18:55:40
$Notes:
This is a FRED2_OPEN created mission.
$End Notes:

$Mission Desc:
 XSTR("Put mission description here
", 6680)
$end_multi_text
+Game Type Flags: 1
+Flags: 192
+Fog Near Mult: 1.000000

+Fog Far Mult: 1.000000


+Disallow Support: 0
+Hull Repair Ceiling: 60.000000
+Subsystem Repair Ceiling: 100.000000

+Viewer pos: -1028.133057, 6217.713379, -636.607849
+Viewer orient:
	0.999990, 0.000000, 0.004476,
	-0.004463, -0.077482, 0.996984,
	0.000347, -0.996994, -0.077481


$Load Screen 1024: Loading_M12-13.png

$Skybox Model: StarField.pof

$AI Profile: Exile

#Sexp_variables

$Variables:
(
		0		"counterInit"		"240"		"number"
		1		"eta"		"240"		"number"
		2		"etaDecSec"		"0"		"number"
		3		"etaMin"		"4"		"number"
		4		"etaSec"		"0"		"number"
		5		"fleet_population"		"1198732"		"number"		"save-on-mission-progress"
		6		"i18nVariable1"		"#Spark"		"string"
		7		"i18nVariable2"		"#Valhalla"		"string"
)

#Fiction Viewer

$File: Exile12FV.txt
$Font: fiction

#Command Briefing

$Stage Text:
 XSTR("$W ORD $W Ironclad
$W ORS $W Roaming $W Fleet
$W Cor $W Caroli $W system

$W 13th $W January $W 2368
$W 28 $W days $W since $W the $W Great $W Exodus

$W Syndicate $W Exodus $W Fleet's $W population: $E $fleet_population", 8809)
$end_multi_text
$Ani Filename: <default>
+Wave Filename: none

#Briefing
$start_briefing
$num_stages: 3
$start_stage
$multi_text
 XSTR("$B Tactical $B Arbiter $B Thynne:
Welcome, pilots. We don't have much time, so I'll keep this brief. The $G Colony $G Fleet is still crossing the portal to $B Delta $B Lacertae. More than 85 percent of our ships have already made it, so we expect the entire fleet to be on the other side in a matter of hours. Shivan attempts to break through the blockade are intensifying, so we must withdraw from $B Cor $B Caroli as soon as possible. ", 8810)
$end_multi_text
$voice: none.wav
$camera_pos: 131.179123, 9573.442383, -1509.462280
$camera_orient:
	0.999999, 0.000001, -0.001077,
	0.001075, -0.066402, 0.997792,
	-0.000071, -0.997793, -0.066402
$camera_time: 500
$num_lines: 0
$num_icons: 4
$Flags: 0
$Formula: ( true ) 
$start_icon
$type: 33
$team: Friendly
$class: ORNB Lumen
$pos: -4462.987305, 0.000000, -3585.503174
$label:  XSTR("Delta Lacertae", 8337)
+id: 1
$hlight: 0
$mirror: 0
$multi_text
$end_multi_text
$end_icon
$start_icon
$type: 13
$team: Friendly
$class: ORT Corsair
$pos: -292.792358, 0.000000, -3946.991699
$label:  XSTR("Colony Fleet", 8662)
+id: 2
$hlight: 1
$mirror: 0
$multi_text
$end_multi_text
$end_icon
$start_icon
$type: 6
$team: Friendly
$class: ORD Orion
$pos: 1427.181030, 0.000000, -256.265900
$label:  XSTR("Ironclad", 8122)
+id: 3
$hlight: 0
$mirror: 0
$multi_text
$end_multi_text
$end_icon
$start_icon
$type: 33
$team: Friendly
$class: ORNB Lumen
$pos: 5699.469238, 0.000000, -391.804688
$label:  XSTR("Naos", 8327)
+id: 4
$hlight: 0
$mirror: 0
$multi_text
$end_multi_text
$end_icon
$end_stage
$start_stage
$multi_text
 XSTR("In the meantime, our factory ships are still mining minerals from several asteroid fields within the $B Cor $B Caroli system. These minerals will allow us to produce new fighters and repair damage to our warships even while the fleet is on the move. We don't know when we'll have another chance to replenish our stocks, so it is essential for our mining sites to remain operational as long as we have the means to protect them.", 8811)
$end_multi_text
$voice: none.wav
$camera_pos: -436.447937, 8738.597656, -206.304886
$camera_orient:
	0.999990, 0.000001, 0.004476,
	-0.004463, -0.077482, 0.996984,
	0.000347, -0.996994, -0.077481
$camera_time: 500
$num_lines: 0
$num_icons: 5
$Flags: 0
$Formula: ( true ) 
$start_icon
$type: 29
$team: Friendly
$class: ORFS Hephaestus
$pos: -2907.266602, 0.000000, -1054.221802
$label:  XSTR("Ida Lewis", 7495)
+id: 5
$hlight: 0
$mirror: 1
$multi_text
$end_multi_text
$end_icon
$start_icon
$type: 7
$team: Friendly
$class: ORNB Lumen
$pos: 5810.996094, 0.000000, -1073.418579
+id: 7
$hlight: 0
$mirror: 0
$multi_text
$end_multi_text
$end_icon
$start_icon
$type: 8
$team: Hostile
$class: Asteroid
$pos: 2615.016846, -0.000000, -1096.045776
+id: 8
$hlight: 0
$mirror: 0
$multi_text
$end_multi_text
$end_icon
$start_icon
$type: 8
$team: Hostile
$class: Asteroid
$pos: 1841.459839, -0.000000, -2668.949951
+id: 9
$hlight: 0
$mirror: 0
$multi_text
$end_multi_text
$end_icon
$start_icon
$type: 8
$team: Hostile
$class: Asteroid
$pos: 1813.937500, -0.000000, 492.280914
+id: 10
$hlight: 0
$mirror: 0
$multi_text
$end_multi_text
$end_icon
$end_stage
$start_stage
$multi_text
 XSTR("Beta wing, you will be deployed to assist the $G Ida $G Lewis. The factory ship has just finished mining minerals from an asteroid field not far from $B Cor $B Caroli $B 6, a large gas giant. However, as it was preparing to depart, it came under attack from Shivan bomber wings and its engines were damaged. We need to deploy a transport with an engineering team to carry out repairs. Your mission is to cover the transport and the Ida Lewis until the factory ship is ready to depart.", 8812)
$end_multi_text
$voice: none.wav
$camera_pos: -1028.133057, 6217.713379, -636.607849
$camera_orient:
	0.999990, 0.000000, 0.004476,
	-0.004463, -0.077482, 0.996984,
	0.000347, -0.996994, -0.077481
$camera_time: 500
$num_lines: 0
$num_icons: 6
$Flags: 0
$Formula: ( true ) 
$start_icon
$type: 29
$team: Friendly
$class: ORFS Hephaestus
$pos: -2907.266602, 0.000000, -1054.221802
$label:  XSTR("Ida Lewis", 7495)
+id: 5
$hlight: 0
$mirror: 1
$multi_text
$end_multi_text
$end_icon
$start_icon
$type: 8
$team: Hostile
$class: Asteroid
$pos: 2615.016846, -0.000000, -1096.045776
+id: 8
$hlight: 0
$mirror: 0
$multi_text
$end_multi_text
$end_icon
$start_icon
$type: 8
$team: Hostile
$class: Asteroid
$pos: 1841.459839, -0.000000, -2668.949951
+id: 9
$hlight: 0
$mirror: 0
$multi_text
$end_multi_text
$end_icon
$start_icon
$type: 8
$team: Hostile
$class: Asteroid
$pos: 1813.937500, -0.000000, 492.280914
+id: 10
$hlight: 0
$mirror: 0
$multi_text
$end_multi_text
$end_icon
$start_icon
$type: 1
$team: Hostile
$class: SF Dragon
$pos: -655.123962, 0.000000, -1159.464478
$label:  XSTR("Shivan reavers", 8813)
+id: 19
$hlight: 0
$mirror: 0
$multi_text
$end_multi_text
$end_icon
$start_icon
$type: 34
$team: Friendly
$class: ORT Corsair
$pos: -2146.735596, 2002.703613, -1745.354736
$label:  XSTR("Omega 1", 6860)
+id: 20
$hlight: 0
$mirror: 0
$multi_text
$end_multi_text
$end_icon
$end_stage
$end_briefing

#Debriefing_info

$Num stages: 5

$Formula: ( and 
   ( has-departed-delay 0 "Ida Lewis" ) 
   ( not 
      ( is-destroyed-delay 0 "Epsilon" ) 
   )
)
$Multi text
    XSTR("Nice job rescuing our factory ship, Beta wing. You handled it well--better than the rookies sent here before you. They screwed up royally. Without a proper escort, the Ida Lewis instantly became the target of all nearby Shivan reavers. You arrived just in time to save her. Losing the Ida Lewis would have been a devastating blow to the Fleet, especially now.", 8814)
$end_multi_text
$Voice: none.wav
$Recommendation text:
    XSTR("", 10)
$end_multi_text

$Formula: ( and 
   ( has-departed-delay 0 "Ida Lewis" ) 
   ( is-destroyed-delay 0 "Epsilon" ) 
)
$Multi text
    XSTR("Nice job rescuing our factory ship, Beta wing. You handled it well--better than the rookies sent here before you. They screwed up royally, and to make matters worse, they got themselves killed. Without a proper escort, the Ida Lewis instantly became the target of all nearby Shivan reavers. You arrived just in time to save her. Losing the Ida Lewis would have been a devastating blow to the Fleet, especially now.", 8815)
$end_multi_text
$Voice: none.wav
$Recommendation text:
    XSTR("", 10)
$end_multi_text

$Formula: ( has-departed-delay 0 "Ida Lewis" ) 
$Multi text
    XSTR("Thanks to your efforts, we have plenty of minerals to meet our industrial needs. These minerals will now be processed and forged into metal alloys, which in turn shall be a resource to produce new fighters, weaponry, and ammo for our ships. This is a major boost for our economic capabilities. With luck, soon you'll see the benefit yourselves in the form of newly available weapons and ships for your sorties.", 8816)
$end_multi_text
$Voice: none.wav
$Recommendation text:
    XSTR("", 10)
$end_multi_text

$Formula: ( is-destroyed-delay 0 "Ida Lewis" ) 
$Multi text
    XSTR("Your efforts to save the Ida Lewis from Shivan attacks were not enough, and the mining ship was blown up by enemy bomber strikes. This is a devastating blow our economy.  In a matter of minutes, we've lost both our primary factory ship and a huge stash of mineral resources that we needed to maintain the Exodus Fleet.", 8817)
$end_multi_text
$Voice: none.wav
$Recommendation text:
    XSTR("", 10)
$end_multi_text

$Formula: ( is-destroyed-delay 0 "Omega 1" ) 
$Multi text
    XSTR("Your efforts to save Ida Lewis from Shivan attacks were insufficient, as the transport ship carrying the engineering team and spare parts needed to restore its jump drive was destroyed by enemy reavers. We expected better, pilots. It was one thing for those rookies to screw up, but a veteran wing such as yours should have been able to get the job done. ", 8818)
$end_multi_text
$Voice: none.wav
$Recommendation text:
    XSTR("", 10)
$end_multi_text

#Alternate Types:
$Alt: Idle
$Alt: Flying to asteroid
$Alt: Mining
$Alt: Returning minerals

#end


#Callsigns:
$Callsign: XSTR("Fives", 8299)
$Callsign: XSTR("Echo", 8300)

#end


#Players		;! 1 total

$Starting Shipname: Beta 1
$Ship Choices: (
	"ORF Encantona"	5
	"ORF Encantona#2banks"	5
)

+Weaponry Pool: (
	"Pulsar PC-9"	100
	"Prometheus N"	104
	"Defiler LPC"	100
	"Stinger"	500
	"MX-112"	500
	"Vortex"	660
)

#Objects		;! 53 total

$Name: Beta 1		;! Object #0
$Display Name: XSTR("Beta 1", 6701)
$Class: ORF Encantona
$Team: Friendly
$Team Color Setting: Roaming Fleet
$Location: -1935.901123, 751.240112, -4223.343750
$Orientation:
	0.939373, 0.000000, -0.342897,
	0.000000, 1.000000, 0.000000,
	0.342897, 0.000000, 0.939373
$Cargo 1:  XSTR("Nothing", 13)
+Initial Hull: 100
+Subsystem: Pilot
$Arrival Location: Hyperspace
$Arrival Cue: ( false ) 
$Departure Location: Hyperspace
$Departure Cue: ( false ) 
$Determination: 10
+Flags: ( "cargo-known" "player-start" "no-departure-warp" )
+Flags2: ( )
+Respawn priority: 0
+Orders Accepted List: ( "attack ship" "disable ship" "disarm ship" "guard ship" "ignore ship" "form on wing" "cover me" "attack any" "disable subsys" )
+Group: 0
+Score: 8

$Name: Beta 2		;! Object #1
$Display Name: XSTR("Beta 2", 6702)
$Class: ORF Encantona
$Callsign: XSTR("Fives", 8299)

$Team: Friendly
$Team Color Setting: Roaming Fleet
$Location: -1976.809570, 751.240112, -4183.274414
$Orientation:
	0.939373, 0.000000, -0.342897,
	0.000000, 1.000000, 0.000000,
	0.342897, 0.000000, 0.939373
$Cargo 1:  XSTR("Nothing", 13)
+Initial Velocity: 33
+Initial Hull: 100
+Subsystem: Pilot
$Arrival Location: Hyperspace
$Arrival Cue: ( false ) 
$Departure Location: Hyperspace
$Departure Cue: ( false ) 
$Determination: 10
+Flags: ( "cargo-known" "no-departure-warp" )
+Flags2: ( )
+Respawn priority: 0
+Orders Accepted List: ( "attack ship" "disable ship" "disarm ship" "guard ship" "ignore ship" "form on wing" "cover me" "attack any" "disable subsys" )
+Group: 0
+Use Table Score:
+Score: 30
+Persona Name: Black Widow

$Name: Beta 3		;! Object #2
$Display Name: XSTR("Beta 3", 6703)
$Class: ORF Encantona
$Callsign: XSTR("Echo", 8300)

$Team: Friendly
$Team Color Setting: Roaming Fleet
$Location: -1975.176270, 751.240112, -4258.819336
$Orientation:
	0.939373, 0.000000, -0.342897,
	0.000000, 1.000000, 0.000000,
	0.342897, 0.000000, 0.939373
$Cargo 1:  XSTR("Nothing", 13)
+Initial Velocity: 33
+Initial Hull: 100
+Subsystem: Pilot
$Arrival Location: Hyperspace
$Arrival Cue: ( false ) 
$Departure Location: Hyperspace
$Departure Cue: ( false ) 
$Determination: 10
+Flags: ( "cargo-known" "no-departure-warp" )
+Flags2: ( )
+Respawn priority: 0
+Orders Accepted List: ( "attack ship" "disable ship" "disarm ship" "guard ship" "ignore ship" "form on wing" "cover me" "attack any" "disable subsys" )
+Group: 0
+Use Table Score:
+Score: 30
+Persona Name: Nielsen

$Name: Beta 4		;! Object #3
$Display Name: XSTR("Beta 4", 6704)
$Class: ORF Encantona
$Team: Friendly
$Team Color Setting: Roaming Fleet
$Location: -2035.227417, 751.240112, -4208.393555
$Orientation:
	0.939373, 0.000000, -0.342897,
	0.000000, 1.000000, 0.000000,
	0.342897, 0.000000, 0.939373
$Cargo 1:  XSTR("Nothing", 13)
+Initial Velocity: 33
+Initial Hull: 100
+Subsystem: Pilot
$Arrival Location: Hyperspace
$Arrival Cue: ( false ) 
$Departure Location: Hyperspace
$Departure Cue: ( false ) 
$Determination: 10
+Flags: ( "cargo-known" "no-departure-warp" )
+Flags2: ( )
+Respawn priority: 0
+Orders Accepted List: ( "attack ship" "disable ship" "disarm ship" "guard ship" "ignore ship" "form on wing" "cover me" "attack any" "disable subsys" )
+Group: 0
+Use Table Score:
+Score: 30

$Name: Ida Lewis		;! Object #4
$Display Name: XSTR("Ida Lewis", 7495)
$Class: ORFS Hephaestus
$Team: Friendly
$Location: 251.006638, 0.000000, -798.856140
$Orientation:
	-0.228536, -0.469066, -0.853082,
	-0.148684, 0.882809, -0.445579,
	0.962115, 0.025009, -0.271497
$Cargo 1:  XSTR("Nothing", 13)
+Initial Velocity: 32
+Initial Hull: 63
+Initial Shields: 100
+Subsystem: Pilot
+Subsystem: turret01
+Sbank Ammo: ( 0 )
+Subsystem: turret02
+Subsystem: turret03
+Subsystem: turret04
+Subsystem: turret05
+Subsystem: turret06
+Subsystem: turret07
+Subsystem: turret08
+Subsystem: turret09
+Subsystem: turret10
+Subsystem: turret11
+Subsystem: turret12
+Sbank Ammo: ( 0 )
+Subsystem: turret13
+Sbank Ammo: ( 0 )
+Subsystem: turret14
+Subsystem: turret15
+Subsystem: Engine01
$Damage: 100
+Subsystem: Engine02
$Damage: 100
$Arrival Location: Hyperspace
$Arrival Cue: ( true ) 
$Departure Location: Hyperspace
$Departure Cue: ( is-event-true-delay "camera back" 4 ) 
$Determination: 10
+Flags: ( "cargo-known" "no-shields" "escort" "no-arrival-music" )
+Flags2: ( )
+Respawn priority: 0
+Escort priority: 100
+Orders Accepted List: ( )
+Group: 0
+Use Table Score:
+Score: 1000

$Name: Laser Turret 1		;! Object #5
$Display Name: XSTR("Laser Turret 1", 8819)
$Class: ORSG Aegir
$Team: Friendly
$Location: 355.805847, 296.155792, -511.370239
$Orientation:
	1.000000, 0.000000, 0.000000,
	0.000000, 0.867819, 0.496880,
	0.000000, -0.496880, 0.867819
$Cargo 1:  XSTR("Nothing", 13)
+Initial Velocity: 33
+Initial Hull: 100
+Initial Shields: 100
+Subsystem: Pilot
+Subsystem: Turret01
+Subsystem: Turret02
$Arrival Location: Hyperspace
$Arrival Cue: ( true ) 
$Departure Location: Hyperspace
$Departure Cue: ( false ) 
$Determination: 10
+Flags: ( "cargo-known" "no-shields" )
+Flags2: ( )
+Respawn priority: 0
+Group: 0
+Use Table Score:
+Score: 6

$Name: Laser Turret 2		;! Object #6
$Display Name: XSTR("Laser Turret 2", 8820)
$Class: ORSG Aegir
$Team: Friendly
$Location: 622.751099, -155.745132, -1379.825439
$Orientation:
	1.000000, 0.000000, 0.000000,
	0.000000, 0.703846, -0.710353,
	0.000000, 0.710353, 0.703846
$Cargo 1:  XSTR("Nothing", 13)
+Initial Velocity: 33
+Initial Hull: 100
+Initial Shields: 100
+Subsystem: Pilot
+Subsystem: Turret01
+Subsystem: Turret02
$Arrival Location: Hyperspace
$Arrival Cue: ( true ) 
$Departure Location: Hyperspace
$Departure Cue: ( false ) 
$Determination: 10
+Flags: ( "cargo-known" "no-shields" )
+Flags2: ( )
+Respawn priority: 0
+Group: 0
+Use Table Score:
+Score: 6

$Name: Gatling turret 1		;! Object #7
$Display Name: XSTR("Gatling turret 1", 8821)
$Class: ORSG Aegir#Gattling
$Team: Friendly
$Location: -738.695984, 162.542038, -267.107941
$Orientation:
	1.000000, 0.000000, 0.000000,
	0.000000, 0.946043, 0.324043,
	0.000000, -0.324043, 0.946043
$Cargo 1:  XSTR("Nothing", 13)
+Initial Hull: 100
+Initial Shields: 100
+Subsystem: Pilot
+Subsystem: turret01
+Subsystem: turret02
$Arrival Location: Hyperspace
$Arrival Cue: ( true ) 
$Departure Location: Hyperspace
$Departure Cue: ( false ) 
$Determination: 10
+Flags: ( "cargo-known" "no-shields" )
+Flags2: ( )
+Respawn priority: 0
+Group: 0
+Use Table Score:
+Score: 6

$Name: Asteroid with minerals 1		;! Object #8
$Display Name: XSTR("Asteroid with minerals 1", 8822)
$Class: Asteroid with minerals
$Team: Hostile [Peace]
$Location: -639.119202, 443.067413, 2027.060547
$Orientation:
	-0.580388, 0.000000, -0.814343,
	0.000000, 1.000000, 0.000000,
	0.814343, 0.000000, -0.580388
$Cargo 1:  XSTR("Minerals", 8823)
+Initial Velocity: 33
+Initial Hull: 100
+Initial Shields: 100
+Subsystem: Pilot
$Arrival Location: Hyperspace
$Arrival Cue: ( true ) 
$Departure Location: Hyperspace
$Departure Cue: ( false ) 
$Determination: 10
+Flags: ( "no-shields" "invulnerable" "scannable" "flak-protect-ship" "laser-protect-ship" "missile-protect-ship" )
+Flags2: ( )
+Respawn priority: 0
+Group: 0
+Use Table Score:
+Score: 1

$Name: Asteroid with minerals 2		;! Object #9
$Display Name: XSTR("Asteroid with minerals 2", 8824)
$Class: Asteroid with minerals
$Team: Hostile [Peace]
$Location: -1206.297485, -1069.074829, 4007.675049
$Orientation:
	-0.580388, 0.000000, -0.814343,
	0.000000, 1.000000, 0.000000,
	0.814343, 0.000000, -0.580388
$Cargo 1:  XSTR("Nothing", 13)
+Initial Velocity: 33
+Initial Hull: 100
+Initial Shields: 100
+Subsystem: Pilot
$Arrival Location: Hyperspace
$Arrival Cue: ( true ) 
$Departure Location: Hyperspace
$Departure Cue: ( false ) 
$Determination: 10
+Flags: ( "no-shields" "invulnerable" "scannable" )
+Flags2: ( )
+Respawn priority: 0
+Group: 0
+Use Table Score:
+Score: 1

$Name: Asteroid with minerals 3		;! Object #10
$Display Name: XSTR("Asteroid with minerals 3", 8825)
$Class: Asteroid with minerals
$Team: Hostile [Peace]
$Location: 1582.889282, 1714.307251, 2501.061035
$Orientation:
	-0.580388, 0.000000, -0.814343,
	0.000000, 1.000000, 0.000000,
	0.814343, 0.000000, -0.580388
$Cargo 1:  XSTR("Nothing", 13)
+Initial Velocity: 33
+Initial Hull: 100
+Initial Shields: 100
+Subsystem: Pilot
$Arrival Location: Hyperspace
$Arrival Cue: ( true ) 
$Departure Location: Hyperspace
$Departure Cue: ( false ) 
$Determination: 10
+Flags: ( "no-shields" "invulnerable" "scannable" )
+Flags2: ( )
+Respawn priority: 0
+Group: 0
+Use Table Score:
+Score: 1

$Name: Asteroid with minerals 4		;! Object #11
$Display Name: XSTR("Asteroid with minerals 4", 8826)
$Class: Asteroid with minerals
$Team: Hostile [Peace]
$Location: 69.910820, 1158.678833, 5157.708496
$Orientation:
	-0.580388, 0.000000, -0.814343,
	0.000000, 1.000000, 0.000000,
	0.814343, 0.000000, -0.580388
$Cargo 1:  XSTR("Nothing", 13)
+Initial Velocity: 33
+Initial Hull: 100
+Initial Shields: 100
+Subsystem: Pilot
$Arrival Location: Hyperspace
$Arrival Cue: ( true ) 
$Departure Location: Hyperspace
$Departure Cue: ( false ) 
$Determination: 10
+Flags: ( "no-shields" "invulnerable" "scannable" )
+Flags2: ( )
+Respawn priority: 0
+Group: 0
+Use Table Score:
+Score: 1

$Name: Asteroid with minerals 5		;! Object #12
$Display Name: XSTR("Asteroid with minerals 5", 8827)
$Class: Asteroid with minerals
$Team: Hostile [Peace]
$Location: 2490.801514, 443.067413, 1965.062988
$Orientation:
	-0.580388, 0.000000, -0.814343,
	0.000000, 1.000000, 0.000000,
	0.814343, 0.000000, -0.580388
$Cargo 1:  XSTR("Nothing", 13)
+Initial Velocity: 33
+Initial Hull: 100
+Initial Shields: 100
+Subsystem: Pilot
$Arrival Location: Hyperspace
$Arrival Cue: ( true ) 
$Departure Location: Hyperspace
$Departure Cue: ( false ) 
$Determination: 10
+Flags: ( "no-shields" "invulnerable" "scannable" )
+Flags2: ( )
+Respawn priority: 0
+Group: 0
+Use Table Score:
+Score: 1

$Name: Asteroid with minerals 6		;! Object #13
$Display Name: XSTR("Asteroid with minerals 6", 8828)
$Class: Asteroid with minerals
$Team: Hostile [Peace]
$Location: 2238.908203, 3138.216309, 4975.703613
$Orientation:
	-0.580388, 0.000000, -0.814343,
	0.000000, 1.000000, 0.000000,
	0.814343, 0.000000, -0.580388
$Cargo 1:  XSTR("Nothing", 13)
+Initial Velocity: 33
+Initial Hull: 100
+Initial Shields: 100
+Subsystem: Pilot
$Arrival Location: Hyperspace
$Arrival Cue: ( true ) 
$Departure Location: Hyperspace
$Departure Cue: ( false ) 
$Determination: 10
+Flags: ( "no-shields" "invulnerable" "scannable" )
+Flags2: ( )
+Respawn priority: 0
+Group: 0
+Use Table Score:
+Score: 1

$Name: Asteroid with minerals 7		;! Object #14
$Display Name: XSTR("Asteroid with minerals 7", 8829)
$Class: Asteroid with minerals
$Team: Hostile [Peace]
$Location: -3078.792969, 2484.899902, 5454.967285
$Orientation:
	-0.580388, 0.000000, -0.814343,
	0.000000, 1.000000, 0.000000,
	0.814343, 0.000000, -0.580388
$Cargo 1:  XSTR("Nothing", 13)
+Initial Velocity: 33
+Initial Hull: 100
+Initial Shields: 100
+Subsystem: Pilot
$Arrival Location: Hyperspace
$Arrival Cue: ( true ) 
$Departure Location: Hyperspace
$Departure Cue: ( false ) 
$Determination: 10
+Flags: ( "no-shields" "invulnerable" "scannable" )
+Flags2: ( )
+Respawn priority: 0
+Group: 0
+Use Table Score:
+Score: 1

$Name: Asteroid with minerals 8		;! Object #15
$Display Name: XSTR("Asteroid with minerals 8", 8830)
$Class: Asteroid with minerals
$Team: Hostile [Peace]
$Location: -3035.530762, -2007.156128, 3893.062012
$Orientation:
	-0.580388, 0.000000, -0.814343,
	0.000000, 1.000000, 0.000000,
	0.814343, 0.000000, -0.580388
$Cargo 1:  XSTR("Nothing", 13)
+Initial Velocity: 33
+Initial Hull: 100
+Initial Shields: 100
+Subsystem: Pilot
$Arrival Location: Hyperspace
$Arrival Cue: ( true ) 
$Departure Location: Hyperspace
$Departure Cue: ( false ) 
$Determination: 10
+Flags: ( "no-shields" "invulnerable" "scannable" )
+Flags2: ( )
+Respawn priority: 0
+Group: 0
+Use Table Score:
+Score: 1

$Name: Asteroid with minerals 9		;! Object #16
$Display Name: XSTR("Asteroid with minerals 9", 8831)
$Class: Asteroid with minerals
$Team: Hostile [Peace]
$Location: -3711.105225, -774.725342, 4683.069336
$Orientation:
	-0.580388, 0.000000, -0.814343,
	0.000000, 1.000000, 0.000000,
	0.814343, 0.000000, -0.580388
$Cargo 1:  XSTR("Nothing", 13)
+Initial Velocity: 33
+Initial Hull: 100
+Initial Shields: 100
+Subsystem: Pilot
$Arrival Location: Hyperspace
$Arrival Cue: ( true ) 
$Departure Location: Hyperspace
$Departure Cue: ( false ) 
$Determination: 10
+Flags: ( "no-shields" "invulnerable" "scannable" )
+Flags2: ( )
+Respawn priority: 0
+Group: 0
+Use Table Score:
+Score: 1

$Name: Asteroid with minerals 10		;! Object #17
$Display Name: XSTR("Asteroid with minerals 10", 8832)
$Class: Asteroid with minerals
$Team: Hostile [Peace]
$Location: -2275.229980, -3290.907471, 4609.286621
$Orientation:
	-0.580388, 0.000000, -0.814343,
	0.000000, 1.000000, 0.000000,
	0.814343, 0.000000, -0.580388
$Cargo 1:  XSTR("Nothing", 13)
+Initial Velocity: 33
+Initial Hull: 100
+Initial Shields: 100
+Subsystem: Pilot
$Arrival Location: Hyperspace
$Arrival Cue: ( true ) 
$Departure Location: Hyperspace
$Departure Cue: ( false ) 
$Determination: 10
+Flags: ( "no-shields" "invulnerable" "scannable" )
+Flags2: ( )
+Respawn priority: 0
+Group: 0
+Use Table Score:
+Score: 1

$Name: Asteroid with minerals 11		;! Object #18
$Display Name: XSTR("Asteroid with minerals 11", 8833)
$Class: Asteroid with minerals
$Team: Hostile [Peace]
$Location: -1329.841919, 1179.205688, 5988.005371
$Orientation:
	-0.580388, 0.000000, -0.814343,
	0.000000, 1.000000, 0.000000,
	0.814343, 0.000000, -0.580388
$Cargo 1:  XSTR("Nothing", 13)
+Initial Velocity: 33
+Initial Hull: 100
+Initial Shields: 100
+Subsystem: Pilot
$Arrival Location: Hyperspace
$Arrival Cue: ( true ) 
$Departure Location: Hyperspace
$Departure Cue: ( false ) 
$Determination: 10
+Flags: ( "no-shields" "invulnerable" "scannable" )
+Flags2: ( )
+Respawn priority: 0
+Group: 0
+Use Table Score:
+Score: 1

$Name: Asteroid with minerals 12		;! Object #19
$Display Name: XSTR("Asteroid with minerals 12", 8834)
$Class: Asteroid with minerals
$Team: Hostile [Peace]
$Location: 1368.888550, -1936.333618, 6673.073730
$Orientation:
	-0.580388, 0.000000, -0.814343,
	0.000000, 1.000000, 0.000000,
	0.814343, 0.000000, -0.580388
$Cargo 1:  XSTR("Nothing", 13)
+Initial Velocity: 33
+Initial Hull: 100
+Initial Shields: 100
+Subsystem: Pilot
$Arrival Location: Hyperspace
$Arrival Cue: ( true ) 
$Departure Location: Hyperspace
$Departure Cue: ( false ) 
$Determination: 10
+Flags: ( "no-shields" "invulnerable" "scannable" )
+Flags2: ( )
+Respawn priority: 0
+Group: 0
+Use Table Score:
+Score: 1

$Name: Asteroid with minerals 13		;! Object #20
$Display Name: XSTR("Asteroid with minerals 13", 8835)
$Class: Asteroid with minerals
$Team: Hostile [Peace]
$Location: -2706.530273, -628.038757, 7753.185059
$Orientation:
	-0.580388, 0.000000, -0.814343,
	0.000000, 1.000000, 0.000000,
	0.814343, 0.000000, -0.580388
$Cargo 1:  XSTR("Nothing", 13)
+Initial Velocity: 33
+Initial Hull: 100
+Initial Shields: 100
+Subsystem: Pilot
$Arrival Location: Hyperspace
$Arrival Cue: ( true ) 
$Departure Location: Hyperspace
$Departure Cue: ( false ) 
$Determination: 10
+Flags: ( "no-shields" "invulnerable" "scannable" )
+Flags2: ( )
+Respawn priority: 0
+Group: 0
+Use Table Score:
+Score: 1

$Name: Asteroid with minerals 14		;! Object #21
$Display Name: XSTR("Asteroid with minerals 14", 8836)
$Class: Asteroid with minerals
$Team: Hostile [Peace]
$Location: -4146.546387, -642.745544, 6645.392090
$Orientation:
	-0.580388, 0.000000, -0.814343,
	0.000000, 1.000000, 0.000000,
	0.814343, 0.000000, -0.580388
$Cargo 1:  XSTR("Nothing", 13)
+Initial Velocity: 33
+Initial Hull: 100
+Initial Shields: 100
+Subsystem: Pilot
$Arrival Location: Hyperspace
$Arrival Cue: ( true ) 
$Departure Location: Hyperspace
$Departure Cue: ( false ) 
$Determination: 10
+Flags: ( "no-shields" "invulnerable" "scannable" )
+Flags2: ( )
+Respawn priority: 0
+Group: 0
+Use Table Score:
+Score: 1

$Name: Asteroid with minerals 15		;! Object #22
$Display Name: XSTR("Asteroid with minerals 15", 8837)
$Class: Asteroid with minerals
$Team: Hostile [Peace]
$Location: -2671.485352, 1059.989746, 6144.405762
$Orientation:
	1.000000, 0.000000, 0.000000,
	0.000000, 1.000000, 0.000000,
	0.000000, 0.000000, 1.000000
$Cargo 1:  XSTR("Nothing", 13)
+Initial Velocity: 33
+Initial Hull: 100
+Initial Shields: 100
+Subsystem: Pilot
$Arrival Location: Hyperspace
$Arrival Cue: ( true ) 
$Departure Location: Hyperspace
$Departure Cue: ( false ) 
$Determination: 10
+Flags: ( "no-shields" "invulnerable" "scannable" )
+Flags2: ( )
+Respawn priority: 0
+Group: 0
+Use Table Score:
+Score: 1

$Name: Asteroid with minerals 16		;! Object #23
$Display Name: XSTR("Asteroid with minerals 16", 8838)
$Class: Asteroid with minerals
$Team: Hostile [Peace]
$Location: -710.643982, 443.067413, 7171.513184
$Orientation:
	-0.580388, 0.000000, -0.814343,
	0.000000, 1.000000, 0.000000,
	0.814343, 0.000000, -0.580388
$Cargo 1:  XSTR("Nothing", 13)
+Initial Velocity: 33
+Initial Hull: 100
+Initial Shields: 100
+Subsystem: Pilot
$Arrival Location: Hyperspace
$Arrival Cue: ( true ) 
$Departure Location: Hyperspace
$Departure Cue: ( false ) 
$Determination: 10
+Flags: ( "no-shields" "invulnerable" "scannable" )
+Flags2: ( )
+Respawn priority: 0
+Group: 0
+Use Table Score:
+Score: 1

$Name: Asteroid with minerals 17		;! Object #24
$Display Name: XSTR("Asteroid with minerals 17", 8839)
$Class: Asteroid with minerals
$Team: Hostile [Peace]
$Location: 1264.576904, -1949.874146, 7768.293457
$Orientation:
	-0.580388, 0.000000, -0.814343,
	0.000000, 1.000000, 0.000000,
	0.814343, 0.000000, -0.580388
$Cargo 1:  XSTR("Nothing", 13)
+Initial Velocity: 33
+Initial Hull: 100
+Initial Shields: 100
+Subsystem: Pilot
$Arrival Location: Hyperspace
$Arrival Cue: ( true ) 
$Departure Location: Hyperspace
$Departure Cue: ( false ) 
$Determination: 10
+Flags: ( "no-shields" "invulnerable" "scannable" )
+Flags2: ( )
+Respawn priority: 0
+Group: 0
+Use Table Score:
+Score: 1

$Name: Asteroid with minerals 18		;! Object #25
$Display Name: XSTR("Asteroid with minerals 18", 8840)
$Class: Asteroid with minerals
$Team: Hostile [Peace]
$Location: -4195.346191, 443.067413, 5871.133301
$Orientation:
	-0.580388, 0.000000, -0.814343,
	0.000000, 1.000000, 0.000000,
	0.814343, 0.000000, -0.580388
$Cargo 1:  XSTR("Nothing", 13)
+Initial Velocity: 33
+Initial Hull: 100
+Initial Shields: 100
+Subsystem: Pilot
$Arrival Location: Hyperspace
$Arrival Cue: ( true ) 
$Departure Location: Hyperspace
$Departure Cue: ( false ) 
$Determination: 10
+Flags: ( "no-shields" "invulnerable" "scannable" )
+Flags2: ( )
+Respawn priority: 0
+Group: 0
+Use Table Score:
+Score: 1

$Name: Asteroid with minerals 19		;! Object #26
$Display Name: XSTR("Asteroid with minerals 19", 8841)
$Class: Asteroid with minerals
$Team: Hostile [Peace]
$Location: 2400.258057, 2656.100586, 5807.418945
$Orientation:
	-0.580388, 0.000000, -0.814343,
	0.000000, 1.000000, 0.000000,
	0.814343, 0.000000, -0.580388
$Cargo 1:  XSTR("Nothing", 13)
+Initial Velocity: 33
+Initial Hull: 100
+Initial Shields: 100
+Subsystem: Pilot
$Arrival Location: Hyperspace
$Arrival Cue: ( true ) 
$Departure Location: Hyperspace
$Departure Cue: ( false ) 
$Determination: 10
+Flags: ( "no-shields" "invulnerable" "scannable" )
+Flags2: ( )
+Respawn priority: 0
+Group: 0
+Use Table Score:
+Score: 1

$Name: Asteroid with minerals 20		;! Object #27
$Display Name: XSTR("Asteroid with minerals 20", 8842)
$Class: Asteroid with minerals
$Team: Hostile [Peace]
$Location: 2907.029541, 2677.334229, 5039.387695
$Orientation:
	-0.580388, 0.000000, -0.814343,
	0.000000, 1.000000, 0.000000,
	0.814343, 0.000000, -0.580388
$Cargo 1:  XSTR("Nothing", 13)
+Initial Velocity: 33
+Initial Hull: 100
+Initial Shields: 100
+Subsystem: Pilot
$Arrival Location: Hyperspace
$Arrival Cue: ( true ) 
$Departure Location: Hyperspace
$Departure Cue: ( false ) 
$Determination: 10
+Flags: ( "no-shields" "invulnerable" "scannable" )
+Flags2: ( )
+Respawn priority: 0
+Group: 0
+Use Table Score:
+Score: 1

$Name: Rama 1		;! Object #28
$Display Name: XSTR("Rama 1", 6822)
$Class: SF Manticore
$Team: Hostile
$Location: 600.593994, 0.000000, 2284.231445
$Orientation:
	1.000000, 0.000000, 0.000000,
	0.000000, 1.000000, 0.000000,
	0.000000, 0.000000, 1.000000
$Cargo 1:  XSTR("Nothing", 13)
+Initial Velocity: 33
+Subsystem: Pilot
$Arrival Location: Hyperspace
$Arrival Cue: ( false ) 
$Departure Location: Hyperspace
$Departure Cue: ( false ) 
$Determination: 10
+Flags: ( )
+Flags2: ( )
+Respawn priority: 0
+Orders Accepted List: ( )
+Group: 0
+Use Table Score:
+Score: 12

$Name: Rama 2		;! Object #29
$Display Name: XSTR("Rama 2", 6823)
$Class: SF Manticore
$Team: Hostile
$Location: 651.968079, 0.000000, 2291.178711
$Orientation:
	1.000000, 0.000000, 0.000000,
	0.000000, 1.000000, 0.000000,
	0.000000, 0.000000, 1.000000
$Cargo 1:  XSTR("Nothing", 13)
+Initial Velocity: 33
+Subsystem: Pilot
$Arrival Location: Hyperspace
$Arrival Cue: ( false ) 
$Departure Location: Hyperspace
$Departure Cue: ( false ) 
$Determination: 10
+Flags: ( )
+Flags2: ( )
+Respawn priority: 0
+Orders Accepted List: ( )
+Group: 0
+Use Table Score:
+Score: 12

$Name: Rama 3		;! Object #30
$Display Name: XSTR("Rama 3", 6824)
$Class: SF Manticore
$Team: Hostile
$Location: 518.647339, 0.000000, 2237.400391
$Orientation:
	1.000000, 0.000000, 0.000000,
	0.000000, 1.000000, 0.000000,
	0.000000, 0.000000, 1.000000
$Cargo 1:  XSTR("Nothing", 13)
+Initial Velocity: 33
+Subsystem: Pilot
$Arrival Location: Hyperspace
$Arrival Cue: ( false ) 
$Departure Location: Hyperspace
$Departure Cue: ( false ) 
$Determination: 10
+Flags: ( )
+Flags2: ( )
+Respawn priority: 0
+Orders Accepted List: ( )
+Group: 0
+Use Table Score:
+Score: 12

$Name: Kurma 1		;! Object #31
$Display Name: XSTR("Kurma 1", 7519)
$Class: SB Nahema
$Team: Hostile
$Location: -4721.197754, 0.000000, 1392.630249
$Orientation:
	1.000000, 0.000000, 0.000000,
	0.000000, 1.000000, 0.000000,
	0.000000, 0.000000, 1.000000
$Cargo 1:  XSTR("Nothing", 13)
+Initial Velocity: 33
+Initial Hull: 100
+Subsystem: Pilot
$Arrival Location: Hyperspace
$Arrival Cue: ( false ) 
$Departure Location: Hyperspace
$Departure Cue: ( false ) 
$Determination: 10
+Flags: ( )
+Flags2: ( )
+Respawn priority: 0
+Orders Accepted List: ( )
+Group: 0
+Use Table Score:
+Score: 14

$Name: Deva 1		;! Object #32
$Display Name: XSTR("Deva 1", 6758)
$Class: SB Nephilim
$Team: Hostile
$Location: -3857.609131, 0.000000, 1649.414307
$Orientation:
	1.000000, 0.000000, 0.000000,
	0.000000, 1.000000, 0.000000,
	0.000000, 0.000000, 1.000000
$Cargo 1:  XSTR("Nothing", 13)
+Initial Velocity: 33
+Initial Hull: 100
+Subsystem: Pilot
+Subsystem: turret01
+Subsystem: turret02
$Arrival Location: Hyperspace
$Arrival Cue: ( false ) 
$Departure Location: Hyperspace
$Departure Cue: ( false ) 
$Determination: 10
+Flags: ( )
+Flags2: ( )
+Respawn priority: 0
+Orders Accepted List: ( )
+Group: 0
+Use Table Score:
+Score: 11

$Name: Deva 2		;! Object #33
$Display Name: XSTR("Deva 2", 6759)
$Class: SB Nephilim
$Team: Hostile
$Location: -3757.375000, 0.000000, 1478.983643
$Orientation:
	1.000000, 0.000000, 0.000000,
	0.000000, 1.000000, 0.000000,
	0.000000, 0.000000, 1.000000
$Cargo 1:  XSTR("Nothing", 13)
+Initial Velocity: 33
+Initial Hull: 100
+Subsystem: Pilot
+Subsystem: turret01
+Subsystem: turret02
$Arrival Location: Hyperspace
$Arrival Cue: ( false ) 
$Departure Location: Hyperspace
$Departure Cue: ( false ) 
$Determination: 10
+Flags: ( )
+Flags2: ( )
+Respawn priority: 0
+Orders Accepted List: ( )
+Group: 0
+Use Table Score:
+Score: 11

$Name: Deva 3		;! Object #34
$Display Name: XSTR("Deva 3", 6760)
$Class: SB Nephilim
$Team: Hostile
$Location: -3978.065186, 0.000000, 1475.080566
$Orientation:
	1.000000, 0.000000, 0.000000,
	0.000000, 1.000000, 0.000000,
	0.000000, 0.000000, 1.000000
$Cargo 1:  XSTR("Nothing", 13)
+Initial Velocity: 33
+Initial Hull: 100
+Subsystem: Pilot
+Subsystem: turret01
+Subsystem: turret02
$Arrival Location: Hyperspace
$Arrival Cue: ( false ) 
$Departure Location: Hyperspace
$Departure Cue: ( false ) 
$Determination: 10
+Flags: ( )
+Flags2: ( )
+Respawn priority: 0
+Orders Accepted List: ( )
+Group: 0
+Use Table Score:
+Score: 11

$Name: Kurma 2		;! Object #35
$Display Name: XSTR("Kurma 2", 7520)
$Class: SB Nahema
$Team: Hostile
$Location: -4628.899414, 0.000000, 1287.145020
$Orientation:
	1.000000, 0.000000, 0.000000,
	0.000000, 1.000000, 0.000000,
	0.000000, 0.000000, 1.000000
$Cargo 1:  XSTR("Nothing", 13)
+Initial Velocity: 33
+Initial Hull: 100
+Subsystem: Pilot
$Arrival Location: Hyperspace
$Arrival Cue: ( false ) 
$Departure Location: Hyperspace
$Departure Cue: ( false ) 
$Determination: 10
+Flags: ( )
+Flags2: ( )
+Respawn priority: 0
+Orders Accepted List: ( )
+Group: 0
+Use Table Score:
+Score: 14

$Name: Kurma 3		;! Object #36
$Display Name: XSTR("Kurma 3", 7521)
$Class: SB Nahema
$Team: Hostile
$Location: -4849.146973, 0.000000, 1310.079346
$Orientation:
	1.000000, 0.000000, 0.000000,
	0.000000, 1.000000, 0.000000,
	0.000000, 0.000000, 1.000000
$Cargo 1:  XSTR("Nothing", 13)
+Initial Velocity: 33
+Initial Hull: 100
+Subsystem: Pilot
$Arrival Location: Hyperspace
$Arrival Cue: ( false ) 
$Departure Location: Hyperspace
$Departure Cue: ( false ) 
$Determination: 10
+Flags: ( )
+Flags2: ( )
+Respawn priority: 0
+Orders Accepted List: ( )
+Group: 0
+Use Table Score:
+Score: 14

$Name: Arjuna 1		;! Object #37
$Display Name: XSTR("Arjuna 1", 6717)
$Class: SF Basilisk
$Team: Hostile
$Location: -3379.915527, 0.000000, 1698.145752
$Orientation:
	1.000000, 0.000000, 0.000000,
	0.000000, 1.000000, 0.000000,
	0.000000, 0.000000, 1.000000
$Cargo 1:  XSTR("Nothing", 13)
+Initial Hull: 100
+Subsystem: Pilot
$Arrival Location: Hyperspace
$Arrival Cue: ( false ) 
$Departure Location: Hyperspace
$Departure Cue: ( false ) 
$Determination: 10
+Flags: ( )
+Flags2: ( )
+Respawn priority: 0
+Orders Accepted List: ( )
+Group: 0
+Score: 16

$Name: Arjuna 2		;! Object #38
$Display Name: XSTR("Arjuna 2", 6718)
$Class: SF Basilisk
$Team: Hostile
$Location: -3238.812744, 0.000000, 1851.389404
$Orientation:
	1.000000, 0.000000, 0.000000,
	0.000000, 1.000000, 0.000000,
	0.000000, 0.000000, 1.000000
$Cargo 1:  XSTR("Nothing", 13)
+Initial Hull: 100
+Subsystem: Pilot
$Arrival Location: Hyperspace
$Arrival Cue: ( false ) 
$Departure Location: Hyperspace
$Departure Cue: ( false ) 
$Determination: 10
+Flags: ( )
+Flags2: ( )
+Respawn priority: 0
+Orders Accepted List: ( )
+Group: 0
+Score: 16

$Name: Arjuna 3		;! Object #39
$Display Name: XSTR("Arjuna 3", 6719)
$Class: SF Basilisk
$Team: Hostile
$Location: -3165.418945, 0.000000, 1658.962158
$Orientation:
	1.000000, 0.000000, 0.000000,
	0.000000, 1.000000, 0.000000,
	0.000000, 0.000000, 1.000000
$Cargo 1:  XSTR("Nothing", 13)
+Initial Hull: 100
+Subsystem: Pilot
$Arrival Location: Hyperspace
$Arrival Cue: ( false ) 
$Departure Location: Hyperspace
$Departure Cue: ( false ) 
$Determination: 10
+Flags: ( )
+Flags2: ( )
+Respawn priority: 0
+Orders Accepted List: ( )
+Group: 0
+Score: 16

$Name: Arjuna 4		;! Object #40
$Display Name: XSTR("Arjuna 4", 6720)
$Class: SF Basilisk
$Team: Hostile
$Location: -3363.974609, 0.000000, 1580.455322
$Orientation:
	1.000000, 0.000000, 0.000000,
	0.000000, 1.000000, 0.000000,
	0.000000, 0.000000, 1.000000
$Cargo 1:  XSTR("Nothing", 13)
+Initial Hull: 100
+Subsystem: Pilot
$Arrival Location: Hyperspace
$Arrival Cue: ( false ) 
$Departure Location: Hyperspace
$Departure Cue: ( false ) 
$Determination: 10
+Flags: ( )
+Flags2: ( )
+Respawn priority: 0
+Orders Accepted List: ( )
+Group: 0
+Score: 16

$Name: Shiva 1		;! Object #41
$Display Name: XSTR("Shiva 1", 8498)
$Class: SF Scorpion
$Team: Hostile
$Location: 1049.393555, 419.627716, -177.667877
$Orientation:
	1.000000, 0.000000, 0.000000,
	0.000000, 1.000000, 0.000000,
	0.000000, 0.000000, 1.000000
$Cargo 1:  XSTR("Nothing", 13)
+Initial Velocity: 33
+Initial Hull: 100
+Subsystem: Pilot
$Arrival Location: Hyperspace
$Arrival Cue: ( false ) 
$Departure Location: Hyperspace
$Departure Cue: ( false ) 
$Determination: 10
+Flags: ( )
+Flags2: ( )
+Respawn priority: 0
+Orders Accepted List: ( )
+Group: 0
+Use Table Score:
+Score: 10

$Name: Shiva 2		;! Object #42
$Display Name: XSTR("Shiva 2", 8499)
$Class: SF Scorpion
$Team: Hostile
$Location: 997.529968, 419.627716, -37.534088
$Orientation:
	1.000000, 0.000000, 0.000000,
	0.000000, 1.000000, 0.000000,
	0.000000, 0.000000, 1.000000
$Cargo 1:  XSTR("Nothing", 13)
+Initial Velocity: 33
+Initial Hull: 100
+Subsystem: Pilot
$Arrival Location: Hyperspace
$Arrival Cue: ( false ) 
$Departure Location: Hyperspace
$Departure Cue: ( false ) 
$Determination: 10
+Flags: ( )
+Flags2: ( )
+Respawn priority: 0
+Orders Accepted List: ( )
+Group: 0
+Use Table Score:
+Score: 10

$Name: Rama 4		;! Object #43
$Display Name: XSTR("Rama 4", 6825)
$Class: SF Manticore
$Team: Hostile
$Location: 742.622498, 0.000000, 2235.175781
$Orientation:
	1.000000, 0.000000, 0.000000,
	0.000000, 1.000000, 0.000000,
	0.000000, 0.000000, 1.000000
$Cargo 1:  XSTR("Nothing", 13)
+Initial Velocity: 33
+Subsystem: Pilot
$Arrival Location: Hyperspace
$Arrival Cue: ( false ) 
$Departure Location: Hyperspace
$Departure Cue: ( false ) 
$Determination: 10
+Flags: ( )
+Flags2: ( )
+Respawn priority: 0
+Orders Accepted List: ( )
+Group: 0
+Use Table Score:
+Score: 12

$Name: Rama 5		;! Object #44
$Display Name: XSTR("Rama 5", 6858)
$Class: SF Manticore
$Team: Hostile
$Location: 660.675598, 0.000000, 2188.344727
$Orientation:
	1.000000, 0.000000, 0.000000,
	0.000000, 1.000000, 0.000000,
	0.000000, 0.000000, 1.000000
$Cargo 1:  XSTR("Nothing", 13)
+Initial Velocity: 33
+Subsystem: Pilot
$Arrival Location: Hyperspace
$Arrival Cue: ( false ) 
$Departure Location: Hyperspace
$Departure Cue: ( false ) 
$Determination: 10
+Flags: ( )
+Flags2: ( )
+Respawn priority: 0
+Orders Accepted List: ( )
+Group: 0
+Use Table Score:
+Score: 12

$Name: Omega 1		;! Object #45
$Display Name: XSTR("Omega 1", 6860)
$Class: ORT Corsair
