#Mission Info

$Version: 0.10
$Name:  XSTR("Intro", 6679)
$Author: Exile Team
$Created: 10/27/13 at 11:46:33
$Modified: 10/22/17 at 03:14:41
$Notes:
This is a FRED2_OPEN created mission.
$End Notes:

$Mission Desc:
 XSTR("Put mission description here
", 6680)
$end_multi_text
+Game Type Flags: 1
+Flags: 265416
+Fog Near Mult: 1.000000

+Fog Far Mult: 1.000000

+Disallow Support: 0
+Hull Repair Ceiling: 50.000000
+Subsystem Repair Ceiling: 100.000000

+Viewer pos: 62600.339844, 4321.594727, 1492.036133
+Viewer orient:
	0.965468, -0.000007, 0.260520,
	-0.130965, 0.864446, 0.485368,
	-0.225209, -0.502726, 0.834594


$Load Screen 1024: Loading_M00.png

$Skybox Model: StarField.pof

$AI Profile: Exile

#Command Briefing

#Briefing
$start_briefing
$num_stages: 0
$end_briefing

#Debriefing_info

$Num stages: 0

#Players		;! 1 total

$Starting Shipname: Alpha 1
$Ship Choices: (
	"GTF Ulysses"	5
	"GTF Hercules"	5
	"GTF Hercules Mark II"	5
	"GTF Ares"	5
	"GTF Erinyes"	5
	"GTF Loki"	5
	"GTF Pegasus"	5
	"GTF Perseus"	5
	"GTF Myrmidon"	5
	"SF Mara (terrans)"	5
	"GTB Artemis"	5
	"GTB Artemis D.H."	5
	"GTB Medusa"	5
	"GTB Ursa"	5
	"GTB Zeus"	5
	"GTB Boanerges"	5
	"GVF Ptah"	5
	"ORF Rapier"	5
)

+Weaponry Pool: (
	"Subach HL-7"	16
	"Subach HL-D"	16
	"Mekhu HL-7"	16
	"Mekhu HL-7D"	16
	"Akheton SDG"	16
	"Morning Star"	16
	"MorningStar D"	16
	"Prometheus R"	16
	"Prometheus S"	16
	"Prometheus D"	16
	"Maxim"	16
	"Maxim D"	16
	"UD-8 Kayser"	16
	"UD-D Kayser"	16
	"Circe"	16
	"Lamprey"	16
	"Pulsar PC-9"	24
	"Prometheus N"	25
	"Defiler LPC"	16
	"Scythe"	16
	"Eviscerator"	16
	"Incisor"	16
	"Devastator"	16
	"Excalibur"	16
	"Vengeance"	16
	"Widow"	16
	"Rockeye"	500
	"Rockeye D"	500
	"Tempest"	500
	"Tempest D"	500
	"Hornet"	500
	"Hornet D"	500
	"Tornado"	500
	"Tornado D"	500
	"Harpoon"	500
	"Harpoon D"	500
	"Trebuchet"	500
	"TAG-A"	500
	"TAG-B"	500
	"TAG-C"	500
	"Piranha"	500
	"Stiletto II"	500
	"Infyrno"	500
	"Infyrno D"	500
	"Cyclops"	500
	"Cyclops#short"	500
	"Helios"	500
	"EMP Adv."	500
	"Stinger"	10
	"MX-112"	4900
	"Vortex"	360
	"Arbalest"	40
)

#Objects		;! 135 total

$Name: Alpha 1		;! Object #0
$Display Name: XSTR("Alpha 1", 6681)
$Class: ORF Encantona
$Team: Friendly
$Team Color Setting: Non-Assigned
$Location: 41219.902344, 0.000000, -17303.837891
$Orientation:
	1.000000, 0.000000, 0.000000,
	0.000000, 1.000000, 0.000000,
	0.000000, 0.000000, 1.000000
$AI Behavior: None
$Cargo 1:  XSTR("Nothing", 13)
+Initial Hull: 100
+Subsystem: Pilot
$Arrival Location: Hyperspace
$Arrival Cue: ( false ) 
$Departure Location: Hyperspace
$Departure Cue: ( false ) 
$Determination: 10
+Flags: ( "cargo-known" "player-start" )
+Flags2: ( )
+Respawn priority: 0
+Group: 0
+Score: 8

$Name: Kumbhakarna		;! Object #1
$Display Name: XSTR("Kumbhakarna", 6682)
$Class: SD Ravana
$Team: Hostile [Peace]
$Location: 60106.957031, 0.000000, 9821.707031
$Orientation:
	-0.923678, -0.380188, 0.047698,
	-0.379682, 0.924909, 0.019606,
	-0.051570, 0.000000, -0.998669
$AI Behavior: None
$Cargo 1:  XSTR("Nothing", 13)
+Initial Velocity: 33
+Initial Hull: 100
+Initial Shields: 100
+Subsystem: Pilot
+Subsystem: turret01
+Subsystem: turret02
+Subsystem: turret03
+Subsystem: turret04
+Subsystem: turret05
+Subsystem: turret06
+Subsystem: turret07
+Subsystem: turret08
+Subsystem: turret09
+Subsystem: turret10
+Subsystem: turret11
+Subsystem: turret12
+Subsystem: turret13
+Subsystem: turret14
+Subsystem: turret15
+Subsystem: turret16
+Subsystem: turret17
+Subsystem: turret18
+Subsystem: turret19
+Subsystem: turret20
+Subsystem: turret21
+Subsystem: turret22
+Subsystem: turret23
+Subsystem: turret24
+Subsystem: turret25
+Subsystem: turret26
+Subsystem: turret27
+Subsystem: turret28
+Subsystem: turret29
+Subsystem: turret30
$Arrival Location: Hyperspace
$Arrival Cue: ( is-event-true-delay 
   "fadein6 2:10" 
   2 
)
$Departure Location: Hyperspace
$Departure Cue: ( false ) 
$Determination: 10
+Flags: ( "no-shields" )
+Flags2: ( )
+Respawn priority: 0
+Orders Accepted: 0		;! note that this is a bitfield!!!
+Group: 0
+Use Table Score:
+Score: 670

$Name: Lix Tetrax		;! Object #2
$Display Name: XSTR("Lix Tetrax", 6683)
$Class: SC Cain
$Team: Hostile [Peace]
$Location: 61115.316406, 0.000000, 6581.653320
$Orientation:
	-0.030719, -0.999526, -0.002105,
	-0.997188, 0.030791, -0.068322,
	0.068354, 0.000000, -0.997661
$AI Behavior: None
$Cargo 1:  XSTR("Nothing", 13)
+Initial Velocity: 33
+Initial Hull: 100
+Initial Shields: 100
+Subsystem: Pilot
+Subsystem: turret01
+Subsystem: turret02
+Subsystem: turret03
+Subsystem: turret04
+Subsystem: turret05
+Subsystem: turret06
+Subsystem: turret07
$Damage: 100
+Subsystem: turret08
+Sbank Ammo: ( 0 )
+Subsystem: turret09
+Sbank Ammo: ( 0 )
$Arrival Location: Hyperspace
$Arrival Cue: ( is-event-true-delay 
   "fadein6 2:10" 
   0 
)
$Departure Location: Hyperspace
$Departure Cue: ( false ) 
$Determination: 10
+Flags: ( "no-shields" "no-arrival-warp" )
+Flags2: ( )
+Respawn priority: 0
+Orders Accepted: 0		;! note that this is a bitfield!!!
+Group: 0
+Use Table Score:
+Score: 150

$Name: Kappas		;! Object #3
$Display Name: XSTR("Kappas", 6684)
$Class: SC Cain
$Team: Hostile [Peace]
$Location: 61025.593750, -394.818726, 6160.357910
$Orientation:
	0.177829, -0.983986, 0.012184,
	-0.981685, -0.178246, -0.067259,
	0.068354, 0.000000, -0.997661
$AI Behavior: None
$Cargo 1:  XSTR("Nothing", 13)
+Initial Velocity: 33
+Initial Hull: 100
+Initial Shields: 100
+Subsystem: Pilot
+Subsystem: turret01
+Subsystem: turret02
+Subsystem: turret03
+Subsystem: turret04
+Subsystem: turret05
+Subsystem: turret06
+Subsystem: turret07
$Damage: 100
+Subsystem: turret08
+Sbank Ammo: ( 0 )
+Subsystem: turret09
+Sbank Ammo: ( 0 )
$Arrival Location: Hyperspace
$Arrival Cue: ( is-event-true-delay 
   "fadein6 2:10" 
   0 
)
$Departure Location: Hyperspace
$Departure Cue: ( false ) 
$Determination: 10
+Flags: ( "no-shields" "no-arrival-warp" )
+Flags2: ( )
+Respawn priority: 0
+Orders Accepted: 0		;! note that this is a bitfield!!!
+Group: 0
+Use Table Score:
+Score: 150

$Name: Yenaldooshi		;! Object #4
$Display Name: XSTR("Yenaldooshi", 6685)
$Class: SFg Moloch
$Team: Hostile [Peace]
$Location: 61326.601563, 99.916878, 7019.831543
$Orientation:
	-0.975959, -0.198669, 0.089642,
	-0.197837, 0.980067, 0.018171,
	-0.091465, 0.000000, -0.995809
$AI Behavior: None
$Cargo 1:  XSTR("Nothing", 13)
+Initial Velocity: 33
+Initial Hull: 100
+Initial Shields: 100
+Subsystem: Pilot
+Subsystem: turret01
+Subsystem: turret02
+Subsystem: turret03
+Subsystem: turret04
+Sbank Ammo: ( 0 )
+Subsystem: turret05
+Subsystem: turret06
+Subsystem: turret07
+Subsystem: turret08
+Subsystem: turret09
+Subsystem: turret10
+Subsystem: turret11
+Primary Banks: ( "Shivan Turret Laser" )
+Subsystem: turret12
+Subsystem: turret13
+Sbank Ammo: ( 0 )
+Subsystem: turret14
+Subsystem: turret15
+Subsystem: turret16
+Sbank Ammo: ( 0 )
$Arrival Location: Hyperspace
$Arrival Cue: ( is-event-true-delay 
   "fadein6 2:10" 
   0 
)
$Departure Location: Hyperspace
$Departure Cue: ( false ) 
$Determination: 10
+Flags: ( "no-shields" "no-arrival-warp" )
+Flags2: ( )
+Respawn priority: 0
+Orders Accepted: 0		;! note that this is a bitfield!!!
+Group: 0
+Use Table Score:
+Score: 440

$Name: Zagan		;! Object #5
$Display Name: XSTR("Zagan", 6686)
$Class: SC Cain
$Team: Hostile [Peace]
$Location: 58918.515625, 558.499573, 6434.151367
$Orientation:
	-0.806138, 0.589145, -0.055232,
	0.587767, 0.808028, 0.040270,
	0.068354, 0.000000, -0.997661
$AI Behavior: None
$Cargo 1:  XSTR("Nothing", 13)
+Initial Velocity: 33
+Initial Hull: 100
+Initial Shields: 100
+Subsystem: Pilot
+Subsystem: turret01
+Subsystem: turret02
+Subsystem: turret03
+Subsystem: turret04
+Subsystem: turret05
+Subsystem: turret06
+Subsystem: turret07
$Damage: 100
+Subsystem: turret08
+Subsystem: turret09
$Arrival Location: Hyperspace
$Arrival Cue: ( is-event-true-delay 
   "fadein6 2:10" 
   0 
)
$Departure Location: Hyperspace
$Departure Cue: ( false ) 
$Determination: 10
+Flags: ( "no-shields" "no-arrival-warp" )
+Flags2: ( )
+Respawn priority: 0
+Orders Accepted: 0		;! note that this is a bitfield!!!
+Group: 0
+Use Table Score:
+Score: 150

$Name: Demetrius		;! Object #6
$Display Name: XSTR("Demetrius", 6687)
$Class: ORD Galahad
$Team: Friendly
$Team Color Setting: Jovian Second Fleet
$Location: 94986.156250, -0.000000, 20580.878906
$Orientation:
	1.000000, 0.000000, 0.000000,
	0.000000, 1.000000, 0.000000,
	0.000000, 0.000000, 1.000000
$AI Behavior: None
$Cargo 1:  XSTR("Nothing", 13)
+Initial Hull: 100
+Initial Shields: 100
+Subsystem: Pilot
+Subsystem: turret01
+Subsystem: turret02
+Subsystem: turret03
+Subsystem: turret04
+Subsystem: turret05
+Subsystem: turret06
+Subsystem: turret07
+Subsystem: turret08
+Subsystem: turret09
+Subsystem: turret10
+Subsystem: turret11
+Subsystem: turret12
+Subsystem: turret13
+Subsystem: turret14
+Subsystem: turret15
+Subsystem: turret16
+Subsystem: turret17
+Subsystem: turret18
+Subsystem: turret19
+Subsystem: turret20
+Subsystem: turret21
+Subsystem: turret22
+Subsystem: turret23
+Subsystem: turret24
+Subsystem: turret25
+Subsystem: turret26
+Subsystem: turret27
+Subsystem: turret28
+Subsystem: turret29
+Subsystem: turret30
+Subsystem: turret31
+Subsystem: turret32
+Subsystem: turret33
+Subsystem: turret34
+Subsystem: turret35
+Subsystem: turret36
+Subsystem: turret37
+Subsystem: turret38
+Subsystem: turret39
+Subsystem: turret40
+Subsystem: turret41
+Subsystem: turret42
+Subsystem: turret43
+Subsystem: turret44
+Subsystem: turret45
+Subsystem: turret46
+Subsystem: turret47
+Subsystem: turret48
+Subsystem: turret49
+Subsystem: turret50
+Subsystem: turret51
+Subsystem: turret52
+Subsystem: turret53
+Subsystem: turret54
+Subsystem: turret55
+Subsystem: turret56
$Arrival Location: Hyperspace
$Arrival Cue: ( is-event-true-delay 
   "fadein9 subspace 2:36" 
   0 
)
$Departure Location: Hyperspace
$Departure Cue: ( is-event-true-delay 
   "fadein10 2:47" 
   1 
)
$Determination: 10
+Flags: ( "cargo-known" "no-shields" "no-arrival-music" "no-arrival-warp" "no-departure-warp" )
+Flags2: ( )
+Respawn priority: 0
+Group: 0
+Score: 8
$Texture Replace:
+old: galahadbake-normal
+new: nameplate-demetrius
+old: galahadbake-normal
+new: nameplate-demetrius
+old: galahadbake-glow
+new: xxx
+old: galahadbake-normal
+new: nameplate-demetrius
+old: galnameplate-trans
+new: nameplate-demetrius

$Name: Vissudha		;! Object #7
$Display Name: XSTR("Vissudha", 6688)
$Class: ORFg Tychicus
$Team: Friendly
$Team Color Setting: Neptune Fourth Fleet
$Location: 94741.382813, 792.242065, 22547.421875
$Orientation:
	0.968912, 0.247404, 0.000000,
	-0.247404, 0.968912, 0.000000,
	0.000000, 0.000000, 1.000000
$AI Behavior: None
$Cargo 1:  XSTR("Nothing", 13)
+Initial Velocity: 33
+Initial Hull: 100
+Initial Shields: 100
+Subsystem: Pilot
+Subsystem: turret01
+Subsystem: turret02
+Subsystem: turret03
+Subsystem: turret04
+Subsystem: turret05
+Subsystem: turret06
+Subsystem: turret07
+Subsystem: turret08
+Subsystem: turret09
+Subsystem: turret10
+Subsystem: turret11
+Subsystem: turret12
+Subsystem: turret13
+Subsystem: turret14
+Subsystem: turret15
+Subsystem: turret16
+Subsystem: turret17
+Subsystem: turret18
+Subsystem: turret19
+Subsystem: turret20
+Subsystem: turret21
+Subsystem: turret22
+Subsystem: turret23
+Subsystem: turret24
+Subsystem: turret25
+Subsystem: turret26
+Subsystem: turret27
+Subsystem: turret28
+Subsystem: turret29a
+Subsystem: turret30a
$Arrival Location: Hyperspace
$Arrival Cue: ( is-event-true-delay 
   "fadein9 subspace 2:36" 
   0 
)
$Departure Location: Hyperspace
$Departure Cue: ( is-event-true-delay 
   "fadein10 2:47" 
   1 
)
$Determination: 10
+Flags: ( "cargo-known" "no-shields" "no-arrival-music" "no-arrival-warp" "no-departure-warp" )
+Flags2: ( )
+Respawn priority: 0
+Orders Accepted: 1		;! note that this is a bitfield!!!
+Group: 0
+Use Table Score:
+Score: 1500
$Texture Replace:
+old: nameplate-tychi-trans
+new: nameplate-vissudha
+old: nameplate-tychi-trans-shine
+new: nameplate-vissudha-shine

$Name: Sahasrara		;! Object #8
$Display Name: XSTR("Sahasrara", 6689)
$Class: ORFg Tychicus
$Team: Friendly
$Team Color Setting: Neptune Fourth Fleet
$Location: 95762.007813, 278.010498, 22240.792969
$Orientation:
	1.000000, 0.000000, 0.000000,
	0.000000, 1.000000, 0.000000,
	0.000000, 0.000000, 1.000000
$AI Behavior: None
$Cargo 1:  XSTR("Nothing", 13)
+Initial Velocity: 33
+Initial Hull: 100
+Initial Shields: 100
+Subsystem: Pilot
+Subsystem: turret01
+Subsystem: turret02
+Subsystem: turret03
+Subsystem: turret04
+Subsystem: turret05
+Subsystem: turret06
+Subsystem: turret07
+Subsystem: turret08
+Subsystem: turret09
+Subsystem: turret10
+Subsystem: turret11
+Subsystem: turret12
+Subsystem: turret13
+Subsystem: turret14
+Subsystem: turret15
+Subsystem: turret16
+Subsystem: turret17
+Subsystem: turret18
+Subsystem: turret19
+Subsystem: turret20
+Subsystem: turret21
+Subsystem: turret22
+Subsystem: turret23
+Subsystem: turret24
+Subsystem: turret25
+Subsystem: turret26
+Subsystem: turret27
+Subsystem: turret28
+Subsystem: turret29a
+Subsystem: turret30a
$Arrival Location: Hyperspace
$Arrival Cue: ( is-event-true-delay 
   "fadein9 subspace 2:36" 
   0 
)
$Departure Location: Hyperspace
$Departure Cue: ( is-event-true-delay 
   "fadein10 2:47" 
   1 
)
$Determination: 10
+Flags: ( "cargo-known" "no-shields" "no-arrival-music" "no-arrival-warp" "no-departure-warp" "guardian" )
+Flags2: ( )
+Respawn priority: 0
+Orders Accepted: 1		;! note that this is a bitfield!!!
+Group: 0
+Use Table Score:
+Score: 1500
$Texture Replace:
+old: nameplate-tychi-trans
+new: nameplate-sahasrara
+old: nameplate-tychi-trans-shine
+new: nameplate-sahasrara-shine

$Name: Lenus		;! Object #9
$Display Name: XSTR("Lenus", 6690)
$Class: ORFg Vitalius
$Team: Friendly
$Team Color Setting: Jovian First Fleet
$Location: 95386.898438, 913.791382, 20446.748047
$Orientation:
	0.973666, 0.227977, 0.000000,
	-0.227977, 0.973666, 0.000000,
	0.000000, 0.000000, 1.000000
$AI Behavior: None
$Cargo 1:  XSTR("Nothing", 13)
+Initial Velocity: 33
+Initial Hull: 100
+Initial Shields: 100
+Subsystem: Pilot
+Subsystem: turret01a
+Subsystem: turret02a
+Subsystem: turret03a
+Subsystem: turret04
+Subsystem: turret05
+Subsystem: turret06
+Subsystem: turret07
+Subsystem: turret08
+Subsystem: turret09
+Subsystem: turret10
+Subsystem: turret11
+Subsystem: turret12
+Subsystem: turret13
+Subsystem: turret14
+Subsystem: turret15
+Subsystem: turret16
+Subsystem: turret17
+Subsystem: turret18
+Subsystem: turret19
+Subsystem: turret20
+Subsystem: turret21
+Subsystem: turret22
+Subsystem: turret23
+Subsystem: turret24
+Subsystem: turret25
+Subsystem: turret26
+Subsystem: turret27
+Subsystem: turret28
+Subsystem: turret29
+Subsystem: turret30
$Arrival Location: Hyperspace
$Arrival Cue: ( is-event-true-delay 
   "fadein9 subspace 2:36" 
   0 
)
$Departure Location: Hyperspace
$Departure Cue: ( is-event-true-delay 
   "fadein10 2:47" 
   1 
)
$Determination: 10
+Flags: ( "cargo-known" "no-shields" "no-arrival-music" "no-arrival-warp" "no-departure-warp" )
+Flags2: ( )
+Respawn priority: 0
+Orders Accepted: 1		;! note that this is a bitfield!!!
+Group: 0
+Use Table Score:
+Score: 8
$Texture Replace:
+old: nameplate
+new: nameplate-lenus

$Name: Virgo 1		;! Object #10
$Display Name: XSTR("Virgo 1", 6691)
$Class: SF Scorpion
$Team: Hostile [Peace]
$Location: 61968.101563, 80.712898, 7190.182129
$Orientation:
	-0.992999, 0.000000, -0.118131,
	0.000000, 1.000000, 0.000000,
	0.118131, 0.000000, -0.992999
$AI Behavior: None
$Cargo 1:  XSTR("Nothing", 13)
+Initial Velocity: 33
+Initial Hull: 100
+Subsystem: Pilot
$Arrival Location: Hyperspace
$Arrival Cue: ( false ) 
$Departure Location: Hyperspace
$Departure Cue: ( false ) 
$Determination: 10
+Flags: ( )
+Flags2: ( )
+Respawn priority: 0
+Orders Accepted: 0		;! note that this is a bitfield!!!
+Group: 0
+Use Table Score:
+Score: 10

$Name: Virgo 2		;! Object #11
$Display Name: XSTR("Virgo 2", 6692)
$Class: SF Scorpion
$Team: Hostile [Peace]
$Location: 61904.335938, -66.901489, 7186.224609
$Orientation:
	-0.992999, 0.000000, -0.118131,
	0.000000, 1.000000, 0.000000,
	0.118131, 0.000000, -0.992999
$AI Behavior: None
$Cargo 1:  XSTR("Nothing", 13)
+Initial Velocity: 33
+Initial Hull: 100
+Subsystem: Pilot
$Arrival Location: Hyperspace
$Arrival Cue: ( false ) 
$Departure Location: Hyperspace
$Departure Cue: ( false ) 
$Determination: 10
+Flags: ( )
+Flags2: ( )
+Respawn priority: 0
+Orders Accepted: 0		;! note that this is a bitfield!!!
+Group: 0
+Use Table Score:
+Score: 10

$Name: Virgo 3		;! Object #12
$Display Name: XSTR("Virgo 3", 6693)
$Class: SF Scorpion
$Team: Hostile [Peace]
$Location: 61918.535156, -29.316101, 7238.127441
$Orientation:
	-0.992999, 0.000000, -0.118131,
	0.000000, 1.000000, 0.000000,
	0.118131, 0.000000, -0.992999
$AI Behavior: None
$Cargo 1:  XSTR("Nothing", 13)
+Initial Velocity: 33
+Initial Hull: 100
+Subsystem: Pilot
$Arrival Location: Hyperspace
$Arrival Cue: ( false ) 
$Departure Location: Hyperspace
$Departure Cue: ( false ) 
$Determination: 10
+Flags: ( )
+Flags2: ( )
+Respawn priority: 0
+Orders Accepted: 0		;! note that this is a bitfield!!!
+Group: 0
+Use Table Score:
+Score: 10

$Name: Virgo 4		;! Object #13
$Display Name: XSTR("Virgo 4", 6694)
$Class: SF Scorpion
$Team: Hostile [Peace]
$Location: 61940.597656, 51.655140, 7226.443848
$Orientation:
	-0.992999, 0.000000, -0.118131,
	0.000000, 1.000000, 0.000000,
	0.118131, 0.000000, -0.992999
$AI Behavior: None
$Cargo 1:  XSTR("Nothing", 13)
+Initial Velocity: 33
+Initial Hull: 100
+Subsystem: Pilot
$Arrival Location: Hyperspace
$Arrival Cue: ( false ) 
$Departure Location: Hyperspace
$Departure Cue: ( false ) 
$Determination: 10
+Flags: ( )
+Flags2: ( )
+Respawn priority: 0
+Orders Accepted: 0		;! note that this is a bitfield!!!
+Group: 0
+Use Table Score:
+Score: 10

$Name: Virgo 5		;! Object #14
$Display Name: XSTR("Virgo 5", 6695)
$Class: SF Scorpion
$Team: Hostile [Peace]
$Location: 61921.734375, 0.000000, 7189.677246
$Orientation:
	-0.992999, 0.000000, -0.118131,
	0.000000, 1.000000, 0.000000,
	0.118131, 0.000000, -0.992999
$AI Behavior: None
$Cargo 1:  XSTR("Nothing", 13)
+Initial Velocity: 33
+Initial Hull: 100
+Subsystem: Pilot
$Arrival Location: Hyperspace
$Arrival Cue: ( false ) 
$Departure Location: Hyperspace
$Departure Cue: ( false ) 
$Determination: 10
+Flags: ( )
+Flags2: ( )
+Respawn priority: 0
+Orders Accepted: 0		;! note that this is a bitfield!!!
+Group: 0
+Use Table Score:
+Score: 10

$Name: Libra 1		;! Object #15
$Display Name: XSTR("Libra 1", 6696)
$Class: SF Manticore
$Team: Hostile [Peace]
$Location: 58906.800781, 72.569954, 7040.046387
$Orientation:
	-0.998670, 0.000000, -0.051570,
	0.000000, 1.000000, 0.000000,
	0.051570, 0.000000, -0.998670
$AI Behavior: None
$Cargo 1:  XSTR("Nothing", 13)
+Initial Velocity: 33
+Subsystem: Pilot
$Arrival Location: Hyperspace
$Arrival Cue: ( false ) 
$Departure Location: Hyperspace
$Departure Cue: ( false ) 
$Determination: 10
+Flags: ( "no-arrival-warp" )
+Flags2: ( )
+Respawn priority: 0
+Orders Accepted: 0		;! note that this is a bitfield!!!
+Group: 0
+Use Table Score:
+Score: 12

$Name: Libra 2		;! Object #16
$Display Name: XSTR("Libra 2", 6697)
$Class: SF Manticore
$Team: Hostile [Peace]
$Location: 58904.566406, 72.569954, 6949.142090
$Orientation:
	-0.998670, 0.000000, -0.051570,
	0.000000, 1.000000, 0.000000,
	0.051570, 0.000000, -0.998670
$AI Behavior: None
$Cargo 1:  XSTR("Nothing", 13)
+Initial Velocity: 33
+Subsystem: Pilot
$Arrival Location: Hyperspace
$Arrival Cue: ( false ) 
$Departure Location: Hyperspace
$Departure Cue: ( false ) 
$Determination: 10
+Flags: ( "no-arrival-warp" )
+Flags2: ( )
+Respawn priority: 0
+Orders Accepted: 0		;! note that this is a bitfield!!!
+Group: 0
+Use Table Score:
+Score: 12

$Name: Libra 3		;! Object #17
$Display Name: XSTR("Libra 3", 6698)
$Class: SF Manticore
$Team: Hostile [Peace]
$Location: 58804.925781, 15.338408, 6997.216309
$Orientation:
	-0.998670, 0.000000, -0.051570,
	0.000000, 1.000000, 0.000000,
	0.051570, 0.000000, -0.998670
$AI Behavior: None
$Cargo 1:  XSTR("Nothing", 13)
+Initial Velocity: 33
+Subsystem: Pilot
$Arrival Location: Hyperspace
$Arrival Cue: ( false ) 
$Departure Location: Hyperspace
$Departure Cue: ( false ) 
$Determination: 10
+Flags: ( "no-arrival-warp" )
+Flags2: ( )
+Respawn priority: 0
+Orders Accepted: 0		;! note that this is a bitfield!!!
+Group: 0
+Use Table Score:
+Score: 12

$Name: Libra 4		;! Object #18
$Display Name: XSTR("Libra 4", 6699)
$Class: SF Manticore
$Team: Hostile [Peace]
$Location: 58765.750000, 72.569954, 6917.024414
$Orientation:
	-0.998670, 0.000000, -0.051570,
	0.000000, 1.000000, 0.000000,
	0.051570, 0.000000, -0.998670
$AI Behavior: None
$Cargo 1:  XSTR("Nothing", 13)
+Initial Velocity: 33
+Subsystem: Pilot
$Arrival Location: Hyperspace
$Arrival Cue: ( false ) 
$Departure Location: Hyperspace
$Departure Cue: ( false ) 
$Determination: 10
+Flags: ( "no-arrival-warp" )
+Flags2: ( )
+Respawn priority: 0
+Orders Accepted: 0		;! note that this is a bitfield!!!
+Group: 0
+Use Table Score:
+Score: 12

$Name: Libra 5		;! Object #19
$Display Name: XSTR("Libra 5", 6700)
$Class: SF Manticore
$Team: Hostile [Peace]
$Location: 58851.132813, 132.542603, 6985.113281
$Orientation:
	-0.998670, 0.000000, -0.051570,
	0.000000, 1.000000, 0.000000,
	0.051570, 0.000000, -0.998670
$AI Behavior: None
$Cargo 1:  XSTR("Nothing", 13)
+Initial Velocity: 33
+Subsystem: Pilot
$Arrival Location: Hyperspace
$Arrival Cue: ( false ) 
$Departure Location: Hyperspace
$Departure Cue: ( false ) 
$Determination: 10
+Flags: ( "no-arrival-warp" )
+Flags2: ( )
+Respawn priority: 0
+Orders Accepted: 0		;! note that this is a bitfield!!!
+Group: 0
+Use Table Score:
+Score: 12

$Name: Beta 1		;! Object #20
$Display Name: XSTR("Beta 1", 6701)
$Class: ORF Rapier
$Team: Friendly
$Team Color Setting: Non-Assigned
$Location: 61922.929688, 0.000000, -8370.408203
$Orientation:
	1.000000, 0.000000, 0.000000,
	0.000000, 1.000000, 0.000000,
	0.000000, 0.000000, 1.000000
$AI Behavior: None
$Cargo 1:  XSTR("Nothing", 13)
+Initial Velocity: 33
+Initial Hull: 100
+Subsystem: Pilot
$Arrival Location: Hyperspace
$Arrival Cue: ( false ) 
$Departure Location: Hyperspace
$Departure Cue: ( false ) 
$Determination: 10
+Flags: ( "cargo-known" "no-arrival-warp" )
+Flags2: ( )
+Respawn priority: 0
+Group: 0
+Use Table Score:
+Score: 10

$Name: Beta 2		;! Object #21
$Display Name: XSTR("Beta 2", 6702)
$Class: ORF Rapier
$Team: Friendly
$Team Color Setting: Non-Assigned
$Location: 61916.109375, 0.000000, -8323.385742
$Orientation:
	1.000000, 0.000000, 0.000000,
	0.000000, 1.000000, 0.000000,
	0.000000, 0.000000, 1.000000
$AI Behavior: None
$Cargo 1:  XSTR("Nothing", 13)
+Initial Velocity: 33
+Initial Hull: 100
+Subsystem: Pilot
$Arrival Location: Hyperspace
$Arrival Cue: ( false ) 
$Departure Location: Hyperspace
$Departure Cue: ( false ) 
$Determination: 10
+Flags: ( "cargo-known" "no-arrival-warp" )
+Flags2: ( )
+Respawn priority: 0
+Group: 0
+Use Table Score:
+Score: 10

$Name: Beta 3		;! Object #22
$Display Name: XSTR("Beta 3", 6703)
$Class: ORF Rapier
$Team: Friendly
$Team Color Setting: Non-Assigned
$Location: 61983.664063, 0.000000, -8311.830078
$Orientation:
	1.000000, 0.000000, 0.000000,
	0.000000, 1.000000, 0.000000,
	0.000000, 0.000000, 1.000000
$AI Behavior: None
$Cargo 1:  XSTR("Nothing", 13)
+Initial Velocity: 33
+Initial Hull: 100
+Subsystem: Pilot
$Arrival Location: Hyperspace
$Arrival Cue: ( false ) 
$Departure Location: Hyperspace
$Departure Cue: ( false ) 
$Determination: 10
+Flags: ( "cargo-known" "no-arrival-warp" )
+Flags2: ( )
+Respawn priority: 0
+Group: 0
+Use Table Score:
+Score: 10

$Name: Beta 4		;! Object #23
$Display Name: XSTR("Beta 4", 6704)
$Class: ORF Rapier
$Team: Friendly
$Team Color Setting: Non-Assigned
$Location: 61997.691406, 0.000000, -8371.580078
$Orientation:
	1.000000, 0.000000, 0.000000,
	0.000000, 1.000000, 0.000000,
	0.000000, 0.000000, 1.000000
$AI Behavior: None
$Cargo 1:  XSTR("Nothing", 13)
+Initial Velocity: 33
+Initial Hull: 100
+Subsystem: Pilot
$Arrival Location: Hyperspace
$Arrival Cue: ( false ) 
$Departure Location: Hyperspace
$Departure Cue: ( false ) 
$Determination: 10
+Flags: ( "cargo-known" "no-arrival-warp" )
+Flags2: ( )
+Respawn priority: 0
+Group: 0
+Use Table Score:
+Score: 10

$Name: Gamma 1		;! Object #24
$Display Name: XSTR("Gamma 1", 6705)
$Class: ORF Heretic
$Team: Friendly
$Team Color Setting: Non-Assigned
$Location: 58016.031250, 341.703094, -9260.907227
$Orientation:
	1.000000, 0.000000, 0.000000,
	0.000000, 1.000000, 0.000000,
	0.000000, 0.000000, 1.000000
$AI Behavior: None
$Cargo 1:  XSTR("Nothing", 13)
+Initial Velocity: 33
+Initial Hull: 100
+Subsystem: Pilot
$Arrival Location: Hyperspace
$Arrival Cue: ( false ) 
$Departure Location: Hyperspace
$Departure Cue: ( false ) 
$Determination: 10
+Flags: ( "cargo-known" )
+Flags2: ( )
+Respawn priority: 0
+Group: 0
+Use Table Score:
+Score: 8

$Name: Gamma 2		;! Object #25
$Display Name: XSTR("Gamma 2", 6706)
$Class: ORF Heretic
$Team: Friendly
$Team Color Setting: Non-Assigned
$Location: 57960.453125, 341.703094, -9259.881836
$Orientation:
	1.000000, 0.000000, 0.000000,
	0.000000, 1.000000, 0.000000,
	0.000000, 0.000000, 1.000000
$AI Behavior: None
$Cargo 1:  XSTR("Nothing", 13)
+Initial Velocity: 33
+Initial Hull: 100
+Subsystem: Pilot
$Arrival Location: Hyperspace
$Arrival Cue: ( false ) 
$Departure Location: Hyperspace
$Departure Cue: ( false ) 
$Determination: 10
+Flags: ( "cargo-known" )
+Flags2: ( )
+Respawn priority: 0
+Group: 0
+Use Table Score:
+Score: 8

$Name: Gamma 3		;! Object #26
$Display Name: XSTR("Gamma 3", 6707)
$Class: ORF Heretic
$Team: Friendly
$Team Color Setting: Non-Assigned
$Location: 57924.824219, 341.703094, -9315.604492
$Orientation:
	1.000000, 0.000000, 0.000000,
	0.000000, 1.000000, 0.000000,
	0.000000, 0.000000, 1.000000
$AI Behavior: None
$Cargo 1:  XSTR("Nothing", 13)
+Initial Velocity: 33
+Initial Hull: 100
+Subsystem: Pilot
$Arrival Location: Hyperspace
$Arrival Cue: ( false ) 
$Departure Location: Hyperspace
$Departure Cue: ( false ) 
$Determination: 10
+Flags: ( "cargo-known" )
+Flags2: ( )
+Respawn priority: 0
+Group: 0
+Use Table Score:
+Score: 8

$Name: Gamma 4		;! Object #27
$Display Name: XSTR("Gamma 4", 6708)
$Class: ORF Heretic
$Team: Friendly
$Team Color Setting: Non-Assigned
$Location: 58006.816406, 341.703094, -9314.209961
$Orientation:
	1.000000, 0.000000, 0.000000,
	0.000000, 1.000000, 0.000000,
	0.000000, 0.000000, 1.000000
$AI Behavior: None
$Cargo 1:  XSTR("Nothing", 13)
+Initial Velocity: 33
+Initial Hull: 100
+Subsystem: Pilot
$Arrival Location: Hyperspace
$Arrival Cue: ( false ) 
$Departure Location: Hyperspace
$Departure Cue: ( false ) 
$Determination: 10
+Flags: ( "cargo-known" )
+Flags2: ( )
+Respawn priority: 0
+Group: 0
+Use Table Score:
+Score: 8

$Name: Demetrius #2		;! Object #28
$Display Name: XSTR("Demetrius", 6687)
$Class: ORD Galahad
$Team: Friendly
$Team Color Setting: Jovian Second Fleet
$Location: 59939.250000, 0.000000, -13268.521484
$Orientation:
	0.991562, 0.129634, 0.000000,
	-0.129634, 0.991562, 0.000000,
	0.000000, 0.000000, 1.000000
$AI Behavior: None
$Cargo 1:  XSTR("Nothing", 13)
+Initial Hull: 100
+Initial Shields: 100
+Subsystem: Pilot
+Subsystem: turret01
+Subsystem: turret02
+Subsystem: turret03
+Subsystem: turret04
+Subsystem: turret05
+Subsystem: turret06
+Subsystem: turret07
+Subsystem: turret08
+Subsystem: turret09
+Subsystem: turret10
+Subsystem: turret11
+Subsystem: turret12
+Subsystem: turret13
+Subsystem: turret14
+Subsystem: turret15
+Subsystem: turret16
+Subsystem: turret17
+Subsystem: turret18
+Subsystem: turret19
+Subsystem: turret20
+Subsystem: turret21
+Subsystem: turret22
+Subsystem: turret23
+Subsystem: turret24
+Subsystem: turret25
+Subsystem: turret26
+Subsystem: turret27
+Subsystem: turret28
+Subsystem: turret29
+Subsystem: turret30
+Subsystem: turret31
+Subsystem: turret32
+Subsystem: turret33
+Subsystem: turret34
+Subsystem: turret35
+Subsystem: turret36
+Subsystem: turret37
+Subsystem: turret38
+Subsystem: turret39
+Subsystem: turret40
+Subsystem: turret41
+Subsystem: turret42
+Subsystem: turret43
+Subsystem: turret44
+Subsystem: turret45
+Subsystem: turret46
+Subsystem: turret47
+Subsystem: turret48
+Subsystem: turret49
+Subsystem: turret50
+Subsystem: turret51
+Subsystem: turret52
+Subsystem: turret53
+Subsystem: turret54
+Subsystem: turret55
+Subsystem: turret56
$Arrival Location: Hyperspace
$Arrival Cue: ( is-event-true-delay 
   "fadein10 2:47" 
   0 
)
$Departure Location: Hyperspace
$Departure Cue: ( false ) 
$Determination: 10
+Flags: ( "cargo-known" "no-shields" )
+Flags2: ( )
+Respawn priority: 0
+Orders Accepted: 0		;! note that this is a bitfield!!!
+Group: 0
+Use Table Score:
+Score: 1000
$Texture Replace:
+old: galnameplate-trans
+new: nameplate-demetrius

$Name: Vissudha #2		;! Object #29
$Display Name: XSTR("Vissudha", 6688)
$Class: ORFg Tychicus
$Team: Friendly
$Team Color Setting: Neptune Fourth Fleet
$Location: 59020.000000, 841.799988, -10076.188477
$Orientation:
	0.841901, 0.539632, 0.000000,
	-0.539632, 0.841901, 0.000000,
	0.000000, 0.000000, 1.000000
$AI Behavior: None
$Cargo 1:  XSTR("Nothing", 13)
+Initial Velocity: 33
+Initial Hull: 100
+Initial Shields: 100
+Subsystem: Pilot
+Subsystem: turret01
+Subsystem: turret02
+Subsystem: turret03
+Subsystem: turret04
+Subsystem: turret05
+Subsystem: turret06
+Subsystem: turret07
+Subsystem: turret08
+Subsystem: turret09
+Subsystem: turret10
+Subsystem: turret11
+Subsystem: turret12
+Subsystem: turret13
+Subsystem: turret14
+Subsystem: turret15
+Subsystem: turret16
+Subsystem: turret17
+Subsystem: turret18
+Subsystem: turret19
+Subsystem: turret20
+Subsystem: turret21
+Subsystem: turret22
+Subsystem: turret23
+Subsystem: turret24
+Subsystem: turret25
+Subsystem: turret26
+Subsystem: turret27
+Subsystem: turret28
+Subsystem: turret29a
+Subsystem: turret30a
$Arrival Location: Hyperspace
+Arrival Delay: 1
$Arrival Cue: ( is-event-true-delay "camera32" 0 ) 
$Departure Location: Hyperspace
$Departure Cue: ( false ) 
$Determination: 10
+Flags: ( "cargo-known" "no-shields" )
+Flags2: ( )
+Respawn priority: 0
+Orders Accepted: 1		;! note that this is a bitfield!!!
+Group: 0
+Use Table Score:
+Score: 1500
$Texture Replace:
+old: nameplate-tychi-trans
+new: nameplate-vissudha
+old: nameplate-tychi-trans-shine
+new: nameplate-vissudha-shine

$Name: Sahasrara #2		;! Object #30
$Display Name: XSTR("Sahasrara", 6689)
$Class: ORFg Tychicus
$Team: Friendly
$Team Color Setting: Neptune Fourth Fleet
$Location: 60924.128906, 719.706909, -11106.888672
$Orientation:
	0.963771, -0.266731, 0.000000,
	0.266731, 0.963771, 0.000000,
	0.000000, 0.000000, 1.000000
$AI Behavior: None
$Cargo 1:  XSTR("Nothing", 13)
+Initial Velocity: 33
+Initial Hull: 100
+Initial Shields: 100
+Subsystem: Pilot
+Subsystem: turret01
+Subsystem: turret02
+Subsystem: turret03
+Subsystem: turret04
+Subsystem: turret05
+Subsystem: turret06
+Subsystem: turret07
+Subsystem: turret08
+Subsystem: turret09
+Subsystem: turret10
+Subsystem: turret11
+Subsystem: turret12
+Subsystem: turret13
+Subsystem: turret14
+Subsystem: turret15
+Subsystem: turret16
+Subsystem: turret17
+Subsystem: turret18
+Subsystem: turret19
+Subsystem: turret20
+Subsystem: turret21
+Subsystem: turret22
+Subsystem: turret23
+Subsystem: turret24
+Subsystem: turret25
+Subsystem: turret26
+Subsystem: turret27
+Subsystem: turret28
+Subsystem: turret29a
+Subsystem: turret30a
$Arrival Location: Hyperspace
$Arrival Cue: ( is-event-true-delay "camera32" 0 ) 
$Departure Location: Hyperspace
$Departure Cue: ( false ) 
$Determination: 10
+Flags: ( "cargo-known" "no-shields" )
+Flags2: ( )
+Respawn priority: 0
+Orders Accepted: 1		;! note that this is a bitfield!!!
+Group: 0
+Use Table Score:
+Score: 1500
$Texture Replace:
+old: nameplate-tychi-trans
+new: nameplate-sahasrara
+old: nameplate-tychi-trans-shine
+new: nameplate-sahasrara-shine

$Name: Lenus #2		;! Object #31
$Display Name: XSTR("Lenus", 6690)
$Class: ORFg Vitalius
$Team: Friendly
$Team Color Setting: Jovian First Fleet
$Location: 60372.402344, 1401.900024, -10097.289063
$Orientation:
	0.745174, 0.666869, 0.000000,
	-0.666869, 0.745174, 0.000000,
	0.000000, 0.000000, 1.000000
$AI Behavior: None
$Cargo 1:  XSTR("Nothing", 13)
+Initial Velocity: 33
+Initial Hull: 100
+Initial Shields: 100
+Subsystem: Pilot
+Subsystem: turret01a
+Subsystem: turret02a
+Subsystem: turret03a
+Subsystem: turret04
+Subsystem: turret05
+Subsystem: turret06
+Subsystem: turret07
+Subsystem: turret08
+Subsystem: turret09
+Subsystem: turret10
+Subsystem: turret11
+Subsystem: turret12
+Subsystem: turret13
+Subsystem: turret14
+Subsystem: turret15
+Subsystem: turret16
+Subsystem: turret17
+Subsystem: turret18
+Subsystem: turret19
+Subsystem: turret20
+Subsystem: turret21
+Subsystem: turret22
+Subsystem: turret23
+Subsystem: turret24
+Subsystem: turret25
+Subsystem: turret26
+Subsystem: turret27
+Subsystem: turret28
+Subsystem: turret29
+Subsystem: turret30
$Arrival Location: Hyperspace
+Arrival Delay: 2
$Arrival Cue: ( is-event-true-delay "camera32" 0 ) 
$Departure Location: Hyperspace
$Departure Cue: ( false ) 
$Determination: 10
+Flags: ( "cargo-known" "no-shields" )
+Flags2: ( )
+Respawn priority: 0
+Orders Accepted: 1		;! note that this is a bitfield!!!
+Group: 0
+Use Table Score:
+Score: 8
$Texture Replace:
+old: nameplate
+new: nameplate-lenus

$Name: ScreenCam#Exile 44		;! Object #32
$Display Name: XSTR("ScreenCam", 6648)
$Class: ScreenCam#Exile
$Team: Friendly
$Location: 58739.718750, 7.685102, 23352.826172
$Orientation:
	-0.551580, 0.073294, -0.830895,
	0.435502, 0.874885, -0.211928,
	0.711405, -0.478752, -0.514489
$AI Behavior: None
$Cargo 1:  XSTR("Nothing", 13)
+Initial Velocity: 33
+Initial Hull: 100
+Subsystem: Pilot
$Arrival Location: Hyperspace
$Arrival Cue: ( true ) 
$Departure Location: Hyperspace
$Departure Cue: ( false ) 
$Determination: 10
+Flags: ( "cargo-known" "stealth" )
+Flags2: ( "no-collide" )
+Respawn priority: 0
+Orders Accepted: 33023		;! note that this is a bitfield!!!
+Group: 0
+Use Table Score:
+Score: 0

$Name: ScreenCam#Exile 45		;! Object #33
$Display Name: XSTR("ScreenCam", 6648)
$Class: ScreenCam#Exile
$Team: Friendly
$Location: 58677.503906, 79.705528, 23415.210938
$Orientation:
	-0.474377, 0.130120, -0.870652,
	0.509466, 0.847142, -0.150978,
	0.717921, -0.515188, -0.468156
$AI Behavior: None
$Cargo 1:  XSTR("Nothing", 13)
+Initial Velocity: 33
+Initial Hull: 100
+Subsystem: Pilot
$Arrival Location: Hyperspace
$Arrival Cue: ( true ) 
$Departure Location: Hyperspace
$Departure Cue: ( false ) 
$Determination: 10
+Flags: ( "cargo-known" "stealth" )
+Flags2: ( "no-collide" )
+Respawn priority: 0
+Orders Accepted: 33023		;! note that this is a bitfield!!!
+Group: 0
+Use Table Score:
+Score: 0

$Name: ScreenCam#Exile 46		;! Object #34
$Display Name: XSTR("ScreenCam", 6648)
$Class: ScreenCam#Exile
$Team: Friendly
$Location: 58567.187500, 26.464420, 23897.949219
$Orientation:
	-0.501929, 0.008321, -0.864869,
	0.054932, 0.998241, -0.022276,
	0.863162, -0.058690, -0.501504
$AI Behavior: None
$Cargo 1:  XSTR("Nothing", 13)
+Initial Velocity: 33
+Initial Hull: 100
+Subsystem: Pilot
$Arrival Location: Hyperspace
$Arrival Cue: ( true ) 
$Departure Location: Hyperspace
$Departure Cue: ( false ) 
$Determination: 10
+Flags: ( "cargo-known" "stealth" )
+Flags2: ( "no-collide" )
+Respawn priority: 0
+Orders Accepted: 33023		;! note that this is a bitfield!!!
+Group: 0
+Use Table Score:
+Score: 0

$Name: ScreenCam#Exile 47		;! Object #35
$Display Name: XSTR("ScreenCam", 6648)
$Class: ScreenCam#Exile
$Team: Friendly
$Location: 58786.066406, 563.198792, 23601.845703
$Orientation:
	-0.653123, -0.024966, -0.756840,
	0.130983, 0.980667, -0.145382,
	0.745838, -0.194086, -0.637226
$AI Behavior: None
$Cargo 1:  XSTR("Nothing", 13)
+Initial Velocity: 33
+Initial Hull: 100
+Subsystem: Pilot
$Arrival Location: Hyperspace
$Arrival Cue: ( true ) 
$Departure Location: Hyperspace
$Departure Cue: ( false ) 
$Determination: 10
+Flags: ( "cargo-known" "stealth" )
+Flags2: ( "no-collide" )
+Respawn priority: 0
+Orders Accepted: 33023		;! note that this is a bitfield!!!
+Group: 0
+Use Table Score:
+Score: 0

$Name: ScreenCam#Exile 48		;! Object #36
$Display Name: XSTR("ScreenCam", 6648)
$Class: ScreenCam#Exile
$Team: Friendly
$Location: 59048.574219, 348.902924, 23513.519531
$Orientation:
	-0.898873, -0.016982, -0.437880,
	0.041168, 0.991557, -0.122963,
	0.436271, -0.128555, -0.890585
$AI Behavior: None
$Cargo 1:  XSTR("Nothing", 13)
+Initial Velocity: 33
+Initial Hull: 100
+Subsystem: Pilot
$Arrival Location: Hyperspace
$Arrival Cue: ( true ) 
$Departure Location: Hyperspace
$Departure Cue: ( false ) 
$Determination: 10
+Flags: ( "cargo-known" "stealth" )
+Flags2: ( "no-collide" )
+Respawn priority: 0
+Orders Accepted: 33023		;! note that this is a bitfield!!!
+Group: 0
+Use Table Score:
+Score: 0

$Name: ScreenCam#Exile 49		;! Object #37
$Display Name: XSTR("ScreenCam", 6648)
$Class: ScreenCam#Exile
$Team: Friendly
$Location: 59788.328125, 308.975616, 9423.730469
$Orientation:
	-0.978202, 0.021817, -0.206508,
	0.052491, 0.988148, -0.144249,
	0.200914, -0.151944, -0.967753
$AI Behavior: None
$Cargo 1:  XSTR("Nothing", 13)
+Initial Velocity: 33
+Initial Hull: 100
+Subsystem: Pilot
$Arrival Location: Hyperspace
$Arrival Cue: ( true ) 
$Departure Location: Hyperspace
$Departure Cue: ( false ) 
$Determination: 10
+Flags: ( "cargo-known" "stealth" )
+Flags2: ( "no-collide" )
+Respawn priority: 0
+Orders Accepted: 33023		;! note that this is a bitfield!!!
+Group: 0
+Use Table Score:
+Score: 0

$Name: ScreenCam#Exile 50		;! Object #38
$Display Name: XSTR("ScreenCam", 6648)
$Class: ScreenCam#Exile
$Team: Friendly
$Location: 103273.992188, 0.000000, -3799.197266
$Orientation:
	0.879261, -0.310816, -0.360960,
	-0.068657, 0.667174, -0.741732,
	0.471366, 0.676958, 0.565280
$AI Behavior: None
$Cargo 1:  XSTR("Nothing", 13)
+Initial Velocity: 33
+Initial Hull: 100
+Subsystem: Pilot
$Arrival Location: Hyperspace
$Arrival Cue: ( true ) 
$Departure Location: Hyperspace
$Departure Cue: ( false ) 
$Determination: 10
+Flags: ( "cargo-known" "stealth" )
+Flags2: ( "no-collide" )
+Respawn priority: 0
+Orders Accepted: 33023		;! note that this is a bitfield!!!
+Group: 0
+Use Table Score:
+Score: 0

$Name: ScreenCam#Exile 51		;! Object #39
$Display Name: XSTR("ScreenCam", 6648)
$Class: ScreenCam#Exile
$Team: Friendly
$Location: 103201.179688, 0.000000, -4524.487305
$Orientation:
	0.892061, -0.355967, -0.278414,
	0.345152, 0.934345, -0.088714,
	0.291714, -0.016956, 0.956355
$AI Behavior: None
$Cargo 1:  XSTR("Nothing", 13)
+Initial Velocity: 33
+Initial Hull: 100
+Subsystem: Pilot
$Arrival Location: Hyperspace
$Arrival Cue: ( true ) 
$Departure Location: Hyperspace
$Departure Cue: ( false ) 
$Determination: 10
+Flags: ( "cargo-known" "stealth" )
+Flags2: ( "no-collide" )
+Respawn priority: 0
+Orders Accepted: 33023		;! note that this is a bitfield!!!
+Group: 0
+Use Table Score:
+Score: 0

$Name: Cimejes		;! Object #40
$Display Name: XSTR("Cimejes", 6709)
$Class: SD Samael
$Team: Hostile
$Location: 59865.816406, -0.000000, 23272.507813
$Orientation:
	-0.991527, 0.129634, -0.008336,
	0.129630, 0.991562, 0.001090,
	0.008407, 0.000000, -0.999965
$AI Behavior: None
$Cargo 1:  XSTR("Nothing", 13)
+Initial Velocity: 33
+Initial Hull: 100
+Initial Shields: 100
+Subsystem: Pilot
+Subsystem: turret01
+Subsystem: turret02
+Subsystem: turret03
+Subsystem: turret04
+Subsystem: turret05
+Subsystem: turret06
+Subsystem: turret07
+Subsystem: turret08
+Subsystem: turret09
+Subsystem: turret10
+Subsystem: turret11
+Subsystem: turret12
+Subsystem: turret13
+Subsystem: turret14
+Subsystem: turret15
+Subsystem: turret16
+Subsystem: turret17
+Subsystem: turret18
+Subsystem: turret19
+Subsystem: turret20
+Subsystem: turret21
+Subsystem: turret22
+Subsystem: turret23
+Subsystem: turret24
+Subsystem: turret25
