#Mission Info

$Version: 0.10
$Name:  XSTR("Trace from the Underworld", 8277)
$Author: Exile Team
$Created: 12/21/16 at 19:58:56
$Modified: 02/25/18 at 21:04:52
$Notes:
This is a FRED2_OPEN created mission.
$End Notes:

$Mission Desc:
 XSTR("Put mission description here
", 2304)
$end_multi_text
+Game Type Flags: 1
+Flags: 192
+Fog Near Mult: 1.000000

+Fog Far Mult: 1.000000

+Disallow Support: 0
+Hull Repair Ceiling: 60.000000
+Subsystem Repair Ceiling: 100.000000

+Viewer pos: 4442.087402, 1885.008301, -7884.047363
+Viewer orient:
	0.494258, 0.000005, -0.869315,
	0.784001, 0.432024, 0.445755,
	0.375567, -0.901862, 0.213527


$Load Screen 1024: Loading_M19.png

$Skybox Model: starfield.pof

$AI Profile: Exile

#Sexp_variables

$Variables:
(
		0		"beta1_in_box"		"0"		"number"
		1		"dialog_taking_place"		"0"		"number"
		2		"fleet_population"		"1198732"		"number"		"campaign-persistent"
		3		"max_targeting_range"		"5000"		"number"
		4		"ships_scanned"		"0"		"number"
		5		"shivan_act_range"		"1200"		"number"
		6		"autoGenVar1"		"EFEP Mercury"		"string"
		7		"autoGenVar2"		"EFT Elysium"		"string"
		8		"autoGenVar3"		"#Spark"		"string"
		9		"autoGenVar4"		"#Anjaneya"		"string"
)

#Fiction Viewer

$File: Exile19FV.txt
$Font: fiction

#Command Briefing

$Stage Text:
 XSTR("$W ORD $W Anjaneya
$W ORS $W Heavy $W Fleet
$W Delta $W Lacertae $W system

$W 17th $W January $W 2368
$W 32 $W days $W since $W the $W Great $W Exodus

$W Syndicate $W Exodus $W Fleet's $W population: $E $fleet_population", 8278)
$end_multi_text
$Ani Filename: <default>
+Wave Filename: none

$Stage Text:
 XSTR("$B Tactical $B Arbiter $B Trissia $B Vandervort: 
Greetings, Direwolves. I hope you slept well and found your quarters comfortable. As you know you have been temporarily assigned to the $G Anjaneya while the Ironclad is undergoing repairs at the $B Big $B Buddha shipyard in $B Terminus. It was Fleetmaster Raji's wish that pilots from the Ironclad have all the comforts they need while they prepare for their next sortie.  ", 8279)
$end_multi_text
$Ani Filename: cb19_Anjaneya
+Wave Filename: none

$Stage Text:
 XSTR("After a long and... well, emotional talk with your squadmaster I agreed to grant you access to two wings of $y Heretic interceptors. These latest-gen fighters are the fastest ships in the Fleet, combining high acceleration and top speed with considerable firepower. I was reluctant to give these fighters to you because we are still unable to produce any more of them on our factory ships. Therefore we have only a limited number of Heretics assembled before the Exodus. Try not to scratch them too much, pilots. ", 8280)
$end_multi_text
$Ani Filename: cb19_Heretic
+Wave Filename: none

$Stage Text:
 XSTR("You have also been granted access to the $y Polyhydra, a versatile short-range assault cannon with powerful splash damage against both armor and shields. I suggest that you configure your primary weapon set with a Polyhydra on the first bank and  an anti-subsystem weapon such as the Pulsar on the second. ", 8281)
$end_multi_text
$Ani Filename: cb19_Polyhydra
+Wave Filename: none

#Briefing
$start_briefing
$num_stages: 6
$start_stage
$multi_text
 XSTR("$B Tactical $B Arbiter $B Trissia $B Vandervort: 
Listen up, Direwolves, we're short on time here! Before it was destroyed, the $R Cyaegha managed to deploy multiple wings of reavers which are harassing the $B Colony $B Fleet as we speak. These fighters and bombers have no base of operations, but they are still dangerous as long as they are not out of ammo and fuel. For that reason the majority of the $B Heavy $B Fleet is engaged in protecting refugee convoys. That means we are all going to have our hands full. ", 8282)
$end_multi_text
$voice: none.wav
$camera_pos: 313.411713, 37731.773438, 1520.137207
$camera_orient:
	0.999994, 0.000002, -0.003375,
	0.003375, -0.015980, 0.999867,
	-0.000052, -0.999872, -0.015980
$camera_time: 500
$num_lines: 0
$num_icons: 1
$Flags: 0
$Formula: ( true ) 
$start_icon
$type: 33
$team: Friendly
$class: ORNB Lumen
$pos: 202.934540, 3218.780029, 444.463745
$label: XSTR("Delta Lacertae", 7399)
+id: 7
$hlight: 0
$mirror: 0
$multi_text
$end_multi_text
$end_icon
$end_stage
$start_stage
$multi_text
 XSTR("You surely remember that five days ago back in $B Cor $B Caroli you were deployed to investigate a signal sent from the $B N476 nebula. You found out that it was a Federate cruiser, the $B Minerva, that detached from the Fleet. It was fitted with an emitter of an unknown type of waves that lured nearby Shivan forces to its position. Thanks to your efforts, Syndicate forces successfully retrieved the cruiser and the emitter, despite considerable Shivan resistance and also a Federation frigate, the $R Midwinter, trying to cross our plans. 

Well, we have just received this signal again. Here, in Delta Lacertae. ", 8283)
$end_multi_text
$voice: none.wav
$camera_pos: 313.411713, 37731.773438, 1520.137207
$camera_orient:
	0.999994, 0.000002, -0.003376,
	0.003375, -0.015980, 0.999867,
	-0.000052, -0.999872, -0.015980
$camera_time: 500
$num_lines: 0
$num_icons: 1
$Flags: 0
$Formula: ( true ) 
$start_icon
$type: 33
$team: Friendly
$class: ORNB Lumen
$pos: 202.934540, 3218.780029, 444.463745
$label: XSTR("Delta Lacertae", 7399)
+id: 7
$hlight: 0
$mirror: 0
$multi_text
$end_multi_text
$end_icon
$end_stage
$start_stage
$multi_text
 XSTR("To be precise, this time there are several different signal locations. All were activated simultaneously and all come from an asteroid belt surrounding a rocky planet $B Delta $B Lacertae $B III. We have analyzed the signal's frequencies and they match those which the Ironclad received in $B Cor $B Caroli. We've got to retrieve whatever is emitting this signal without delay.", 8284)
$end_multi_text
$voice: none.wav
$camera_pos: -1184.241577, 8767.066406, 1062.317749
$camera_orient:
	0.999994, 0.000002, -0.003376,
	0.003375, -0.015980, 0.999867,
	-0.000052, -0.999872, -0.015980
$camera_time: 500
$num_lines: 0
$num_icons: 3
$Flags: 0
$Formula: ( true ) 
$start_icon
$type: 8
$team: Friendly
$class: Giant Asteroid#Sec
$pos: 966.054260, 3218.780029, 924.518311
+id: 1
$hlight: 0
$mirror: 0
$multi_text
$end_multi_text
$end_icon
$start_icon
$type: 20
$team: Unknown
$class: EFF Sabre
$pos: -5292.801270, -3383.975342, 1546.121582
$label: XSTR("Signal sources", 8285)
+id: 3
$hlight: 0
$mirror: 0
$multi_text
$end_multi_text
$end_icon
$start_icon
$type: 20
$team: Unknown
$class: EFF Sabre
$pos: -1161.083130, -1940.277100, -1083.971313
$label: XSTR("Federation presence?", 8286)
+id: 9
$hlight: 0
$mirror: 0
$multi_text
$end_multi_text
$end_icon
$end_stage
$start_stage
$multi_text
 XSTR("Shivan presence in the asteroid belt is strong, consisting of reavers deployed by the $R Cyaegha. They are patrolling the area in a disorganized manner, but they are largely concentrated in areas matching the origins of these signals. 

It is possible that intrigues of our Federate allies did not end with the Midwinter's operation. Although $G EFN forces within the Fleet have been reorganized so that they are kept under control, we must take into account the fact that they will try to find a way to dispatch some forces without attracting our attention. 

For that reason, be careful and expect both Shivan and Federation presence. ", 8287)
$end_multi_text
$voice: none.wav
$camera_pos: -1184.241577, 8767.066406, 1062.317749
$camera_orient:
	0.999994, 0.000002, -0.003376,
	0.003375, -0.015980, 0.999867,
	-0.000052, -0.999872, -0.015980
$camera_time: 500
$num_lines: 0
$num_icons: 4
$Flags: 0
$Formula: ( true ) 
$start_icon
$type: 8
$team: Friendly
$class: Giant Asteroid#Sec
$pos: 966.054260, 3218.780029, 924.518311
+id: 1
$hlight: 0
$mirror: 0
$multi_text
$end_multi_text
$end_icon
$start_icon
$type: 20
$team: Unknown
$class: EFF Sabre
$pos: -5292.801270, -3383.975342, 1546.121582
$label: XSTR("Signal sources", 8285)
+id: 3
$hlight: 0
$mirror: 0
$multi_text
$end_multi_text
$end_icon
$start_icon
$type: 20
$team: Unknown
$class: EFF Sabre
$pos: -1161.083130, -1940.277100, -1083.971313
$label: XSTR("Federation presence?", 8286)
+id: 9
$hlight: 0
$mirror: 0
$multi_text
$end_multi_text
$end_icon
$start_icon
$type: 1
$team: Hostile
$class: SF Mara
$pos: -1163.200073, 2211.373291, 1808.977661
$label: XSTR("Shivan reavers", 7872)
+id: 10
$hlight: 0
$mirror: 0
$multi_text
$end_multi_text
$end_icon
$end_stage
$start_stage
$multi_text
 XSTR("We are dispatching our own wings $G Theta, $G Delta and $G Epsilon, but  the Fleetmaster agreed that your experience in the previous operation will be of use here. Squadmaster Harper was reluctant to spare any forces for this operation and in the end we all agreed to dispatch $G Beta wing to one of the origin points of these signals. Each wing will operate separately, investigating a different set of coordinates corresponding to the source of a signal.

Your $B Heretic fighters have been equipped with advanced data-extracting interfaces integrated into your short-range scanners. That means we do not plan to risk sending a boarding party into the asteroid belt. You just need to scan every ship that emits the signal - your tactical computers will retrieve any readable data that may have value to us and transfer them directly to the Anjaneya. ", 8288)
$end_multi_text
$voice: none.wav
$camera_pos: -1184.241577, 8767.066406, 1062.317749
$camera_orient:
	0.999994, 0.000002, -0.003375,
	0.003375, -0.015980, 0.999867,
	-0.000052, -0.999872, -0.015980
$camera_time: 500
$num_lines: 0
$num_icons: 6
$Flags: 0
$Formula: ( true ) 
$start_icon
$type: 8
$team: Friendly
$class: Giant Asteroid#Sec
$pos: 1872.915771, 3218.780029, 1595.367554
+id: 1
$hlight: 0
$mirror: 0
$multi_text
$end_multi_text
$end_icon
$start_icon
$type: 1
$team: Friendly
$class: ORF Heretic
$pos: -5741.482910, 0.000000, 2240.964355
$label: XSTR("Beta", 6695)
+id: 2
$hlight: 0
$mirror: 0
$multi_text
$end_multi_text
$end_icon
$start_icon
$type: 20
$team: Unknown
$class: EFF Sabre
$pos: 5843.749512, -3383.975342, -1846.863770
$label: XSTR("Signal sources", 8285)
+id: 3
$hlight: 0
$mirror: 0
$multi_text
$end_multi_text
$end_icon
$start_icon
$type: 1
$team: Friendly
$class: ORF Heretic
$pos: -3458.447266, 0.000000, -1295.162109
$label: XSTR("Delta", 6888)
+id: 4
$hlight: 0
$mirror: 0
$multi_text
$end_multi_text
$end_icon
$start_icon
$type: 1
$team: Friendly
$class: ORF Heretic
$pos: -3548.755859, 0.000000, 996.328491
$label: XSTR("Theta", 8289)
+id: 5
$hlight: 0
$mirror: 0
$multi_text
$end_multi_text
$end_icon
$start_icon
$type: 1
$team: Friendly
$class: ORF Heretic
$pos: -5966.264160, 0.000000, 18.964415
$label: XSTR("Epsilon", 8290)
+id: 6
$hlight: 0
$mirror: 0
$multi_text
$end_multi_text
$end_icon
$end_stage
$start_stage
$multi_text
 XSTR("One more thing. Wingman Nishimura has volunteered to fly with you. She insisted that her technical knowledge may be of more use to you than at the blockade. She will fly as Beta 4.

That is all. Your Heretics are armed and fueled. ", 8291)
$end_multi_text
$voice: none.wav
$camera_pos: -5341.996582, 2944.884277, 2375.505615
$camera_orient:
	0.999994, 0.000002, -0.003375,
	0.003375, -0.015980, 0.999867,
	-0.000052, -0.999872, -0.015980
$camera_time: 500
$num_lines: 0
$num_icons: 2
$Flags: 0
$Formula: ( true ) 
$start_icon
$type: 1
$team: Friendly
$class: ORF Heretic
$pos: -5741.482910, 0.000000, 2240.964355
$label: XSTR("Beta", 6695)
+id: 2
$hlight: 0
$mirror: 0
$multi_text
$end_multi_text
$end_icon
$start_icon
$type: 1
$team: Hostile
$class: SF Mara
$pos: -1163.200073, 2211.373291, 1808.977661
$label: XSTR("Shivan reavers", 7872)
+id: 10
$hlight: 0
$mirror: 0
$multi_text
$end_multi_text
$end_icon
$end_stage
$end_briefing

#Debriefing_info

$Num stages: 1

$Formula: ( is-event-true-delay "allow warp" 0 ) 
$Multi text
    XSTR("Tactical Arbiter Trissia Vandervort: 
This was an operation carried out by the book, Direwolves. The successful retrieval of tactical computers' data of EFN ships should allow us to finally unravel the mystery of Federate activity outside of Exodus Fleet's jurisdiction. 

Let me remind you that any intel you recovered is classified at level Epsilon. Any attempt to access the data that was transferred to the Anjaneya will be treated as a violation of the Military Secrets Act and therefore be considered treason to the Syndicate. Also, it is advisable not to discuss the unidentified EFN presence in Delta Lacertae and Cor Caroli with anyone. Believe me, the fewer secrets are being publicly discussed, the better for the Fleet's stability and safety. 

Report to the briefing room in thirty minutes. The Anjaneya is deploying all free assets to cover the Colony Fleet's evacuation to Terminus. You will soon be needed again, Direwolves. ", 8292)
$end_multi_text
$Voice: none.wav
$Recommendation text:
    XSTR("", 10)
$end_multi_text


#Callsigns:
$Callsign: XSTR("Fives", 7361)
$Callsign: XSTR("Echo", 7362)
$Callsign: XSTR("Nishimura", 7547)

#end


#Players		;! 1 total

$Starting Shipname: Beta 1
$Ship Choices: (
	"ORF Encantona"	5
	"ORF Encantona#2banks"	5
	"ORF Heretic"	5
)

+Weaponry Pool: (
	"Pulsar PC-9"	20
	"Prometheus N"	16
	"Defiler LPC"	100
	"Polyhydra"	20
	"Stinger"	100
	"MX-112"	100
	"Vortex"	420
)

#Objects		;! 64 total

$Name: Beta 1		;! Object #0
$Display Name: XSTR("Beta 1", 5765)
$Class: ORF Heretic
$Team: Friendly
$Team Color Setting: Non-Assigned
$Location: 4525.012207, 1597.292725, -7769.684570
$Orientation:
	0.847255, 0.000000, 0.531186,
	0.000000, 1.000000, 0.000000,
	-0.531186, 0.000000, 0.847255
$AI Behavior: None
$Cargo 1:  XSTR("Nothing", 13)
+Initial Hull: 100
+Subsystem: Pilot
+Primary Banks: ( "Polyhydra" "Pulsar PC-9" )
+Secondary Banks: ( "Vortex" "Vortex" )
$Arrival Location: Hyperspace
$Arrival Cue: ( false ) 
$Departure Location: Hyperspace
$Departure Cue: ( false ) 
$Determination: 10
+Flags: ( "cargo-known" "player-start" )
+Flags2: ( )
+Respawn priority: 0
+Orders Accepted: 33023		;! note that this is a bitfield!!!
+Group: 0
+Use Table Score:
+Score: 8

$Name: Beta 2		;! Object #1
$Display Name: XSTR("Beta 2", 5766)
$Class: ORF Heretic
$Callsign: XSTR("Fives", 7361)

$Team: Friendly
$Team Color Setting: Non-Assigned
$Location: 4524.547363, 1597.292725, -7844.087891
$Orientation:
	0.847255, -0.000000, 0.531186,
	0.000000, 1.000000, 0.000000,
	-0.531186, 0.000000, 0.847255
$AI Behavior: None
$Cargo 1:  XSTR("Nothing", 13)
+Initial Hull: 100
+Subsystem: Pilot
+Primary Banks: ( "Polyhydra" "Pulsar PC-9" )
+Secondary Banks: ( "Vortex" "Vortex" )
$Arrival Location: Hyperspace
$Arrival Cue: ( false ) 
$Departure Location: Hyperspace
$Departure Cue: ( false ) 
$Determination: 10
+Flags: ( "cargo-known" )
+Flags2: ( )
+Respawn priority: 0
+Orders Accepted: 33023		;! note that this is a bitfield!!!
+Group: 0
+Use Table Score:
+Score: 8
+Persona Index: 13

$Name: Beta 3		;! Object #2
$Display Name: XSTR("Beta 3", 5767)
$Class: ORF Heretic
$Callsign: XSTR("Echo", 7362)

$Team: Friendly
$Team Color Setting: Non-Assigned
$Location: 4595.823730, 1597.292725, -7785.158691
$Orientation:
	0.847255, -0.000000, 0.531186,
	0.000000, 1.000000, 0.000000,
	-0.531186, 0.000000, 0.847255
$AI Behavior: None
$Cargo 1:  XSTR("Nothing", 13)
+Initial Hull: 100
+Subsystem: Pilot
+Primary Banks: ( "Polyhydra" "Pulsar PC-9" )
+Secondary Banks: ( "Vortex" "Vortex" )
$Arrival Location: Hyperspace
$Arrival Cue: ( false ) 
$Departure Location: Hyperspace
$Departure Cue: ( false ) 
$Determination: 10
+Flags: ( "cargo-known" )
+Flags2: ( )
+Respawn priority: 0
+Orders Accepted: 33023		;! note that this is a bitfield!!!
+Group: 0
+Use Table Score:
+Score: 8
+Persona Index: 14

$Name: Beta 4		;! Object #3
$Display Name: XSTR("Beta 4", 5768)
$Class: ORF Heretic
$Callsign: XSTR("Nishimura", 7547)

$Team: Friendly
$Team Color Setting: Non-Assigned
$Location: 4599.257813, 1597.292725, -7862.168945
$Orientation:
	0.847255, -0.000000, 0.531186,
	0.000000, 1.000000, 0.000000,
	-0.531186, 0.000000, 0.847255
$AI Behavior: None
$Cargo 1:  XSTR("Nothing", 13)
+Initial Hull: 100
+Subsystem: Pilot
+Primary Banks: ( "Polyhydra" "Pulsar PC-9" )
+Secondary Banks: ( "Vortex" "Vortex" )
$Arrival Location: Hyperspace
$Arrival Cue: ( false ) 
$Departure Location: Hyperspace
$Departure Cue: ( false ) 
$Determination: 10
+Flags: ( "cargo-known" )
+Flags2: ( )
+Respawn priority: 0
+Orders Accepted: 33023		;! note that this is a bitfield!!!
+Group: 0
+Use Table Score:
+Score: 8
+Persona Index: 15

$Name: Giant Asteroid#Main 4		;! Object #4
$Display Name: XSTR("Giant Asteroid", 5740)
$Class: Giant Asteroid#Main
$Team: Friendly
$Location: -4173.899902, 0.000000, 9307.099609
$Orientation:
	-0.296287, -0.066477, 0.952786,
	0.602167, -0.787331, 0.132323,
	0.741360, 0.612939, 0.273306
$AI Behavior: None
$Cargo 1:  XSTR("Nothing", 13)
+Initial Velocity: 33
+Initial Hull: 100
+Initial Shields: 100
+Subsystem: Pilot
$Arrival Location: Hyperspace
$Arrival Cue: ( true ) 
$Departure Location: Hyperspace
$Departure Cue: ( false ) 
$Determination: 10
+Flags: ( "cargo-known" "protect-ship" "no-shields" "invulnerable" "hidden-from-sensors" "stealth" "friendly-stealth-invisible" )
+Flags2: ( )
+Respawn priority: 0
+Group: 0
+Use Table Score:
+Score: 10000

$Name: Giant Asteroid#Sec 5		;! Object #5
$Display Name: XSTR("Giant Asteroid", 5740)
$Class: Giant Asteroid#Sec
$Team: Friendly
$Location: 7018.521484, 0.000000, 7946.345703
$Orientation:
	0.949183, -0.025178, -0.313743,
	-0.081605, 0.943026, -0.322562,
	0.303988, 0.331770, 0.893049
$AI Behavior: None
$Cargo 1:  XSTR("Nothing", 13)
+Initial Velocity: 33
+Initial Hull: 100
+Initial Shields: 100
+Subsystem: Pilot
$Arrival Location: Hyperspace
$Arrival Cue: ( true ) 
$Departure Location: Hyperspace
$Departure Cue: ( false ) 
$Determination: 10
+Flags: ( "cargo-known" "protect-ship" "no-shields" "invulnerable" "hidden-from-sensors" "stealth" "friendly-stealth-invisible" )
+Flags2: ( )
+Respawn priority: 0
+Group: 0
+Use Table Score:
+Score: 10000

$Name: Giant Asteroid#Sec 6		;! Object #6
$Display Name: XSTR("Giant Asteroid", 5740)
$Class: Giant Asteroid#Sec
$Team: Friendly
$Location: -5182.248535, 0.000000, -4257.438965
$Orientation:
	0.083736, -0.989954, 0.113934,
	-0.330019, 0.080333, 0.940556,
	-0.940259, -0.116357, -0.319977
$AI Behavior: None
$Cargo 1:  XSTR("Nothing", 13)
+Initial Velocity: 33
+Initial Hull: 100
+Initial Shields: 100
+Subsystem: Pilot
$Arrival Location: Hyperspace
$Arrival Cue: ( true ) 
$Departure Location: Hyperspace
$Departure Cue: ( false ) 
$Determination: 10
+Flags: ( "cargo-known" "protect-ship" "no-shields" "invulnerable" "hidden-from-sensors" "stealth" "friendly-stealth-invisible" )
+Flags2: ( )
+Respawn priority: 0
+Group: 0
+Use Table Score:
+Score: 10000

$Name: Giant Asteroid#Sec 7		;! Object #7
$Display Name: XSTR("Giant Asteroid", 5740)
$Class: Giant Asteroid#Sec
$Team: Friendly
$Location: 25423.376953, 23552.683594, 16889.845703
$Orientation:
	0.485945, -0.229898, -0.843223,
	-0.849207, 0.103974, -0.517744,
	0.206701, 0.967648, -0.144703
$AI Behavior: None
$Cargo 1:  XSTR("Nothing", 13)
+Initial Velocity: 33
+Initial Hull: 100
+Initial Shields: 100
+Subsystem: Pilot
$Arrival Location: Hyperspace
$Arrival Cue: ( true ) 
$Departure Location: Hyperspace
$Departure Cue: ( false ) 
$Determination: 10
+Flags: ( "cargo-known" "protect-ship" "no-shields" "invulnerable" "hidden-from-sensors" "stealth" "friendly-stealth-invisible" )
+Flags2: ( )
+Respawn priority: 0
+Group: 0
+Use Table Score:
+Score: 10000

$Name: Giant Asteroid#Sec 8		;! Object #8
$Display Name: XSTR("Giant Asteroid", 5740)
$Class: Giant Asteroid#Sec
$Team: Friendly
$Location: 15622.790039, 16063.250977, 28247.916016
$Orientation:
	-0.451790, 0.720918, -0.525522,
	-0.383070, -0.688758, -0.615537,
	-0.805706, -0.076779, 0.587333
$AI Behavior: None
$Cargo 1:  XSTR("Nothing", 13)
+Initial Velocity: 33
+Initial Hull: 100
+Initial Shields: 100
+Subsystem: Pilot
$Arrival Location: Hyperspace
$Arrival Cue: ( true ) 
$Departure Location: Hyperspace
$Departure Cue: ( false ) 
$Determination: 10
+Flags: ( "cargo-known" "protect-ship" "no-shields" "invulnerable" "hidden-from-sensors" "stealth" "friendly-stealth-invisible" )
+Flags2: ( )
+Respawn priority: 0
+Group: 0
+Use Table Score:
+Score: 10000

$Name: Giant Asteroid#Sec 9		;! Object #9
$Display Name: XSTR("Giant Asteroid", 5740)
$Class: Giant Asteroid#Sec
$Team: Friendly
$Location: 1787.679932, 3218.780029, -67.873993
$Orientation:
	0.180967, 0.062415, -0.981513,
	-0.731500, 0.675625, -0.091907,
	0.657397, 0.734600, 0.167922
$AI Behavior: None
$Cargo 1:  XSTR("Nothing", 13)
+Initial Velocity: 33
+Initial Hull: 100
+Initial Shields: 100
+Subsystem: Pilot
$Arrival Location: Hyperspace
$Arrival Cue: ( true ) 
$Departure Location: Hyperspace
$Departure Cue: ( false ) 
$Determination: 10
+Flags: ( "cargo-known" "protect-ship" "no-shields" "invulnerable" "hidden-from-sensors" "stealth" "friendly-stealth-invisible" )
+Flags2: ( )
+Respawn priority: 0
+Group: 0
+Use Table Score:
+Score: 10000

$Name: Giant Asteroid#Sec 10		;! Object #10
$Display Name: XSTR("Giant Asteroid", 5740)
$Class: Giant Asteroid#Sec
$Team: Friendly
$Location: -11163.144531, -15021.786133, 11783.215820
$Orientation:
	-0.302412, 0.818208, -0.488966,
	0.320773, -0.395703, -0.860543,
	-0.897587, -0.417080, -0.142794
$AI Behavior: None
$Cargo 1:  XSTR("Nothing", 13)
+Initial Velocity: 33
+Initial Hull: 100
+Initial Shields: 100
+Subsystem: Pilot
$Arrival Location: Hyperspace
$Arrival Cue: ( true ) 
$Departure Location: Hyperspace
$Departure Cue: ( false ) 
$Determination: 10
+Flags: ( "cargo-known" "protect-ship" "no-shields" "invulnerable" "hidden-from-sensors" "stealth" "friendly-stealth-invisible" )
+Flags2: ( )
+Respawn priority: 0
+Group: 0
+Use Table Score:
+Score: 10000

$Name: Castos		;! Object #11
$Display Name: XSTR("Castos", 8293)
$Class: ORT Elysium

$Team: Unknown
$Location: -1166.918579, 1779.211670, 4241.701172
$Orientation:
	-0.434022, 0.882280, 0.182231,
	-0.465446, -0.046411, -0.883859,
	-0.771353, -0.468432, 0.430797
$AI Behavior: None
$Cargo 1:  XSTR("Nothing", 13)
+Initial Velocity: 33
+Initial Hull: 17
+Initial Shields: 100
+Subsystem: Pilot
+Subsystem: engine
$Damage: 100
+Subsystem: navigation
$Damage: 100
+Subsystem: communication
$Damage: 100
+Subsystem: sensors
$Damage: 91
+Subsystem: weapons
$Damage: 77
+Subsystem: turret01
$Damage: 83
+Primary Banks: ( "Federation Turret" )
$Arrival Location: Hyperspace
$Arrival Cue: ( true ) 
$Departure Location: Hyperspace
$Departure Cue: ( false ) 
$Determination: 10
+Flags: ( "protect-ship" "no-shields" "invulnerable" "scannable" )
+Flags2: ( )
+Respawn priority: 0
+Hotkey: 4
+Orders Accepted: 0		;! note that this is a bitfield!!!
+Group: 0
+Use Table Score:
+Score: 10

$Name: SSG Belial 12		;! Object #12
$Display Name: XSTR("SSG Belial 12", 8294)
$Class: SSG Belial
$Team: Hostile [Peace]
$Location: -1193.117554, 1774.268433, 4163.291016
$Orientation:
	0.789993, 0.000000, -0.613117,
	0.000000, 1.000000, 0.000000,
	0.613117, 0.000000, 0.789993
$AI Behavior: None
$Cargo 1:  XSTR("Nothing", 13)
+Initial Velocity: 33
+Initial Hull: 100
+Initial Shields: 100
+Subsystem: Pilot
+Subsystem: turret01a
+Subsystem: turret02a
+Subsystem: turret03a
+Subsystem: turret04a
$Arrival Location: Hyperspace
$Arrival Cue: ( true ) 
$Departure Location: Hyperspace
$Departure Cue: ( false ) 
$Determination: 10
+Flags: ( "no-shields" "hidden-from-sensors" )
+Flags2: ( )
+Respawn priority: 0
+Group: 0
+Use Table Score:
+Score: 5

$Name: SSG Belial 13		;! Object #13
$Display Name: XSTR("SSG Belial 13", 8295)
$Class: SSG Belial
$Team: Hostile [Peace]
$Location: -1041.956665, 1792.500366, 4248.732910
$Orientation:
	0.080709, 0.000000, -0.996738,
	0.000000, 1.000000, 0.000000,
	0.996738, 0.000000, 0.080709
$AI Behavior: None
$Cargo 1:  XSTR("Nothing", 13)
+Initial Velocity: 33
+Initial Hull: 100
+Initial Shields: 100
+Subsystem: Pilot
+Subsystem: turret01a
+Subsystem: turret02a
+Subsystem: turret03a
+Subsystem: turret04a
$Arrival Location: Hyperspace
$Arrival Cue: ( true ) 
$Departure Location: Hyperspace
$Departure Cue: ( false ) 
$Determination: 10
+Flags: ( "no-shields" "hidden-from-sensors" )
+Flags2: ( )
+Respawn priority: 0
+Group: 0
+Use Table Score:
+Score: 5

$Name: SSG Belial 14		;! Object #14
$Display Name: XSTR("SSG Belial 14", 8296)
$Class: SSG Belial
$Team: Hostile [Peace]
$Location: -1139.258179, 1828.661987, 4357.212891
$Orientation:
	0.949237, 0.000000, -0.314567,
	0.000000, 1.000000, 0.000000,
	0.314567, 0.000000, 0.949237
$AI Behavior: None
$Cargo 1:  XSTR("Nothing", 13)
+Initial Velocity: 33
+Initial Hull: 100
+Initial Shields: 100
+Subsystem: Pilot
+Subsystem: turret01a
+Subsystem: turret02a
+Subsystem: turret03a
+Subsystem: turret04a
$Arrival Location: Hyperspace
$Arrival Cue: ( true ) 
$Departure Location: Hyperspace
$Departure Cue: ( false ) 
$Determination: 10
+Flags: ( "no-shields" "hidden-from-sensors" )
+Flags2: ( )
+Respawn priority: 0
+Group: 0
+Use Table Score:
+Score: 5

$Name: SSG Belial 15		;! Object #15
$Display Name: XSTR("SSG Belial 15", 8297)
$Class: SSG Belial
$Team: Hostile [Peace]
$Location: -1150.814453, 1700.295410, 4251.890137
$Orientation:
	0.150225, 0.000000, 0.988653,
	0.975900, 0.160105, -0.148288,
	-0.158288, 0.987100, 0.024052
$AI Behavior: None
$Cargo 1:  XSTR("Nothing", 13)
+Initial Velocity: 33
+Initial Hull: 100
+Initial Shields: 100
+Subsystem: Pilot
+Subsystem: turret01a
+Subsystem: turret02a
+Subsystem: turret03a
+Subsystem: turret04a
$Arrival Location: Hyperspace
$Arrival Cue: ( true ) 
$Departure Location: Hyperspace
$Departure Cue: ( false ) 
$Determination: 10
+Flags: ( "no-shields" "hidden-from-sensors" )
+Flags2: ( )
+Respawn priority: 0
+Group: 0
+Use Table Score:
+Score: 5

$Name: SSG Belial 16		;! Object #16
$Display Name: XSTR("SSG Belial 16", 8298)
$Class: SSG Belial
$Team: Hostile [Peace]
$Location: -3513.779785, 54.393555, 9272.375000
$Orientation:
	-0.332737, 0.000000, -0.943021,
	0.000000, 1.000000, 0.000000,
	0.943021, 0.000000, -0.332737
$AI Behavior: None
$Cargo 1:  XSTR("Nothing", 13)
+Initial Velocity: 33
+Initial Hull: 100
+Initial Shields: 100
+Subsystem: Pilot
+Subsystem: turret01a
+Subsystem: turret02a
+Subsystem: turret03a
+Subsystem: turret04a
$Arrival Location: Hyperspace
$Arrival Cue: ( true ) 
$Departure Location: Hyperspace
$Departure Cue: ( false ) 
$Determination: 10
+Flags: ( "no-shields" )
+Flags2: ( )
+Respawn priority: 0
+Group: 0
+Use Table Score:
+Score: 5

$Name: SSG Belial 17		;! Object #17
$Display Name: XSTR("SSG Belial 17", 8299)
$Class: SSG Belial
$Team: Hostile [Peace]
$Location: -3180.645996, 167.782471, 7826.382324
$Orientation:
	-0.801670, -0.030012, -0.597017,
	-0.012571, 0.999367, -0.033359,
	0.597640, -0.019238, -0.801540
$AI Behavior: None
$Cargo 1:  XSTR("Nothing", 13)
+Initial Velocity: 33
+Initial Hull: 100
+Initial Shields: 100
+Subsystem: Pilot
+Subsystem: turret01a
+Subsystem: turret02a
+Subsystem: turret03a
+Subsystem: turret04a
$Arrival Location: Hyperspace
$Arrival Cue: ( true ) 
$Departure Location: Hyperspace
$Departure Cue: ( false ) 
$Determination: 10
+Flags: ( "no-shields" )
+Flags2: ( )
+Respawn priority: 0
+Group: 0
+Use Table Score:
+Score: 5

$Name: SSG Belial 18		;! Object #18
$Display Name: XSTR("SSG Belial 18", 8300)
$Class: SSG Belial
$Team: Hostile [Peace]
$Location: -1528.122681, 27.902485, 9495.946289
$Orientation:
	0.011587, -0.448910, -0.893505,
	0.286046, 0.857709, -0.427218,
	0.958149, -0.250632, 0.138346
$AI Behavior: None
$Cargo 1:  XSTR("Nothing", 13)
+Initial Velocity: 33
+Initial Hull: 100
+Initial Shields: 100
+Subsystem: Pilot
+Subsystem: turret01a
+Subsystem: turret02a
+Subsystem: turret03a
+Subsystem: turret04a
$Arrival Location: Hyperspace
$Arrival Cue: ( true ) 
$Departure Location: Hyperspace
$Departure Cue: ( false ) 
$Determination: 10
+Flags: ( "no-shields" )
+Flags2: ( )
+Respawn priority: 0
+Group: 0
+Use Table Score:
+Score: 5

$Name: Aquila		;! Object #19
$Display Name: XSTR("Aquila", 8301)
$Class: EFT Wyvern
$Team: Unknown
$Location: -2357.892822, -1442.069336, 9614.315430
$Orientation:
	-0.935283, -0.051017, -0.350211,
	-0.124323, 0.973852, 0.190157,
	0.331352, 0.221391, -0.917169
$AI Behavior: None
$Cargo 1:  XSTR("Nothing", 13)
+Initial Velocity: 33
+Initial Hull: 51
+Initial Shields: 100
+Subsystem: Pilot
+Subsystem: Engine
$Damage: 100
+Subsystem: Communication
$Damage: 100
+Subsystem: Sensors
$Damage: 66
$Arrival Location: Hyperspace
$Arrival Cue: ( true ) 
$Departure Location: Hyperspace
$Departure Cue: ( false ) 
$Determination: 10
+Flags: ( "protect-ship" "no-shields" "invulnerable" "scannable" )
+Flags2: ( )
+Respawn priority: 0
+Hotkey: 4
+Orders Accepted: 257		;! note that this is a bitfield!!!
+Group: 0
+Use Table Score:
+Score: 60

$Name: SSG Belial 20		;! Object #20
$Display Name: XSTR("SSG Belial 20", 8302)
$Class: SSG Belial
$Team: Hostile [Peace]
$Location: -3445.269043, 438.467163, 7681.554199
$Orientation:
	-0.801670, -0.030012, -0.597017,
	-0.012571, 0.999367, -0.033359,
	0.597640, -0.019238, -0.801540
$AI Behavior: None
$Cargo 1:  XSTR("Nothing", 13)
+Initial Velocity: 33
+Initial Hull: 100
+Initial Shields: 100
+Subsystem: Pilot
+Subsystem: turret01a
+Subsystem: turret02a
+Subsystem: turret03a
+Subsystem: turret04a
$Arrival Location: Hyperspace
$Arrival Cue: ( true ) 
$Departure Location: Hyperspace
$Departure Cue: ( false ) 
$Determination: 10
+Flags: ( "no-shields" )
+Flags2: ( )
+Respawn priority: 0
+Group: 0
+Use Table Score:
+Score: 5

$Name: SSG Belial 21		;! Object #21
$Display Name: XSTR("SSG Belial 21", 8303)
$Class: SSG Belial
$Team: Hostile [Peace]
$Location: -3394.041992, 67.225006, 7732.033203
$Orientation:
	-0.801670, -0.030012, -0.597017,
	-0.238843, 0.931638, 0.273882,
	0.547984, 0.362154, -0.754034
$AI Behavior: None
$Cargo 1:  XSTR("Nothing", 13)
+Initial Velocity: 33
+Initial Hull: 100
+Initial Shields: 100
+Subsystem: Pilot
+Subsystem: turret01a
+Subsystem: turret02a
+Subsystem: turret03a
+Subsystem: turret04a
$Arrival Location: Hyperspace
$Arrival Cue: ( true ) 
$Departure Location: Hyperspace
$Departure Cue: ( false ) 
$Determination: 10
+Flags: ( "no-shields" )
+Flags2: ( )
+Respawn priority: 0
+Group: 0
+Use Table Score:
+Score: 5

$Name: SSG Belial 22		;! Object #22
$Display Name: XSTR("SSG Belial 22", 8304)
$Class: SSG Belial
$Team: Hostile [Peace]
$Location: -1602.334717, -126.666763, 9477.626953
$Orientation:
	0.011587, -0.448910, -0.893505,
	0.286046, 0.857709, -0.427218,
	0.958149, -0.250632, 0.138346
$AI Behavior: None
$Cargo 1:  XSTR("Nothing", 13)
+Initial Velocity: 33
+Initial Hull: 100
+Initial Shields: 100
+Subsystem: Pilot
+Subsystem: turret01a
+Subsystem: turret02a
+Subsystem: turret03a
+Subsystem: turret04a
$Arrival Location: Hyperspace
$Arrival Cue: ( true ) 
$Departure Location: Hyperspace
$Departure Cue: ( false ) 
$Determination: 10
+Flags: ( "no-shields" )
+Flags2: ( )
+Respawn priority: 0
+Group: 0
+Use Table Score:
+Score: 5

$Name: SSG Belial 23		;! Object #23
$Display Name: XSTR("SSG Belial 23", 8305)
$Class: SSG Belial
$Team: Hostile [Peace]
$Location: -2477.436768, -1385.307373, 9625.036133
$Orientation:
	0.011587, -0.448910, -0.893505,
	0.973759, -0.198056, 0.112133,
	-0.227301, -0.871353, 0.434834
$AI Behavior: None
$Cargo 1:  XSTR("Nothing", 13)
+Initial Velocity: 33
+Initial Hull: 100
+Initial Shields: 100
+Subsystem: Pilot
+Subsystem: turret01a
+Subsystem: turret02a
+Subsystem: turret03a
+Subsystem: turret04a
$Arrival Location: Hyperspace
$Arrival Cue: ( true ) 
$Departure Location: Hyperspace
$Departure Cue: ( false ) 
$Determination: 10
+Flags: ( "no-shields" )
+Flags2: ( )
+Respawn priority: 0
+Group: 0
+Use Table Score:
+Score: 5

$Name: SSG Belial 24		;! Object #24
$Display Name: XSTR("SSG Belial 24", 8306)
$Class: SSG Belial
$Team: Hostile [Peace]
$Location: -2311.569824, -1367.784424, 9601.218750
$Orientation:
	-0.188431, 0.170594, -0.967160,
	0.887020, 0.452266, -0.093044,
	0.421542, -0.875418, -0.236542
$AI Behavior: None
$Cargo 1:  XSTR("Nothing", 13)
+Initial Velocity: 33
+Initial Hull: 100
+Initial Shields: 100
+Subsystem: Pilot
+Subsystem: turret01a
+Subsystem: turret02a
+Subsystem: turret03a
+Subsystem: turret04a
$Arrival Location: Hyperspace
$Arrival Cue: ( true ) 
$Departure Location: Hyperspace
$Departure Cue: ( false ) 
$Determination: 10
+Flags: ( "no-shields" )
+Flags2: ( )
+Respawn priority: 0
+Group: 0
+Use Table Score:
+Score: 5

$Name: SSG Belial 25		;! Object #25
$Display Name: XSTR("SSG Belial 25", 8307)
$Class: SSG Belial
$Team: Hostile [Peace]
$Location: -2362.609375, -1387.844116, 9682.072266
$Orientation:
	-0.018631, -0.166285, -0.985905,
	0.994873, 0.094986, -0.034822,
	0.099438, -0.981493, 0.163663
$AI Behavior: None
$Cargo 1:  XSTR("Nothing", 13)
+Initial Velocity: 33
+Initial Hull: 100
+Initial Shields: 100
+Subsystem: Pilot
+Subsystem: turret01a
+Subsystem: turret02a
+Subsystem: turret03a
+Subsystem: turret04a
$Arrival Location: Hyperspace
$Arrival Cue: ( true ) 
$Departure Location: Hyperspace
$Departure Cue: ( false ) 
$Determination: 10
+Flags: ( "no-shields" )
+Flags2: ( )
+Respawn priority: 0
+Group: 0
+Use Table Score:
+Score: 5

$Name: SSG Belial 26		;! Object #26
$Display Name: XSTR("SSG Belial 26", 8308)
$Class: SSG Belial
$Team: Hostile [Peace]
$Location: -2394.372070, 329.385498, 9536.717773
$Orientation:
	-0.038015, 0.032022, -0.998767,
	0.994873, 0.094986, -0.034822,
	0.093755, -0.994965, -0.035468
$AI Behavior: None
$Cargo 1:  XSTR("Nothing", 13)
+Initial Velocity: 33
+Initial Hull: 100
+Initial Shields: 100
+Subsystem: Pilot
+Subsystem: turret01a
+Subsystem: turret02a
+Subsystem: turret03a
+Subsystem: turret04a
$Arrival Location: Hyperspace
$Arrival Cue: ( true ) 
$Departure Location: Hyperspace
$Departure Cue: ( false ) 
$Determination: 10
+Flags: ( "no-shields" )
+Flags2: ( )
+Respawn priority: 0
+Group: 0
+Use Table Score:
+Score: 5

$Name: EFN Support 1		;! Object #27
$Display Name: XSTR("EFN Support 1", 8309)
$Class: EFS Centaur
$Team: Unknown
$Location: -3813.788574, 0.000000, -2004.295410
$Orientation:
	1.000000, 0.000000, 0.000000,
	0.000000, 1.000000, 0.000000,
	0.000000, 0.000000, 1.000000
$AI Behavior: None
$Cargo 1:  XSTR("Nothing", 13)
+Initial Velocity: 33
+Initial Hull: 20
+Initial Shields: 100
+Subsystem: Pilot
+Subsystem: engines
$Damage: 100
$Arrival Location: Hyperspace
$Arrival Cue: ( true ) 
$Departure Location: Hyperspace
$Departure Cue: ( false ) 
$Determination: 10
+Flags: ( "protect-ship" "no-shields" "invulnerable" "scannable" )
+Flags2: ( )
+Respawn priority: 0
+Hotkey: 4
+Orders Accepted: 0		;! note that this is a bitfield!!!
+Group: 0
+Use Table Score:
+Score: 50

$Name: Bow 4		;! Object #28
$Display Name: XSTR("Bow 4", 8310)
$Class: EFF Sabre
$Team: Unknown
$Location: 2978.318848, 2390.162354, 5474.681152
$Orientation:
	1.000000, 0.000000, 0.000000,
	0.000000, 1.000000, 0.000000,
	0.000000, 0.000000, 1.000000
$AI Behavior: None
$AI Goals: ( goals ( ai-play-dead 50 ) )
$Cargo 1:  XSTR("Nothing", 13)
+Initial Velocity: 33
+Initial Hull: 17
+Initial Shields: 100
+Subsystem: Pilot
+Subsystem: Engine
$Damage: 100
$Arrival Location: Hyperspace
$Arrival Cue: ( true ) 
$Departure Location: Hyperspace
$Departure Cue: ( false ) 
$Determination: 10
+Flags: ( "protect-ship" "no-shields" "invulnerable" "scannable" )
+Flags2: ( )
+Respawn priority: 0
+Hotkey: 4
+Orders Accepted: 0		;! note that this is a bitfield!!!
+Group: 0
+Use Table Score:
+Score: 24

$Name: Bow 1		;! Object #29
$Display Name: XSTR("Bow 1", 8311)
$Class: EFF Sabre
$Team: Unknown
$Location: -492.678009, -2127.643555, 2180.509521
$Orientation:
	1.000000, 0.000000, 0.000000,
	0.000000, 1.000000, 0.000000,
	0.000000, 0.000000, 1.000000
$AI Behavior: None
$AI Goals: ( goals ( ai-play-dead 50 ) )
$Cargo 1:  XSTR("Nothing", 13)
+Initial Velocity: 33
+Initial Hull: 12
+Initial Shields: 100
+Subsystem: Pilot
+Subsystem: Engine
$Damage: 100
$Arrival Location: Hyperspace
$Arrival Cue: ( true ) 
$Departure Location: Hyperspace
$Departure Cue: ( false ) 
$Determination: 10
+Flags: ( "protect-ship" "no-shields" "invulnerable" "scannable" )
+Flags2: ( )
+Respawn priority: 0
+Hotkey: 4
+Orders Accepted: 0		;! note that this is a bitfield!!!
+Group: 0
+Use Table Score:
+Score: 24

$Name: Pod QWS-1242		;! Object #30
$Display Name: XSTR("Pod QWS-1242", 8312)
$Class: OREP Mercury

$Team: Unknown
$Location: 1251.518677, -462.847504, 5987.931152
$Orientation:
	1.000000, 0.000000, 0.000000,
	0.000000, 1.000000, 0.000000,
	0.000000, 0.000000, 1.000000
$AI Behavior: None
$Cargo 1:  XSTR("Nothing", 13)
+Initial Velocity: 33
+Initial Hull: 31
+Initial Shields: 100
+Subsystem: Pilot
+Subsystem: Engine
$Damage: 100
$Arrival Location: Hyperspace
$Arrival Cue: ( true ) 
$Departure Location: Hyperspace
$Departure Cue: ( false ) 
$Determination: 10
+Flags: ( "protect-ship" "no-shields" "invulnerable" "scannable" )
+Flags2: ( )
+Respawn priority: 0
+Hotkey: 4
+Group: 0
+Use Table Score:
+Score: 15

$Name: Pod MXE-6991		;! Object #31
$Display Name: XSTR("Pod MXE-6991", 8313)
$Class: OREP Mercury

$Team: Unknown
$Location: -5721.714844, 1218.866333, 1998.265259
$Orientation:
	1.000000, 0.000000, 0.000000,
	0.000000, 1.000000, 0.000000,
	0.000000, 0.000000, 1.000000
$AI Behavior: None
$Cargo 1:  XSTR("Nothing", 13)
+Initial Velocity: 33
+Initial Hull: 21
+Initial Shields: 100
+Subsystem: Pilot
$Arrival Location: Hyperspace
$Arrival Cue: ( true ) 
$Departure Location: Hyperspace
$Departure Cue: ( false ) 
$Determination: 10
+Flags: ( "protect-ship" "no-shields" "invulnerable" "scannable" )
+Flags2: ( )
+Respawn priority: 0
+Hotkey: 4
+Group: 0
+Use Table Score:
+Score: 15

$Name: Giant Asteroid#Sec 32		;! Object #32
$Display Name: XSTR("Giant Asteroid", 5740)
$Class: Giant Asteroid#Sec
$Team: Friendly
$Location: -9466.474609, 21940.388672, 10902.222656
$Orientation:
	0.464140, -0.252273, -0.849089,
	-0.425838, -0.904094, 0.035841,
	-0.776696, 0.344932, -0.527051
$AI Behavior: None
$Cargo 1:  XSTR("Nothing", 13)
+Initial Velocity: 33
+Initial Hull: 100
+Initial Shields: 100
+Subsystem: Pilot
$Arrival Location: Hyperspace
$Arrival Cue: ( true ) 
$Departure Location: Hyperspace
$Departure Cue: ( false ) 
$Determination: 10
+Flags: ( "cargo-known" "no-shields" "invulnerable" "hidden-from-sensors" "stealth" "friendly-stealth-invisible" )
+Flags2: ( )
+Respawn priority: 0
+Group: 0
+Use Table Score:
+Score: 10000

$Name: Rama 1		;! Object #33
$Display Name: XSTR("Rama 1", 5886)
$Class: SF Basilisk
$Team: Hostile [Peace]
$Location: -1091.093994, 1436.871460, 4219.101074
$Orientation:
	1.000000, 0.000000, 0.000000,
	0.000000, 1.000000, 0.000000,
	0.000000, 0.000000, 1.000000
$AI Behavior: None
$Cargo 1:  XSTR("Nothing", 13)
+Initial Velocity: 33
+Initial Hull: 100
+Subsystem: Pilot
$Arrival Location: Hyperspace
$Arrival Cue: ( false ) 
$Departure Location: Hyperspace
$Departure Cue: ( false ) 
$Determination: 10
+Flags: ( "hidden-from-sensors" )
+Flags2: ( )
+Respawn priority: 0
+Orders Accepted: 0		;! note that this is a bitfield!!!
+Group: 0
+Use Table Score:
+Score: 12

$Name: Rama 2		;! Object #34
$Display Name: XSTR("Rama 2", 5887)
$Class: SF Basilisk
$Team: Hostile [Peace]
$Location: -1214.253052, 1436.871460, 4241.733398
$Orientation:
	1.000000, 0.000000, 0.000000,
	0.000000, 1.000000, 0.000000,
	0.000000, 0.000000, 1.000000
$AI Behavior: None
$Cargo 1:  XSTR("Nothing", 13)
+Initial Velocity: 33
+Initial Hull: 100
+Subsystem: Pilot
$Arrival Location: Hyperspace
$Arrival Cue: ( false ) 
$Departure Location: Hyperspace
$Departure Cue: ( false ) 
$Determination: 10
+Flags: ( "hidden-from-sensors" )
+Flags2: ( )
+Respawn priority: 0
+Orders Accepted: 0		;! note that this is a bitfield!!!
+Group: 0
+Use Table Score:
+Score: 12

$Name: Rama 3		;! Object #35
$Display Name: XSTR("Rama 3", 5888)
$Class: SF Basilisk
$Team: Hostile [Peace]
$Location: -1051.480103, 1436.871460, 4363.325195
$Orientation:
	1.000000, 0.000000, 0.000000,
	0.000000, 1.000000, 0.000000,
	0.000000, 0.000000, 1.000000
