#Mission Info

$Version: 0.10
$Name:  XSTR("Entrenchment", 9078)
$Author: Exile Team
$Created: 01/21/14 at 17:27:41
$Modified: 03/17/18 at 13:26:17
$Notes:
This is a FRED2_OPEN created mission.
$End Notes:

$Mission Desc:
 XSTR("Put mission description here
", 2304)
$end_multi_text
+Game Type Flags: 1
+Flags: 2240
+Fog Near Mult: 1.000000

+Fog Far Mult: 1.000000

+Disallow Support: 0
+Hull Repair Ceiling: 60.000000
+Subsystem Repair Ceiling: 100.000000

+Viewer pos: 3066.890869, 349.150696, 1512.883179
+Viewer orient:
	1.000000, 0.000008, 0.000591,
	-0.000531, 0.451441, 0.892301,
	-0.000260, -0.892301, 0.451441


$Load Screen 1024: Loading_M16.png

$Skybox Model: StarField.pof

$AI Profile: Exile

#Sexp_variables

$Variables:
(
		0		"achievement12"		"0"		"number"
		1		"achievement_count"		"0"		"number"
		2		"achievement_total"		"19"		"number"
		3		"checkpoint1"		"0"		"number"		"player-persistent"
		4		"checkpoint2"		"0"		"number"		"player-persistent"
		5		"filename"		"a"		"string"
		6		"fleet_population"		"1198732"		"number"		"campaign-persistent"
		7		"loadship"		"a"		"string"
		8		"saveexist"		"2"		"number"
		9		"i18nVariable1"		"#Spark"		"string"
		10		"i18nVariable2"		"Primary Beam"		"string"
		11		"i18nVariable3"		"Secondary Beam"		"string"
)

#Fiction Viewer

$File: Exile16FV.txt
$Font: fiction

#Command Briefing

$Stage Text:
 XSTR("$W ORD $W Ironclad
$W ORS $W Roaming $W Fleet
$W Delta $W Lacertae $W system

$W 16th $W January $W 2368
$W 31 $W days $W since $W the $W Great $W Exodus

$W Syndicate $W Exodus $W Fleet's $W population: $E $fleet_population", 9079)
$end_multi_text
$Ani Filename: <default>
+Wave Filename: none

$Stage Text:
 XSTR("$B Tactical $B Arbiter $B Thynne:
Alright, Direwolves, listen up! The $G Ironclad has just arrived in $B Delta $B Lacertae, but don't let that make you feel too comfortable - we're not staying here any longer than necessary. Fleetmaster Caliphtys has already secured the $B Terminus system and the $G Colony $G Fleet is now on its way there. The $G Ironclad is heavily damaged after a narrow escape from $B Cor $B Caroli, so it will head straight for $B Terminus where it will pay a short visit to the Big Buddha. But don't worry, you won’t be getting a vacation from the battle in Delta Lacertae. We would never do such a thing to you. We are deploying you to support the blockade of the $B Cor $B Caroli jump node.", 9080)
$end_multi_text
$Ani Filename: cb16_deltalacertae
+Wave Filename: none

$Stage Text:
 XSTR("Command over the blockade of $B Cor $B Caroli jump node was given to $w Fleetmaster $w Aasira $w Raji, the Heavy Fleet's commanding officer. Fleetmaster Raji is determined to slow down Shivan progress long enough to evacuate $G Colony $G Fleet away from the war zone. The Battle of Cor Caroli was hard on us because the majority of the Fleet was tied down defending the civilian ships and therefore our offensive capabilities were significantly limited. We will not make the same mistake again. The greater distance we can put between the Shivans and the Colony Fleet, the more warships we can spare to send on the offensive. We plan to maintain our perimeter here until all the civilians are safe in the $B Terminus system.", 9081)
$end_multi_text
$Ani Filename: cb16_Nodemap
+Wave Filename: none

$Stage Text:
 XSTR("In your next assignment Beta wing will pilot $y ORB $y Krios light bombers. You already saw the Krios in combat. It is assembled in our factory ships using the Claymore fighter as a base. Unlike our Stalker medium bombers, the Krios cannot be produced from raw materials mined from asteroids. Nevertheless, it is still a major step forward in our effort to provide the fleet with the capability replace destroyed fighters and bombers. ", 9082)
$end_multi_text
$Ani Filename: cb15_Krios
+Wave Filename: none

$Stage Text:
 XSTR("The standard missile used by the Krios is the $y ORM $y Chrabaszcz, wih its fast and accurate swarm-type warhead. Today's engagment will be is the first combat use of this weapon. As the $G Anjaneya will require bomber support to repel the upcoming Shivan assault, Command views this as a suitable moment for the first combat test for the Chrabaszcz. Its major improvement when compared to traditional warheads is that you don't need to approach the target and dive. The missile is very difficult to shoot down, so just get in range, lock, fire and forget. ", 9083)
$end_multi_text
$Ani Filename: cb15_chrabaszcz
+Wave Filename: none

#Briefing
$start_briefing
$num_stages: 2
$start_stage
$multi_text
 XSTR("Alright, pilots. The Ironclad's almost ready for departure to the rendezvous point with Big Buddha, so get ready for launch. The $G Heavy $G Fleet's flagship $G ORD $G Anjaneya along with a detachment of frigates have taken up a defensive positions around the jump node. Batteries of Guardian cannons have been deployed to support our warships with heavy railgun fire. ", 9084)
$end_multi_text
$voice: none.wav
$camera_pos: 610.044250, 6767.827637, 1319.614624
$camera_orient:
	1.000000, 0.000007, 0.000591,
	-0.000591, 0.027263, 0.999628,
	-0.000009, -0.999628, 0.027263
$camera_time: 500
$num_lines: 0
$num_icons: 6
$Flags: 0
$Formula: ( true ) 
$start_icon
$type: 33
$team: Friendly
$class: GTNB Pharos
$pos: 3568.852295, -0.001085, 878.199768
$label:  XSTR("Delta Lacertae", 8418)
+id: 1
$hlight: 0
$mirror: 0
$multi_text
$end_multi_text
$end_icon
$start_icon
$type: 28
$team: Friendly
$class: ORFg Tychicus
$pos: -1783.961304, 962.916382, 2500.260986
$label:  XSTR("Vissudha", 6770)
+id: 2
$hlight: 0
$mirror: 1
$multi_text
$end_multi_text
$end_icon
$start_icon
$type: 6
$team: Friendly
$class: ORD Galahad
$pos: -3239.605225, -596.379395, 1601.598145
$label:  XSTR("Anjaneya", 9085)
+id: 3
$hlight: 1
$mirror: 1
$multi_text
$end_multi_text
$end_icon
$start_icon
$type: 28
$team: Friendly
$class: ORFg Vitalius
$pos: -1693.890869, 1072.029175, 322.721252
$label:  XSTR("Gneisenau", 8224)
+id: 4
$hlight: 0
$mirror: 1
$multi_text
$end_multi_text
$end_icon
$start_icon
$type: 32
$team: Friendly
$class: ORGP Guardian
$pos: 120.799858, 475.208984, 215.442108
$label:  XSTR("Guardian Battery", 9086)
+id: 5
$hlight: 0
$mirror: 0
$multi_text
$end_multi_text
$end_icon
$start_icon
$type: 32
$team: Friendly
$class: ORGP Guardian
$pos: 90.597366, 475.208984, 2546.739014
$label:  XSTR("Guardian Battery", 9086)
+id: 6
$hlight: 0
$mirror: 0
$multi_text
$end_multi_text
$end_icon
$end_stage
$start_stage
$multi_text
 XSTR("Beta, your primary objective is to destroy Shivan warships arriving at $B Delta $B Lacertae. Alpha, provide fighter support to Beta. Your secondary objective is to intercept enemy bombers that target Anjaneya's battlegroup. Remember, your squadron will play a crucial part in Anjaneya's stand against the forthcoming Shivan armada. Don't bring shame on me or the Ironclad, Direwolves. You've got to shine in front of Raji's best pilots. 

It is time. Your bombers are waiting. You are being deployed in 5 minutes. Good luck. ", 9087)
$end_multi_text
$voice: none.wav
$camera_pos: 3359.441162, 14800.532227, 1102.172363
$camera_orient:
	1.000000, 0.000007, 0.000591,
	-0.000591, 0.027263, 0.999628,
	-0.000009, -0.999628, 0.027263
$camera_time: 500
$num_lines: 0
$num_icons: 1
$Flags: 0
$Formula: ( true ) 
$start_icon
$type: 33
$team: Friendly
$class: GTNB Pharos
$pos: 3568.852295, -0.001085, 878.199768
$label:  XSTR("Delta Lacertae", 8418)
+id: 1
$hlight: 0
$mirror: 0
$multi_text
$end_multi_text
$end_icon
$end_stage
$end_briefing

#Debriefing_info

$Num stages: 0

#Callsigns:
$Callsign: XSTR("Harper", 6887)
$Callsign: XSTR("Spark", 6889)
$Callsign: XSTR("Fives", 8380)
$Callsign: XSTR("Echo", 8381)
$Callsign: XSTR("Swifty", 5551)
$Callsign: XSTR("Angel", 9088)
$Callsign: XSTR("Nielsen", 6893)
$Callsign: XSTR("Nishimura", 8566)

#end


#Players		;! 1 total

$Starting Shipname: Beta 1
$Ship Choices: (
)

+Weaponry Pool: (
	"Pulsar PC-9"	20
	"Prometheus N"	24
	"Defiler LPC"	16
	"Stinger"	452
	"MX-112"	500
	"Vortex"	788
	"Chrabaszcz"	44
	"Demolisher"	100
)

#Objects		;! 79 total

$Name: Anjaneya		;! Object #0
$Display Name: XSTR("Anjaneya", 9085)
$Class: ORD Galahad
$Team: Friendly
$Team Color Setting: Heavy Fleet
$Location: 4945.354492, -596.374023, -2478.737305
$Orientation:
	-0.236375, -0.731725, 0.639301,
	-0.442533, 0.666818, 0.599599,
	-0.865039, -0.141181, -0.481432
$AI Behavior: None
$Cargo 1:  XSTR("Nothing", 13)
+Initial Hull: 85
+Initial Shields: 100
+Subsystem: Pilot
+Subsystem: turret01
+Subsystem: turret02
+Subsystem: turret03
+Subsystem: turret04
+Subsystem: turret05
+Subsystem: turret06
+Subsystem: turret07
+Subsystem: turret08
+Subsystem: turret09
+Subsystem: turret10
+Subsystem: turret11
+Subsystem: turret12
+Subsystem: turret13
+Subsystem: turret14
+Subsystem: turret15
+Subsystem: turret16
+Subsystem: turret17
+Subsystem: turret18
+Subsystem: turret19
+Subsystem: turret20
+Subsystem: turret21
+Subsystem: turret22
+Subsystem: turret23
+Subsystem: turret24
+Subsystem: turret25
+Subsystem: turret26
+Subsystem: turret27
+Subsystem: turret28
+Subsystem: turret29
+Subsystem: turret30
+Subsystem: turret31
+Subsystem: turret32
+Subsystem: turret33
+Subsystem: turret34
+Subsystem: turret35
+Subsystem: turret36
+Subsystem: turret37
+Subsystem: turret38
+Subsystem: turret39
+Subsystem: turret40
+Subsystem: turret41
+Subsystem: turret42
+Subsystem: turret43
+Subsystem: turret44
+Subsystem: turret45
+Subsystem: turret46
+Subsystem: turret47
+Subsystem: turret48
+Subsystem: turret49
+Subsystem: turret50
+Subsystem: turret51
+Subsystem: turret52
+Subsystem: turret53
+Subsystem: turret54
+Subsystem: turret55
+Subsystem: turret56
$Arrival Location: Hyperspace
$Arrival Cue: ( true ) 
$Departure Location: Hyperspace
$Departure Cue: ( false ) 
$Determination: 10
+Flags: ( "cargo-known" "no-shields" "escort" )
+Flags2: ( )
+Respawn priority: 0
+Escort priority: 100
+Orders Accepted: 0		;! note that this is a bitfield!!!
+Group: 0
+Use Table Score:
+Score: 1000
$Texture Replace:
+old: galnameplate-trans
+new: nameplate-anjaneya

$Name: Vissudha		;! Object #1
$Display Name: XSTR("Vissudha", 6770)
$Class: ORFg Tychicus
$Team: Friendly
$Team Color Setting: Heavy Fleet
$Location: -715.687683, 1120.804077, 3022.940674
$Orientation:
	-0.835109, -0.460306, 0.301183,
	-0.430679, 0.887739, 0.162582,
	-0.342211, 0.006060, -0.939604
$AI Behavior: None
$Cargo 1:  XSTR("Nothing", 13)
+Initial Velocity: 33
+Initial Hull: 16
+Initial Shields: 100
+Subsystem: Pilot
+Subsystem: turret01
+Subsystem: turret02
+Subsystem: turret03
+Subsystem: turret04
+Subsystem: turret05
+Subsystem: turret06
+Subsystem: turret07
+Subsystem: turret08
+Subsystem: turret09
+Subsystem: turret10
+Subsystem: turret11
+Subsystem: turret12
+Subsystem: turret13
+Subsystem: turret14
+Subsystem: turret15
+Subsystem: turret16
+Subsystem: turret17
+Subsystem: turret18
+Subsystem: turret19
+Subsystem: turret20
+Subsystem: turret21
+Subsystem: turret22
+Subsystem: turret23
+Subsystem: turret24
+Subsystem: turret25
+Subsystem: turret26
+Subsystem: turret27
+Subsystem: turret28
+Subsystem: turret29a
+Subsystem: turret30a
$Arrival Location: Hyperspace
$Arrival Cue: ( true ) 
$Departure Location: Hyperspace
$Departure Cue: ( is-event-true-delay 
   "vissudha retreat" 
   25 
)
$Determination: 10
+Flags: ( "cargo-known" "no-shields" "escort" )
+Flags2: ( )
+Respawn priority: 0
+Escort priority: 90
+Orders Accepted: 0		;! note that this is a bitfield!!!
+Group: 0
+Use Table Score:
+Score: 1500
$Texture Replace:
+old: nameplate-tychi-trans
+new: nameplate-vissudha
+old: nameplate-tychi-trans-shine
+new: nameplate-vissudha-shine

$Name: Guardian Battery 02-02		;! Object #2
$Display Name: XSTR("Guardian Battery 02-02", 9089)
$Class: ORGP Guardian
$Team: Friendly
$Location: 84.777802, 316.433044, 1740.867065
$Orientation:
	0.771246, 0.000000, -0.636537,
	-0.088824, 0.990216, -0.107622,
	0.630309, 0.139543, 0.763700
$AI Behavior: None
$Cargo 1:  XSTR("Nothing", 13)
+Initial Velocity: 33
+Initial Hull: 100
+Initial Shields: 100
+Subsystem: Pilot
+Subsystem: Turret01
+Subsystem: Turret02
+Subsystem: Turret03
+Subsystem: Turret04
+Subsystem: Turret05
+Subsystem: Turret06
+Subsystem: Turret07
+Subsystem: Turret08
+Subsystem: Turret09
+Subsystem: Turret10
$Arrival Location: Hyperspace
$Arrival Cue: ( true ) 
$Departure Location: Hyperspace
$Departure Cue: ( false ) 
$Determination: 10
+Flags: ( "cargo-known" "no-shields" )
+Flags2: ( )
+Respawn priority: 0
+Orders Accepted: 0		;! note that this is a bitfield!!!
+Group: 0
+Use Table Score:
+Score: 6

$Name: Guardian Battery 02-01		;! Object #3
$Display Name: XSTR("Guardian Battery 02-01", 9090)
$Class: ORGP Guardian
$Team: Friendly
$Location: -244.266983, 317.204468, 2222.499023
$Orientation:
	0.771246, 0.000000, -0.636537,
	-0.088824, 0.990216, -0.107622,
	0.630309, 0.139543, 0.763700
$AI Behavior: None
$Cargo 1:  XSTR("Nothing", 13)
+Initial Velocity: 33
+Initial Hull: 100
+Initial Shields: 100
+Subsystem: Pilot
+Subsystem: Turret01
+Subsystem: Turret02
+Subsystem: Turret03
+Subsystem: Turret04
+Subsystem: Turret05
+Subsystem: Turret06
+Subsystem: Turret07
+Subsystem: Turret08
+Subsystem: Turret09
+Subsystem: Turret10
$Arrival Location: Hyperspace
$Arrival Cue: ( true ) 
$Departure Location: Hyperspace
$Departure Cue: ( false ) 
$Determination: 10
+Flags: ( "cargo-known" "no-shields" )
+Flags2: ( )
+Respawn priority: 0
+Orders Accepted: 0		;! note that this is a bitfield!!!
+Group: 0
+Use Table Score:
+Score: 6

$Name: Guardian Battery 01-01		;! Object #4
$Display Name: XSTR("Guardian Battery 01-01", 9091)
$Class: ORGP Guardian
$Team: Friendly
$Location: 2232.852295, -960.372070, -2641.878906
$Orientation:
	0.813879, 0.000000, 0.581035,
	0.000000, 1.000000, 0.000000,
	-0.581035, 0.000000, 0.813879
$AI Behavior: None
$Cargo 1:  XSTR("Nothing", 13)
+Initial Velocity: 33
+Initial Hull: 100
+Initial Shields: 100
+Subsystem: Pilot
+Subsystem: Turret01
+Subsystem: Turret02
+Subsystem: Turret03
+Subsystem: Turret04
+Subsystem: Turret05
+Subsystem: Turret06
+Subsystem: Turret07
+Subsystem: Turret08
+Subsystem: Turret09
+Subsystem: Turret10
$Arrival Location: Hyperspace
$Arrival Cue: ( true ) 
$Departure Location: Hyperspace
$Departure Cue: ( false ) 
$Determination: 10
+Flags: ( "cargo-known" "no-shields" )
+Flags2: ( )
+Respawn priority: 0
+Orders Accepted: 0		;! note that this is a bitfield!!!
+Group: 0
+Use Table Score:
+Score: 6

$Name: Guardian Battery 01-02		;! Object #5
$Display Name: XSTR("Guardian Battery 01-02", 9092)
$Class: ORGP Guardian
$Team: Friendly
$Location: 2203.315674, -1311.718140, -2092.780029
$Orientation:
	0.209239, 0.000000, 0.977865,
	0.000000, 1.000000, 0.000000,
	-0.977865, 0.000000, 0.209239
$AI Behavior: None
$Cargo 1:  XSTR("Nothing", 13)
+Initial Velocity: 33
+Initial Hull: 100
+Initial Shields: 100
+Subsystem: Pilot
+Subsystem: Turret01
+Subsystem: Turret02
+Subsystem: Turret03
+Subsystem: Turret04
+Subsystem: Turret05
+Subsystem: Turret06
+Subsystem: Turret07
+Subsystem: Turret08
+Subsystem: Turret09
+Subsystem: Turret10
$Arrival Location: Hyperspace
$Arrival Cue: ( true ) 
$Departure Location: Hyperspace
$Departure Cue: ( false ) 
$Determination: 10
+Flags: ( "cargo-known" "no-shields" )
+Flags2: ( )
+Respawn priority: 0
+Orders Accepted: 0		;! note that this is a bitfield!!!
+Group: 0
+Use Table Score:
+Score: 6

$Name: Varuna 1		;! Object #6
$Display Name: XSTR("Varuna 1", 7064)
$Class: SF Eblis
$Team: Hostile
$Location: -1671.859009, 242.931870, -2078.379639
$Orientation:
	0.565300, 0.000000, -0.824886,
	0.000000, 1.000000, 0.000000,
	0.824886, 0.000000, 0.565300
$AI Behavior: None
$Cargo 1:  XSTR("Nothing", 13)
+Initial Velocity: 33
+Initial Hull: 100
+Subsystem: Pilot
$Arrival Location: Hyperspace
$Arrival Cue: ( false ) 
$Departure Location: Hyperspace
$Departure Cue: ( false ) 
$Determination: 10
+Flags: ( )
+Flags2: ( )
+Respawn priority: 0
+Orders Accepted: 0		;! note that this is a bitfield!!!
+Group: 0
+Use Table Score:
+Score: 12

$Name: Varuna 2		;! Object #7
$Display Name: XSTR("Varuna 2", 7065)
$Class: SF Eblis
$Team: Hostile
$Location: -1675.719971, 203.077286, -2108.142822
$Orientation:
	0.565300, 0.000000, -0.824886,
	0.000000, 1.000000, 0.000000,
	0.824886, 0.000000, 0.565300
$AI Behavior: None
$Cargo 1:  XSTR("Nothing", 13)
+Initial Velocity: 33
+Initial Hull: 100
+Subsystem: Pilot
$Arrival Location: Hyperspace
$Arrival Cue: ( false ) 
$Departure Location: Hyperspace
$Departure Cue: ( false ) 
$Determination: 10
+Flags: ( )
+Flags2: ( )
+Respawn priority: 0
+Orders Accepted: 0		;! note that this is a bitfield!!!
+Group: 0
+Use Table Score:
+Score: 12

$Name: Varuna 3		;! Object #8
$Display Name: XSTR("Varuna 3", 7066)
$Class: SF Eblis
$Team: Hostile
$Location: -1681.032959, 203.077286, -2069.071289
$Orientation:
	0.565300, 0.000000, -0.824886,
	0.000000, 1.000000, 0.000000,
	0.824886, 0.000000, 0.565300
$AI Behavior: None
$Cargo 1:  XSTR("Nothing", 13)
+Initial Velocity: 33
+Initial Hull: 100
+Subsystem: Pilot
$Arrival Location: Hyperspace
$Arrival Cue: ( false ) 
$Departure Location: Hyperspace
$Departure Cue: ( false ) 
$Determination: 10
+Flags: ( )
+Flags2: ( )
+Respawn priority: 0
+Orders Accepted: 0		;! note that this is a bitfield!!!
+Group: 0
+Use Table Score:
+Score: 12

$Name: Sentry 02-01		;! Object #9
$Display Name: XSTR("Sentry 02-01", 9093)
$Class: ORSG Aegir
$Team: Friendly
$Location: -358.305420, 1136.524292, 1781.978149
$Orientation:
	0.771246, 0.000000, -0.636537,
	-0.088824, 0.990216, -0.107622,
	0.630309, 0.139543, 0.763700
$AI Behavior: None
$Cargo 1:  XSTR("Nothing", 13)
+Initial Velocity: 33
+Initial Hull: 100
+Initial Shields: 100
+Subsystem: Pilot
+Subsystem: Turret01
+Subsystem: Turret02
$Arrival Location: Hyperspace
$Arrival Cue: ( true ) 
$Departure Location: Hyperspace
$Departure Cue: ( false ) 
$Determination: 10
+Flags: ( "cargo-known" "no-shields" )
+Flags2: ( )
+Respawn priority: 0
+Group: 0
+Use Table Score:
+Score: 6

$Name: Sentry 02-02		;! Object #10
$Display Name: XSTR("Sentry 02-02", 9094)
$Class: ORSG Aegir
$Team: Friendly
$Location: 396.088684, 56.098999, 1436.962036
$Orientation:
	0.771246, 0.000000, -0.636537,
	-0.088824, 0.990216, -0.107622,
	0.630309, 0.139543, 0.763700
$AI Behavior: None
$Cargo 1:  XSTR("Nothing", 13)
+Initial Velocity: 33
+Initial Hull: 100
+Initial Shields: 100
+Subsystem: Pilot
+Subsystem: Turret01
+Subsystem: Turret02
$Arrival Location: Hyperspace
$Arrival Cue: ( true ) 
$Departure Location: Hyperspace
$Departure Cue: ( false ) 
$Determination: 10
+Flags: ( "cargo-known" "no-shields" )
+Flags2: ( )
+Respawn priority: 0
+Group: 0
+Use Table Score:
+Score: 6

$Name: Sentry 02-03		;! Object #11
$Display Name: XSTR("Sentry 02-03", 9095)
$Class: ORSG Aegir
$Team: Friendly
$Location: 73.457230, 662.182007, 1639.662964
$Orientation:
	0.771246, 0.000000, -0.636537,
	-0.088824, 0.990216, -0.107622,
	0.630309, 0.139543, 0.763700
$AI Behavior: None
$Cargo 1:  XSTR("Nothing", 13)
+Initial Velocity: 33
+Initial Hull: 100
+Initial Shields: 100
+Subsystem: Pilot
+Subsystem: Turret01
+Subsystem: Turret02
$Arrival Location: Hyperspace
$Arrival Cue: ( true ) 
$Departure Location: Hyperspace
$Departure Cue: ( false ) 
$Determination: 10
+Flags: ( "cargo-known" "no-shields" )
+Flags2: ( )
+Respawn priority: 0
+Group: 0
+Use Table Score:
+Score: 6

$Name: Sentry 01-01		;! Object #12
$Display Name: XSTR("Sentry 01-01", 9096)
$Class: ORSG Aegir
$Team: Friendly
$Location: 2104.589844, -675.209106, -2355.050293
$Orientation:
	1.000000, -0.000000, 0.000000,
	0.000000, 1.000000, 0.000000,
	-0.000000, 0.000000, 1.000000
$AI Behavior: None
$Cargo 1:  XSTR("Nothing", 13)
+Initial Velocity: 33
+Initial Hull: 100
+Initial Shields: 100
+Subsystem: Pilot
+Subsystem: Turret01
+Subsystem: Turret02
$Arrival Location: Hyperspace
$Arrival Cue: ( true ) 
$Departure Location: Hyperspace
$Departure Cue: ( false ) 
$Determination: 10
+Flags: ( "cargo-known" "no-shields" )
+Flags2: ( )
+Respawn priority: 0
+Group: 0
+Use Table Score:
+Score: 6

$Name: Sentry 01-02		;! Object #13
$Display Name: XSTR("Sentry 01-02", 9097)
$Class: ORSG Aegir
$Team: Friendly
$Location: 2023.199585, -1197.962646, -2947.563232
$Orientation:
	1.000000, -0.000000, 0.000000,
	0.000000, 1.000000, 0.000000,
	-0.000000, 0.000000, 1.000000
$AI Behavior: None
$Cargo 1:  XSTR("Nothing", 13)
+Initial Velocity: 33
+Initial Hull: 100
+Initial Shields: 100
+Subsystem: Pilot
+Subsystem: Turret01
+Subsystem: Turret02
$Arrival Location: Hyperspace
$Arrival Cue: ( true ) 
$Departure Location: Hyperspace
$Departure Cue: ( false ) 
$Determination: 10
+Flags: ( "cargo-known" "no-shields" )
+Flags2: ( )
+Respawn priority: 0
+Group: 0
+Use Table Score:
+Score: 6

$Name: Varuna 4		;! Object #14
$Display Name: XSTR("Varuna 4", 7448)
$Class: SF Eblis
$Team: Hostile
$Location: -1718.575439, 203.077286, -2013.817627
$Orientation:
	0.565300, 0.000000, -0.824886,
	0.000000, 1.000000, 0.000000,
	0.824886, 0.000000, 0.565300
$AI Behavior: None
$Cargo 1:  XSTR("Nothing", 13)
+Initial Velocity: 33
+Initial Hull: 100
+Subsystem: Pilot
$Arrival Location: Hyperspace
$Arrival Cue: ( false ) 
$Departure Location: Hyperspace
$Departure Cue: ( false ) 
$Determination: 10
+Flags: ( )
+Flags2: ( )
+Respawn priority: 0
+Orders Accepted: 0		;! note that this is a bitfield!!!
+Group: 0
+Use Table Score:
+Score: 12

$Name: Sentry 01-03		;! Object #15
$Display Name: XSTR("Sentry 01-03", 9098)
$Class: ORSG Aegir
$Team: Friendly
$Location: 2432.290039, -671.486877, -3092.432373
$Orientation:
	1.000000, -0.000000, 0.000000,
	0.000000, 1.000000, 0.000000,
	-0.000000, 0.000000, 1.000000
$AI Behavior: None
$Cargo 1:  XSTR("Nothing", 13)
+Initial Velocity: 33
+Initial Hull: 100
+Initial Shields: 100
+Subsystem: Pilot
+Subsystem: Turret01
+Subsystem: Turret02
$Arrival Location: Hyperspace
$Arrival Cue: ( true ) 
$Departure Location: Hyperspace
$Departure Cue: ( false ) 
$Determination: 10
+Flags: ( "cargo-known" "no-shields" )
+Flags2: ( )
+Respawn priority: 0
+Group: 0
+Use Table Score:
+Score: 6

$Name: Jota 1		;! Object #16
$Display Name: XSTR("Jota 1", 8491)
$Class: ORF Heretic
$Callsign: XSTR("Swifty", 5551)

$Team: Friendly
$Team Color Setting: Heavy Fleet
$Location: 3627.065674, -0.003569, 237.371155
$Orientation:
	1.000000, 0.000000, 0.000000,
	0.000000, 1.000000, 0.000000,
	0.000000, 0.000000, 1.000000
$AI Behavior: None
$Cargo 1:  XSTR("Nothing", 13)
+Initial Velocity: 33
+Initial Hull: 100
+Subsystem: Pilot
$Arrival Location: Hyperspace
$Arrival Cue: ( false ) 
$Departure Location: Hyperspace
$Departure Cue: ( false ) 
$Determination: 10
+Flags: ( "cargo-known" )
+Flags2: ( )
+Respawn priority: 0
+Orders Accepted: 0		;! note that this is a bitfield!!!
+Group: 0
+Use Table Score:
+Score: 8
+Persona Index: 10

$Name: Jota 2		;! Object #17
$Display Name: XSTR("Jota 2", 8492)
$Class: ORF Heretic
$Callsign: XSTR("Angel", 9088)

$Team: Friendly
$Team Color Setting: Heavy Fleet
$Location: 3535.687012, -0.003530, 108.403015
$Orientation:
	1.000000, 0.000000, 0.000000,
	0.000000, 1.000000, 0.000000,
	0.000000, 0.000000, 1.000000
$AI Behavior: None
$Cargo 1:  XSTR("Nothing", 13)
+Initial Velocity: 33
+Initial Hull: 100
+Subsystem: Pilot
$Arrival Location: Hyperspace
$Arrival Cue: ( false ) 
$Departure Location: Hyperspace
$Departure Cue: ( false ) 
$Determination: 10
+Flags: ( "cargo-known" )
+Flags2: ( )
+Respawn priority: 0
+Orders Accepted: 0		;! note that this is a bitfield!!!
+Group: 0
+Use Table Score:
+Score: 8
+Persona Index: 5

$Name: Jota 3		;! Object #18
$Display Name: XSTR("Jota 3", 8493)
$Class: ORF Heretic
$Team: Friendly
$Team Color Setting: Heavy Fleet
$Location: 3364.106201, -0.003449, 176.286804
$Orientation:
	1.000000, 0.000000, 0.000000,
	0.000000, 1.000000, 0.000000,
	0.000000, 0.000000, 1.000000
$AI Behavior: None
$Cargo 1:  XSTR("Nothing", 13)
+Initial Velocity: 33
+Initial Hull: 100
+Subsystem: Pilot
$Arrival Location: Hyperspace
$Arrival Cue: ( false ) 
$Departure Location: Hyperspace
$Departure Cue: ( false ) 
$Determination: 10
+Flags: ( "cargo-known" )
+Flags2: ( )
+Respawn priority: 0
+Orders Accepted: 0		;! note that this is a bitfield!!!
+Group: 0
+Use Table Score:
+Score: 8
+Persona Index: 1

$Name: Jota 4		;! Object #19
$Display Name: XSTR("Jota 4", 9099)
$Class: ORF Heretic
$Team: Friendly
$Team Color Setting: Heavy Fleet
$Location: 3450.335205, -0.003492, 285.618958
$Orientation:
	1.000000, 0.000000, 0.000000,
	0.000000, 1.000000, 0.000000,
	0.000000, 0.000000, 1.000000
$AI Behavior: None
$Cargo 1:  XSTR("Nothing", 13)
+Initial Velocity: 33
+Initial Hull: 100
+Subsystem: Pilot
$Arrival Location: Hyperspace
$Arrival Cue: ( false ) 
$Departure Location: Hyperspace
$Departure Cue: ( false ) 
$Determination: 10
+Flags: ( "cargo-known" )
+Flags2: ( )
+Respawn priority: 0
+Orders Accepted: 0		;! note that this is a bitfield!!!
+Group: 0
+Use Table Score:
+Score: 8
+Persona Index: 0

$Name: Ironclad		;! Object #20
$Display Name: XSTR("Ironclad", 8204)
$Class: ORD Orion
$Team: Friendly
$Location: 2414.500000, 0.000000, 1941.699951
$Orientation:
	0.660476, 0.002818, -0.750843,
	-0.003513, 0.999993, 0.000663,
	0.750840, 0.002200, 0.660481
$AI Behavior: None
$Cargo 1:  XSTR("Nothing", 13)
+Initial Hull: 21
+Initial Shields: 100
+Subsystem: Pilot
+Subsystem: turret01a
+Subsystem: turret02a
+Subsystem: turret03a
+Subsystem: turret04a
+Subsystem: turret05a
+Subsystem: turret06
+Subsystem: turret07
+Subsystem: turret08
+Subsystem: turret09
+Subsystem: turret10
+Subsystem: turret11
+Subsystem: turret12
+Subsystem: turret13
+Subsystem: turret14
+Subsystem: turret15
+Subsystem: turret16
+Subsystem: turret17
+Subsystem: turret18
+Subsystem: turret19
+Subsystem: turret20
+Subsystem: turret21
+Subsystem: turret22
+Subsystem: turret23
+Subsystem: turret24a
+Subsystem: turret25a
+Subsystem: turret26a
+Subsystem: turret27a
+Subsystem: turret28a
$Arrival Location: Hyperspace
$Arrival Cue: ( true ) 
$Departure Location: Hyperspace
$Departure Cue: ( is-event-true-delay "msg10" 1 ) 
$Determination: 10
+Flags: ( "cargo-known" "no-shields" "escort" )
+Flags2: ( )
+Respawn priority: 0
+Escort priority: 120
+Orders Accepted: 0		;! note that this is a bitfield!!!
+Group: 0
+Use Table Score:
+Score: 1000
$Texture Replace:
+old: nameplate
+new: nameplate-ironclad

$Name: Alpha 1		;! Object #21
$Display Name: XSTR("Alpha 1", 6763)
$Class: ORF Encantona
$Callsign: XSTR("Harper", 6887)

$Team: Friendly
$Team Color Setting: Non-Assigned
$Location: 3109.568604, -0.003596, 1634.913452
$Orientation:
	-0.830054, 0.000000, -0.557684,
	0.000000, 1.000000, 0.000000,
	0.557684, 0.000000, -0.830054
$AI Behavior: None
$Cargo 1:  XSTR("Nothing", 13)
+Initial Hull: 100
+Subsystem: Pilot
$Arrival Location: Hyperspace
$Arrival Cue: ( false ) 
$Departure Location: Hyperspace
$Departure Cue: ( false ) 
$Determination: 10
+Flags: ( "cargo-known" )
+Flags2: ( "ship-locked" "weapons-locked" )
+Respawn priority: 0
+Orders Accepted: 0		;! note that this is a bitfield!!!
+Group: 0
+Score: 8
+Persona Index: 7

$Name: Alpha 2		;! Object #22
$Display Name: XSTR("Alpha 2", 6908)
$Class: ORF Encantona
$Callsign: XSTR("Nielsen", 6893)

$Team: Friendly
$Team Color Setting: Non-Assigned
$Location: 3158.124023, -0.003555, 1757.286255
$Orientation:
	-0.830054, 0.000000, -0.557684,
	0.000000, 1.000000, 0.000000,
	0.557684, 0.000000, -0.830054
$AI Behavior: None
$Cargo 1:  XSTR("Nothing", 13)
+Initial Hull: 100
+Subsystem: Pilot
$Arrival Location: Hyperspace
$Arrival Cue: ( false ) 
$Departure Location: Hyperspace
$Departure Cue: ( false ) 
$Determination: 10
+Flags: ( "cargo-known" )
+Flags2: ( "ship-locked" "weapons-locked" )
+Respawn priority: 0
+Orders Accepted: 0		;! note that this is a bitfield!!!
+Group: 0
+Score: 8
+Persona Index: 9

$Name: Alpha 3		;! Object #23
$Display Name: XSTR("Alpha 3", 6909)
$Class: ORF Encantona
$Callsign: XSTR("Nishimura", 8566)

$Team: Friendly
$Team Color Setting: Non-Assigned
$Location: 2975.502930, -0.003600, 1715.247681
$Orientation:
	-0.830054, 0.000000, -0.557684,
	0.000000, 1.000000, 0.000000,
	0.557684, 0.000000, -0.830054
$AI Behavior: None
$Cargo 1:  XSTR("Nothing", 13)
+Initial Hull: 100
+Subsystem: Pilot
$Arrival Location: Hyperspace
$Arrival Cue: ( false ) 
$Departure Location: Hyperspace
$Departure Cue: ( false ) 
$Determination: 10
+Flags: ( "cargo-known" )
+Flags2: ( "ship-locked" "weapons-locked" )
+Respawn priority: 0
+Orders Accepted: 0		;! note that this is a bitfield!!!
+Group: 0
+Score: 8
+Persona Index: 15

$Name: Alpha 4		;! Object #24
$Display Name: XSTR("Alpha 4", 6910)
$Class: ORF Encantona
$Team: Friendly
$Team Color Setting: Non-Assigned
$Location: 3029.544922, -0.003562, 1541.154419
$Orientation:
	-0.830054, 0.000000, -0.557684,
	0.000000, 1.000000, 0.000000,
	0.557684, 0.000000, -0.830054
$AI Behavior: None
$Cargo 1:  XSTR("Nothing", 13)
+Initial Hull: 100
+Subsystem: Pilot
$Arrival Location: Hyperspace
$Arrival Cue: ( false ) 
$Departure Location: Hyperspace
$Departure Cue: ( false ) 
$Determination: 10
+Flags: ( "cargo-known" )
+Flags2: ( "ship-locked" "weapons-locked" )
+Respawn priority: 0
+Orders Accepted: 0		;! note that this is a bitfield!!!
+Group: 0
+Score: 8
+Persona Index: 2

$Name: Beta 1		;! Object #25
$Display Name: XSTR("Beta 1", 6783)
$Class: ORB Krios
$Callsign: XSTR("Spark", 6889)

$Team: Friendly
$Team Color Setting: Roaming Fleet
$Location: 2344.461182, -89.498161, 1624.953369
$Orientation:
	0.703846, 0.000000, -0.710354,
	0.000000, 1.000000, 0.000000,
	0.710354, 0.000000, 0.703846
$AI Behavior: None
$Cargo 1:  XSTR("Nothing", 13)
+Initial Hull: 100
+Subsystem: Pilot
+Secondary Banks: ( "Vortex" "Chrabaszcz" )
$Arrival Location: Hyperspace
$Arrival Cue: ( false ) 
$Departure Location: Hyperspace
$Departure Cue: ( false ) 
$Determination: 10
+Flags: ( "cargo-known" "player-start" )
+Flags2: ( )
+Respawn priority: 0
+Orders Accepted: 33023		;! note that this is a bitfield!!!
+Group: 0
+Score: 8

$Name: Beta 2		;! Object #26
$Display Name: XSTR("Beta 2", 6784)
$Class: ORB Krios
$Callsign: XSTR("Fives", 8380)

$Team: Friendly
$Team Color Setting: Roaming Fleet
$Location: 2418.175293, -98.530121, 1649.020020
$Orientation:
	0.703845, 0.000000, -0.710353,
	-0.000000, 1.000000, 0.000000,
	0.710353, 0.000000, 0.703845
$AI Behavior: None
$Cargo 1:  XSTR("Nothing", 13)
+Initial Hull: 100
+Subsystem: Pilot
+Secondary Banks: ( "Vortex" "Chrabaszcz" )
$Arrival Location: Hyperspace
$Arrival Cue: ( false ) 
$Departure Location: Hyperspace
$Departure Cue: ( false ) 
$Determination: 10
+Flags: ( "cargo-known" )
+Flags2: ( )
+Respawn priority: 0
+Orders Accepted: 33023		;! note that this is a bitfield!!!
+Group: 0
+Score: 8
+Persona Index: 8

$Name: Beta 3		;! Object #27
$Display Name: XSTR("Beta 3", 6785)
$Class: ORB Krios
$Callsign: XSTR("Echo", 8381)

$Team: Friendly
$Team Color Setting: Roaming Fleet
$Location: 2377.697021, -82.414024, 1609.718018
$Orientation:
	0.702579, -0.042205, -0.710353,
	0.059964, 0.998201, -0.000000,
	0.709075, -0.042596, 0.703845
$AI Behavior: None
$Cargo 1:  XSTR("Nothing", 13)
+Initial Hull: 100
+Subsystem: Pilot
+Secondary Banks: ( "Vortex" "Chrabaszcz" )
$Arrival Location: Hyperspace
$Arrival Cue: ( false ) 
$Departure Location: Hyperspace
$Departure Cue: ( false ) 
$Determination: 10
+Flags: ( "cargo-known" )
+Flags2: ( )
+Respawn priority: 0
+Orders Accepted: 33023		;! note that this is a bitfield!!!
+Group: 0
+Score: 8
+Persona Index: 9

$Name: Beta 4		;! Object #28
$Display Name: XSTR("Beta 4", 6786)
$Class: ORB Krios
$Team: Friendly
$Team Color Setting: Roaming Fleet
$Location: 2380.760498, -95.140862, 1666.722534
$Orientation:
	0.703140, -0.042347, -0.709789,
	0.039988, 0.999000, -0.019989,
	0.709926, -0.014328, 0.704131
$AI Behavior: None
$Cargo 1:  XSTR("Nothing", 13)
+Initial Hull: 100
+Subsystem: Pilot
+Secondary Banks: ( "Vortex" "Chrabaszcz" )
$Arrival Location: Hyperspace
$Arrival Cue: ( false ) 
$Departure Location: Hyperspace
$Departure Cue: ( false ) 
$Determination: 10
+Flags: ( "cargo-known" )
+Flags2: ( )
+Respawn priority: 0
+Orders Accepted: 33023		;! note that this is a bitfield!!!
+Group: 0
+Score: 8
+Persona Index: 3

$Name: Alastor		;! Object #29
$Display Name: XSTR("Alastor", 7002)
$Class: SC Cain
$Team: Hostile
$Location: -1398.923096, -37.887989, -1535.976440
$Orientation:
	0.695361, 0.208938, -0.687619,
	0.089764, 0.924062, 0.371559,
	0.713035, -0.320091, 0.623799
$AI Behavior: None
$AI Goals: ( goals ( ai-waypoints-once "shivan attack 2" 50 ) )
$Cargo 1:  XSTR("Nothing", 13)
+Initial Velocity: 33
+Initial Hull: 100
+Initial Shields: 100
+Subsystem: Pilot
+Subsystem: turret01
+Subsystem: turret02
+Subsystem: turret03
+Subsystem: turret04
+Subsystem: turret05
+Subsystem: turret06
+Subsystem: turret07
+Subsystem: turret08
+Subsystem: turret09
$Arrival Location: Hyperspace
$Arrival Cue: ( has-arrived-delay 1 "Seir" ) 
$Departure Location: Hyperspace
$Departure Cue: ( false ) 
$Determination: 10
+Flags: ( "no-shields" "escort" )
+Flags2: ( )
+Respawn priority: 0
+Escort priority: 40
+Orders Accepted: 0		;! note that this is a bitfield!!!
+Group: 0
+Use Table Score:
+Score: 150

$Name: Seir		;! Object #30
$Display Name: XSTR("Seir", 9100)
$Class: SC Cain
$Team: Hostile
$Location: -1256.427368, 472.571106, -1991.857910
$Orientation:
	0.339871, -0.242637, -0.908634,
	0.068380, 0.969965, -0.233438,
	0.937984, 0.017207, 0.346254
$AI Behavior: None
$AI Goals: ( goals ( ai-waypoints-once "shivan attack 1" 50 ) )
$Cargo 1:  XSTR("Nothing", 13)
+Initial Velocity: 33
+Initial Hull: 100
+Initial Shields: 100
+Subsystem: Pilot
+Subsystem: turret01
+Subsystem: turret02
+Subsystem: turret03
+Subsystem: turret04
+Subsystem: turret05
+Subsystem: turret06
+Subsystem: turret07
+Subsystem: turret08
+Subsystem: turret09
$Arrival Location: Hyperspace
$Arrival Cue: ( is-event-true-delay "msg21" 18 ) 
$Departure Location: Hyperspace
$Departure Cue: ( false ) 
$Determination: 10
+Flags: ( "no-shields" "escort" )
+Flags2: ( )
+Respawn priority: 0
+Escort priority: 40
+Orders Accepted: 0		;! note that this is a bitfield!!!
+Group: 0
+Use Table Score:
+Score: 150

$Name: Asakku		;! Object #31
$Display Name: XSTR("Asakku", 9101)
$Class: SC Rakshasa
$Team: Hostile
$Location: -1575.803589, 220.001587, -1744.655884
$Orientation:
	0.382985, -0.166457, -0.908634,
	0.186219, 0.977349, -0.100555,
	0.904791, -0.130694, 0.405307
$AI Behavior: None
$AI Goals: ( goals ( ai-waypoints-once "shivan attack 2" 50 ) )
$Cargo 1:  XSTR("Nothing", 13)
+Initial Velocity: 33
+Initial Hull: 100
+Initial Shields: 100
+Subsystem: Pilot
+Subsystem: turret01
+Subsystem: turret02
+Subsystem: turret03
+Subsystem: turret04
+Subsystem: turret05
+Subsystem: turret06
+Subsystem: turret07
+Subsystem: turret08
+Subsystem: turret09
+Subsystem: turret10
+Subsystem: turret11
+Subsystem: turret12
+Subsystem: turret13
+Subsystem: turret14
$Arrival Location: Hyperspace
$Arrival Cue: ( has-arrived-delay 48 "Seir" ) 
$Departure Location: Hyperspace
$Departure Cue: ( false ) 
$Determination: 10
+Flags: ( "no-shields" "escort" )
+Flags2: ( )
+Respawn priority: 0
+Escort priority: 40
+Orders Accepted: 0		;! note that this is a bitfield!!!
+Group: 0
+Use Table Score:
+Score: 300

$Name: Gaderel		;! Object #32
$Display Name: XSTR("Gaderel", 9102)
$Class: SC Cain
$Team: Hostile
$Location: -1714.525635, -309.343353, -1532.496460
$Orientation:
	0.673965, 0.322943, -0.664438,
	-0.172338, 0.943307, 0.283674,
	0.718380, -0.076678, 0.691412
$AI Behavior: None
$AI Goals: ( goals ( ai-waypoints-once "shivan attack 3" 50 ) )
$Cargo 1:  XSTR("Nothing", 13)
+Initial Velocity: 33
+Initial Hull: 100
+Initial Shields: 100
+Subsystem: Pilot
+Subsystem: turret01
+Subsystem: turret02
+Subsystem: turret03
+Subsystem: turret04
+Subsystem: turret05
+Subsystem: turret06
+Subsystem: turret07
+Subsystem: turret08
+Subsystem: turret09
$Arrival Location: Hyperspace
$Arrival Cue: ( has-arrived-delay 1 "Asakku" ) 
$Departure Location: Hyperspace
$Departure Cue: ( false ) 
$Determination: 10
+Flags: ( "no-shields" "escort" )
+Flags2: ( )
+Respawn priority: 0
+Escort priority: 40
+Orders Accepted: 0		;! note that this is a bitfield!!!
+Group: 0
+Use Table Score:
+Score: 150

$Name: Behemoth		;! Object #33
$Display Name: XSTR("Behemoth", 9103)
$Class: SC Lilith
$Team: Hostile
$Location: -1635.255737, 458.160614, -1683.161987
$Orientation:
	0.584987, -0.263647, -0.766995,
	-0.059951, 0.929046, -0.365076,
	0.808824, 0.259547, 0.527674
$AI Behavior: None
$AI Goals: ( goals ( ai-waypoints-once "shivan attack 2" 50 ) )
$Cargo 1:  XSTR("Nothing", 13)
+Initial Velocity: 33
+Initial Hull: 100
+Initial Shields: 100
+Subsystem: Pilot
+Subsystem: turret01
+Subsystem: turret02
+Subsystem: turret03
+Subsystem: turret04
+Subsystem: turret05
+Subsystem: turret06
+Subsystem: turret07
+Subsystem: turret08
+Subsystem: turret09
$Arrival Location: Hyperspace
$Arrival Cue: ( or 
   ( has-arrived-delay 105 "Asbel" ) 
   ( has-arrived-delay 30 "Checkpoint 2" ) 
)
$Departure Location: Hyperspace
$Departure Cue: ( false ) 
$Determination: 10
+Flags: ( "no-shields" "escort" )
+Flags2: ( )
+Respawn priority: 0
+Escort priority: 40
+Orders Accepted: 0		;! note that this is a bitfield!!!
+Group: 0
+Use Table Score:
+Score: 210

$Name: Hastur		;! Object #34
$Display Name: XSTR("Hastur", 9104)
$Class: SFg Moloch
$Team: Hostile
$Location: -1751.853638, 238.707687, -1356.378174
$Orientation:
	0.774407, -0.078241, -0.627831,
	-0.030026, 0.986661, -0.159995,
	0.631973, 0.142753, 0.761728
$AI Behavior: None
$AI Goals: ( goals ( ai-waypoints-once "shivan attack 3" 50 ) )
$Cargo 1:  XSTR("Nothing", 13)
+Initial Velocity: 33
+Initial Hull: 100
+Initial Shields: 100
+Subsystem: Pilot
+Subsystem: turret01
+Subsystem: turret02
+Subsystem: turret03
+Subsystem: turret04
+Subsystem: turret05
+Subsystem: turret06
+Subsystem: turret07
+Subsystem: turret08
+Subsystem: turret09
+Subsystem: turret10
+Subsystem: turret11
+Subsystem: turret12
+Subsystem: turret13
+Subsystem: turret14
+Subsystem: turret15
+Subsystem: turret16
$Arrival Location: Hyperspace
+Arrival Delay: 2
$Arrival Cue: ( has-arrived-delay 9 "Behemoth" ) 
$Departure Location: Hyperspace
$Departure Cue: ( false ) 
$Determination: 10
+Flags: ( "no-shields" "escort" )
+Flags2: ( )
+Respawn priority: 0
+Escort priority: 40
+Orders Accepted: 0		;! note that this is a bitfield!!!
+Group: 0
+Use Table Score:
+Score: 440

$Name: Byahkee		;! Object #35
$Display Name: XSTR("Byahkee", 7425)
$Class: SC Daeva
$Team: Hostile
$Location: -1573.194702, -137.106415, -2170.893311
$Orientation:
	0.364453, -0.203860, -0.908633,
	0.137897, 0.976801, -0.163844,
	0.920955, -0.065584, 0.384110
$AI Behavior: None
$AI Goals: ( goals ( ai-waypoints-once "shivan attack 1" 50 ) )
$Cargo 1:  XSTR("Nothing", 13)
+Initial Velocity: 33
+Initial Hull: 100
+Initial Shields: 100
+Subsystem: Pilot
+Subsystem: turret01
+Subsystem: turret02
+Subsystem: turret03
+Subsystem: turret04
+Subsystem: turret05
+Subsystem: turret06
+Subsystem: turret07
+Subsystem: turret08
+Subsystem: turret09
+Subsystem: turret10
+Subsystem: turret11
+Subsystem: turret12
+Subsystem: turret13
+Subsystem: turret14
$Arrival Location: Hyperspace
$Arrival Cue: ( has-arrived-delay 9 "Behemoth" ) 
$Departure Location: Hyperspace
$Departure Cue: ( false ) 
$Determination: 10
+Flags: ( "no-shields" "escort" )
+Flags2: ( )
+Respawn priority: 0
+Escort priority: 40
+Orders Accepted: 0		;! note that this is a bitfield!!!
+Group: 0
+Use Table Score:
+Score: 250

$Name: Angra Mainyu		;! Object #36
$Display Name: XSTR("Angra Mainyu", 9105)
$Class: SD Demon
$Team: Hostile
$Location: -3670.192383, 189.540756, -2455.643311
$Orientation:
	0.398943, 0.123408, -0.908633,
	-0.228035, 0.973125, 0.032046,
	0.888168, 0.194416, 0.416363
$AI Behavior: None
$AI Goals: ( goals ( ai-waypoints-once "Angra path" 50 ) )
$Cargo 1:  XSTR("Nothing", 13)
+Initial Velocity: 33
+Initial Hull: 100
+Initial Shields: 100
+Subsystem: Pilot
+Subsystem: turret01-base
+Subsystem: turret02-base
+Subsystem: turret03a-base
