#Mission Info

$Version: 0.10
$Name:  XSTR("Rain of Stings", 7989)
$Author: Exile Team
$Created: 05/10/14 at 17:07:35
$Modified: 03/04/18 at 13:21:29
$Notes:
This is a FRED2_OPEN created mission.
$End Notes:

$Mission Desc:
 XSTR("Put mission description here
", 2304)
$end_multi_text
+Game Type Flags: 1
+Flags: 2240
+Fog Near Mult: 1.000000

+Fog Far Mult: 1.000000

+Disallow Support: 0
+Hull Repair Ceiling: 60.000000
+Subsystem Repair Ceiling: 100.000000

+Viewer pos: -48.490002, 7128.837402, -2620.462402
+Viewer orient:
	0.983683, -0.000011, -0.179909,
	0.170005, 0.327268, 0.929513,
	0.058868, -0.944932, 0.321930


$Load Screen 1024: Loading_M15.png

$Skybox Model: StarField.pof

$AI Profile: Exile

#Sexp_variables

$Variables:
(
		0		"achievement11"		"0"		"number"
		1		"achievement_count"		"0"		"number"
		2		"achievement_total"		"19"		"number"
		3		"agility"		"0"		"number"
		4		"checkpoint1"		"0"		"number"		"player-persistent"
		5		"dioneexpress"		"0"		"number"
		6		"filename"		"a"		"string"
		7		"fleet_population"		"1198732"		"number"		"campaign-persistent"
		8		"lambda11"		"0"		"number"
		9		"loadship"		"a"		"string"
		10		"nandi"		"0"		"number"
		11		"saveexist"		"2"		"number"
		12		"trooptransport43"		"0"		"number"
		13		"uhihauler18"		"0"		"number"
		14		"autoGenVar1"		"#Spark"		"string"
		15		"autoGenVar2"		"#Ironclad"		"string"
)

#Command Briefing

#Briefing
$start_briefing
$num_stages: 5
$start_stage
$multi_text
 XSTR("$B Tactical $B Arbiter $B Thynne:
Pilots, we're facing a difficult situation. As you know, Shivan forces have broken our blockade of the $B Naos jump node and are moving further into $B Cor $B Caroli as we speak. The $R Tyrant remains near the Naos jump node, but a large number of Shivan warships are scouring the system in search of any $G Syndicate warships. The $G Ironclad's battle group was preparing to head to $B Delta $B Lacertae, but the Shivans were one step ahead of us. A large Shivan battlegroup led by the $R SD $R Chaya, a Ravana-class destroyer, has seized control over the $B Delta $B Lacertae jump node and is blocking our only escape path. 

Until we break that blockade, we are cut off from the rest of the fleet and trapped in $B Cor $B Caroli with the Shivans.", 7990)
$end_multi_text
$voice: none.wav
$camera_pos: 2837.687256, 20516.933594, -1838.938721
$camera_orient:
	0.999970, -0.000011, 0.007751,
	-0.007627, 0.176510, 0.984269,
	-0.001379, -0.984299, 0.176504
$camera_time: 500
$num_lines: 0
$num_icons: 4
$Flags: 0
$Formula: ( true ) 
$start_icon
$type: 33
$team: Friendly
$class: GTNB Pharos
$pos: 14167.992188, 0.000275, 1221.777466
$label: XSTR("Delta Lacertae", 7399)
+id: 1
$hlight: 0
$mirror: 0
$multi_text
$end_multi_text
$end_icon
$start_icon
$type: 6
$team: Hostile
$class: SD Ravana
$pos: 6092.695313, 675.868774, 1219.750977
$label: XSTR("Shivan blockade", 7991)
+id: 2
$hlight: 1
$mirror: 0
$multi_text
$end_multi_text
$end_icon
$start_icon
$type: 19
$team: Hostile
$class: SC Cain
$pos: 7766.507813, -413.412506, -3417.893799
+id: 3
$hlight: 1
$mirror: 0
$multi_text
$end_multi_text
$end_icon
$start_icon
$type: 19
$team: Hostile
$class: SC Cain
$pos: 8046.649902, -413.412506, 6139.972168
+id: 4
$hlight: 1
$mirror: 0
$multi_text
$end_multi_text
$end_icon
$end_stage
$start_stage
$multi_text
 XSTR("The Ironclad's battlegroup is not in good shape. Most of the ships, including the Ironclad itself, took heavy damage in the engagement with Shivan forces at the Naos jump node. We simply don't have the strength to attempt a full-scale assault on the $R Chaya and the other Shivan warships at the Delta Lacertae jump node. 

What's more, we have a couple of laggards from the $G Colony $G Fleet who did not reach $B Delta $B Lacertae before the Shivans secured the node. We cannot leave these civilians vulnerable.", 7992)
$end_multi_text
$voice: none.wav
$camera_pos: -28625.830078, 20516.933594, -2082.799316
$camera_orient:
	0.999970, -0.000011, 0.007751,
	-0.007627, 0.176509, 0.984269,
	-0.001379, -0.984299, 0.176504
$camera_time: 500
$num_lines: 0
$num_icons: 3
$Flags: 0
$Formula: ( true ) 
$start_icon
$type: 6
$team: Friendly
$class: ORD Orion
$pos: -23200.949219, 2222.579102, 849.702148
$label: XSTR("Ironclad", 7185)
+id: 12
$hlight: 0
$mirror: 1
$multi_text
$end_multi_text
$end_icon
$start_icon
$type: 19
$team: Friendly
$class: ORFg Vitalius
$pos: -30838.710938, -330.234955, 4521.144531
$label: XSTR("Ironclad battlegroup", 7993)
+id: 13
$hlight: 0
$mirror: 1
$multi_text
$end_multi_text
$end_icon
$start_icon
$type: 14
$team: Friendly
$class: ORFR Poseidon
$pos: -30549.386719, 550.041809, -1779.165283
$label: XSTR("Colony Fleet marauders", 7994)
+id: 14
$hlight: 0
$mirror: 1
$multi_text
$end_multi_text
$end_icon
$end_stage
$start_stage
$multi_text
 XSTR("For these reasons, before the $G Ironclad can be deployed, we need to soften the Shivan defenses with an artillery strike. The $G ORFA $G Akka and $G ORFA $G Vijayawada will attack the blockade from a distance with a simple objective: mess things up as much as possible. The long range of their main railguns will allow the Akka and the Vijayawada to inflict severe damage on enemy warships before they can close to return fire. 
 
 Once the frigates are in position, the Shivans will no doubt launch bomber strikes against them. $G Alpha and $G Beta wings will assist the frigates and do whatever it takes to repel these strikes. We cannot risk sending in the Ironclad until the Shivan forces are weakened, so we need to buy time for the $G Akka and $G Vijayawada to chip away at their defenses.", 7995)
$end_multi_text
$voice: none.wav
$camera_pos: 116.211853, 20516.933594, -1860.033203
$camera_orient:
	0.999970, -0.000011, 0.007751,
	-0.007627, 0.176509, 0.984269,
	-0.001379, -0.984299, 0.176504
$camera_time: 500
$num_lines: 0
$num_icons: 8
$Flags: 0
$Formula: ( true ) 
$start_icon
$type: 33
$team: Friendly
$class: GTNB Pharos
$pos: 12530.152344, 0.000275, 2135.533691
$label: XSTR("Delta Lacertae", 7399)
+id: 1
$hlight: 0
$mirror: 0
$multi_text
$end_multi_text
$end_icon
$start_icon
$type: 6
$team: Hostile
$class: SD Ravana
$pos: 6092.695313, 675.868774, 1219.750977
$label: XSTR("Shivan blockade", 7991)
+id: 2
$hlight: 0
$mirror: 0
$multi_text
$end_multi_text
$end_icon
$start_icon
$type: 19
$team: Hostile
$class: SC Cain
$pos: 7766.507813, -413.412506, -3417.893799
+id: 3
$hlight: 0
$mirror: 0
$multi_text
$end_multi_text
$end_icon
$start_icon
$type: 19
$team: Hostile
$class: SC Cain
$pos: 8046.649902, 2110.937988, 6139.972168
+id: 4
$hlight: 0
$mirror: 0
$multi_text
$end_multi_text
$end_icon
$start_icon
$type: 28
$team: Friendly
$class: ORFA Agneya
$pos: -9471.730469, 2009.435425, 4633.037598
$label: XSTR("Akka", 6891)
+id: 5
$hlight: 1
$mirror: 1
$multi_text
$end_multi_text
$end_icon
$start_icon
$type: 28
$team: Friendly
$class: ORFA Agneya
$pos: -9273.929688, 1087.760742, -435.980774
$label: XSTR("Vijayawada", 7996)
+id: 6
$hlight: 1
$mirror: 1
$multi_text
$end_multi_text
$end_icon
$start_icon
$type: 1
$team: Friendly
$class: ORF Encantona
$pos: -81.283516, -1.295563, 5313.348145
$label: XSTR("Alpha", 6696)
+id: 9
$hlight: 0
$mirror: 0
$multi_text
$end_multi_text
$end_icon
$start_icon
$type: 1
$team: Friendly
$class: ORF Encantona
$pos: -63.292477, -1.295563, -1008.232361
$label: XSTR("Beta", 6695)
+id: 10
$hlight: 0
$mirror: 0
$multi_text
$end_multi_text
$end_icon
$end_stage
$start_stage
$multi_text
 XSTR("Once the Shivan defenses are softened enough, the $G Ironclad and our remaining warships, together with the civilian vessels, will enter the field of engagement and fight their way through the Shivan lines. $G Sword wing from the $G EFFg $G Andrasta will be held as backup and deployed alongside the Ironclad, or earlier if the Fleetmaster decides we need additional fighter cover. All fighter wings must protect our forces as they make their way to $B Delta $B Lacertae.", 7997)
$end_multi_text
$voice: none.wav
$camera_pos: -4915.500488, 26694.853516, -3006.885010
$camera_orient:
	0.999970, -0.000011, 0.007751,
	-0.007627, 0.176509, 0.984269,
	-0.001379, -0.984299, 0.176504
$camera_time: 500
$num_lines: 0
$num_icons: 12
$Flags: 0
$Formula: ( true ) 
$start_icon
$type: 33
$team: Friendly
$class: GTNB Pharos
$pos: 12530.152344, 0.000275, 2135.533691
$label: XSTR("Delta Lacertae", 7399)
+id: 1
$hlight: 0
$mirror: 0
$multi_text
$end_multi_text
$end_icon
$start_icon
$type: 6
$team: Hostile
$class: SD Ravana
$pos: 6092.695313, 675.868774, 1219.750977
$label: XSTR("Shivan blockade", 7991)
+id: 2
$hlight: 0
$mirror: 0
$multi_text
$end_multi_text
$end_icon
$start_icon
$type: 19
$team: Hostile
$class: SC Cain
$pos: 8026.053711, -413.412506, -3420.467773
+id: 3
$hlight: 0
$mirror: 0
$multi_text
$end_multi_text
$end_icon
$start_icon
$type: 19
$team: Hostile
$class: SC Cain
$pos: 8046.649902, 2110.937988, 6139.972168
+id: 4
$hlight: 0
$mirror: 0
$multi_text
$end_multi_text
$end_icon
$start_icon
$type: 28
$team: Friendly
$class: ORFA Agneya
$pos: -19096.939453, 3179.000000, 6108.300293
$label: XSTR("Akka", 6891)
+id: 5
$hlight: 0
$mirror: 1
$multi_text
$end_multi_text
$end_icon
$start_icon
$type: 28
$team: Friendly
$class: ORFA Agneya
$pos: -18949.503906, 2257.324707, -2077.790771
$label: XSTR("Vijayawada", 7996)
+id: 6
$hlight: 0
$mirror: 1
$multi_text
$end_multi_text
$end_icon
$start_icon
$type: 6
$team: Friendly
$class: ORD Orion
$pos: -6792.850586, -720.624878, 7532.787598
$label: XSTR("Ironclad", 7185)
+id: 7
$hlight: 0
$mirror: 1
$multi_text
$end_multi_text
$end_icon
$start_icon
$type: 19
$team: Friendly
$class: ORFg Vitalius
$pos: -7941.503418, 149.396591, -4917.493164
$label: XSTR("Ironclad battlegroup", 7993)
+id: 8
$hlight: 0
$mirror: 1
$multi_text
$end_multi_text
$end_icon
$start_icon
$type: 1
$team: Friendly
$class: ORF Encantona
$pos: -20.221308, -1.295563, 6009.018555
$label: XSTR("Alpha", 6696)
+id: 9
$hlight: 0
$mirror: 0
$multi_text
$end_multi_text
$end_icon
$start_icon
$type: 1
$team: Friendly
$class: ORF Encantona
$pos: 322.264954, -1.295563, -5267.148438
$label: XSTR("Beta", 6695)
+id: 10
$hlight: 0
$mirror: 0
$multi_text
$end_multi_text
$end_icon
$start_icon
$type: 1
$team: Friendly
$class: EFF Sabre
$pos: -530.685120, 0.000000, 526.105713
$label: XSTR("Sword", 6887)
+id: 11
$hlight: 0
$mirror: 0
$multi_text
$end_multi_text
$end_icon
$start_icon
$type: 14
$team: Friendly
$class: ORFR Poseidon
$pos: -9819.064453, 550.041809, 1847.521729
$label: XSTR("Colony Fleet marauders", 7994)
+id: 14
$hlight: 0
$mirror: 1
$multi_text
$end_multi_text
$end_icon
$end_stage
$start_stage
$multi_text
 XSTR("To put things simply, we have one chance to get this right. If we don't break through, we're all going to hell. 

Everything clear? Any questions? 

No? Good. Let's get the job done.", 7998)
$end_multi_text
$voice: none.wav
$camera_pos: 116.211853, 20516.933594, -1860.033203
$camera_orient:
	0.999970, -0.000011, 0.007751,
	-0.007627, 0.176509, 0.984269,
	-0.001379, -0.984299, 0.176504
$camera_time: 500
$num_lines: 0
$num_icons: 2
$Flags: 0
$Formula: ( true ) 
$start_icon
$type: 6
$team: Friendly
$class: ORD Orion
$pos: -23200.949219, 2222.579102, 849.702148
$label: XSTR("Ironclad", 7185)
+id: 12
$hlight: 0
$mirror: 0
$multi_text
$end_multi_text
$end_icon
$start_icon
$type: 19
$team: Friendly
$class: ORFg Vitalius
$pos: -30838.710938, -330.234955, 4521.144531
$label: XSTR("Ironclad battlegroup", 7993)
+id: 13
$hlight: 0
$mirror: 0
$multi_text
$end_multi_text
$end_icon
$end_stage
$end_briefing

#Debriefing_info

$Num stages: 0

#Callsigns:
$Callsign: XSTR("Fives", 7361)
$Callsign: XSTR("Echo", 7362)
$Callsign: XSTR("Harper", 5869)
$Callsign: XSTR("Duke", 5872)
$Callsign: XSTR("Nielsen", 5875)
$Callsign: XSTR("Nishimura", 7547)

#end


#Players		;! 1 total

$Starting Shipname: Beta 1
$Ship Choices: (
	"ORF Encantona"	5
	"ORF Encantona#2banks"	5
)

+Weaponry Pool: (
	"Pulsar PC-9"	100
	"Prometheus N"	108
	"Defiler LPC"	16
	"Stinger"	484
	"MX-112"	500
	"Vortex"	820
)

#Objects		;! 93 total

$Name: Beta 1		;! Object #0
$Display Name: XSTR("Beta 1", 5765)
$Class: ORF Encantona
$Team: Friendly
$Team Color Setting: Roaming Fleet
$Location: -2861.728271, 2111.453613, 1560.854126
$Orientation:
	-0.089085, 0.000000, -0.996024,
	0.000000, 1.000000, 0.000000,
	0.996024, 0.000000, -0.089085
$AI Behavior: None
$Cargo 1:  XSTR("Nothing", 13)
+Initial Hull: 100
+Subsystem: Pilot
$Arrival Location: Hyperspace
$Arrival Cue: ( false ) 
$Departure Location: Hyperspace
$Departure Cue: ( false ) 
$Determination: 10
+Flags: ( "cargo-known" "player-start" )
+Flags2: ( )
+Respawn priority: 0
+Orders Accepted: 33023		;! note that this is a bitfield!!!
+Group: 0
+Score: 8

$Name: Beta 2		;! Object #1
$Display Name: XSTR("Beta 2", 5766)
$Class: ORF Encantona
$Callsign: XSTR("Fives", 7361)

$Team: Friendly
$Team Color Setting: Roaming Fleet
$Location: -2931.561279, 2111.453613, 1587.206543
$Orientation:
	-0.089085, 0.000000, -0.996024,
	0.000000, 1.000000, 0.000000,
	0.996024, 0.000000, -0.089085
$AI Behavior: None
$Cargo 1:  XSTR("Nothing", 13)
+Initial Velocity: 33
+Initial Hull: 100
+Subsystem: Pilot
$Arrival Location: Hyperspace
$Arrival Cue: ( false ) 
$Departure Location: Hyperspace
$Departure Cue: ( false ) 
$Determination: 10
+Flags: ( "cargo-known" )
+Flags2: ( )
+Respawn priority: 0
+Orders Accepted: 33023		;! note that this is a bitfield!!!
+Group: 0
+Use Table Score:
+Score: 30
+Persona Index: 13

$Name: Beta 3		;! Object #2
$Display Name: XSTR("Beta 3", 5767)
$Class: ORF Encantona
$Callsign: XSTR("Echo", 7362)

$Team: Friendly
$Team Color Setting: Roaming Fleet
$Location: -2910.695313, 2111.453613, 1506.483643
$Orientation:
	-0.089085, 0.000000, -0.996024,
	0.000000, 1.000000, 0.000000,
	0.996024, 0.000000, -0.089085
$AI Behavior: None
$Cargo 1:  XSTR("Nothing", 13)
+Initial Velocity: 33
+Initial Hull: 100
+Subsystem: Pilot
$Arrival Location: Hyperspace
$Arrival Cue: ( false ) 
$Departure Location: Hyperspace
$Departure Cue: ( false ) 
$Determination: 10
+Flags: ( "cargo-known" )
+Flags2: ( )
+Respawn priority: 0
+Orders Accepted: 33023		;! note that this is a bitfield!!!
+Group: 0
+Use Table Score:
+Score: 30
+Persona Index: 14

$Name: Beta 4		;! Object #3
$Display Name: XSTR("Beta 4", 5768)
$Class: ORF Encantona
$Team: Friendly
$Team Color Setting: Roaming Fleet
$Location: -2959.772949, 2111.453613, 1513.188110
$Orientation:
	-0.089085, 0.000000, -0.996024,
	0.000000, 1.000000, 0.000000,
	0.996024, 0.000000, -0.089085
$AI Behavior: None
$Cargo 1:  XSTR("Nothing", 13)
+Initial Velocity: 33
+Initial Hull: 100
+Subsystem: Pilot
$Arrival Location: Hyperspace
$Arrival Cue: ( false ) 
$Departure Location: Hyperspace
$Departure Cue: ( false ) 
$Determination: 10
+Flags: ( "cargo-known" )
+Flags2: ( )
+Respawn priority: 0
+Orders Accepted: 33023		;! note that this is a bitfield!!!
+Group: 0
+Use Table Score:
+Score: 30
+Persona Index: 3

$Name: Alpha 1		;! Object #4
$Display Name: XSTR("Alpha 1", 5745)
$Class: ORF Encantona
$Callsign: XSTR("Harper", 5869)

$Team: Friendly
$Team Color Setting: Roaming Fleet
$Location: -3184.807373, 1177.428467, -155.054031
$Orientation:
	-0.059169, 0.000000, -0.998248,
	0.000000, 1.000000, 0.000000,
	0.998248, 0.000000, -0.059169
$AI Behavior: None
$Cargo 1:  XSTR("Nothing", 13)
+Initial Velocity: 33
+Initial Hull: 100
+Subsystem: Pilot
$Arrival Location: Hyperspace
$Arrival Cue: ( false ) 
$Departure Location: Hyperspace
$Departure Cue: ( false ) 
$Determination: 10
+Flags: ( "cargo-known" )
+Flags2: ( "ship-locked" "weapons-locked" )
+Respawn priority: 0
+Orders Accepted: 0		;! note that this is a bitfield!!!
+Group: 0
+Use Table Score:
+Score: 30
+Persona Index: 7

$Name: Alpha 2		;! Object #5
$Display Name: XSTR("Alpha 2", 5890)
$Class: ORF Encantona
$Callsign: XSTR("Nielsen", 5875)

$Team: Friendly
$Team Color Setting: Roaming Fleet
$Location: -3212.255371, 1174.837402, -221.912170
$Orientation:
	-0.059169, 0.000000, -0.998248,
	0.000000, 1.000000, 0.000000,
	0.998248, 0.000000, -0.059169
$AI Behavior: None
$Cargo 1:  XSTR("Nothing", 13)
+Initial Velocity: 33
+Initial Hull: 100
+Subsystem: Pilot
$Arrival Location: Hyperspace
$Arrival Cue: ( false ) 
$Departure Location: Hyperspace
$Departure Cue: ( false ) 
$Determination: 10
+Flags: ( "cargo-known" )
+Flags2: ( "ship-locked" "weapons-locked" )
+Respawn priority: 0
+Orders Accepted: 0		;! note that this is a bitfield!!!
+Group: 0
+Use Table Score:
+Score: 30
+Persona Index: 9

$Name: Alpha 3		;! Object #6
$Display Name: XSTR("Alpha 3", 5891)
$Class: ORF Encantona
$Callsign: XSTR("Nishimura", 7547)

$Team: Friendly
$Team Color Setting: Roaming Fleet
$Location: -3167.783203, 1177.428467, -216.611389
$Orientation:
	-0.059169, 0.000000, -0.998248,
	0.000000, 1.000000, 0.000000,
	0.998248, 0.000000, -0.059169
$AI Behavior: None
$Cargo 1:  XSTR("Nothing", 13)
+Initial Velocity: 33
+Initial Hull: 100
+Subsystem: Pilot
$Arrival Location: Hyperspace
$Arrival Cue: ( false ) 
$Departure Location: Hyperspace
$Departure Cue: ( false ) 
$Determination: 10
+Flags: ( "cargo-known" )
+Flags2: ( "ship-locked" "weapons-locked" )
+Respawn priority: 0
+Orders Accepted: 0		;! note that this is a bitfield!!!
+Group: 0
+Use Table Score:
+Score: 30
+Persona Index: 15

$Name: Alpha 4		;! Object #7
$Display Name: XSTR("Alpha 4", 5892)
$Class: ORF Encantona
$Team: Friendly
$Team Color Setting: Roaming Fleet
$Location: -3181.270508, 1177.428467, -297.662903
$Orientation:
	-0.059169, 0.000000, -0.998248,
	0.000000, 1.000000, 0.000000,
	0.998248, 0.000000, -0.059169
$AI Behavior: None
$Cargo 1:  XSTR("Nothing", 13)
+Initial Velocity: 33
+Initial Hull: 100
+Subsystem: Pilot
$Arrival Location: Hyperspace
$Arrival Cue: ( false ) 
$Departure Location: Hyperspace
$Departure Cue: ( false ) 
$Determination: 10
+Flags: ( "cargo-known" )
+Flags2: ( "ship-locked" "weapons-locked" )
+Respawn priority: 0
+Orders Accepted: 0		;! note that this is a bitfield!!!
+Group: 0
+Use Table Score:
+Score: 30
+Persona Index: 2

$Name: Ironclad		;! Object #8
$Display Name: XSTR("Ironclad", 7185)
$Class: ORD Orion
$Team: Friendly
$Location: -5778.169434, -980.599976, 454.755341
$Orientation:
	-0.018857, 0.188859, -0.981823,
	0.003627, 0.982004, 0.188824,
	0.999816, 0.000000, -0.019203
$AI Behavior: None
$AI Goals: ( goals ( ai-waypoints-once "ironclad path" 55 ) )
$Cargo 1:  XSTR("Nothing", 13)
+Initial Velocity: 33
+Initial Hull: 29
+Initial Shields: 100
+Subsystem: Pilot
+Subsystem: turret01a
+Subsystem: turret02a
+Subsystem: turret03a
+Subsystem: turret04a
+Subsystem: turret05a
+Subsystem: turret06
+Subsystem: turret07
+Subsystem: turret08
+Subsystem: turret09
+Subsystem: turret10
+Subsystem: turret11
+Subsystem: turret12
+Subsystem: turret13
+Subsystem: turret14
+Subsystem: turret15
+Subsystem: turret16
+Subsystem: turret17
+Subsystem: turret18
+Subsystem: turret19
+Subsystem: turret20
+Subsystem: turret21
+Subsystem: turret22
+Subsystem: turret23
+Subsystem: turret24a
+Subsystem: turret25a
+Subsystem: turret26a
+Subsystem: turret27a
+Subsystem: turret28a
$Arrival Location: Hyperspace
$Arrival Cue: ( or 
   ( is-event-true-delay "msg18,5" 35 ) 
   ( has-arrived-delay 27 "Checkpoint 1" ) 
)
$Departure Location: Hyperspace
$Departure Cue: ( < 
   ( distance 
      "Ironclad" 
      "ironclad path:2" 
   )
   2250 
)
$Determination: 10
+Flags: ( "cargo-known" "no-shields" "escort" )
+Flags2: ( )
+Respawn priority: 0
+Escort priority: 20
+Orders Accepted: 0		;! note that this is a bitfield!!!
+Group: 0
+Use Table Score:
+Score: 1000
$Texture Replace:
+old: nameplate
+new: nameplate-ironclad

$Name: Shangri La		;! Object #9
$Display Name: XSTR("Shangri La", 7186)
$Class: ORFg Vitalius
$Team: Friendly
$Team Color Setting: Roaming Fleet
$Location: -2505.573486, 1089.115234, 690.302429
$Orientation:
	-0.018227, 0.314567, -0.949061,
	0.006040, 0.949235, 0.314509,
	0.999816, 0.000000, -0.019202
$AI Behavior: None
$AI Goals: ( goals ( ai-waypoints-once "shangri la path" 55 ) )
$Cargo 1:  XSTR("Nothing", 13)
+Initial Velocity: 33
+Initial Hull: 56
+Initial Shields: 100
+Subsystem: Pilot
+Subsystem: turret01a
+Subsystem: turret02a
+Subsystem: turret03a
+Subsystem: turret04
+Subsystem: turret05
+Subsystem: turret06
+Subsystem: turret07
+Subsystem: turret08
+Subsystem: turret09
+Subsystem: turret10
+Subsystem: turret11
+Subsystem: turret12
+Subsystem: turret13
+Subsystem: turret14
+Subsystem: turret15
+Subsystem: turret16
+Subsystem: turret17
+Subsystem: turret18
+Subsystem: turret19
+Subsystem: turret20
+Subsystem: turret21
+Subsystem: turret22
+Subsystem: turret23
+Subsystem: turret24
+Subsystem: turret25
+Subsystem: turret26
+Subsystem: turret27
+Subsystem: turret28
+Subsystem: turret29
+Subsystem: turret30
$Arrival Location: Hyperspace
+Arrival Delay: 1
$Arrival Cue: ( has-arrived-delay 2 "Ironclad" ) 
$Departure Location: Hyperspace
+Departure delay: 5
$Departure Cue: ( and 
   ( are-waypoints-done-delay 
      "Shangri La" 
      "shangri la path" 
      0 
   )
   ( or 
      ( < ( hits-left "Shangri La" ) 17 ) 
      ( and 
         ( destroyed-or-departed-delay 
            0 
            "Lambda 11" 
            "Dione Express" 
            "UHI Hauler 18" 
            "Agility" 
            "Troop Transport 43" 
            "ORFR-35-62-28B" 
         )
         ( or 
            ( not ( has-arrived-delay 0 "Nandi" ) ) 
            ( destroyed-or-departed-delay 
               0 
               "Nandi" 
            )
         )
      )
   )
)
$Determination: 10
+Flags: ( "cargo-known" "no-shields" "escort" )
+Flags2: ( )
+Respawn priority: 0
+Escort priority: 18
+Orders Accepted: 0		;! note that this is a bitfield!!!
+Group: 0
+Use Table Score:
+Score: 8
$Texture Replace:
+old: nameplate
+new: nameplate-shangrila

$Name: Harmattan		;! Object #10
$Display Name: XSTR("Harmattan", 5880)
$Class: ORFg Vitalius
$Team: Friendly
$Team Color Setting: Roaming Fleet
$Location: -2196.855225, -0.003765, 1086.201660
$Orientation:
	-0.017032, 0.461779, -0.886832,
	0.008867, 0.886995, 0.461694,
	0.999816, 0.000000, -0.019202
$AI Behavior: None
$AI Goals: ( goals ( ai-waypoints-once "harmattan path" 55 ) )
$Cargo 1:  XSTR("Nothing", 13)
+Initial Velocity: 33
+Initial Hull: 58
+Initial Shields: 100
+Subsystem: Pilot
+Subsystem: turret01a
+Subsystem: turret02a
+Subsystem: turret03a
+Subsystem: turret04
+Subsystem: turret05
+Subsystem: turret06
+Subsystem: turret07
+Subsystem: turret08
+Subsystem: turret09
+Subsystem: turret10
+Subsystem: turret11
+Subsystem: turret12
+Subsystem: turret13
+Subsystem: turret14
+Subsystem: turret15
+Subsystem: turret16
+Subsystem: turret17
+Subsystem: turret18
+Subsystem: turret19
+Subsystem: turret20
+Subsystem: turret21
+Subsystem: turret22
+Subsystem: turret23
+Subsystem: turret24
+Subsystem: turret25
+Subsystem: turret26
+Subsystem: turret27
+Subsystem: turret28
+Subsystem: turret29
+Subsystem: turret30
$Arrival Location: Hyperspace
+Arrival Delay: 3
$Arrival Cue: ( has-arrived-delay 2 "Ironclad" ) 
$Departure Location: Hyperspace
+Departure delay: 5
$Departure Cue: ( and 
   ( are-waypoints-done-delay 
      "Harmattan" 
      "harmattan path" 
      0 
   )
   ( or 
      ( < ( hits-left "Harmattan" ) 14 ) 
      ( and 
         ( destroyed-or-departed-delay 
            0 
            "Lambda 11" 
            "Dione Express" 
            "UHI Hauler 18" 
            "Agility" 
            "Troop Transport 43" 
            "ORFR-35-62-28B" 
         )
         ( or 
            ( not ( has-arrived-delay 0 "Nandi" ) ) 
            ( destroyed-or-departed-delay 
               0 
               "Nandi" 
            )
         )
      )
   )
)
$Determination: 10
+Flags: ( "cargo-known" "no-shields" "escort" )
+Flags2: ( )
+Respawn priority: 0
+Escort priority: 18
+Orders Accepted: 0		;! note that this is a bitfield!!!
+Group: 0
+Use Table Score:
+Score: 8
$Texture Replace:
+old: nameplate
+new: nameplate-harmattan

$Name: Andrasta		;! Object #11
$Display Name: XSTR("Andrasta", 5877)
$Class: EFFg Solomon
$Team: Friendly
$Location: -2495.455322, -131.163193, -1218.224854
$Orientation:
	-0.017971, -0.352274, -0.935725,
	-0.006764, 0.935897, -0.352210,
	0.999816, 0.000000, -0.019202
$AI Behavior: None
$AI Goals: ( goals ( ai-waypoints-once "andrasta path" 55 ) )
$Cargo 1:  XSTR("Nothing", 13)
+Initial Hull: 47
+Initial Shields: 100
+Subsystem: Pilot
+Subsystem: turret01
+Subsystem: turret02
+Subsystem: turret03
+Subsystem: turret04
+Subsystem: turret05
+Subsystem: turret06
+Subsystem: turret07
+Subsystem: turret08
+Subsystem: turret09
+Subsystem: turret10
+Subsystem: turret11
+Subsystem: turret12
+Subsystem: turret13
+Subsystem: turret14
+Subsystem: turret15
+Subsystem: turret16
+Subsystem: turret17
+Subsystem: turret18
+Subsystem: turret19
+Subsystem: turret20
+Subsystem: turret21
+Subsystem: turret22
+Subsystem: turret23
+Subsystem: turret24
+Subsystem: turret25
+Subsystem: turret26
+Subsystem: turret27
+Subsystem: turret28
+Subsystem: turret29
+Subsystem: turret30
+Subsystem: turret31
+Subsystem: turret32
+Subsystem: turret33
+Subsystem: turret34
$Arrival Location: Hyperspace
+Arrival Delay: 2
$Arrival Cue: ( has-arrived-delay 2 "Ironclad" ) 
$Departure Location: Hyperspace
+Departure delay: 5
$Departure Cue: ( and 
   ( are-waypoints-done-delay 
      "Andrasta" 
      "andrasta path" 
      0 
   )
   ( or 
      ( < ( hits-left "Andrasta" ) 19 ) 
      ( and 
         ( destroyed-or-departed-delay 
            0 
            "Lambda 11" 
            "Dione Express" 
            "UHI Hauler 18" 
            "Agility" 
            "Troop Transport 43" 
            "ORFR-35-62-28B" 
         )
         ( or 
            ( not ( has-arrived-delay 0 "Nandi" ) ) 
            ( destroyed-or-departed-delay 
               0 
               "Nandi" 
            )
         )
      )
   )
)
$Determination: 10
+Flags: ( "cargo-known" "no-shields" "escort" )
+Flags2: ( )
+Respawn priority: 0
+Escort priority: 18
+Orders Accepted: 0		;! note that this is a bitfield!!!
+Group: 0
+Score: 8
$Texture Replace:
+old: nameplate
+new: nameplate-andrasta

$Name: Lonewolf		;! Object #12
$Display Name: XSTR("Lonewolf", 7552)
$Class: ORC Amalthea
$Team: Friendly
$Team Color Setting: Roaming Fleet
$Location: -3243.267822, 445.583496, -1121.801270
$Orientation:
	-0.018925, 0.169182, -0.985404,
	0.003249, 0.985585, 0.169151,
	0.999816, 0.000000, -0.019202
$AI Behavior: None
$AI Goals: ( goals ( ai-waypoints-once "lonewolf path" 55 ) ( ai-waypoints-once "delta lacertae jump node" 50 ) )
$Cargo 1:  XSTR("Nothing", 13)
+Initial Velocity: 33
+Initial Hull: 29
+Initial Shields: 100
+Subsystem: Pilot
+Subsystem: turret01
+Subsystem: turret02
+Subsystem: turret03
+Subsystem: turret04
+Subsystem: turret05
+Subsystem: turret06
+Subsystem: turret07
+Subsystem: turret08
+Subsystem: turret09
+Subsystem: turret10
+Subsystem: turret11
+Subsystem: turret12
+Subsystem: turret13
+Subsystem: turret14
+Subsystem: turret15
+Subsystem: turret16
$Arrival Location: Hyperspace
+Arrival Delay: 2
$Arrival Cue: ( has-arrived-delay 2 "Ironclad" ) 
$Departure Location: Hyperspace
$Departure Cue: ( < 
   ( distance 
      "Lonewolf" 
      "delta lacertae jump node:1" 
   )
   400 
)
$Determination: 10
+Flags: ( "cargo-known" "no-shields" "escort" )
+Flags2: ( )
+Respawn priority: 0
+Escort priority: 18
+Orders Accepted: 0		;! note that this is a bitfield!!!
+Group: 0
+Use Table Score:
+Score: 200
$Texture Replace:
+old: nameplate
+new: nameplate-lonewolf

$Name: Akka		;! Object #13
$Display Name: XSTR("Akka", 6891)
$Class: ORFA Agneya
$Team: Friendly
$Team Color Setting: Roaming Fleet
$Location: -2340.297852, 2009.435425, 1904.793579
$Orientation:
	-0.112507, -0.197923, -0.973740,
	0.147649, 0.965752, -0.213359,
	0.982620, -0.167776, -0.079431
$AI Behavior: None
$Cargo 1:  XSTR("Nothing", 13)
+Initial Velocity: 33
+Initial Hull: 100
+Initial Shields: 100
+Subsystem: Pilot
+Subsystem: turret01
+Subsystem: turret02
+Subsystem: turret03
+Subsystem: turret04
+Subsystem: turret05
+Subsystem: turret06
+Subsystem: turret07
$Arrival Location: Hyperspace
$Arrival Cue: ( true ) 
$Departure Location: Hyperspace
$Departure Cue: ( < 
   ( distance "Akka" "akka path:2" ) 
   750 
)
$Determination: 10
+Flags: ( "cargo-known" "no-shields" "escort" )
+Flags2: ( )
+Respawn priority: 0
+Escort priority: 19
+Orders Accepted: 0		;! note that this is a bitfield!!!
+Group: 0
+Use Table Score:
+Score: 1500

$Name: Vijayawada		;! Object #14
$Display Name: XSTR("Vijayawada", 7996)
$Class: ORFA Agneya
$Team: Friendly
$Team Color Setting: Roaming Fleet
$Location: -2972.397461, 1087.760742, -633.904480
$Orientation:
	-0.021897, 0.282906, -0.958897,
	-0.061635, 0.956921, 0.283730,
	0.997858, 0.065314, -0.003517
$AI Behavior: None
$Cargo 1:  XSTR("Nothing", 13)
+Initial Velocity: 33
+Initial Hull: 100
+Initial Shields: 100
+Subsystem: Pilot
+Subsystem: turret01
+Subsystem: turret02
+Sbank Ammo: ( 0 )
+Subsystem: turret03
+Sbank Ammo: ( 0 )
+Subsystem: turret04
+Subsystem: turret05
+Subsystem: turret06
+Subsystem: turret07
$Arrival Location: Hyperspace
$Arrival Cue: ( true ) 
$Departure Location: Hyperspace
$Departure Cue: ( < 
   ( distance 
      "Vijayawada" 
      "delta lacertae jump node:1" 
   )
   750 
)
$Determination: 10
+Flags: ( "cargo-known" "no-shields" "escort" )
+Flags2: ( )
+Respawn priority: 0
+Escort priority: 19
+Orders Accepted: 0		;! note that this is a bitfield!!!
+Group: 0
+Use Table Score:
+Score: 1500

$Name: Chaya		;! Object #15
$Display Name: XSTR("Chaya", 6724)
$Class: SD Ravana
$Team: Hostile
$Location: 10439.669922, 2187.050781, -621.777466
$Orientation:
	0.811163, 0.451384, 0.371844,
	-0.327604, 0.877417, -0.350450,
	-0.484450, 0.162455, 0.859604
$AI Behavior: None
$Cargo 1:  XSTR("Nothing", 13)
+Initial Velocity: 33
+Initial Hull: 100
+Initial Shields: 100
+Subsystem: Pilot
+Subsystem: turret01
+Subsystem: turret02
+Subsystem: turret03
+Subsystem: turret04
+Subsystem: turret05
+Subsystem: turret06
+Subsystem: turret07
+Subsystem: turret08
+Subsystem: turret09
+Subsystem: turret10
+Subsystem: turret11
+Subsystem: turret12
+Subsystem: turret13
+Subsystem: turret14
+Subsystem: turret15
+Subsystem: turret16
+Subsystem: turret17
+Subsystem: turret18
+Subsystem: turret19
+Subsystem: turret20
+Subsystem: turret21
+Subsystem: turret22
+Subsystem: turret23
+Subsystem: turret24
+Subsystem: turret25
+Subsystem: turret26
+Subsystem: turret27
+Subsystem: turret28
+Subsystem: turret29
+Subsystem: turret30
$Arrival Location: Hyperspace
$Arrival Cue: ( true ) 
$Departure Location: Hyperspace
$Departure Cue: ( false ) 
$Determination: 10
+Flags: ( "no-shields" "escort" )
+Flags2: ( )
+Respawn priority: 0
+Escort priority: 15
+Orders Accepted: 0		;! note that this is a bitfield!!!
+Group: 0
+Use Table Score:
+Score: 670

$Name: Gorgon		;! Object #16
$Display Name: XSTR("Gorgon", 7999)
$Class: SC Daeva
$Team: Hostile
$Location: 9912.512695, -656.312317, 1792.832275
$Orientation:
	0.356114, 0.528342, 0.770740,
	0.077263, 0.805340, -0.587759,
	-0.931244, 0.268858, 0.245972
$AI Behavior: None
$Cargo 1:  XSTR("Nothing", 13)
+Initial Velocity: 33
+Initial Hull: 100
+Initial Shields: 100
+Subsystem: Pilot
+Subsystem: turret01
+Subsystem: turret02
+Subsystem: turret03
+Subsystem: turret04
+Subsystem: turret05
+Subsystem: turret06
+Subsystem: turret07
+Subsystem: turret08
+Subsystem: turret09
+Subsystem: turret10
+Subsystem: turret11
+Subsystem: turret12
+Subsystem: turret13
+Subsystem: turret14
$Arrival Location: Hyperspace
$Arrival Cue: ( true ) 
$Departure Location: Hyperspace
$Departure Cue: ( false ) 
$Determination: 10
+Flags: ( "no-shields" "escort" )
+Flags2: ( )
+Respawn priority: 0
+Escort priority: 14
+Orders Accepted: 0		;! note that this is a bitfield!!!
+Group: 0
+Use Table Score:
+Score: 250

$Name: Asura		;! Object #17
$Display Name: XSTR("Asura", 8000)
$Class: SFg Moloch
$Team: Hostile
$Location: 9132.764648, -752.849854, -2355.627686
$Orientation:
	-0.529683, -0.116206, 0.840200,
	0.241282, 0.929006, 0.280598,
	-0.813156, 0.351352, -0.464041
$AI Behavior: None
$Cargo 1:  XSTR("Nothing", 13)
+Initial Velocity: 33
+Initial Hull: 100
+Initial Shields: 100
+Subsystem: Pilot
+Subsystem: turret01
+Subsystem: turret02
+Subsystem: turret03
+Subsystem: turret04
+Subsystem: turret05
+Subsystem: turret06
+Subsystem: turret07
+Subsystem: turret08
+Subsystem: turret09
+Subsystem: turret10
+Subsystem: turret11
+Subsystem: turret12
+Subsystem: turret13
+Subsystem: turret14
+Subsystem: turret15
+Subsystem: turret16
$Arrival Location: Hyperspace
$Arrival Cue: ( true ) 
$Departure Location: Hyperspace
$Departure Cue: ( false ) 
$Determination: 10
+Flags: ( "no-shields" "escort" )
+Flags2: ( )
+Respawn priority: 0
+Escort priority: 14
+Orders Accepted: 0		;! note that this is a bitfield!!!
+Group: 0
+Use Table Score:
+Score: 440

$Name: Haures		;! Object #18
$Display Name: XSTR("Haures", 8001)
$Class: SC Rakshasa
$Team: Hostile
$Location: 9746.811523, -73.975174, -2837.117920
$Orientation:
	-0.928441, 0.045153, 0.368727,
	-0.166182, 0.837246, -0.520965,
	-0.332239, -0.544960, -0.769829
$AI Behavior: None
$Cargo 1:  XSTR("Nothing", 13)
+Initial Velocity: 33
+Initial Hull: 100
+Initial Shields: 100
+Subsystem: Pilot
+Subsystem: turret01
+Subsystem: turret02
+Subsystem: turret03
+Subsystem: turret04
+Subsystem: turret05
+Subsystem: turret06
+Subsystem: turret07
+Subsystem: turret08
+Subsystem: turret09
+Subsystem: turret10
+Subsystem: turret11
+Subsystem: turret12
+Subsystem: turret13
+Subsystem: turret14
$Arrival Location: Hyperspace
$Arrival Cue: ( true ) 
$Departure Location: Hyperspace
$Departure Cue: ( false ) 
$Determination: 10
+Flags: ( "no-shields" "escort" )
+Flags2: ( )
+Respawn priority: 0
+Escort priority: 14
+Orders Accepted: 0		;! note that this is a bitfield!!!
+Group: 0
+Use Table Score:
+Score: 300

$Name: Asag		;! Object #19
$Display Name: XSTR("Asag", 8002)
$Class: SC Cain
$Team: Hostile
$Location: 8640.697266, 2104.587402, -877.744629
$Orientation:
	0.289729, -0.845016, 0.449451,
	0.388360, 0.532989, 0.751731,
	-0.874777, -0.043250, 0.482592
$AI Behavior: None
$Cargo 1:  XSTR("Nothing", 13)
+Initial Velocity: 33
+Initial Hull: 100
+Initial Shields: 100
+Subsystem: Pilot
+Subsystem: turret01
+Subsystem: turret02
+Subsystem: turret03
+Subsystem: turret04
+Subsystem: turret05
+Subsystem: turret06
+Subsystem: turret07
+Subsystem: turret08
+Subsystem: turret09
$Arrival Location: Hyperspace
$Arrival Cue: ( true ) 
$Departure Location: Hyperspace
$Departure Cue: ( false ) 
$Determination: 10
+Flags: ( "no-shields" "escort" )
+Flags2: ( )
+Respawn priority: 0
+Escort priority: 14
+Orders Accepted: 0		;! note that this is a bitfield!!!
+Group: 0
+Use Table Score:
+Score: 150

$Name: Mastema		;! Object #20
$Display Name: XSTR("Mastema", 5775)
$Class: SC Cain
$Team: Hostile
$Location: 8825.052734, 2304.490967, 918.944763
$Orientation:
	0.207649, -0.972929, 0.101480,
	0.950162, 0.225269, 0.215524,
	-0.232550, 0.051668, 0.971214
$AI Behavior: None
$Cargo 1:  XSTR("Nothing", 13)
+Initial Velocity: 33
+Initial Hull: 100
+Initial Shields: 100
+Subsystem: Pilot
+Subsystem: turret01
+Subsystem: turret02
+Subsystem: turret03
+Subsystem: turret04
+Subsystem: turret05
+Subsystem: turret06
+Subsystem: turret07
+Subsystem: turret08
+Subsystem: turret09
$Arrival Location: Hyperspace
$Arrival Cue: ( true ) 
$Departure Location: Hyperspace
$Departure Cue: ( false ) 
$Determination: 10
+Flags: ( "no-shields" "escort" )
+Flags2: ( )
+Respawn priority: 0
+Escort priority: 14
+Orders Accepted: 0		;! note that this is a bitfield!!!
+Group: 0
+Use Table Score:
+Score: 150

$Name: Lambda 11		;! Object #21
$Display Name: XSTR("Lambda 11", 8003)
$Class: ORFR Poseidon
$Team: Friendly
$Location: -3523.917969, -0.001341, 393.799774
$Orientation:
	-0.088715, -0.000003, -0.996068,
	0.000003, 1.000000, -0.000003,
	0.996091, -0.000003, -0.088718
$AI Behavior: None
$AI Goals: ( goals ( ai-waypoints-once "civilians 1 path" 55 ) ( ai-waypoints-once "delta lacertae jump node" 50 ) )
$Cargo 1:  XSTR("Nothing", 13)
+Initial Velocity: 33
+Initial Hull: 36
+Subsystem: Pilot
+Subsystem: turret01
+Subsystem: turret02
+Subsystem: turret03
+Subsystem: turret04
$Arrival Location: Hyperspace
+Arrival Delay: 4
$Arrival Cue: ( has-arrived-delay 2 "Ironclad" ) 
$Departure Location: Hyperspace
$Departure Cue: ( < 
   ( distance 
      "Lambda 11" 
      "delta lacertae jump node:1" 
   )
   150 
)
$Determination: 10
+Flags: ( "cargo-known" "escort" )
+Flags2: ( )
+Respawn priority: 0
+Escort priority: 16
+Hotkey: 4
+Orders Accepted: 0		;! note that this is a bitfield!!!
+Group: 0
+Use Table Score:
+Score: 15

$Name: BDC Cargo 11		;! Object #22
$Display Name: XSTR("BDC Cargo 11", 8004)
$Class: ORCG-01
$Team: Friendly
$Location: -3528.820068, -17.382763, 394.240601
$Orientation:
	-0.088719, -0.000003, -0.996068,
	0.000005, 1.000000, -0.000003,
	0.996091, -0.000005, -0.088722
$AI Behavior: None
$Cargo 1:  XSTR("Supplies", 6596)
+Initial Velocity: 33
+Initial Hull: 100
+Initial Shields: 100
+Subsystem: Pilot
$Arrival Location: Hyperspace
$Arrival Cue: ( false ) 
$Departure Location: Hyperspace
$Departure Cue: ( false ) 
$Determination: 10
+Flags: ( "cargo-known" "no-shields" )
+Flags2: ( )
+Respawn priority: 0
+Hotkey: 4
+Docked With: Lambda 11
$Docker Point: cargo dock
$Dockee Point: cargo dock
+Group: 0
+Use Table Score:
+Score: 0

$Name: Nandi		;! Object #23
$Display Name: XSTR("Nandi", 7220)
$Class: ORFR Poseidon
$Team: Friendly
$Location: -2488.567383, 95.440666, 63.864342
$Orientation:
	-0.088756, -0.000003, -0.996059,
	-0.000001, 1.000000, -0.000003,
	0.996076, 0.000001, -0.088758
$AI Behavior: None
$AI Goals: ( goals ( ai-waypoints-once "civilians 2 path" 55 ) ( ai-waypoints-once "delta lacertae jump node" 50 ) )
$Cargo 1:  XSTR("Nothing", 13)
+Initial Velocity: 33
+Initial Hull: 59
+Subsystem: Pilot
+Subsystem: turret01
+Subsystem: turret02
+Subsystem: turret03
+Subsystem: turret04
$Arrival Location: Hyperspace
+Arrival Delay: 2
$Arrival Cue: ( and 
   ( has-arrived-delay 2 "Ironclad" ) 
   ( = @nandi[0] 0 ) 
)
$Departure Location: Hyperspace
$Departure Cue: ( < 
   ( distance 
      "Nandi" 
      "delta lacertae jump node:1" 
   )
   150 
)
$Determination: 10
+Flags: ( "cargo-known" "escort" )
+Flags2: ( )
+Respawn priority: 0
+Escort priority: 16
+Hotkey: 4
+Orders Accepted: 0		;! note that this is a bitfield!!!
+Group: 0
+Use Table Score:
+Score: 15

$Name: ORCG-01-28		;! Object #24
$Display Name: XSTR("ORCG-01-28", 8005)
$Class: ORCG-01
$Team: Friendly
$Location: -2493.469482, 78.059219, 64.305351
$Orientation:
	-0.088727, -0.000002, -0.996062,
	0.000001, 1.000000, -0.000003,
	0.996079, -0.000001, -0.088729
$AI Behavior: None
$Cargo 1:  XSTR("Supplies", 6596)
+Initial Velocity: 33
+Initial Hull: 87
+Initial Shields: 100
+Subsystem: Pilot
$Arrival Location: Hyperspace
$Arrival Cue: ( false ) 
$Departure Location: Hyperspace
$Departure Cue: ( false ) 
$Determination: 10
+Flags: ( "cargo-known" "no-shields" )
+Flags2: ( )
+Respawn priority: 0
+Hotkey: 4
+Docked With: Nandi
$Docker Point: cargo dock
$Dockee Point: cargo dock
+Group: 0
+Use Table Score:
+Score: 0

$Name: Dione Express		;! Object #25
$Display Name: XSTR("Dione Express", 8006)
$Class: ORFr Chronos
$Team: Friendly
$Location: -3574.588379, -46.738724, 249.235550
$Orientation:
	-0.088096, 0.000001, -0.996114,
	0.000000, 1.000000, 0.000001,
	0.996124, -0.000000, -0.088096
$AI Behavior: None
$AI Goals: ( goals ( ai-waypoints-once "civilians 2 path" 55 ) ( ai-waypoints-once "delta lacertae jump node" 50 ) )
$Cargo 1:  XSTR("Nothing", 13)
+Initial Velocity: 33
+Initial Hull: 100
+Subsystem: Pilot
+Subsystem: turreta
$Arrival Location: Hyperspace
+Arrival Delay: 5
$Arrival Cue: ( has-arrived-delay 2 "Ironclad" ) 
$Departure Location: Hyperspace
$Departure Cue: ( < 
   ( distance 
      "Dione Express" 
      "delta lacertae jump node:1" 
   )
   150 
)
$Determination: 10
+Flags: ( "cargo-known" "escort" )
+Flags2: ( )
+Respawn priority: 0
+Escort priority: 16
+Hotkey: 4
