#Mission Info

$Version: 0.10
$Name:  XSTR("Crossing the Red Sea", 8198)
$Author: Exile Team
$Created: 02/28/14 at 11:12:51
$Modified: 02/25/23 at 15:59:44
$Notes:
This is a FRED2_OPEN created mission.
$End Notes:

$Mission Desc:
 XSTR("Put mission description here
", 2304)
$end_multi_text
+Game Type Flags: 1
+Flags: 2240
+Fog Near Mult: 1.000000

+Fog Far Mult: 1.000000

+Disallow Support: 0
+Hull Repair Ceiling: 60.000000
+Subsystem Repair Ceiling: 100.000000

+Viewer pos: 77.024979, 513.569214, 9071.913086
+Viewer orient:
	0.742665, 0.000002, 0.669663,
	-0.310038, 0.886372, 0.343834,
	-0.593570, -0.462975, 0.658278


$Load Screen 1024: Loading_M07.png

$Skybox Model: skybox_sol.pof

$AI Profile: Exile

#Sexp_variables

$Variables:
(
		0		"achievement05"		"0"		"number"
		1		"achievement06"		"0"		"number"
		2		"achievement_count"		"0"		"number"
		3		"achievement_total"		"19"		"number"
		4		"asimov"		"0"		"number"
		5		"asvayujau"		"0"		"number"
		6		"bdcomega6"		"0"		"number"
		7		"bluedream"		"0"		"number"
		8		"bradley"		"0"		"number"
		9		"checkpoint1"		"0"		"number"		"save-on-mission-close"
		10		"checkpoint2"		"0"		"number"		"save-on-mission-close"
		11		"convoy_suffered_losses"		"0"		"number"
		12		"filename"		"a"		"string"
		13		"fleet_population"		"1198732"		"number"		"save-on-mission-progress"
		14		"ganymede_express"		"0"		"number"
		15		"ganymedeexpress"		"0"		"number"
		16		"greenriver"		"0"		"number"
		17		"inventoryhauler24"		"0"		"number"
		18		"izyda"		"0"		"number"
		19		"joviandropship56"		"0"		"number"
		20		"larescompitales"		"0"		"number"
		21		"loadship"		"a"		"string"
		22		"lysithea"		"0"		"number"
		23		"msg"		"0"		"number"
		24		"nandi"		"0"		"number"
		25		"pilumnus"		"0"		"number"
		26		"pollux"		"0"		"number"
		27		"saveexist"		"2"		"number"
		28		"tagawa"		"0"		"number"
		29		"tesla"		"0"		"number"
		30		"tsoukalos"		"0"		"number"
		31		"uhicargo138h"		"0"		"number"
		32		"uhicargo171"		"0"		"number"
		33		"uhihauler14a"		"0"		"number"
		34		"uhihauler33a"		"0"		"number"
		35		"uhiomega7"		"0"		"number"
		36		"veermhaskoba"		"0"		"number"
		37		"i18nVariable1"		"#Command"		"string"
		38		"i18nVariable2"		"#Spark"		"string"
		39		"i18nVariable3"		"#Viper"		"string"
		40		"i18nVariable4"		"#Dioscuri"		"string"
		41		"i18nVariable5"		"#Beta 1"		"string"
)

#Command Briefing

$Stage Text:
 XSTR("$W ORCa $W Graf $W Zeppelin
$W En $W route $W to $W the $W Beta $W Volantis $W jump $W node

$W 16th $W December $W 2367
$W 27 $W hours $W after $W the $W Battle $W of $W Earth", 8199)
$end_multi_text
$Ani Filename: <default>
+Wave Filename: none

$Stage Text:
 XSTR("For the attention of the $G ORS pilots who joined us at $B Uranus:

You now have access to the $y ORM $y Vortex, a multi-purpose swarm missile created by engineering specialists onboard the $G Big $G Buddha. Its prototype was designed following a top-priority request from Fleetmaster Caliphtys, shortly before the $G Big $G Buddha left the shipyard at $B Europa. The Vortex's design parameters were simple: a missile that can be cheaply mass-produced by basic infrastructure and with little logistical support. It also needed to be manufacturable using minerals commonly found within asteroids that our mining drones could easily extract. I believe the $G Big $G Buddha's specialists created something that vastly exceeded our initial expectations. 

These missiles helped save my ships at $B Uranus. Feel free to utilize them against the $R Shivans. 

Shipmaster Donnelly", 8200)
$end_multi_text
$Ani Filename: cb07_Vortex
+Wave Filename: none

#Briefing
$start_briefing
$num_stages: 4
$start_stage
$multi_text
 XSTR("$B Shipmaster $B Donnelly:
Good morning, pilots. The convoy is now en route to the $B Beta $B Volantis subspace node. We've paid a terrible price getting here, losing many brave pilots and numerous ships ferrying the survivors from $B Europa's evacuation. Despite the dangers we faced, we have managed to pull through. It is too early for celebration, however, as the last stage of our journey is not going to be easy.", 8201)
$end_multi_text
$voice: none.wav
$camera_pos: 935.772278, 10951.736328, 3646.692139
$camera_orient:
	1.000000, 0.000008, 0.000627,
	-0.000614, -0.185261, 0.982689,
	0.000124, -0.982689, -0.185261
$camera_time: 500
$num_lines: 0
$num_icons: 4
$Flags: 0
$Formula: ( true ) 
$start_icon
$type: 6
$team: Friendly
$class: ORSh Qadesh
$pos: -4705.745117, 57.122620, 3650.945801
$label:  XSTR("Big Buddha", 8084)
+id: 1
$hlight: 0
$mirror: 1
$multi_text
$end_multi_text
$end_icon
$start_icon
$type: 28
$team: Friendly
$class: ORCa Syr Darya
$pos: -4496.515137, 330.130798, -346.178864
$label:  XSTR("Graf Zeppelin", 8075)
+id: 2
$hlight: 0
$mirror: 1
$multi_text
$end_multi_text
$end_icon
$start_icon
$type: 27
$team: Friendly
$class: ORT Elysium
$pos: -3645.679932, 1327.824463, 2230.071289
$label:  XSTR("Europan refugees", 8202)
+id: 3
$hlight: 0
$mirror: 1
$multi_text
$end_multi_text
$end_icon
$start_icon
$type: 33
$team: Friendly
$class: GTNB Pharos
$pos: 3973.163330, 0.000000, 1808.063110
$label:  XSTR("Beta Volantis", 6864)
+id: 4
$hlight: 0
$mirror: 0
$multi_text
$end_multi_text
$end_icon
$end_stage
$start_stage
$multi_text
 XSTR("Fleetmaster Tyrone is fighting fiercely to maintain his position near the $B Beta $B Volantis node, but the $R Shivans continue to attack his fleet. His command ship, the $G ORD $G Ironclad, continues to hold the line while supported only by the $G ORFg $G Shangri $G La, one of six frigates that $G High $G Command had originally deployed. Two were lost and the remaining three were withdrawn to $B Beta $B Volantis after suffering heavy damage. It will not be long before Fleetmaster Tyrone and his forces are completely overrun so we must reach the jump node and reinforce the $G Ironclad and the $G Shangri $G La as soon as possible.", 8203)
$end_multi_text
$voice: none.wav
$camera_pos: -786.168823, 7850.101074, 3908.569092
$camera_orient:
	1.000000, 0.000008, 0.000626,
	-0.000612, -0.201608, 0.979466,
	0.000134, -0.979466, -0.201608
$camera_time: 500
$num_lines: 0
$num_icons: 6
$Flags: 0
$Formula: ( true ) 
$start_icon
$type: 6
$team: Friendly
$class: ORSh Qadesh
$pos: -4705.745117, 57.122620, 3650.945801
$label:  XSTR("Big Buddha", 8084)
+id: 1
$hlight: 0
$mirror: 1
$multi_text
$end_multi_text
$end_icon
$start_icon
$type: 28
$team: Friendly
$class: ORCa Syr Darya
$pos: -4661.528320, 330.130798, 161.481445
$label:  XSTR("Graf Zeppelin", 8075)
+id: 2
$hlight: 0
$mirror: 1
$multi_text
$end_multi_text
$end_icon
$start_icon
$type: 27
$team: Friendly
$class: ORT Elysium
$pos: -3645.679932, 1327.824463, 2230.071289
$label:  XSTR("Europan refugees", 8202)
+id: 3
$hlight: 0
$mirror: 1
$multi_text
$end_multi_text
$end_icon
$start_icon
$type: 33
$team: Friendly
$class: GTNB Pharos
$pos: 3973.163330, 0.000000, 1808.063110
$label:  XSTR("Beta Volantis", 6864)
+id: 4
$hlight: 0
$mirror: 0
$multi_text
$end_multi_text
$end_icon
$start_icon
$type: 6
$team: Friendly
$class: ORD Orion
$pos: 1869.176392, 1760.520752, 3714.528320
$label:  XSTR("Ironclad", 8204)
+id: 5
$hlight: 0
$mirror: 0
$multi_text
$end_multi_text
$end_icon
$start_icon
$type: 28
$team: Friendly
$class: ORFg Vitalius
$pos: 2591.341064, 742.847778, 581.411804
$label:  XSTR("Shangri La", 8205)
+id: 6
$hlight: 0
$mirror: 0
$multi_text
$end_multi_text
$end_icon
$end_stage
$start_stage
$multi_text
 XSTR("I'm going to be painfully honest with you, pilots. We're not the only ones trying to flee the $R Shivans. We will encounter other convoys comprised of numerous civilian ships and the battered remnants of the $G ORS fleet. Many of them will never make it to the $B Beta $B Volantis system alive. I don't want you splitting up and trying to defend them if it puts my fleet in danger. Doing so will make it easier for the $R Shivans to eliminate us one by one. Therefore, I want you to only focus your efforts on those you are able to protect. Don't waste time on those you cannot.", 8206)
$end_multi_text
$voice: none.wav
$camera_pos: -1952.550171, 7850.101074, 3907.838135
$camera_orient:
	1.000000, 0.000008, 0.000626,
	-0.000612, -0.201608, 0.979466,
	0.000134, -0.979466, -0.201608
$camera_time: 500
$num_lines: 0
$num_icons: 7
$Flags: 0
$Formula: ( true ) 
$start_icon
$type: 6
$team: Friendly
$class: ORSh Qadesh
$pos: -1873.005127, 57.122620, 3792.679932
$label:  XSTR("Big Buddha", 8084)
+id: 1
$hlight: 0
$mirror: 1
$multi_text
$end_multi_text
$end_icon
$start_icon
$type: 28
$team: Friendly
$class: ORCa Syr Darya
$pos: -1904.624146, 330.130798, 401.627136
$label:  XSTR("Graf Zeppelin", 8075)
+id: 2
$hlight: 0
$mirror: 1
$multi_text
$end_multi_text
$end_icon
$start_icon
$type: 27
$team: Friendly
$class: ORT Elysium
$pos: -1431.194336, 1327.824463, 2430.477539
$label:  XSTR("Europan refugees", 8202)
+id: 3
$hlight: 0
$mirror: 1
$multi_text
$end_multi_text
$end_icon
$start_icon
$type: 33
$team: Friendly
$class: GTNB Pharos
$pos: 3973.163330, 0.000000, 1808.063110
$label:  XSTR("Beta Volantis", 6864)
+id: 4
$hlight: 0
$mirror: 0
$multi_text
$end_multi_text
$end_icon
$start_icon
$type: 14
$team: Friendly
$class: ORFr Chronos
$pos: -4209.678223, 2206.846191, 3662.855713
+id: 7
$hlight: 0
$mirror: 1
$multi_text
$end_multi_text
$end_icon
$start_icon
$type: 14
$team: Friendly
$class: ORFr Chronos
$pos: -4386.538574, 2206.846191, 1256.706543
+id: 8
$hlight: 0
$mirror: 1
$multi_text
$end_multi_text
$end_icon
$start_icon
$type: 27
$team: Friendly
$class: ORT Elysium
$pos: -5154.738770, 826.217041, 2223.797119
$label:  XSTR("Civilian convoys", 8207)
+id: 9
$hlight: 0
$mirror: 1
$multi_text
$end_multi_text
$end_icon
$end_stage
$start_stage
$multi_text
 XSTR("This is it, pilots. The outcome of this battle rests on you now. I want to see all of my people safe and sound in $B Beta $B Volantis by the end of the day. May Fortune favor us in what lies ahead.", 8208)
$end_multi_text
$voice: none.wav
$camera_pos: 744.215149, 11834.834961, 4644.653320
$camera_orient:
	1.000000, 0.000008, 0.000627,
	-0.000612, -0.201608, 0.979466,
	0.000134, -0.979466, -0.201608
$camera_time: 500
$num_lines: 0
$num_icons: 4
$Flags: 0
$Formula: ( true ) 
$start_icon
$type: 6
$team: Friendly
$class: ORSh Qadesh
$pos: -1873.005127, 57.122620, 3792.679932
$label:  XSTR("Big Buddha", 8084)
+id: 1
$hlight: 0
$mirror: 1
$multi_text
$end_multi_text
$end_icon
$start_icon
$type: 28
$team: Friendly
$class: ORCa Syr Darya
$pos: -1904.624146, 330.130798, 401.627136
$label:  XSTR("Graf Zeppelin", 8075)
+id: 2
$hlight: 0
$mirror: 1
$multi_text
$end_multi_text
$end_icon
$start_icon
$type: 27
$team: Friendly
$class: ORT Elysium
$pos: -1431.194336, 1327.824463, 2430.477539
$label:  XSTR("Europan refugees", 8202)
+id: 3
$hlight: 0
$mirror: 0
$multi_text
$end_multi_text
$end_icon
$start_icon
$type: 33
$team: Friendly
$class: GTNB Pharos
$pos: 3973.163330, 0.000000, 1808.063110
$label:  XSTR("Beta Volantis", 6864)
+id: 4
$hlight: 0
$mirror: 0
$multi_text
$end_multi_text
$end_icon
$end_stage
$end_briefing

#Debriefing_info

$Num stages: 0

#Callsigns:
$Callsign: XSTR("Harper", 6887)
$Callsign: XSTR("Black Widow", 6888)
$Callsign: XSTR("Spark", 6889)
$Callsign: XSTR("Nielsen", 6893)
$Callsign: XSTR("Al-Churi", 6892)

#end


#Players		;! 1 total

$Starting Shipname: Beta 1
$Ship Choices: (
	"ORF Defender"	4
	"ORF Claymore"	4
)

+Weaponry Pool: (
	"Pulsar PC-9"	108
	"Prometheus N"	108
	"Stinger"	468
	"MX-112"	900
	"Vortex"	580
	"Demolisher"	100
)

#Objects		;! 197 total

$Name: Alpha 1		;! Object #0
$Display Name: XSTR("Alpha 1", 6763)
$Class: ORF Defender
$Callsign: XSTR("Harper", 6887)

$Team: Friendly
$Team Color Setting: Non-Assigned
$Location: 1218.237061, 1421.518555, 8435.925781
$Orientation:
	1.000000, 0.000000, 0.000000,
	0.000000, 1.000000, 0.000000,
	0.000000, 0.000000, 1.000000
$Cargo 1:  XSTR("Nothing", 13)
+Initial Hull: 100
+Subsystem: Pilot
+Secondary Banks: ( "Vortex" "MX-112" )
$Arrival Location: Hyperspace
$Arrival Cue: ( false ) 
$Departure Location: Hyperspace
$Departure Cue: ( false ) 
$Determination: 10
+Flags: ( "cargo-known" )
+Flags2: ( "ship-locked" "weapons-locked" )
+Respawn priority: 0
+Orders Accepted List: ( )
+Group: 0
+Use Table Score:
+Score: 8
+Persona Index: 7

$Name: Alpha 2		;! Object #1
$Display Name: XSTR("Alpha 2", 6908)
$Class: ORF Defender
$Callsign: XSTR("Black Widow", 6888)

$Team: Friendly
$Team Color Setting: Non-Assigned
$Location: 1178.743530, 1421.518555, 8406.413086
$Orientation:
	1.000000, 0.000000, 0.000000,
	0.000000, 1.000000, 0.000000,
	0.000000, 0.000000, 1.000000
$Cargo 1:  XSTR("Nothing", 13)
+Initial Velocity: 33
+Initial Hull: 100
+Subsystem: Pilot
+Secondary Banks: ( "Vortex" "MX-112" )
$Arrival Location: Hyperspace
$Arrival Cue: ( false ) 
$Departure Location: Hyperspace
$Departure Cue: ( false ) 
$Determination: 10
+Flags: ( "cargo-known" )
+Flags2: ( "ship-locked" "weapons-locked" )
+Respawn priority: 0
+Orders Accepted List: ( )
+Group: 0
+Use Table Score:
+Score: 8
+Persona Index: 8

$Name: Alpha 3		;! Object #2
$Display Name: XSTR("Alpha 3", 6909)
$Class: ORF Defender
$Callsign: XSTR("Nielsen", 6893)

$Team: Friendly
$Team Color Setting: Non-Assigned
$Location: 1292.524536, 1421.518555, 8406.161133
$Orientation:
	1.000000, 0.000000, 0.000000,
	0.000000, 1.000000, 0.000000,
	0.000000, 0.000000, 1.000000
$Cargo 1:  XSTR("Nothing", 13)
+Initial Velocity: 33
+Initial Hull: 100
+Subsystem: Pilot
+Secondary Banks: ( "Vortex" "MX-112" )
$Arrival Location: Hyperspace
$Arrival Cue: ( false ) 
$Departure Location: Hyperspace
$Departure Cue: ( false ) 
$Determination: 10
+Flags: ( "cargo-known" )
+Flags2: ( "ship-locked" "weapons-locked" )
+Respawn priority: 0
+Orders Accepted List: ( )
+Group: 0
+Use Table Score:
+Score: 8
+Persona Index: 9

$Name: Alpha 4		;! Object #3
$Display Name: XSTR("Alpha 4", 6910)
$Class: ORF Defender
$Team: Friendly
$Team Color Setting: Non-Assigned
$Location: 1241.197388, 1421.518555, 8318.658203
$Orientation:
	1.000000, 0.000000, 0.000000,
	0.000000, 1.000000, 0.000000,
	0.000000, 0.000000, 1.000000
$Cargo 1:  XSTR("Nothing", 13)
+Initial Velocity: 33
+Initial Hull: 100
+Subsystem: Pilot
+Secondary Banks: ( "Vortex" "MX-112" )
$Arrival Location: Hyperspace
$Arrival Cue: ( false ) 
$Departure Location: Hyperspace
$Departure Cue: ( false ) 
$Determination: 10
+Flags: ( "cargo-known" )
+Flags2: ( "ship-locked" "weapons-locked" )
+Respawn priority: 0
+Orders Accepted List: ( )
+Group: 0
+Use Table Score:
+Score: 8
+Persona Index: 6

$Name: Beta 1		;! Object #4
$Display Name: XSTR("Beta 1", 6783)
$Class: ORF Claymore
$Callsign: XSTR("Spark", 6889)

$Team: Friendly
$Team Color Setting: Non-Assigned
$Location: -253.444275, 373.344360, 8749.188477
$Orientation:
	1.000000, 0.000000, 0.000000,
	0.000000, 1.000000, 0.000000,
	0.000000, 0.000000, 1.000000
$Cargo 1:  XSTR("Nothing", 13)
+Initial Velocity: 33
+Initial Hull: 100
+Subsystem: Pilot
+Secondary Banks: ( "Vortex" )
$Arrival Location: Hyperspace
$Arrival Cue: ( false ) 
$Departure Location: Hyperspace
$Departure Cue: ( false ) 
$Determination: 10
+Flags: ( "cargo-known" "player-start" )
+Flags2: ( )
+Respawn priority: 0
+Orders Accepted List: ( "attack ship" "disable ship" "disarm ship" "guard ship" "ignore ship" "form on wing" "cover me" "attack any" "disable subsys" )
+Group: 0
+Use Table Score:
+Score: 10

$Name: Beta 2		;! Object #5
$Display Name: XSTR("Beta 2", 6784)
$Class: ORF Claymore
$Callsign: XSTR("Al-Churi", 6892)

$Team: Friendly
$Team Color Setting: Non-Assigned
$Location: -308.748474, 373.344360, 8653.547852
$Orientation:
	1.000000, 0.000000, 0.000000,
	0.000000, 1.000000, 0.000000,
	0.000000, 0.000000, 1.000000
$AI Goals: ( goals ( ai-guard "Beta 1" 50 ) )
$Cargo 1:  XSTR("Nothing", 13)
+Initial Velocity: 33
+Initial Hull: 100
+Subsystem: Pilot
+Secondary Banks: ( "Vortex" )
$Arrival Location: Hyperspace
$Arrival Cue: ( false ) 
$Departure Location: Hyperspace
$Departure Cue: ( false ) 
$Determination: 10
+Flags: ( "cargo-known" )
+Flags2: ( )
+Respawn priority: 0
+Orders Accepted List: ( "attack ship" "disable ship" "disarm ship" "guard ship" "ignore ship" "form on wing" "cover me" "attack any" "disable subsys" )
+Group: 0
+Use Table Score:
+Score: 10
+Persona Index: 11

$Name: Beta 3		;! Object #6
$Display Name: XSTR("Beta 3", 6785)
$Class: ORF Claymore
$Team: Friendly
$Team Color Setting: Non-Assigned
$Location: -176.538025, 373.344360, 8653.547852
$Orientation:
	1.000000, 0.000000, 0.000000,
	0.000000, 1.000000, 0.000000,
	0.000000, 0.000000, 1.000000
$AI Goals: ( goals ( ai-guard "Beta 1" 50 ) )
$Cargo 1:  XSTR("Nothing", 13)
+Initial Velocity: 33
+Initial Hull: 100
+Subsystem: Pilot
+Secondary Banks: ( "Vortex" )
$Arrival Location: Hyperspace
$Arrival Cue: ( false ) 
$Departure Location: Hyperspace
$Departure Cue: ( false ) 
$Determination: 10
+Flags: ( "cargo-known" )
+Flags2: ( )
+Respawn priority: 0
+Orders Accepted List: ( "attack ship" "disable ship" "disarm ship" "guard ship" "ignore ship" "form on wing" "cover me" "attack any" "disable subsys" )
+Group: 0
+Use Table Score:
+Score: 10
+Persona Index: 21

$Name: Beta 4		;! Object #7
$Display Name: XSTR("Beta 4", 6786)
$Class: ORF Claymore
$Team: Friendly
$Team Color Setting: Non-Assigned
$Location: -262.878113, 373.344360, 8536.877930
$Orientation:
	1.000000, 0.000000, 0.000000,
	0.000000, 1.000000, 0.000000,
	0.000000, 0.000000, 1.000000
$AI Goals: ( goals ( ai-guard "Beta 1" 50 ) )
$Cargo 1:  XSTR("Nothing", 13)
+Initial Velocity: 33
+Initial Hull: 100
+Subsystem: Pilot
+Secondary Banks: ( "Vortex" )
$Arrival Location: Hyperspace
$Arrival Cue: ( false ) 
$Departure Location: Hyperspace
$Departure Cue: ( false ) 
$Determination: 10
+Flags: ( "cargo-known" )
+Flags2: ( )
+Respawn priority: 0
+Orders Accepted List: ( "attack ship" "disable ship" "disarm ship" "guard ship" "ignore ship" "form on wing" "cover me" "attack any" "disable subsys" )
+Group: 0
+Use Table Score:
+Score: 10
+Persona Index: 20

$Name: Ganymede Express		;! Object #8
$Display Name: XSTR("Ganymede Express", 8058)
$Class: ORFr Chronos
$Team: Friendly
$Location: 757.476257, 1140.129517, 9780.606445
$Orientation:
	0.985585, -0.162118, 0.048378,
	0.162593, 0.986675, -0.006038,
	-0.046754, 0.013817, 0.998811
$AI Goals: ( goals ( ai-waypoints-once "chronos path" 55 ) ( ai-waypoints-once "bv destination path" 50 ) )
$Cargo 1:  XSTR("Nothing", 13)
+Initial Velocity: 33
+Initial Hull: 87
+Subsystem: Pilot
+Subsystem: turreta
$Arrival Location: Hyperspace
$Arrival Cue: ( true ) 
$Departure Location: Hyperspace
+Departure delay: 1
$Departure Cue: ( < 
   ( distance 
      "Ganymede Express" 
      "bv destination path:1" 
   )
   800 
)
$Determination: 10
+Flags: ( "cargo-known" )
+Flags2: ( )
+Respawn priority: 0
+Hotkey: 4
+Orders Accepted List: ( )
+Group: 0
+Use Table Score:
+Score: 20

$Name: UHI Hauler 14a		;! Object #9
$Display Name: XSTR("UHI Hauler 14a", 8059)
$Class: ORFr Chronos
$Team: Friendly
$Location: 717.177917, 1168.980957, 10333.915039
$Orientation:
	0.985561, -0.162074, 0.049360,
	0.163022, 0.986496, -0.015840,
	-0.046125, 0.023665, 0.998672
$AI Goals: ( goals ( ai-waypoints-once "chronos path" 55 ) ( ai-waypoints-once "bv destination path" 50 ) )
$Cargo 1:  XSTR("Nothing", 13)
+Initial Velocity: 33
+Initial Hull: 100
+Subsystem: Pilot
+Subsystem: turreta
$Arrival Location: Hyperspace
$Arrival Cue: ( true ) 
$Departure Location: Hyperspace
$Departure Cue: ( < 
   ( distance 
      "UHI Hauler 14a" 
      "bv destination path:1" 
   )
   800 
)
$Determination: 10
+Flags: ( "cargo-known" )
+Flags2: ( )
+Respawn priority: 0
+Hotkey: 4
+Orders Accepted List: ( )
+Group: 0
+Use Table Score:
+Score: 20

$Name: UHI Cargo 138-H		;! Object #10
$Display Name: XSTR("UHI Cargo 138-H", 8060)
$Class: ORHCG-03
$Team: Friendly
$Location: 719.751465, 1182.151855, 10329.679688
$Orientation:
	0.985561, -0.162073, 0.049360,
	0.162950, 0.986531, -0.014294,
	-0.046377, 0.022138, 0.998695
$Cargo 1:  XSTR("Ammunition", 8061)
+Initial Velocity: 33
+Initial Hull: 100
+Initial Shields: 100
+Subsystem: Pilot
$Arrival Location: Hyperspace
$Arrival Cue: ( false ) 
$Departure Location: Hyperspace
$Departure Cue: ( false ) 
$Determination: 10
+Flags: ( "cargo-known" "no-shields" )
+Flags2: ( )
+Respawn priority: 0
+Docked With: UHI Hauler 14a
$Docker Point: cargo dockpoint
$Dockee Point: cargo dockpoint
+Group: 0
+Use Table Score:
+Score: 5

$Name: Bradley		;! Object #11
$Display Name: XSTR("Bradley", 8062)
$Class: ORFr Chronos
$Team: Friendly
$Location: 333.039978, 636.922363, 8001.650391
$Orientation:
	0.974674, 0.214295, -0.064135,
	-0.216296, 0.976010, -0.025933,
	0.057043, 0.039147, 0.997629
$AI Goals: ( goals ( ai-waypoints-once "tesla path" 55 ) ( ai-waypoints-once "bv destination path" 50 ) )
$Cargo 1:  XSTR("Nothing", 13)
+Initial Velocity: 33
+Initial Hull: 92
+Subsystem: Pilot
+Subsystem: turreta
$Arrival Location: Hyperspace
$Arrival Cue: ( true ) 
$Departure Location: Hyperspace
+Departure delay: 1
$Departure Cue: ( < 
   ( distance 
      "Bradley" 
      "bv destination path:1" 
   )
   800 
)
$Determination: 10
+Flags: ( "cargo-known" )
+Flags2: ( )
+Respawn priority: 0
+Hotkey: 4
+Orders Accepted List: ( )
+Group: 0
+Use Table Score:
+Score: 20

$Name: Bamiyan Corp. Cargo 66		;! Object #12
$Display Name: XSTR("Bamiyan Corp. Cargo 66", 8063)
$Class: ORHCG-03
$Team: Friendly
$Location: 330.081726, 649.962585, 7997.261719
$Orientation:
	0.974674, 0.214294, -0.064135,
	-0.216207, 0.976070, -0.024388,
	0.057378, 0.037636, 0.997668
$Cargo 1:  XSTR("Engine Parts", 8064)
+Initial Velocity: 33
+Initial Hull: 100
+Initial Shields: 100
+Subsystem: Pilot
$Arrival Location: Hyperspace
$Arrival Cue: ( false ) 
$Departure Location: Hyperspace
$Departure Cue: ( false ) 
$Determination: 10
+Flags: ( "cargo-known" "no-shields" )
+Flags2: ( )
+Respawn priority: 0
+Docked With: Bradley
$Docker Point: cargo dockpoint
$Dockee Point: cargo dockpoint
+Group: 0
+Use Table Score:
+Score: 5

$Name: Izyda		;! Object #13
$Display Name: XSTR("Izyda", 8065)
$Class: ORFr Chronos
$Team: Friendly
$Location: 836.070618, 233.698135, 8345.381836
$Orientation:
	0.995615, 0.093896, 0.002655,
	-0.093525, 0.993526, -0.064505,
	-0.008690, 0.063987, 0.997930
$AI Goals: ( goals ( ai-waypoints-once "graf zeppelin path" 55 ) ( ai-waypoints-once "bv destination path" 50 ) )
$Cargo 1:  XSTR("Nothing", 13)
+Initial Velocity: 33
+Initial Hull: 100
+Subsystem: Pilot
+Subsystem: turreta
$Arrival Location: Hyperspace
$Arrival Cue: ( true ) 
$Departure Location: Hyperspace
$Departure Cue: ( < 
   ( distance 
      "Izyda" 
      "bv destination path:1" 
   )
   800 
)
$Determination: 10
+Flags: ( "cargo-known" )
+Flags2: ( )
+Respawn priority: 0
+Hotkey: 4
+Orders Accepted List: ( )
+Group: 0
+Use Table Score:
+Score: 20

$Name: ORHCG-239		;! Object #14
$Display Name: XSTR("ORHCG-239", 8066)
$Class: ORHCG-03
$Team: Friendly
$Location: 835.036682, 246.850296, 8340.484375
$Orientation:
	0.995615, 0.093895, 0.002655,
	-0.093538, 0.993624, -0.062960,
	-0.008545, 0.062449, 0.998029
$Cargo 1:  XSTR("Supplies", 7615)
+Initial Velocity: 33
+Initial Hull: 100
+Initial Shields: 100
+Subsystem: Pilot
$Arrival Location: Hyperspace
$Arrival Cue: ( false ) 
$Departure Location: Hyperspace
$Departure Cue: ( false ) 
$Determination: 10
+Flags: ( "cargo-known" "no-shields" )
+Flags2: ( )
+Respawn priority: 0
+Docked With: Izyda
$Docker Point: cargo dockpoint
$Dockee Point: cargo dockpoint
+Group: 0
+Use Table Score:
+Score: 5

$Name: Tesla		;! Object #15
$Display Name: XSTR("Tesla", 8067)
$Class: ORSC Faustus
$Team: Friendly
$Location: 304.974854, 725.965820, 9758.436523
$Orientation:
	0.963011, -0.269423, -0.004763,
	0.267682, 0.958516, -0.097940,
	0.030953, 0.093042, 0.995182
$AI Goals: ( goals ( ai-waypoints-once "tesla path" 55 ) ( ai-waypoints-once "bv destination path" 50 ) )
$Cargo 1:  XSTR("Nothing", 13)
+Initial Velocity: 33
+Initial Hull: 39
+Initial Shields: 100
+Subsystem: Pilot
+Subsystem: turret01
+Subsystem: turret02
+Subsystem: turret03
+Subsystem: turret04
+Subsystem: turret05
+Subsystem: turret06
$Arrival Location: Hyperspace
$Arrival Cue: ( true ) 
$Departure Location: Hyperspace
$Departure Cue: ( < 
   ( distance 
      "Tesla" 
      "bv destination path:1" 
   )
   800 
)
$Determination: 10
+Flags: ( "cargo-known" "no-shields" )
+Flags2: ( )
+Respawn priority: 0
+Hotkey: 4
+Orders Accepted List: ( )
+Group: 0
+Use Table Score:
+Score: 50

$Name: Asimov		;! Object #16
$Display Name: XSTR("Asimov", 8068)
$Class: ORSC Faustus
$Team: Friendly
$Location: 1155.512207, 992.865356, 7882.646973
$Orientation:
	0.992024, 0.085293, -0.092811,
	-0.085595, 0.996330, 0.000730,
	0.092533, 0.007220, 0.995684
$AI Goals: ( goals ( ai-waypoints-once "asimov path" 55 ) ( ai-waypoints-once "bv destination path" 50 ) )
$Cargo 1:  XSTR("Nothing", 13)
+Initial Velocity: 33
+Initial Hull: 61
+Initial Shields: 100
+Subsystem: Pilot
+Subsystem: turret01
+Subsystem: turret02
+Subsystem: turret03
+Subsystem: turret04
+Subsystem: turret05
+Subsystem: turret06
$Arrival Location: Hyperspace
$Arrival Cue: ( true ) 
$Departure Location: Hyperspace
+Departure delay: 1
$Departure Cue: ( < 
   ( distance 
      "Asimov" 
      "bv destination path:1" 
   )
   800 
)
$Determination: 10
+Flags: ( "cargo-known" "no-shields" )
+Flags2: ( )
+Respawn priority: 0
+Hotkey: 4
+Orders Accepted List: ( )
+Group: 0
+Use Table Score:
+Score: 50

$Name: UHI Omega 7		;! Object #17
$Display Name: XSTR("UHI Omega 7", 8069)
$Class: ORT Elysium
$Team: Friendly
$Location: 497.399780, 410.366760, 8131.035645
$Orientation:
	-0.506371, -0.862282, 0.007709,
	0.860166, -0.505719, -0.066062,
	0.060863, -0.026821, 0.997786
$AI Goals: ( goals ( ai-waypoints-once "inv hauler path" 55 ) ( ai-waypoints-once "bv destination path" 50 ) )
$Cargo 1:  XSTR("Survivors", 1610)
+Initial Velocity: 33
+Initial Hull: 61
+Subsystem: Pilot
+Subsystem: turret01
$Arrival Location: Hyperspace
$Arrival Cue: ( true ) 
$Departure Location: Hyperspace
$Departure Cue: ( < 
   ( distance 
      "UHI Omega 7" 
      "bv destination path:1" 
   )
   800 
)
$Determination: 10
+Flags: ( "cargo-known" )
+Flags2: ( )
+Respawn priority: 0
+Hotkey: 4
+Orders Accepted List: ( )
+Group: 0
+Use Table Score:
+Score: 10

$Name: Mariposa		;! Object #18
$Display Name: XSTR("Mariposa", 8070)
$Class: ORFr Nautilus
$Team: Friendly
$Location: 1537.890503, 1418.724121, 8795.940430
$Orientation:
	0.841907, 0.539625, -0.000391,
	-0.539623, 0.841905, 0.001993,
	0.001404, -0.001467, 0.999999
$AI Goals: ( goals ( ai-waypoints-once "mariposa path" 55 ) )
$Cargo 1:  XSTR("Heavy Supplies", 8071)
+Initial Velocity: 33
+Initial Hull: 48
+Initial Shields: 100
+Subsystem: Pilot
+Subsystem: turret01
+Subsystem: turret02
+Subsystem: turret03
+Subsystem: turret04
+Subsystem: turret05
+Subsystem: turret06
+Subsystem: turret07
+Subsystem: turret08
+Subsystem: turret09
+Subsystem: turret10
+Subsystem: turret11
+Subsystem: turret12
+Subsystem: turret13
+Subsystem: turret14
$Arrival Location: Hyperspace
$Arrival Cue: ( true ) 
$Departure Location: Hyperspace
$Departure Cue: ( are-waypoints-done-delay 
   "Mariposa" 
   "mariposa path" 
   0 
)
$Determination: 10
+Flags: ( "cargo-known" "no-shields" "escort" )
+Flags2: ( )
+Respawn priority: 0
+Escort priority: 18
+Hotkey: 4
+Orders Accepted List: ( )
+Group: 0
+Use Table Score:
+Score: 180

$Name: Queen of the Stars		;! Object #19
$Display Name: XSTR("Queen of the Stars", 8072)
$Class: ORLr Hestia
$Team: Friendly
$Location: 1196.192017, 269.448883, 7531.584961
$Orientation:
	0.953395, -0.299919, 0.032995,
	0.300106, 0.953907, -0.000769,
	-0.031244, 0.010635, 0.999456
$AI Goals: ( goals ( ai-waypoints-once "queen path" 55 ) ( ai-waypoints-once "bv destination path" 50 ) )
$Cargo 1:  XSTR("Passengers", 8073)
+Initial Hull: 92
+Initial Shields: 100
+Subsystem: Pilot
+Subsystem: turret01
+Subsystem: turret02
+Subsystem: turret03
+Subsystem: turret04
+Subsystem: turret05
+Subsystem: turret06
+Subsystem: turret07
+Subsystem: turret08
+Subsystem: turret09
+Subsystem: turret10
+Subsystem: turret11
+Subsystem: turret12
+Subsystem: turret13
+Subsystem: turret14
+Subsystem: turret15
+Subsystem: turret16
+Subsystem: turret17
$Arrival Location: Hyperspace
$Arrival Cue: ( true ) 
$Departure Location: Hyperspace
$Departure Cue: ( are-waypoints-done-delay 
   "Queen of the Stars" 
   "queen path" 
   0 
)
$Determination: 10
+Flags: ( "cargo-known" "no-shields" "escort" )
+Flags2: ( )
+Respawn priority: 0
+Escort priority: 18
+Hotkey: 4
+Orders Accepted List: ( )
+Group: 0
+Score: 180

$Name: Inventory Hauler 24		;! Object #20
$Display Name: XSTR("Inventory Hauler 24", 8074)
$Class: ORT Elysium
$Team: Friendly
$Location: 485.743530, 410.176575, 8916.672852
$Orientation:
	-0.995646, -0.079266, 0.049104,
	0.077787, -0.996477, -0.031381,
	0.051417, -0.027425, 0.998303
$AI Goals: ( goals ( ai-waypoints-once "inv hauler path" 55 ) ( ai-waypoints-once "bv destination path" 50 ) )
$Cargo 1:  XSTR("Supplies", 7615)
+Initial Velocity: 33
+Initial Hull: 100
+Subsystem: Pilot
+Subsystem: turret01
$Arrival Location: Hyperspace
$Arrival Cue: ( true ) 
$Departure Location: Hyperspace
$Departure Cue: ( < 
   ( distance 
      "Inventory Hauler 24" 
      "bv destination path:1" 
   )
   800 
)
$Determination: 10
+Flags: ( "cargo-known" )
+Flags2: ( )
+Respawn priority: 0
+Hotkey: 4
+Orders Accepted List: ( )
+Group: 0
+Use Table Score:
+Score: 10

$Name: Graf Zeppelin		;! Object #21
$Display Name: XSTR("Graf Zeppelin", 8075)
$Class: ORCa Syr Darya
$Team: Friendly
$Location: 892.155945, 330.130859, 9585.091797
$Orientation:
	0.884522, 0.466216, 0.016237,
	-0.466498, 0.884010, 0.030077,
	-0.000332, -0.034179, 0.999416
$AI Goals: ( goals ( ai-waypoints-once "graf zeppelin path" 55 ) ( ai-waypoints-once "bv destination path" 50 ) )
$Cargo 1:  XSTR("Nothing", 13)
+Initial Hull: 76
+Initial Shields: 100
+Subsystem: Pilot
+Subsystem: Turret01
+Subsystem: Turret02
+Subsystem: Turret03
+Subsystem: Turret04
+Subsystem: Turret05
+Subsystem: Turret06
+Subsystem: Turret07
+Subsystem: Turret08
+Subsystem: Turret09
+Subsystem: Turret10
+Subsystem: Turret11
+Subsystem: Turret12
+Subsystem: Turret13
+Subsystem: Turret14
+Subsystem: Turret15
+Subsystem: Turret16
+Subsystem: Turret17
+Subsystem: Turret18
+Subsystem: Turret19
+Subsystem: Turret20
+Subsystem: Turret21
+Subsystem: Turret22
+Subsystem: Turret23
+Subsystem: Turret24
$Arrival Location: Hyperspace
$Arrival Cue: ( true ) 
$Departure Location: Hyperspace
$Departure Cue: ( < 
   ( distance 
      "Graf Zeppelin" 
      "bv destination path:1" 
   )
   1800 
)
$Determination: 10
+Flags: ( "cargo-known" "no-shields" "escort" )
+Flags2: ( )
+Respawn priority: 0
+Escort priority: 18
+Hotkey: 4
+Orders Accepted List: ( )
+Group: 0
+Score: 8

$Name: GZ Beta 1		;! Object #22
$Display Name: XSTR("GZ Beta 1", 8076)
$Class: ORF Claymore
$Team: Friendly
$Team Color Setting: Non-Assigned
$Location: -39.625183, 412.474487, 9309.643555
$Orientation:
	0.985585, -0.162118, 0.048378,
	0.169182, 0.944431, -0.281830,
	0.000000, 0.285952, 0.958244
$Cargo 1:  XSTR("Nothing", 13)
+Initial Hull: 100
+Subsystem: Pilot
+Secondary Banks: ( "Vortex" )
$Arrival Location: Hyperspace
$Arrival Cue: ( false ) 
$Departure Location: Hyperspace
$Departure Cue: ( false ) 
$Determination: 10
+Flags: ( "cargo-known" )
+Flags2: ( )
+Respawn priority: 0
+Orders Accepted List: ( )
+Group: 0
+Score: 30
+Persona Index: 21

$Name: GZ Epsilon 1		;! Object #23
$Display Name: XSTR("GZ Epsilon 1", 8077)
$Class: ORF Defender
$Team: Friendly
$Team Color Setting: Non-Assigned
$Location: 888.778687, 1172.437988, 10822.475586
$Orientation:
	0.985585, -0.162118, 0.048378,
	0.169182, 0.944431, -0.281830,
	0.000000, 0.285952, 0.958244
$Cargo 1:  XSTR("Nothing", 13)
+Initial Velocity: 33
+Initial Hull: 74
+Subsystem: Pilot
+Secondary Banks: ( "Vortex" "Vortex" )
$Arrival Location: Hyperspace
$Arrival Cue: ( false ) 
$Departure Location: Hyperspace
$Departure Cue: ( false ) 
$Determination: 10
+Flags: ( "cargo-known" )
+Flags2: ( )
+Respawn priority: 0
+Orders Accepted List: ( )
+Group: 0
+Use Table Score:
+Score: 8
+Persona Index: 20

$Name: GZ Beta 2		;! Object #24
$Display Name: XSTR("GZ Beta 2", 8078)
$Class: ORF Claymore
$Team: Friendly
$Team Color Setting: Non-Assigned
$Location: -13.586182, 369.814819, 9182.319336
$Orientation:
	0.985585, -0.162118, 0.048378,
	0.169182, 0.944431, -0.281830,
	0.000000, 0.285952, 0.958244
$Cargo 1:  XSTR("Nothing", 13)
+Initial Hull: 100
+Subsystem: Pilot
+Secondary Banks: ( "Vortex" )
$Arrival Location: Hyperspace
$Arrival Cue: ( false ) 
$Departure Location: Hyperspace
$Departure Cue: ( false ) 
$Determination: 10
+Flags: ( "cargo-known" )
+Flags2: ( )
+Respawn priority: 0
+Orders Accepted List: ( )
+Group: 0
+Score: 30
+Persona Index: 21

$Name: GZ Beta 3		;! Object #25
$Display Name: XSTR("GZ Beta 3", 8079)
$Class: ORF Claymore
$Team: Friendly
$Team Color Setting: Non-Assigned
$Location: -146.279724, 407.510254, 9228.963867
$Orientation:
	0.985585, -0.162118, 0.048378,
	0.169182, 0.944431, -0.281830,
	0.000000, 0.285952, 0.958244
$Cargo 1:  XSTR("Nothing", 13)
+Initial Hull: 100
+Subsystem: Pilot
+Secondary Banks: ( "Vortex" )
$Arrival Location: Hyperspace
$Arrival Cue: ( false ) 
$Departure Location: Hyperspace
$Departure Cue: ( false ) 
$Determination: 10
+Flags: ( "cargo-known" )
+Flags2: ( )
+Respawn priority: 0
+Orders Accepted List: ( )
+Group: 0
+Score: 30
+Persona Index: 5

$Name: GZ Epsilon 2		;! Object #26
$Display Name: XSTR("GZ Epsilon 2", 8080)
$Class: ORF Defender
$Team: Friendly
$Team Color Setting: Non-Assigned
$Location: 894.200073, 1118.337891, 9393.646484
$Orientation:
	0.985585, -0.162118, 0.048378,
	0.169182, 0.944431, -0.281830,
	0.000000, 0.285952, 0.958244
$Cargo 1:  XSTR("Nothing", 13)
+Initial Velocity: 33
+Initial Hull: 32
+Subsystem: Pilot
+Secondary Banks: ( "Vortex" "Vortex" )
$Arrival Location: Hyperspace
$Arrival Cue: ( false ) 
$Departure Location: Hyperspace
$Departure Cue: ( false ) 
$Determination: 10
+Flags: ( "cargo-known" )
+Flags2: ( )
+Respawn priority: 0
+Orders Accepted List: ( )
+Group: 0
+Use Table Score:
+Score: 8
+Persona Index: 21

$Name: GZ Alpha 1		;! Object #27
$Display Name: XSTR("GZ Alpha 1", 8081)
$Class: ORF Claymore
$Team: Friendly
$Team Color Setting: Non-Assigned
$Location: 1496.408325, 284.569763, 7794.369629
$Orientation:
	0.985585, -0.162118, 0.048378,
	0.169182, 0.944431, -0.281830,
	0.000000, 0.285952, 0.958244
$Cargo 1:  XSTR("Nothing", 13)
+Initial Velocity: 33
+Initial Hull: 65
+Subsystem: Pilot
+Secondary Banks: ( "Vortex" )
$Arrival Location: Hyperspace
$Arrival Cue: ( false ) 
$Departure Location: Hyperspace
$Departure Cue: ( false ) 
$Determination: 10
+Flags: ( "cargo-known" )
+Flags2: ( )
+Respawn priority: 0
+Orders Accepted List: ( )
+Group: 0
+Use Table Score:
+Score: 10
+Persona Index: 20

$Name: GZ Alpha 2		;! Object #28
$Display Name: XSTR("GZ Alpha 2", 8082)
$Class: ORF Claymore
$Team: Friendly
$Team Color Setting: Non-Assigned
$Location: 1729.649048, 294.695435, 7968.354004
$Orientation:
	0.985585, -0.162118, 0.048378,
	0.169182, 0.944431, -0.281830,
	0.000000, 0.285952, 0.958244
$Cargo 1:  XSTR("Nothing", 13)
+Initial Velocity: 33
+Initial Hull: 93
+Subsystem: Pilot
+Secondary Banks: ( "Vortex" )
$Arrival Location: Hyperspace
$Arrival Cue: ( false ) 
$Departure Location: Hyperspace
$Departure Cue: ( false ) 
$Determination: 10
+Flags: ( "cargo-known" )
+Flags2: ( )
+Respawn priority: 0
+Orders Accepted List: ( )
+Group: 0
+Use Table Score:
+Score: 10
+Persona Index: 21

$Name: GZ Alpha 3		;! Object #29
$Display Name: XSTR("GZ Alpha 3", 8083)
$Class: ORF Claymore
$Team: Friendly
$Team Color Setting: Non-Assigned
$Location: 1789.494751, 226.948547, 7777.273438
$Orientation:
	0.985585, -0.162118, 0.048378,
	0.169182, 0.944431, -0.281830,
	0.000000, 0.285952, 0.958244
$Cargo 1:  XSTR("Nothing", 13)
+Initial Velocity: 33
+Initial Hull: 100
+Subsystem: Pilot
+Secondary Banks: ( "Vortex" )
$Arrival Location: Hyperspace
$Arrival Cue: ( false ) 
$Departure Location: Hyperspace
$Departure Cue: ( false ) 
$Determination: 10
+Flags: ( "cargo-known" )
+Flags2: ( )
+Respawn priority: 0
+Orders Accepted List: ( )
+Group: 0
+Use Table Score:
+Score: 10
+Persona Index: 3

$Name: Big Buddha		;! Object #30
$Display Name: XSTR("Big Buddha", 8084)
$Class: ORSh Qadesh
$Team: Friendly
$Location: -911.186646, 57.122131, 9369.016602
$Orientation:
	0.975226, 0.221109, -0.006630,
	-0.220960, 0.975113, 0.018201,
	0.010489, -0.016286, 0.999812
$AI Goals: ( goals ( ai-waypoints-once "big buddha path" 55 ) )
$Cargo 1:  XSTR("Nothing", 13)
+Initial Hull: 72
+Initial Shields: 100
+Subsystem: Pilot
+Subsystem: turret01
+Subsystem: turret02
+Subsystem: turret03
+Subsystem: turret04
+Subsystem: turret05
+Subsystem: turret06
+Subsystem: turret07
+Subsystem: turret08
+Subsystem: turret09
+Subsystem: turret10
$Arrival Location: Hyperspace
$Arrival Cue: ( true ) 
$Departure Location: Hyperspace
$Departure Cue: ( are-waypoints-done-delay 
   "Big Buddha" 
   "big buddha path" 
   0 
)
$Determination: 10
+Flags: ( "cargo-known" "no-shields" "escort" )
+Flags2: ( )
+Respawn priority: 0
+Escort priority: 18
+Hotkey: 4
+Orders Accepted List: ( )
+Group: 0
+Score: 1000

$Name: Ironclad		;! Object #31
$Display Name: XSTR("Ironclad", 8204)
$Class: ORD Orion
$Team: Friendly
$Location: -993.725708, 1760.520752, 16858.113281
$Orientation:
	-0.544273, -0.381143, -0.747327,
	-0.019663, 0.896384, -0.442844,
	0.838678, -0.226334, -0.495372
$Cargo 1:  XSTR("Nothing", 13)
+Initial Hull: 69
+Initial Shields: 100
+Subsystem: Pilot
+Subsystem: Turret01a
+Subsystem: Turret02a
+Subsystem: Turret03a
+Subsystem: Turret04a
+Subsystem: Turret05a
+Subsystem: Turret06
+Subsystem: Turret07
+Subsystem: Turret08
+Subsystem: Turret09
+Subsystem: Turret10
+Subsystem: Turret11
+Subsystem: Turret12
+Sbank Ammo: ( 0 )
+Subsystem: Turret13
+Sbank Ammo: ( 0 )
+Subsystem: Turret14
+Subsystem: Turret15
+Subsystem: Turret16
+Subsystem: Turret17
+Subsystem: Turret18
+Subsystem: Turret19
+Subsystem: Turret20
+Subsystem: Turret21
+Subsystem: Turret22
+Subsystem: Turret23
+Subsystem: Turret24a
+Subsystem: Turret25a
+Subsystem: Turret26a
+Subsystem: Turret27a
+Subsystem: Turret28a
$Arrival Location: Hyperspace
$Arrival Cue: ( true ) 
$Departure Location: Hyperspace
$Departure Cue: ( is-event-true-delay 
   "final cutscene" 
   0 
)
$Determination: 10
+Flags: ( "cargo-known" "no-shields" "no-departure-warp" )
+Flags2: ( )
+Respawn priority: 0
+Orders Accepted List: ( )
+Group: 0
+Use Table Score:
+Score: 1000
$Texture Replace:
+old: nameplate
+new: nameplate-ironclad

$Name: Shangri La		;! Object #32
$Display Name: XSTR("Shangri La", 8205)
$Class: ORFg Vitalius
$Team: Friendly
$Team Color Setting: Plutunian Sixth Fleet
$Location: 324.669189, 2502.863525, 17624.949219
$Orientation:
	-0.757323, 0.000000, 0.653041,
	0.032638, 0.998750, 0.037850,
	-0.652225, 0.049979, -0.756377
$Cargo 1:  XSTR("Nothing", 13)
+Initial Velocity: 33
+Initial Hull: 82
+Initial Shields: 100
+Subsystem: Pilot
+Subsystem: turret01a
+Subsystem: turret02a
+Subsystem: turret03a
+Subsystem: turret04
+Sbank Ammo: ( 0 )
+Subsystem: turret05
+Sbank Ammo: ( 0 )
+Subsystem: turret06
+Subsystem: turret07
+Subsystem: turret08
+Subsystem: turret09
+Subsystem: turret10
+Subsystem: turret11
+Subsystem: turret12
+Subsystem: turret13
+Subsystem: turret14
+Subsystem: turret15
+Subsystem: turret16
+Subsystem: turret17
+Subsystem: turret18
+Subsystem: turret19
+Subsystem: turret20
+Subsystem: turret21
+Subsystem: turret22
+Subsystem: turret23
+Subsystem: turret24
+Subsystem: turret25
+Subsystem: turret26
+Subsystem: turret27
+Subsystem: turret28
+Subsystem: turret29
+Subsystem: turret30
$Arrival Location: Hyperspace
$Arrival Cue: ( true ) 
$Departure Location: Hyperspace
$Departure Cue: ( is-event-true-delay 
   "final cutscene" 
   0 
)
$Determination: 10
+Flags: ( "cargo-known" "no-shields" "no-departure-warp" )
+Flags2: ( )
+Respawn priority: 0
