#Mission Info

$Version: 0.10
$Name:  XSTR("Hunting the Hunter", 8176)
$Author: Exile Team
$Created: 06/04/14 at 15:38:46
$Modified: 03/11/18 at 14:17:03
$Notes:
This is a FRED2_OPEN created mission.
$End Notes:

$Mission Desc:
 XSTR("Put mission description here
", 2304)
$end_multi_text
+Game Type Flags: 1
+Flags: 131264
+Fog Near Mult: 1.000000

+Fog Far Mult: 1.000000

+Disallow Support: 0
+Hull Repair Ceiling: 60.000000
+Subsystem Repair Ceiling: 100.000000

+Viewer pos: 300.576355, 4702.393066, -5813.285156
+Viewer orient:
	0.995875, 0.000003, 0.090734,
	-0.042454, 0.883798, 0.465938,
	-0.080189, -0.467868, 0.880153


$Load Screen 1024: Loading_M17-18.png

$Skybox Model: StarField.pof

$AI Profile: Exile

#Sexp_variables

$Variables:
(
		0		"achievement13"		"0"		"number"
		1		"achievement_count"		"0"		"number"
		2		"achievement_total"		"19"		"number"
		3		"counterInit"		"80"		"number"
		4		"eta"		"0"		"number"
		5		"etaDecSec"		"0"		"number"
		6		"etaMin"		"0"		"number"
		7		"etaSec"		"0"		"number"
		8		"filename"		"a"		"string"
		9		"fleet_population"		"1198732"		"number"		"campaign-persistent"
		10		"saveexist"		"2"		"number"
		11		"autoGenVar1"		"#Blue Sea"		"string"
		12		"autoGenVar2"		"#Valhalla"		"string"
		13		"autoGenVar3"		"#Spark"		"string"
)

#Command Briefing

#Briefing
$start_briefing
$num_stages: 3
$start_stage
$multi_text
 XSTR("$B Harper:
Alright, people, time for a brief situation report. The$R Cyaegha is in $B Delta $B Lacertae and has already reached the first rendezvous point. We've got a factory ship, two liners and many other units there, all currently recharging jump drives and unable to depart. Two Vitalius frigates - the $G Sharur and the $G Lenus - are providing cover for the convoy. However, they do not stand a chance against an undamaged Samael-class destroyer. ", 8177)
$end_multi_text
$voice: none.wav
$camera_pos: -531.149231, 17538.699219, 746.456909
$camera_orient:
	0.004699, 0.000004, 0.999989,
	-0.999926, -0.011251, 0.004698,
	0.011251, -0.999937, -0.000049
$camera_time: 500
$num_lines: 0
$num_icons: 2
$Flags: 0
$Formula: ( true ) 
$start_icon
$type: 6
$team: Hostile
$class: SD Samael
$pos: 134.782837, 0.000772, -5162.885742
$label: XSTR("Cyaegha", 8087)
+id: 1
$hlight: 0
$mirror: 0
$multi_text
$end_multi_text
$end_icon
$start_icon
$type: 13
$team: Friendly
$class: ORFr Chronos
$pos: 153.888763, 32.446045, 2691.893311
$label: XSTR("Colony Fleet", 7725)
+id: 2
$hlight: 0
$mirror: 0
$multi_text
$end_multi_text
$end_icon
$end_stage
$start_stage
$multi_text
 XSTR("You know what we have to do. We need to engage the $R Cyaegha. Spark, you and $G Beta will lead a bomber strike. Your objective is to destroy the $R Cyaegha's forward beam cannons and her engines. $G Alpha and $G Gamma from the Redemption will clear the way for you. We will attempt to lure away the Shivan fighter cover so that you can attack the destroyer untroubled. ", 8178)
$end_multi_text
$voice: none.wav
$camera_pos: -574.517761, 17538.699219, -8482.842773
$camera_orient:
	0.004698, 0.000004, 0.999989,
	-0.999926, -0.011251, 0.004698,
	0.011251, -0.999937, -0.000049
$camera_time: 500
$num_lines: 0
$num_icons: 5
$Flags: 0
$Formula: ( true ) 
$start_icon
$type: 6
$team: Hostile
$class: SD Samael
$pos: 134.782837, 0.000772, -5162.885742
$label: XSTR("Cyaegha", 8087)
+id: 1
$hlight: 0
$mirror: 0
$multi_text
$end_multi_text
$end_icon
$start_icon
$type: 13
$team: Friendly
$class: ORFr Chronos
$pos: 153.888763, 32.446045, 2691.893311
$label: XSTR("Colony Fleet", 7725)
+id: 2
$hlight: 0
$mirror: 0
$multi_text
$end_multi_text
$end_icon
$start_icon
$type: 1
$team: Friendly
$class: ORF Defender
$pos: 3376.836914, -0.000000, -14069.282227
$label: XSTR("Alpha", 6696)
+id: 3
$hlight: 0
$mirror: 0
$multi_text
$end_multi_text
$end_icon
$start_icon
$type: 17
$team: Friendly
$class: ORB Krios
$pos: 183.780731, -373.804962, -15869.290039
$label: XSTR("Beta", 6695)
+id: 4
$hlight: 0
$mirror: 0
$multi_text
$end_multi_text
$end_icon
$start_icon
$type: 1
$team: Friendly
$class: EFF Durandal
$pos: -2913.364990, -0.000000, -14050.061523
$label: XSTR("Gamma", 8179)
+id: 5
$hlight: 0
$mirror: 0
$multi_text
$end_multi_text
$end_icon
$end_stage
$start_stage
$multi_text
 XSTR("For now, no reinforcements are available. There is no backup. We will be on our own, outnumbered, overwhelmed. Many of you will find death here. But we must do it! Innocent people are being slaughtered as we speak! If we do not reach the convoy on time, they will all be lost. We will not fall back. We will hunt that bastard down and hit it with everything we've got. 

That's all. Let's do it, Direwolves! If you have ever wanted to die a hero, today is a good day. ", 8180)
$end_multi_text
$voice: none.wav
$camera_pos: -6340.503418, 21083.900391, 4717.240723
$camera_orient:
	0.999999, 0.000004, 0.001503,
	-0.001502, 0.033829, 0.999426,
	-0.000047, -0.999428, 0.033829
$camera_time: 500
$num_lines: 0
$num_icons: 4
$Flags: 0
$Formula: ( true ) 
$start_icon
$type: 6
$team: Hostile
$class: SD Samael
$pos: 134.782837, 0.000772, -5162.885742
$label: XSTR("Cyaegha", 8087)
+id: 1
$hlight: 0
$mirror: 0
$multi_text
$end_multi_text
$end_icon
$start_icon
$type: 1
$team: Friendly
$class: ORF Defender
$pos: 3376.836914, -0.000000, -14069.282227
$label: XSTR("Alpha", 6696)
+id: 3
$hlight: 0
$mirror: 0
$multi_text
$end_multi_text
$end_icon
$start_icon
$type: 17
$team: Friendly
$class: ORB Krios
$pos: 183.780731, -373.804962, -15869.290039
$label: XSTR("Beta", 6695)
+id: 4
$hlight: 0
$mirror: 0
$multi_text
$end_multi_text
$end_icon
$start_icon
$type: 1
$team: Friendly
$class: EFF Durandal
$pos: -2913.364990, -0.000000, -14050.061523
$label: XSTR("Gamma", 8179)
+id: 5
$hlight: 0
$mirror: 0
$multi_text
$end_multi_text
$end_icon
$end_stage
$end_briefing

#Debriefing_info

$Num stages: 2

$Formula: ( is-goal-true-delay 
   "Destroy Cyaegha" 
   0 
)
$Multi text
    XSTR("Welcome to Anjaneya, Direwolves. And congratulations on your outstanding performance. Squadmaster Harper, you made the difficult decision to attack the Cyaegha without logistical support. You confronted an enemy far more powerful than you. You fought wave after wave of Shivan fighters. And yet, despite these challenges, you survived and you prevailed. 

Your valiant effort today saved thousands of lives. If you had not distracted the Cyaegha and her fighters, none of the civilians would have survived to tell the tale. The shipmasters of the remaining civilian units have sent words of gratitude on behalf of themselves and their passengers. You have my gratitude, as well. I know that this victory comes at a great cost. Your squadron was hit hard during the assault. We mourn every single pilot who gave their life to protect the innocent. They will be remembered. 

Unfortunately, this is not the end of our struggle. The Anjaneya and Redemption are maintaining the blockade and will continue to do so as long as necessary. Since the Colony Fleet is still on the way to the jump node, we will soon need to cover their retreat and then follow them through the node. Prepare yourselves well, Direwolves. ", 8181)
$end_multi_text
$Voice: none.wav
$Recommendation text:
    XSTR("", 10)
$end_multi_text

$Formula: ( has-departed-delay 0 "Cyaegha" ) 
$Multi text
    XSTR("Harper: 
We failed. Despite your efforts, the Cyaegha has escaped and is now on the way to another rendezvous point. As ORS forces need some time to reach its position, it is again our job to engage the Cyaegha and keep the civilians out of the way of its beams and fighters. Prepare yourselves well, Direwolves. It is time to finish the hunt we have begun. ", 8182)
$end_multi_text
$Voice: none.wav
$Recommendation text:
    XSTR("", 10)
$end_multi_text

#Callsigns:
$Callsign: XSTR("Fives", 7361)
$Callsign: XSTR("Echo", 7362)
$Callsign: XSTR("Harper", 5869)
$Callsign: XSTR("Spark", 5871)
$Callsign: XSTR("Nielsen", 5875)
$Callsign: XSTR("Nishimura", 7547)

#end


#Players		;! 1 total

$Starting Shipname: Beta 1
$Ship Choices: (
	"GTF Ulysses"	5
	"GTF Hercules"	5
	"GTF Hercules Mark II"	5
	"GTF Ares"	5
	"GTF Erinyes"	5
	"GTF Loki"	5
	"GTF Pegasus"	5
	"GTF Perseus"	5
	"GTF Myrmidon"	5
	"SF Mara (terrans)"	5
	"GTB Artemis"	5
	"GTB Artemis D.H."	5
	"GTB Medusa"	5
	"GTB Ursa"	5
	"GTB Zeus"	5
	"GTB Boanerges"	5
	"GVF Ptah"	5
	"ORF Rapier"	5
	"ORF Ymir"	5
	"ORF Vindicator"	5
	"ORB Euryale"	5
	"ORB Stalker"	5
)

+Weaponry Pool: (
	"Subach HL-7"	16
	"Subach HL-D"	16
	"Mekhu HL-7"	16
	"Mekhu HL-7D"	16
	"Akheton SDG"	16
	"Morning Star"	16
	"MorningStar D"	16
	"Prometheus R"	16
	"Prometheus S"	16
	"Prometheus D"	16
	"Maxim"	16
	"Maxim D"	16
	"UD-8 Kayser"	16
	"UD-D Kayser"	16
	"Circe"	16
	"Lamprey"	16
	"Pulsar PC-9"	20
	"Prometheus N"	24
	"Defiler LPC"	16
	"Scythe"	16
	"Eviscerator"	16
	"Incisor"	16
	"Devastator"	16
	"Widow"	16
	"Excalibur"	16
	"Vengeance"	16
	"Shivan Long Range Cannon"	16
	"Yali Pulse Cannon"	16
	"Rockeye"	500
	"Rockeye D"	500
	"Tempest"	500
	"Tempest D"	500
	"Hornet"	500
	"Hornet D"	500
	"Hornet#Weak"	500
	"Tornado"	500
	"Tornado D"	500
	"Harpoon"	500
	"Harpoon D"	500
	"Harpoon#Weak"	500
	"Trebuchet"	500
	"TAG-A"	500
	"TAG-B"	500
	"TAG-C"	500
	"Piranha"	500
	"Stiletto II"	500
	"Infyrno"	500
	"Infyrno D"	500
	"Cyclops"	500
	"Cyclops#short"	500
	"Helios"	500
	"EMP Adv."	500
	"Rockeye#Shivan"	500
	"Rockeye D#Shivan"	500
	"Tempest#Shivan"	500
	"Tempest D#Shivan"	500
	"Hornet#Shivan"	500
	"Hornet D#Shivan"	500
	"Hornet#Weak#Shivan"	500
	"Tornado#Shivan"	500
	"Tornado D#Shivan"	500
	"Harpoon#Shivan"	500
	"Harpoon D#Shivan"	500
	"Harpoon#Weak#Shivan"	500
	"Trebuchet#Shivan"	500
	"Piranha#Shivan"	500
	"Shivan Disruptor"	500
	"Shivan Area Bomb"	500
	"Shivan Bomb"	500
	"Shivan Bomb#Short"	500
	"Shivan Megabomb"	500
	"EMP Adv.#Shivan"	500
	"Bolt"	500
	"Seeker"	500
	"Maelstrom"	500
	"Stinger"	500
	"MX-112"	500
	"Vortex"	788
	"Thunderstrike"	500
	"Hurricane"	500
	"Arbalest"	500
	"Chrabaszcz"	532
	"Demolisher"	500
	"Revenant"	500
)

#Objects		;! 68 total

$Name: Beta 1		;! Object #0
$Display Name: XSTR("Beta 1", 5765)
$Class: ORB Krios
$Callsign: XSTR("Spark", 5871)

$Team: Friendly
$Team Color Setting: Roaming Fleet
$Location: 2977.317383, 2395.114258, 4174.428223
$Orientation:
	0.169967, 0.000000, 0.985450,
	-0.671721, 0.731688, 0.115856,
	-0.721043, -0.681639, 0.124363
$AI Behavior: None
$Cargo 1:  XSTR("Nothing", 13)
+Initial Hull: 100
+Subsystem: Pilot
+Secondary Banks: ( "Vortex" "Chrabaszcz" )
$Arrival Location: Hyperspace
$Arrival Cue: ( false ) 
$Departure Location: Hyperspace
$Departure Cue: ( false ) 
$Determination: 10
+Flags: ( "cargo-known" "player-start" )
+Flags2: ( )
+Respawn priority: 0
+Orders Accepted: 33023		;! note that this is a bitfield!!!
+Group: 0
+Score: 8

$Name: Qatna		;! Object #1
$Display Name: XSTR("Qatna", 8183)
$Class: ORFS Hephaestus
$Team: Friendly
$Location: -2182.532471, 1138.822998, 1501.527344
$Orientation:
	-0.776454, -0.484177, 0.403354,
	-0.383824, 0.870998, 0.306666,
	-0.499800, 0.083294, -0.862127
$AI Behavior: None
$AI Goals: ( goals ( ai-waypoints-once "qatna path" 50 ) ( ai-warp-out 45 ) )
$Cargo 1:  XSTR("Nothing", 13)
+Initial Velocity: 33
+Initial Hull: 47
+Initial Shields: 100
+Subsystem: Pilot
+Subsystem: turret01
+Subsystem: turret02
+Subsystem: turret03
+Subsystem: turret04
+Subsystem: turret05
+Subsystem: turret06
+Subsystem: turret07
+Subsystem: turret08
+Subsystem: turret09
+Subsystem: turret10
+Subsystem: turret11
+Subsystem: turret12
+Subsystem: turret13
+Subsystem: turret14
+Subsystem: turret15
$Arrival Location: Hyperspace
$Arrival Cue: ( true ) 
$Departure Location: Hyperspace
$Departure Cue: ( false ) 
$Determination: 10
+Flags: ( "cargo-known" "no-shields" "escort" "beam-protect-ship" )
+Flags2: ( )
+Respawn priority: 0
+Escort priority: 20
+Orders Accepted: 0		;! note that this is a bitfield!!!
+Group: 0
+Use Table Score:
+Score: 1000
$Texture Replace:
+old: factoryshipuv
+new: qatna
+old: factoryshipuv-shine
+new: qatna-shine

$Name: Mariposa		;! Object #2
$Display Name: XSTR("Mariposa", 7051)
$Class: ORFr Nautilus
$Team: Friendly
$Location: -725.368652, 0.000014, 194.386398
$Orientation:
	-0.550920, 0.723566, 0.415864,
	0.597284, 0.689873, -0.409059,
	-0.582874, 0.023030, -0.812238
$AI Behavior: None
$AI Goals: ( goals ( ai-waypoints-once "mariposa path" 50 ) ( ai-warp-out 45 ) )
$Cargo 1:  XSTR("Nothing", 13)
+Initial Velocity: 33
+Initial Hull: 31
+Initial Shields: 100
+Subsystem: Pilot
+Subsystem: turret01
+Subsystem: turret02
+Subsystem: turret03
+Subsystem: turret04
+Subsystem: turret05
+Subsystem: turret06
+Subsystem: turret07
+Subsystem: turret08
+Subsystem: turret09
+Subsystem: turret10
+Subsystem: turret11
+Subsystem: turret12
+Subsystem: turret13
+Subsystem: turret14
$Arrival Location: Hyperspace
$Arrival Cue: ( true ) 
$Departure Location: Hyperspace
$Departure Cue: ( false ) 
$Determination: 10
+Flags: ( "cargo-known" "no-shields" "escort" "beam-protect-ship" )
+Flags2: ( )
+Respawn priority: 0
+Escort priority: 20
+Orders Accepted: 0		;! note that this is a bitfield!!!
+Group: 0
+Use Table Score:
+Score: 180

$Name: Sharur		;! Object #3
$Display Name: XSTR("Sharur", 7400)
$Class: ORFg Vitalius
$Team: Friendly
$Team Color Setting: Escort Fleet
$Location: 688.240112, 1243.727295, 2570.694092
$Orientation:
	0.169181, 0.099375, 0.980563,
	0.164060, 0.978184, -0.127440,
	-0.971835, 0.182432, 0.149187
$AI Behavior: None
$Cargo 1:  XSTR("Nothing", 13)
+Initial Velocity: 33
+Initial Hull: 67
+Initial Shields: 100
+Subsystem: Pilot
+Subsystem: turret01a
+Subsystem: turret02a
+Subsystem: turret03a
+Subsystem: turret04
+Subsystem: turret05
+Subsystem: turret06
+Subsystem: turret07
+Subsystem: turret08
+Subsystem: turret09
+Subsystem: turret10
+Subsystem: turret11
+Subsystem: turret12
+Subsystem: turret13
+Subsystem: turret14
+Subsystem: turret15
+Subsystem: turret16
+Subsystem: turret17
+Subsystem: turret18
+Subsystem: turret19
+Subsystem: turret20
+Subsystem: turret21
+Subsystem: turret22
+Subsystem: turret23
+Subsystem: turret24
+Subsystem: turret25
+Subsystem: turret26
+Subsystem: turret27
+Subsystem: turret28
+Subsystem: turret29
+Subsystem: turret30
$Arrival Location: Hyperspace
$Arrival Cue: ( true ) 
$Departure Location: Hyperspace
$Departure Cue: ( is-event-true-delay 
   "msg6+sharur retreat" 
   4 
)
$Determination: 10
+Flags: ( "cargo-known" "no-shields" "escort" "beam-protect-ship" )
+Flags2: ( )
+Respawn priority: 0
+Escort priority: 90
+Orders Accepted: 0		;! note that this is a bitfield!!!
+Group: 0
+Use Table Score:
+Score: 8
$Texture Replace:
+old: nameplate
+new: nameplate-sharur

$Name: Lenus		;! Object #4
$Display Name: XSTR("Lenus", 5754)
$Class: ORFg Vitalius
$Team: Friendly
$Team Color Setting: Escort Fleet
$Location: -650.669556, 648.185547, 3708.708496
$Orientation:
	0.960100, 0.263695, 0.093147,
	-0.278017, 0.936027, 0.215776,
	-0.030289, -0.233063, 0.971991
$AI Behavior: None
$Cargo 1:  XSTR("Nothing", 13)
+Initial Velocity: 33
+Initial Hull: 29
+Initial Shields: 100
+Subsystem: Pilot
+Subsystem: turret01a
+Subsystem: turret02a
+Subsystem: turret03a
+Subsystem: turret04
+Subsystem: turret05
+Subsystem: turret06
+Subsystem: turret07
+Subsystem: turret08
+Subsystem: turret09
+Subsystem: turret10
+Subsystem: turret11
+Subsystem: turret12
+Subsystem: turret13
+Subsystem: turret14
+Subsystem: turret15
+Subsystem: turret16
+Subsystem: turret17
+Subsystem: turret18
+Subsystem: turret19
+Subsystem: turret20
+Subsystem: turret21
+Subsystem: turret22
+Subsystem: turret23
+Subsystem: turret24
+Subsystem: turret25
+Subsystem: turret26
+Subsystem: turret27
+Subsystem: turret28
+Subsystem: turret29
+Subsystem: turret30
$Arrival Location: Hyperspace
$Arrival Cue: ( true ) 
$Departure Location: Hyperspace
$Departure Cue: ( false ) 
$Determination: 10
+Flags: ( "cargo-known" "no-shields" "escort" "beam-protect-ship" )
+Flags2: ( )
+Respawn priority: 0
+Escort priority: 85
+Orders Accepted: 0		;! note that this is a bitfield!!!
+Group: 0
+Use Table Score:
+Score: 8
$Texture Replace:
+old: nameplate
+new: nameplate-lenus

$Name: Blue Sea		;! Object #5
$Display Name: XSTR("Blue Sea", 8184)
$Class: ORLr Hestia
$Team: Friendly
$Location: -1925.561035, 0.000621, 3975.181885
$Orientation:
	-0.659227, -0.620986, 0.424027,
	-0.522275, 0.783822, 0.335937,
	-0.540973, 0.000000, -0.841041
$AI Behavior: None
$Cargo 1:  XSTR("Nothing", 13)
+Initial Velocity: 33
+Initial Hull: 20
+Initial Shields: 100
+Subsystem: Pilot
+Subsystem: turret01
+Subsystem: turret02
+Subsystem: turret03
+Subsystem: turret04
+Subsystem: turret05
+Subsystem: turret06
+Subsystem: turret07
+Subsystem: turret08
+Subsystem: turret09
+Subsystem: turret10
+Subsystem: turret11
+Subsystem: turret12
+Subsystem: turret13
+Subsystem: turret14
+Subsystem: turret15
+Subsystem: turret16
+Subsystem: turret17
$Arrival Location: Hyperspace
$Arrival Cue: ( true ) 
$Departure Location: Hyperspace
$Departure Cue: ( false ) 
$Determination: 10
+Flags: ( "cargo-known" "no-shields" "escort" "beam-protect-ship" )
+Flags2: ( )
+Respawn priority: 0
+Escort priority: 20
+Orders Accepted: 0		;! note that this is a bitfield!!!
+Group: 0
+Use Table Score:
+Score: 1500

$Name: Queen of the Stars		;! Object #6
$Display Name: XSTR("Queen of the Stars", 7053)
$Class: ORLr Hestia
$Team: Friendly
$Location: -1840.805664, -551.345520, 1489.474854
$Orientation:
	-0.777172, 0.314567, 0.545025,
	0.257547, 0.949235, -0.180616,
	-0.574173, 0.000000, -0.818735
$AI Behavior: None
$AI Goals: ( goals ( ai-waypoints-once "queen path" 50 ) ( ai-warp-out 45 ) )
$Cargo 1:  XSTR("Nothing", 13)
+Initial Velocity: 33
+Initial Hull: 50
+Initial Shields: 100
+Subsystem: Pilot
+Subsystem: turret01
+Subsystem: turret02
+Subsystem: turret03
+Subsystem: turret04
+Subsystem: turret05
+Subsystem: turret06
+Subsystem: turret07
+Subsystem: turret08
+Subsystem: turret09
+Subsystem: turret10
+Subsystem: turret11
+Subsystem: turret12
+Subsystem: turret13
+Subsystem: turret14
+Subsystem: turret15
+Subsystem: turret16
+Subsystem: turret17
$Arrival Location: Hyperspace
$Arrival Cue: ( true ) 
$Departure Location: Hyperspace
$Departure Cue: ( false ) 
$Determination: 10
+Flags: ( "cargo-known" "no-shields" "escort" "beam-protect-ship" )
+Flags2: ( )
+Respawn priority: 0
+Escort priority: 20
+Orders Accepted: 0		;! note that this is a bitfield!!!
+Group: 0
+Use Table Score:
+Score: 1500

$Name: Crete		;! Object #7
$Display Name: XSTR("Crete", 8185)
$Class: ORFR Poseidon
$Team: Friendly
$Location: -1033.448242, -139.106537, -765.479553
$Orientation:
	-0.729767, -0.380189, 0.568241,
	-0.299975, 0.924909, 0.233578,
	-0.614375, 0.000000, -0.789015
$AI Behavior: None
$AI Goals: ( goals ( ai-waypoints-once "civilian1 path" 50 ) ( ai-warp-out 45 ) )
$Cargo 1:  XSTR("Nothing", 13)
+Initial Velocity: 33
+Initial Hull: 13
+Subsystem: Pilot
+Subsystem: turret01
+Subsystem: turret02
+Subsystem: turret03
+Subsystem: turret04
$Arrival Location: Hyperspace
$Arrival Cue: ( true ) 
$Departure Location: Hyperspace
$Departure Cue: ( false ) 
$Determination: 10
+Flags: ( "cargo-known" "beam-protect-ship" )
+Flags2: ( )
+Respawn priority: 0
+Orders Accepted: 0		;! note that this is a bitfield!!!
+Group: 0
+Use Table Score:
+Score: 15

$Name: Ore Carrier 12		;! Object #8
$Display Name: XSTR("Ore Carrier 12", 8186)
$Class: ORFR Poseidon
$Team: Friendly
$Location: -897.039063, -143.641541, -547.912964
$Orientation:
	-0.664272, -0.539632, 0.517243,
	-0.425778, 0.841901, 0.331537,
	-0.614375, 0.000000, -0.789015
$AI Behavior: None
$AI Goals: ( goals ( ai-waypoints-once "civilian1 path" 50 ) ( ai-warp-out 45 ) )
$Cargo 1:  XSTR("Nothing", 13)
+Initial Velocity: 33
+Initial Hull: 27
+Subsystem: Pilot
+Subsystem: turret01
+Subsystem: turret02
+Subsystem: turret03
+Subsystem: turret04
$Arrival Location: Hyperspace
$Arrival Cue: ( true ) 
$Departure Location: Hyperspace
$Departure Cue: ( false ) 
$Determination: 10
+Flags: ( "cargo-known" "beam-protect-ship" )
+Flags2: ( )
+Respawn priority: 0
+Orders Accepted: 0		;! note that this is a bitfield!!!
+Group: 0
+Use Table Score:
+Score: 15

$Name: Ore Container 871		;! Object #9
$Display Name: XSTR("Ore Container 871", 8187)
$Class: ORC-C 1
$Team: Friendly
$Location: -889.073975, -153.900650, -547.939453
$Orientation:
	0.664276, 0.539631, -0.517240,
	0.431119, -0.841870, -0.324643,
	-0.610635, -0.007340, -0.791879
$AI Behavior: None
$Cargo 1:  XSTR("Beryllium ore", 8188)
+Initial Velocity: 33
+Initial Hull: 100
+Initial Shields: 100
+Subsystem: Pilot
$Arrival Location: Hyperspace
$Arrival Cue: ( false ) 
$Departure Location: Hyperspace
$Departure Cue: ( false ) 
$Determination: 10
+Flags: ( "cargo-known" "no-shields" )
+Flags2: ( )
+Respawn priority: 0
+Docked With: Ore Carrier 12
$Docker Point: cargo dock
$Dockee Point: cargo dock01
+Group: 0
+Use Table Score:
+Score: 5

$Name: Shining Ray		;! Object #10
$Display Name: XSTR("Shining Ray", 8189)
$Class: ORFr Chronos
$Team: Friendly
$Location: -1625.093628, 409.643005, 17.012980
$Orientation:
	-0.741179, -0.342898, 0.577127,
	-0.270552, 0.939373, 0.210668,
	-0.614375, 0.000000, -0.789015
$AI Behavior: None
$AI Goals: ( goals ( ai-waypoints-once "civilian3 path" 50 ) ( ai-warp-out 45 ) )
$Cargo 1:  XSTR("Nothing", 13)
+Initial Velocity: 33
+Initial Hull: 100
+Subsystem: Pilot
+Subsystem: turreta
$Arrival Location: Hyperspace
$Arrival Cue: ( true ) 
$Departure Location: Hyperspace
$Departure Cue: ( false ) 
$Determination: 10
+Flags: ( "cargo-known" "beam-protect-ship" )
+Flags2: ( )
+Respawn priority: 0
+Orders Accepted: 0		;! note that this is a bitfield!!!
+Group: 0
+Use Table Score:
+Score: 20

$Name: ORHCG-03 218-XP		;! Object #11
$Display Name: XSTR("ORHCG-03 218-XP", 8190)
$Class: ORHCG-03
$Team: Friendly
$Location: -1626.403809, 422.239380, 23.148306
$Orientation:
	-0.741130, -0.342898, 0.577190,
	-0.271502, 0.939372, 0.209447,
	-0.614015, -0.001481, -0.789294
$AI Behavior: None
$Cargo 1:  XSTR("Supplies", 6596)
+Initial Velocity: 33
+Initial Hull: 100
+Initial Shields: 100
+Subsystem: Pilot
$Arrival Location: Hyperspace
$Arrival Cue: ( false ) 
$Departure Location: Hyperspace
$Departure Cue: ( false ) 
$Determination: 10
+Flags: ( "cargo-known" "no-shields" )
+Flags2: ( )
+Respawn priority: 0
+Docked With: Shining Ray
$Docker Point: cargo dockpoint
$Dockee Point: cargo dockpoint
+Group: 0
+Use Table Score:
+Score: 5

$Name: Cepheus		;! Object #12
$Display Name: XSTR("Cepheus", 8191)
$Class: ORFr Chronos
$Team: Friendly
$Location: -221.315994, 0.000045, 860.755188
$Orientation:
	-0.518766, -0.757843, 0.395673,
	-0.602575, 0.652438, 0.459597,
	-0.606454, 0.000000, -0.795119
$AI Behavior: None
$AI Goals: ( goals ( ai-waypoints-once "civilian2 path" 50 ) ( ai-warp-out 45 ) )
$Cargo 1:  XSTR("Nothing", 13)
+Initial Velocity: 33
+Initial Hull: 35
+Subsystem: Pilot
+Subsystem: turreta
$Arrival Location: Hyperspace
$Arrival Cue: ( true ) 
$Departure Location: Hyperspace
$Departure Cue: ( false ) 
$Determination: 10
+Flags: ( "cargo-known" "beam-protect-ship" )
+Flags2: ( )
+Respawn priority: 0
+Orders Accepted: 0		;! note that this is a bitfield!!!
+Group: 0
+Use Table Score:
+Score: 20

$Name: ORHCG-03 652-XT		;! Object #13
$Display Name: XSTR("ORHCG-03 652-XT", 8192)
$Class: ORHCG-03
$Team: Friendly
$Location: -227.090347, 8.648746, 870.236084
$Orientation:
	-0.518788, -0.757843, 0.395645,
	-0.603513, 0.652438, 0.458365,
	-0.605502, -0.000984, -0.795844
$AI Behavior: None
$Cargo 1:  XSTR("Supplies", 6596)
+Initial Velocity: 33
+Initial Hull: 100
+Initial Shields: 100
+Subsystem: Pilot
$Arrival Location: Hyperspace
$Arrival Cue: ( false ) 
$Departure Location: Hyperspace
$Departure Cue: ( false ) 
$Determination: 10
+Flags: ( "cargo-known" "no-shields" )
+Flags2: ( )
+Respawn priority: 0
+Docked With: Cepheus
$Docker Point: cargo dockpoint
$Dockee Point: cargo dockpoint
+Group: 0
+Use Table Score:
+Score: 5

$Name: Equilateral		;! Object #14
$Display Name: XSTR("Equilateral", 8193)
$Class: ORSC Faustus
$Team: Friendly
$Location: 97.992462, -0.000032, 1248.771973
$Orientation:
	-0.623232, 0.620986, 0.475352,
	0.493758, 0.783822, -0.376600,
	-0.606454, 0.000000, -0.795119
$AI Behavior: None
$AI Goals: ( goals ( ai-waypoints-once "civilian2 path" 50 ) ( ai-warp-out 45 ) )
$Cargo 1:  XSTR("Nothing", 13)
+Initial Velocity: 33
+Initial Hull: 69
+Initial Shields: 100
+Subsystem: Pilot
+Subsystem: turret01
+Subsystem: turret02
+Subsystem: turret03
+Subsystem: turret04
+Subsystem: turret05
+Subsystem: turret06
$Arrival Location: Hyperspace
$Arrival Cue: ( true ) 
$Departure Location: Hyperspace
$Departure Cue: ( false ) 
$Determination: 10
+Flags: ( "cargo-known" "no-shields" "beam-protect-ship" )
+Flags2: ( )
+Respawn priority: 0
+Orders Accepted: 0		;! note that this is a bitfield!!!
+Group: 0
+Use Table Score:
+Score: 50

$Name: Isosceles		;! Object #15
$Display Name: XSTR("Isosceles", 8194)
$Class: ORSC Faustus
$Team: Friendly
$Location: -1877.558228, 394.207916, -338.714874
$Orientation:
	-0.587954, -0.666870, 0.457817,
	-0.526170, 0.745175, 0.409708,
	-0.614375, 0.000000, -0.789015
$AI Behavior: None
$AI Goals: ( goals ( ai-waypoints-once "civilian3 path" 50 ) ( ai-warp-out 45 ) )
$Cargo 1:  XSTR("Nothing", 13)
+Initial Velocity: 33
+Initial Hull: 78
+Initial Shields: 100
+Subsystem: Pilot
+Subsystem: turret01
+Subsystem: turret02
+Subsystem: turret03
+Subsystem: turret04
+Subsystem: turret05
+Subsystem: turret06
$Arrival Location: Hyperspace
$Arrival Cue: ( true ) 
$Departure Location: Hyperspace
$Departure Cue: ( false ) 
$Determination: 10
+Flags: ( "cargo-known" "no-shields" "beam-protect-ship" )
+Flags2: ( )
+Respawn priority: 0
+Orders Accepted: 0		;! note that this is a bitfield!!!
+Group: 0
+Use Table Score:
+Score: 50

$Name: Scalene		;! Object #16
$Display Name: XSTR("Scalene", 8195)
$Class: ORSC Faustus
$Team: Friendly
$Location: -785.681885, 453.618347, 1025.329590
$Orientation:
	-0.688814, -0.461779, 0.558834,
	-0.358604, 0.886995, 0.290935,
	-0.630031, 0.000000, -0.776570
$AI Behavior: None
$AI Goals: ( goals ( ai-waypoints-once "civilian3 path" 50 ) ( ai-warp-out 45 ) )
$Cargo 1:  XSTR("Nothing", 13)
+Initial Velocity: 33
+Initial Hull: 100
+Initial Shields: 100
+Subsystem: Pilot
+Subsystem: turret01
+Subsystem: turret02
+Subsystem: turret03
+Subsystem: turret04
+Subsystem: turret05
+Subsystem: turret06
$Arrival Location: Hyperspace
$Arrival Cue: ( true ) 
$Departure Location: Hyperspace
$Departure Cue: ( false ) 
$Determination: 10
+Flags: ( "cargo-known" "no-shields" "beam-protect-ship" )
+Flags2: ( )
+Respawn priority: 0
+Orders Accepted: 0		;! note that this is a bitfield!!!
+Group: 0
+Use Table Score:
+Score: 50

$Name: Cyaegha		;! Object #17
$Display Name: XSTR("Cyaegha", 8087)
$Class: SD Samael
$Team: Hostile
$Location: 248.683212, 0.000772, 7703.672363
$Orientation:
	-0.794135, 0.443948, 0.415044,
	0.393453, 0.896053, -0.205633,
	-0.463191, 0.000000, -0.886259
$AI Behavior: None
$Cargo 1:  XSTR("Nothing", 13)
+Initial Velocity: 33
+Initial Hull: 87
+Initial Shields: 100
+Subsystem: Pilot
+Subsystem: turret01
+Subsystem: turret02
+Subsystem: turret03
+Subsystem: turret04
+Subsystem: turret05
+Subsystem: turret06
+Subsystem: turret07
+Subsystem: turret08
+Subsystem: turret09
+Subsystem: turret10
+Subsystem: turret11
+Subsystem: turret12
+Subsystem: turret13
+Subsystem: turret14
+Subsystem: turret15
+Subsystem: turret16
+Subsystem: turret17
+Subsystem: turret18
+Subsystem: turret19
+Subsystem: turret20
+Subsystem: turret21
+Subsystem: turret22
+Subsystem: turret23
+Subsystem: turret24
+Subsystem: turret25
+Subsystem: turret26
+Subsystem: turret27
+Subsystem: turret28
+Subsystem: turret29
$Arrival Location: Hyperspace
$Arrival Cue: ( true ) 
$Departure Location: Hyperspace
$Departure Cue: ( and 
   ( is-event-true-delay 
      "msg7+unprotect convoy" 
      10 
   )
   ( = @eta[0] 0 ) 
)
$Determination: 10
+Flags: ( "no-shields" "escort" )
+Flags2: ( )
+Respawn priority: 0
+Escort priority: 100
+Special Hitpoints: 450000
+Orders Accepted: 0		;! note that this is a bitfield!!!
+Group: 0
+Use Table Score:
+Score: 700

$Name: Ajna		;! Object #18
$Display Name: XSTR("Ajna", 7207)
$Class: ORFg Tychicus
$Team: Friendly
$Team Color Setting: Heavy Fleet
$Location: -672.991394, 5791.919434, 5369.903320
$Orientation:
	-0.815752, -0.025292, 0.577848,
	-0.569474, 0.209979, -0.794739,
	-0.101235, -0.977379, -0.185694
$AI Behavior: None
$AI Goals: ( goals ( ai-chase "Cyaegha" 50 ) )
$Cargo 1:  XSTR("Nothing", 13)
+Initial Velocity: 33
+Initial Hull: 100
+Initial Shields: 100
+Subsystem: Pilot
+Subsystem: turret01
+Subsystem: turret02
+Subsystem: turret03
+Subsystem: turret04
+Subsystem: turret05
+Subsystem: turret06
+Subsystem: turret07
+Subsystem: turret08
+Subsystem: turret09
+Subsystem: turret10
+Subsystem: turret11
+Subsystem: turret12
+Subsystem: turret13
+Subsystem: turret14
+Subsystem: turret15
+Subsystem: turret16
+Subsystem: turret17
+Subsystem: turret18
+Subsystem: turret19
+Subsystem: turret20
+Subsystem: turret21
+Subsystem: turret22
+Subsystem: turret23
+Subsystem: turret24
+Subsystem: turret25
+Subsystem: turret26
+Subsystem: turret27
+Subsystem: turret28
+Subsystem: turret29a
+Subsystem: turret30a
$Arrival Location: Hyperspace
$Arrival Cue: ( has-arrived-delay 35 "Iliaster" ) 
$Departure Location: Hyperspace
$Departure Cue: ( is-event-true-delay 
   "msg20+allow warp" 
   4 
)
$Determination: 10
+Flags: ( "cargo-known" "no-shields" "escort" )
+Flags2: ( )
+Respawn priority: 0
+Escort priority: 90
+Orders Accepted: 0		;! note that this is a bitfield!!!
+Group: 0
+Use Table Score:
+Score: 1500
$Texture Replace:
+old: nameplate-tychi-trans
+new: nameplate-ajna
+old: damage-shine
+new: nameplate-ajna-shine
+old: damage-shine
+new: nameplate-ajna-shine
+old: nameplate-tychi-trans
+new: nameplate-ajna
+old: damage
+new: nameplate-ajna
+old: damage-shine
+new: nameplate-ajna-shine
+old: nameplate-tychi-trans
+new: nameplate-ajna
+old: nameplate-tychi-trans-shine
+new: nameplate-ajna-shine

$Name: Alpha 1		;! Object #19
$Display Name: XSTR("Alpha 1", 5745)
$Class: ORF Encantona
$Callsign: XSTR("Harper", 5869)

$Team: Friendly
$Team Color Setting: Non-Assigned
$Location: 3148.524902, 2609.368408, 4216.439941
$Orientation:
	0.169967, -0.000000, 0.985450,
	-0.671721, 0.731689, 0.115856,
	-0.721043, -0.681639, 0.124363
$AI Behavior: None
$Cargo 1:  XSTR("Nothing", 13)
+Initial Hull: 100
+Subsystem: Pilot
$Arrival Location: Hyperspace
$Arrival Cue: ( false ) 
$Departure Location: Hyperspace
$Departure Cue: ( false ) 
$Determination: 10
+Flags: ( "cargo-known" )
+Flags2: ( )
+Respawn priority: 0
+Orders Accepted: 0		;! note that this is a bitfield!!!
+Group: 0
+Score: 8
+Persona Index: 7

$Name: Rama 1		;! Object #20
$Display Name: XSTR("Rama 1", 5886)
$Class: SF Scorpion
$Team: Hostile
$Location: 668.885376, 411.386261, 8416.333008
$Orientation:
	-0.812952, 0.000000, 0.582331,
	0.000000, 1.000000, 0.000000,
	-0.582331, 0.000000, -0.812952
$AI Behavior: None
$Cargo 1:  XSTR("Nothing", 13)
+Initial Velocity: 33
+Initial Hull: 100
+Subsystem: Pilot
$Arrival Location: Hyperspace
$Arrival Cue: ( false ) 
$Departure Location: Hyperspace
$Departure Cue: ( false ) 
$Determination: 10
+Flags: ( )
+Flags2: ( )
+Respawn priority: 0
+Orders Accepted: 0		;! note that this is a bitfield!!!
+Group: 0
+Use Table Score:
+Score: 10

$Name: Rama 2		;! Object #21
$Display Name: XSTR("Rama 2", 5887)
$Class: SF Scorpion
$Team: Hostile
$Location: 636.476624, 411.386261, 8421.748047
$Orientation:
	-0.812952, 0.000000, 0.582331,
	0.000000, 1.000000, 0.000000,
	-0.582331, 0.000000, -0.812952
$AI Behavior: None
$Cargo 1:  XSTR("Nothing", 13)
+Initial Velocity: 33
+Initial Hull: 100
+Subsystem: Pilot
$Arrival Location: Hyperspace
$Arrival Cue: ( false ) 
$Departure Location: Hyperspace
$Departure Cue: ( false ) 
$Determination: 10
+Flags: ( )
+Flags2: ( )
+Respawn priority: 0
+Orders Accepted: 0		;! note that this is a bitfield!!!
+Group: 0
+Use Table Score:
+Score: 10

$Name: Rama 3		;! Object #22
$Display Name: XSTR("Rama 3", 5888)
$Class: SF Scorpion
$Team: Hostile
$Location: 635.583923, 411.386261, 8462.476563
$Orientation:
	-0.812952, 0.000000, 0.582331,
	0.000000, 1.000000, 0.000000,
	-0.582331, 0.000000, -0.812952
$AI Behavior: None
$Cargo 1:  XSTR("Nothing", 13)
+Initial Velocity: 33
+Initial Hull: 100
+Subsystem: Pilot
$Arrival Location: Hyperspace
$Arrival Cue: ( false ) 
$Departure Location: Hyperspace
$Departure Cue: ( false ) 
$Determination: 10
+Flags: ( )
+Flags2: ( )
+Respawn priority: 0
+Orders Accepted: 0		;! note that this is a bitfield!!!
+Group: 0
+Use Table Score:
+Score: 10

$Name: Rama 4		;! Object #23
$Display Name: XSTR("Rama 4", 5889)
$Class: SF Scorpion
$Team: Hostile
$Location: 679.667969, 411.386261, 8463.203125
$Orientation:
	-0.812952, 0.000000, 0.582331,
	0.000000, 1.000000, 0.000000,
	-0.582331, 0.000000, -0.812952
$AI Behavior: None
$Cargo 1:  XSTR("Nothing", 13)
+Initial Velocity: 33
+Initial Hull: 100
+Subsystem: Pilot
$Arrival Location: Hyperspace
$Arrival Cue: ( false ) 
$Departure Location: Hyperspace
$Departure Cue: ( false ) 
$Determination: 10
+Flags: ( )
+Flags2: ( )
+Respawn priority: 0
+Orders Accepted: 0		;! note that this is a bitfield!!!
+Group: 0
+Use Table Score:
+Score: 10

$Name: Rama 5		;! Object #24
$Display Name: XSTR("Rama 5", 5922)
$Class: SF Scorpion
$Team: Hostile
$Location: 709.546997, 411.386261, 8428.935547
$Orientation:
	-0.812952, 0.000000, 0.582331,
	0.000000, 1.000000, 0.000000,
	-0.582331, 0.000000, -0.812952
$AI Behavior: None
$Cargo 1:  XSTR("Nothing", 13)
+Initial Velocity: 33
+Initial Hull: 100
+Subsystem: Pilot
$Arrival Location: Hyperspace
$Arrival Cue: ( false ) 
$Departure Location: Hyperspace
$Departure Cue: ( false ) 
$Determination: 10
+Flags: ( )
+Flags2: ( )
+Respawn priority: 0
+Orders Accepted: 0		;! note that this is a bitfield!!!
+Group: 0
+Use Table Score:
+Score: 10

$Name: Arjuna 1		;! Object #25
$Display Name: XSTR("Arjuna 1", 5781)
$Class: SF Scorpion
$Team: Hostile
$Location: 753.789490, 366.899323, 8394.945313
$Orientation:
	-0.812952, 0.000000, 0.582331,
	0.000000, 1.000000, 0.000000,
	-0.582331, 0.000000, -0.812952
$AI Behavior: None
$Cargo 1:  XSTR("Nothing", 13)
+Initial Velocity: 33
+Initial Hull: 100
+Subsystem: Pilot
$Arrival Location: Hyperspace
$Arrival Cue: ( false ) 
$Departure Location: Hyperspace
$Departure Cue: ( false ) 
$Determination: 10
+Flags: ( )
+Flags2: ( )
+Respawn priority: 0
+Orders Accepted: 0		;! note that this is a bitfield!!!
+Group: 0
+Use Table Score:
+Score: 10

$Name: Arjuna 2		;! Object #26
$Display Name: XSTR("Arjuna 2", 5782)
$Class: SF Scorpion
$Team: Hostile
$Location: 736.556702, 366.899323, 8440.645508
$Orientation:
	-0.812952, 0.000000, 0.582331,
	0.000000, 1.000000, 0.000000,
	-0.582331, 0.000000, -0.812952
$AI Behavior: None
$Cargo 1:  XSTR("Nothing", 13)
+Initial Velocity: 33
+Initial Hull: 100
+Subsystem: Pilot
$Arrival Location: Hyperspace
$Arrival Cue: ( false ) 
$Departure Location: Hyperspace
$Departure Cue: ( false ) 
$Determination: 10
+Flags: ( )
+Flags2: ( )
+Respawn priority: 0
+Orders Accepted: 0		;! note that this is a bitfield!!!
+Group: 0
+Use Table Score:
+Score: 10

$Name: Arjuna 3		;! Object #27
$Display Name: XSTR("Arjuna 3", 5783)
$Class: SF Scorpion
$Team: Hostile
$Location: 772.496521, 366.899323, 8441.237305
$Orientation:
	-0.812952, 0.000000, 0.582331,
	0.000000, 1.000000, 0.000000,
	-0.582331, 0.000000, -0.812952
$AI Behavior: None
$Cargo 1:  XSTR("Nothing", 13)
+Initial Velocity: 33
+Initial Hull: 100
+Subsystem: Pilot
$Arrival Location: Hyperspace
$Arrival Cue: ( false ) 
$Departure Location: Hyperspace
$Departure Cue: ( false ) 
$Determination: 10
+Flags: ( )
+Flags2: ( )
+Respawn priority: 0
+Orders Accepted: 0		;! note that this is a bitfield!!!
+Group: 0
+Use Table Score:
+Score: 10

$Name: Arjuna 4		;! Object #28
$Display Name: XSTR("Arjuna 4", 5784)
$Class: SF Scorpion
$Team: Hostile
$Location: 824.342590, 366.899323, 8411.646484
$Orientation:
	-0.812952, 0.000000, 0.582331,
	0.000000, 1.000000, 0.000000,
	-0.582331, 0.000000, -0.812952
$AI Behavior: None
$Cargo 1:  XSTR("Nothing", 13)
+Initial Velocity: 33
+Initial Hull: 100
+Subsystem: Pilot
$Arrival Location: Hyperspace
$Arrival Cue: ( false ) 
$Departure Location: Hyperspace
$Departure Cue: ( false ) 
$Determination: 10
+Flags: ( )
+Flags2: ( )
+Respawn priority: 0
+Orders Accepted: 0		;! note that this is a bitfield!!!
+Group: 0
+Use Table Score:
+Score: 10

$Name: Deva 1		;! Object #29
$Display Name: XSTR("Deva 1", 5822)
$Class: SF Basilisk
$Team: Hostile
$Location: 489.384583, 366.899323, 8560.719727
$Orientation:
	-0.812952, 0.000000, 0.582331,
	0.000000, 1.000000, 0.000000,
	-0.582331, 0.000000, -0.812952
$AI Behavior: None
$Cargo 1:  XSTR("Nothing", 13)
+Initial Velocity: 33
+Initial Hull: 100
+Subsystem: Pilot
$Arrival Location: Hyperspace
$Arrival Cue: ( false ) 
$Departure Location: Hyperspace
$Departure Cue: ( false ) 
$Determination: 10
+Flags: ( )
+Flags2: ( )
+Respawn priority: 0
+Orders Accepted: 0		;! note that this is a bitfield!!!
+Group: 0
+Use Table Score:
+Score: 12

$Name: Deva 2		;! Object #30
$Display Name: XSTR("Deva 2", 5823)
$Class: SF Basilisk
$Team: Hostile
$Location: 455.338257, 366.899323, 8572.125977
$Orientation:
	-0.812952, 0.000000, 0.582331,
	0.000000, 1.000000, 0.000000,
	-0.582331, 0.000000, -0.812952
$AI Behavior: None
$Cargo 1:  XSTR("Nothing", 13)
+Initial Velocity: 33
+Initial Hull: 100
+Subsystem: Pilot
$Arrival Location: Hyperspace
$Arrival Cue: ( false ) 
$Departure Location: Hyperspace
$Departure Cue: ( false ) 
$Determination: 10
+Flags: ( )
+Flags2: ( )
+Respawn priority: 0
+Orders Accepted: 0		;! note that this is a bitfield!!!
+Group: 0
+Use Table Score:
+Score: 12

$Name: Deva 3		;! Object #31
$Display Name: XSTR("Deva 3", 5824)
$Class: SF Basilisk
$Team: Hostile
$Location: 446.508942, 366.899323, 8624.901367
$Orientation:
	-0.812952, 0.000000, 0.582331,
	0.000000, 1.000000, 0.000000,
	-0.582331, 0.000000, -0.812952
$AI Behavior: None
$Cargo 1:  XSTR("Nothing", 13)
+Initial Velocity: 33
+Initial Hull: 100
+Subsystem: Pilot
$Arrival Location: Hyperspace
$Arrival Cue: ( false ) 
$Departure Location: Hyperspace
$Departure Cue: ( false ) 
$Determination: 10
+Flags: ( )
+Flags2: ( )
+Respawn priority: 0
+Orders Accepted: 0		;! note that this is a bitfield!!!
+Group: 0
+Use Table Score:
+Score: 12

$Name: Deva 4		;! Object #32
$Display Name: XSTR("Deva 4", 5825)
$Class: SF Basilisk
$Team: Hostile
$Location: 493.870514, 366.899323, 8617.055664
$Orientation:
	-0.812952, 0.000000, 0.582331,
	0.000000, 1.000000, 0.000000,
	-0.582331, 0.000000, -0.812952
$AI Behavior: None
$Cargo 1:  XSTR("Nothing", 13)
+Initial Velocity: 33
+Initial Hull: 100
+Subsystem: Pilot
$Arrival Location: Hyperspace
$Arrival Cue: ( false ) 
$Departure Location: Hyperspace
$Departure Cue: ( false ) 
$Determination: 10
+Flags: ( )
+Flags2: ( )
+Respawn priority: 0
+Orders Accepted: 0		;! note that this is a bitfield!!!
+Group: 0
+Use Table Score:
+Score: 12

$Name: Beta 2		;! Object #33
$Display Name: XSTR("Beta 2", 5766)
$Class: ORB Krios
$Callsign: XSTR("Fives", 7361)

$Team: Friendly
$Team Color Setting: Roaming Fleet
$Location: 3023.548584, 2406.232666, 4283.426270
$Orientation:
	0.169967, -0.000000, 0.985450,
	-0.671721, 0.731689, 0.115856,
	-0.721043, -0.681639, 0.124363
$AI Behavior: None
$Cargo 1:  XSTR("Nothing", 13)
+Initial Hull: 100
+Subsystem: Pilot
+Secondary Banks: ( "Vortex" "Chrabaszcz" )
$Arrival Location: Hyperspace
$Arrival Cue: ( false ) 
$Departure Location: Hyperspace
$Departure Cue: ( false ) 
$Determination: 10
+Flags: ( "cargo-known" )
+Flags2: ( )
+Respawn priority: 0
+Orders Accepted: 33023		;! note that this is a bitfield!!!
+Group: 0
+Use Table Score:
+Score: 10
+Persona Index: 8

$Name: Beta 3		;! Object #34
$Display Name: XSTR("Beta 3", 5767)
$Class: ORB Krios
$Callsign: XSTR("Echo", 7362)

$Team: Friendly
$Team Color Setting: Roaming Fleet
$Location: 2913.757813, 2363.897705, 4252.599121
$Orientation:
