#Mission Info

$Version: 23.1
$Name:  XSTR("Day of Reckoning", 9515)
$Author: Exile Team
$Created: 07/19/14 at 21:32:21
$Modified: 12/29/24 at 22:28:37
$Notes:
This is a FRED2_OPEN created mission.
$End Notes:

$Mission Desc:
 XSTR("Put mission description here
", 6680)
$end_multi_text
+Game Type Flags: 1
+Flags: 131264
+Fog Near Mult: 1.000000

+Fog Far Mult: 1.000000


+Disallow Support: 0
+Hull Repair Ceiling: 60.000000
+Subsystem Repair Ceiling: 100.000000

+Viewer pos: -1605.461670, 10983.499023, 1443.566040
+Viewer orient:
	0.999938, 0.000000, -0.011148,
	0.011070, 0.118374, 0.992907,
	0.001320, -0.992969, 0.118367


$Load Screen 1024: Loading_M22.png

$Skybox Model: Skybox_Terminus.pof

$AI Profile: Exile

#Sexp_variables

$Variables:
(
		0		"achievement15"		"0"		"number"
		1		"achievement_count"		"0"		"number"
		2		"achievement_total"		"19"		"number"
		3		"checkpoint1"		"0"		"number"		"save-on-mission-close"
		4		"dardail"		"0"		"number"
		5		"eternity"		"0"		"number"
		6		"evanescence"		"0"		"number"
		7		"filename"		"a"		"string"
		8		"fleet_population"		"1198732"		"number"		"save-on-mission-progress"
		9		"liberator"		"0"		"number"
		10		"loadship"		"a"		"string"
		11		"saveexist"		"2"		"number"
		12		"i18nVariable1"		"BOD-Fg Tychicus-B"		"string"
		13		"i18nVariable2"		"#Spark"		"string"
		14		"i18nVariable3"		"#Vissudha"		"string"
		15		"i18nVariable4"		"#Midgard"		"string"
		16		"i18nVariable5"		"#Ridwan"		"string"
		17		"i18nVariable6"		"#Anjaneya"		"string"
		18		"i18nVariable7"		"#Jarema"		"string"
		19		"i18nVariable8"		"#Liberator"		"string"
		20		"i18nVariable9"		"#Ironclad"		"string"
		21		"i18nVariable10"		"#Evanescence"		"string"
		22		"i18nVariable11"		"#Eternity"		"string"
		23		"i18nVariable12"		"Primary Beam"		"string"
)

#Fiction Viewer

$File: Exile22FV.txt
$Font: fiction

#Command Briefing

#Briefing
$start_briefing
$num_stages: 2
$start_stage
$multi_text
 XSTR("$B Tactical $B Arbiter $B Thynne:
A massive Shivan strike force has overrun our blockade of the $B Delta $B Lacertae jump node and is heading straight for the $G Colony $G Fleet's staging area. Most civilian units are holding position in the high orbit of a rocky moon of the gas giant Terminus II. They require protection until they are able to depart. The $G Ironclad has taken a defensive position around the rendezvous point. The frigates $G Evanescence and $G Darda'il and the carrier $G Eternity are also in the area. ", 9516)
$end_multi_text
$voice: none.wav
$camera_pos: -1605.461670, 10983.499023, 1443.566040
$camera_orient:
	0.999938, 0.000001, -0.011149,
	0.011070, 0.118375, 0.992907,
	0.001320, -0.992969, 0.118367
$camera_time: 500
$num_lines: 0
$num_icons: 6
$Flags: 0
$Formula: ( true ) 
$start_icon
$type: 13
$team: Friendly
$class: ORT Elysium
$pos: -8313.654297, 185.015961, 2909.142578
$label:  XSTR("Colony Fleet", 8662)
+id: 1
$hlight: 0
$mirror: 1
$multi_text
$end_multi_text
$end_icon
$start_icon
$type: 28
$team: Friendly
$class: EFFg Solomon
$pos: -273.280670, -348.749939, 411.656982
$label:  XSTR("Evanescence", 8530)
+id: 2
$hlight: 0
$mirror: 1
$multi_text
$end_multi_text
$end_icon
$start_icon
$type: 6
$team: Friendly
$class: ORD Orion
$pos: -2028.012939, 828.521729, 2310.726563
$label:  XSTR("Ironclad", 8122)
+id: 3
$hlight: 0
$mirror: 1
$multi_text
$end_multi_text
$end_icon
$start_icon
$type: 28
$team: Friendly
$class: ORCa Syr Darya
$pos: -4166.348633, 1645.459106, 4384.611816
$label:  XSTR("Eternity", 9517)
+id: 4
$hlight: 0
$mirror: 1
$multi_text
$end_multi_text
$end_icon
$start_icon
$type: 28
$team: Friendly
$class: ORFg Vitalius
$pos: -534.717712, -186.616058, 4982.617188
$label:  XSTR("Darda'il", 9518)
+id: 5
$hlight: 0
$mirror: 1
$multi_text
$end_multi_text
$end_icon
$start_icon
$type: 19
$team: Hostile
$class: SFg Moloch
$pos: 3807.582031, 541.761414, 3120.122803
$label:  XSTR("Shivan battlegroup", 9519)
+id: 6
$hlight: 0
$mirror: 0
$multi_text
$end_multi_text
$end_icon
$end_stage
$start_stage
$multi_text
 XSTR("Due to the nature of this emergency, Fleetmaster Tyrone has unlocked our backup supply stores. You have been granted access to the $B ORF $B Rapier assault fighter. You have no time to choose custom weaponry. You will launch in three minutes. Good luck.", 9520)
$end_multi_text
$voice: none.wav
$camera_pos: -1605.461670, 10983.499023, 1443.566040
$camera_orient:
	0.999938, 0.000001, -0.011149,
	0.011070, 0.118375, 0.992907,
	0.001320, -0.992969, 0.118367
$camera_time: 500
$num_lines: 0
$num_icons: 6
$Flags: 0
$Formula: ( true ) 
$start_icon
$type: 13
$team: Friendly
$class: ORT Elysium
$pos: -8313.654297, 185.015961, 2909.142578
$label:  XSTR("Colony Fleet", 8662)
+id: 1
$hlight: 0
$mirror: 1
$multi_text
$end_multi_text
$end_icon
$start_icon
$type: 28
$team: Friendly
$class: EFFg Solomon
$pos: -273.280670, -348.749939, 411.656982
$label:  XSTR("Evanescence", 8530)
+id: 2
$hlight: 0
$mirror: 1
$multi_text
$end_multi_text
$end_icon
$start_icon
$type: 6
$team: Friendly
$class: ORD Orion
$pos: -2028.012939, 828.521729, 2310.726563
$label:  XSTR("Ironclad", 8122)
+id: 3
$hlight: 0
$mirror: 1
$multi_text
$end_multi_text
$end_icon
$start_icon
$type: 28
$team: Friendly
$class: ORCa Syr Darya
$pos: -4166.348633, 1645.459106, 4384.611816
$label:  XSTR("Eternity", 9517)
+id: 4
$hlight: 0
$mirror: 1
$multi_text
$end_multi_text
$end_icon
$start_icon
$type: 28
$team: Friendly
$class: ORFg Vitalius
$pos: -534.717712, -186.616058, 4982.617188
$label:  XSTR("Darda'il", 9518)
+id: 5
$hlight: 0
$mirror: 1
$multi_text
$end_multi_text
$end_icon
$start_icon
$type: 19
$team: Hostile
$class: SFg Moloch
$pos: 3807.582031, 541.761414, 3120.122803
$label:  XSTR("Shivan battlegroup", 9519)
+id: 6
$hlight: 0
$mirror: 0
$multi_text
$end_multi_text
$end_icon
$end_stage
$end_briefing

#Debriefing_info

$Num stages: 2

$Formula: ( is-event-true-delay "msg49" 0 ) 
$Multi text
    XSTR("Tactical Arbiter Thynne:
It was a difficult day for the fleet, pilots. We lost many good people. But we held the line. And we prevailed. 

We have won the battle, although this victory has cost us dearly. We could have done little to minimize our casualties. The Shivans have struck so swiftly that we had no time to get the civilians out of the combat zone. Roaming Fleet's tactical strikes were keeping the enemy reinforcements occupied while the rest of our forces confronted the primary Shivan assault on the high orbit of Terminus II's moon. But we would not have held them off if we hadn't received unexpected help. 

The frigates which reinforced our warships in the turning point of the battle - Adamantium, Unobtanium and Vibranium, belong to the Black Operations Department, which is the covert strike force of the ORS. I have no idea how they found themselves in Terminus, but they are definitely on our side here. 

You should expect more information about our mysterious allies soon, but for now get some rest. This was not the last battle. And it definitely was not the most costly one. We still have a Shivan armada at the door and they are not going to let us leave without a fight. ", 9521)
$end_multi_text
$Voice: none.wav
$Recommendation text:
    XSTR("", 10)
$end_multi_text

$Formula: ( is-destroyed-delay 0 "Ironclad" ) 
$Multi text
    XSTR("It was a difficult day for the fleet, pilots. We lost many good people. We also lost the Ironclad. We did not hold the line. 

There was simply too many of them. The Shivan offensive broke our defence and left the Colony Fleet defenseless against the enemy. We made thw mistake of underestimating our adversary and innocents paid a terrible price for our hubris. ", 9522)
$end_multi_text
$Voice: none.wav
$Recommendation text:
    XSTR("", 10)
$end_multi_text


#Callsigns:
$Callsign: XSTR("Spark", 6807)
$Callsign: XSTR("Fives", 8299)
$Callsign: XSTR("Echo", 8300)
$Callsign: XSTR("Harper", 6805)
$Callsign: XSTR("Nishimura", 8485)
$Callsign: XSTR("Nielsen", 6811)

#end


#Players		;! 1 total

$Starting Shipname: Beta 1
$Ship Choices: (
	"GTF Ulysses"	5
	"GTF Hercules"	5
	"GTF Hercules Mark II"	5
	"GTF Ares"	5
	"GTF Erinyes"	5
	"GTF Loki"	5
	"GTF Pegasus"	5
	"GTF Perseus"	5
	"GTF Myrmidon"	5
	"SF Mara (terrans)"	5
	"GTB Artemis"	5
	"GTB Artemis D.H."	5
	"GTB Medusa"	5
	"GTB Ursa"	5
	"GTB Zeus"	5
	"GTB Boanerges"	5
	"GVF Ptah"	5
	"ORF Rapier"	5
	"ORF Ymir"	5
	"ORF Vindicator"	5
	"ORB Euryale"	5
	"ORB Stalker"	5
)

+Weaponry Pool: (
	"Subach HL-7"	16
	"Subach HL-D"	16
	"Mekhu HL-7"	16
	"Mekhu HL-7D"	16
	"Akheton SDG"	16
	"Morning Star"	16
	"MorningStar D"	16
	"Prometheus R"	16
	"Prometheus S"	16
	"Prometheus D"	16
	"Maxim"	16
	"Maxim D"	16
	"UD-8 Kayser"	16
	"UD-D Kayser"	16
	"Circe"	16
	"Lamprey"	16
	"Pulsar PC-9"	28
	"Prometheus N"	20
	"Defiler LPC"	16
	"Scythe"	16
	"Eviscerator"	16
	"Incisor"	16
	"Devastator"	16
	"Widow"	16
	"Excalibur"	16
	"Vengeance"	16
	"Shivan Long Range Cannon"	16
	"Yali Pulse Cannon"	16
	"Rockeye"	500
	"Rockeye D"	500
	"Tempest"	500
	"Tempest D"	500
	"Hornet"	500
	"Hornet D"	500
	"Hornet#Weak"	500
	"Tornado"	500
	"Tornado D"	500
	"Harpoon"	500
	"Harpoon D"	500
	"Harpoon#Weak"	500
	"Trebuchet"	500
	"TAG-A"	500
	"TAG-B"	500
	"TAG-C"	500
	"Piranha"	500
	"Stiletto II"	500
	"Infyrno"	500
	"Infyrno D"	500
	"Cyclops"	500
	"Cyclops#short"	500
	"Helios"	500
	"EMP Adv."	500
	"Rockeye#Shivan"	500
	"Rockeye D#Shivan"	500
	"Tempest#Shivan"	500
	"Tempest D#Shivan"	500
	"Hornet#Shivan"	500
	"Hornet D#Shivan"	500
	"Hornet#Weak#Shivan"	500
	"Tornado#Shivan"	500
	"Tornado D#Shivan"	500
	"Harpoon#Shivan"	500
	"Harpoon D#Shivan"	500
	"Harpoon#Weak#Shivan"	500
	"Trebuchet#Shivan"	500
	"Piranha#Shivan"	500
	"Shivan Disruptor"	500
	"Shivan Area Bomb"	500
	"Shivan Bomb"	500
	"Shivan Bomb#Short"	500
	"Shivan Megabomb"	500
	"EMP Adv.#Shivan"	500
	"Bolt"	500
	"Seeker"	500
	"Maelstrom"	500
	"Stinger"	500
	"MX-112"	500
	"Vortex"	500
	"Thunderstrike"	500
	"Hurricane"	528
	"Arbalest"	500
	"Chrabaszcz"	500
	"Demolisher"	532
	"Revenant"	500
	"Vortex Adv."	1352
	"Polyhydra"	8
)

#Objects		;! 143 total

$Name: Beta 1		;! Object #0
$Display Name: XSTR("Beta 1", 6701)
$Class: ORF Rapier
$Callsign: XSTR("Spark", 6807)

$Team: Friendly
$Team Color Setting: Non-Assigned
$Location: -2058.905762, 739.717712, 509.062927
$Orientation:
	0.751806, -0.659385, 0.000000,
	0.659385, 0.751806, -0.000000,
	0.000000, 0.000000, 1.000000
$Cargo 1:  XSTR("Nothing", 13)
+Initial Hull: 100
+Subsystem: Pilot
+Primary Banks: ( "Polyhydra" "Pulsar PC-9" )
+Secondary Banks: ( "Vortex Adv." "Vortex Adv." "Hurricane" )
$Arrival Location: Hyperspace
$Arrival Cue: ( false ) 
$Departure Location: Hyperspace
$Departure Cue: ( false ) 
$Determination: 10
+Flags: ( "cargo-known" "player-start" )
+Flags2: ( )
+Respawn priority: 0
+Orders Accepted List: ( "attack ship" "disable ship" "disarm ship" "guard ship" "ignore ship" "form on wing" "cover me" "attack any" "disable subsys" )
+Group: 0
+Score: 8

$Name: Beta 2		;! Object #1
$Display Name: XSTR("Beta 2", 6702)
$Class: ORF Rapier
$Callsign: XSTR("Fives", 8299)

$Team: Friendly
$Team Color Setting: Non-Assigned
$Location: -2101.305420, 774.442444, 530.896729
$Orientation:
	0.751806, -0.659385, -0.000000,
	0.659385, 0.751806, 0.000000,
	0.000000, -0.000000, 1.000000
$Cargo 1:  XSTR("Nothing", 13)
+Initial Hull: 100
+Subsystem: Pilot
+Primary Banks: ( "Polyhydra" "Pulsar PC-9" )
+Secondary Banks: ( "Vortex Adv." "Vortex Adv." "Hurricane" )
$Arrival Location: Hyperspace
$Arrival Cue: ( false ) 
$Departure Location: Hyperspace
$Departure Cue: ( false ) 
$Determination: 10
+Flags: ( "cargo-known" )
+Flags2: ( )
+Respawn priority: 0
+Orders Accepted List: ( "attack ship" "disable ship" "disarm ship" "guard ship" "ignore ship" "form on wing" "cover me" "attack any" "disable subsys" )
+Group: 0
+Score: 8
+Persona Name: Fives

$Name: Beta 3		;! Object #2
$Display Name: XSTR("Beta 3", 6703)
$Class: ORF Rapier
$Callsign: XSTR("Echo", 8300)

$Team: Friendly
$Team Color Setting: Non-Assigned
$Location: -2100.157227, 775.897766, 508.659485
$Orientation:
	0.751806, -0.659385, -0.000000,
	0.659385, 0.751806, 0.000000,
	0.000000, -0.000000, 1.000000
$Cargo 1:  XSTR("Nothing", 13)
+Initial Hull: 100
+Subsystem: Pilot
+Primary Banks: ( "Polyhydra" "Pulsar PC-9" )
+Secondary Banks: ( "Vortex Adv." "Vortex Adv." "Hurricane" )
$Arrival Location: Hyperspace
$Arrival Cue: ( false ) 
$Departure Location: Hyperspace
$Departure Cue: ( false ) 
$Determination: 10
+Flags: ( "cargo-known" )
+Flags2: ( )
+Respawn priority: 0
+Orders Accepted List: ( "attack ship" "disable ship" "disarm ship" "guard ship" "ignore ship" "form on wing" "cover me" "attack any" "disable subsys" )
+Group: 0
+Score: 8
+Persona Name: Echo

$Name: Beta 4		;! Object #3
$Display Name: XSTR("Beta 4", 6704)
$Class: ORF Rapier
$Callsign: XSTR("Nishimura", 8485)

$Team: Friendly
$Team Color Setting: Non-Assigned
$Location: -2059.271484, 738.509033, 526.820618
$Orientation:
	0.751806, -0.659385, -0.000000,
	0.659385, 0.751806, 0.000000,
	0.000000, -0.000000, 1.000000
$Cargo 1:  XSTR("Nothing", 13)
+Initial Hull: 100
+Subsystem: Pilot
+Primary Banks: ( "Polyhydra" "Pulsar PC-9" )
+Secondary Banks: ( "Vortex Adv." "Vortex Adv." "Hurricane" )
$Arrival Location: Hyperspace
$Arrival Cue: ( false ) 
$Departure Location: Hyperspace
$Departure Cue: ( false ) 
$Determination: 10
+Flags: ( "cargo-known" )
+Flags2: ( )
+Respawn priority: 0
+Orders Accepted List: ( "attack ship" "disable ship" "disarm ship" "guard ship" "ignore ship" "form on wing" "cover me" "attack any" "disable subsys" )
+Group: 0
+Score: 8
+Persona Name: Nishimura

$Name: Alpha 1		;! Object #4
$Display Name: XSTR("Alpha 1", 6681)
$Class: ORF Rapier
$Callsign: XSTR("Harper", 6805)

$Team: Friendly
$Team Color Setting: Non-Assigned
$Location: -1621.344971, 464.607361, 858.733215
$Orientation:
	1.000000, 0.000000, 0.000000,
	0.000000, 1.000000, 0.000000,
	0.000000, 0.000000, 1.000000
$Cargo 1:  XSTR("Nothing", 13)
+Initial Hull: 100
+Subsystem: Pilot
+Primary Banks: ( "Polyhydra" "Pulsar PC-9" )
+Secondary Banks: ( "Vortex Adv." "Vortex Adv." "Vortex Adv." )
$Arrival Location: Hyperspace
$Arrival Cue: ( false ) 
$Departure Location: Hyperspace
$Departure Cue: ( false ) 
$Determination: 10
+Flags: ( "cargo-known" "no-arrival-warp" )
+Flags2: ( )
+Respawn priority: 0
+Orders Accepted List: ( )
+Group: 0
+Score: 8
+Persona Name: Harper

$Name: Alpha 2		;! Object #5
$Display Name: XSTR("Alpha 2", 6826)
$Class: ORF Rapier
$Callsign: XSTR("Nielsen", 6811)

$Team: Friendly
$Team Color Setting: Non-Assigned
$Location: -1662.348145, 464.607361, 791.149292
$Orientation:
	1.000000, 0.000000, 0.000000,
	0.000000, 1.000000, 0.000000,
	0.000000, 0.000000, 1.000000
$Cargo 1:  XSTR("Nothing", 13)
+Initial Hull: 100
+Subsystem: Pilot
+Primary Banks: ( "Polyhydra" "Pulsar PC-9" )
+Secondary Banks: ( "Vortex Adv." "Vortex Adv." "Vortex Adv." )
$Arrival Location: Hyperspace
$Arrival Cue: ( false ) 
$Departure Location: Hyperspace
$Departure Cue: ( false ) 
$Determination: 10
+Flags: ( "cargo-known" "no-arrival-warp" )
+Flags2: ( )
+Respawn priority: 0
+Orders Accepted List: ( )
+Group: 0
+Score: 8
+Persona Name: Nielsen

$Name: Alpha 3		;! Object #6
$Display Name: XSTR("Alpha 3", 6827)
$Class: ORF Rapier
$Team: Friendly
$Team Color Setting: Non-Assigned
$Location: -1565.521240, 464.607361, 844.534607
$Orientation:
	1.000000, 0.000000, 0.000000,
	0.000000, 1.000000, 0.000000,
	0.000000, 0.000000, 1.000000
$Cargo 1:  XSTR("Nothing", 13)
+Initial Hull: 100
+Subsystem: Pilot
+Primary Banks: ( "Polyhydra" "Pulsar PC-9" )
+Secondary Banks: ( "Vortex Adv." "Vortex Adv." "Vortex Adv." )
$Arrival Location: Hyperspace
$Arrival Cue: ( false ) 
$Departure Location: Hyperspace
$Departure Cue: ( false ) 
$Determination: 10
+Flags: ( "cargo-known" "no-arrival-warp" )
+Flags2: ( )
+Respawn priority: 0
+Orders Accepted List: ( )
+Group: 0
+Score: 8
+Persona Name: Wingman 2

$Name: Alpha 4		;! Object #7
$Display Name: XSTR("Alpha 4", 6828)
$Class: ORF Rapier
$Team: Friendly
$Team Color Setting: Non-Assigned
$Location: -1604.599609, 464.607361, 771.305176
$Orientation:
	1.000000, 0.000000, 0.000000,
	0.000000, 1.000000, 0.000000,
	0.000000, 0.000000, 1.000000
$Cargo 1:  XSTR("Nothing", 13)
+Initial Hull: 100
+Subsystem: Pilot
+Primary Banks: ( "Polyhydra" "Pulsar PC-9" )
+Secondary Banks: ( "Vortex Adv." "Vortex Adv." "Vortex Adv." )
$Arrival Location: Hyperspace
$Arrival Cue: ( false ) 
$Departure Location: Hyperspace
$Departure Cue: ( false ) 
$Determination: 10
+Flags: ( "cargo-known" "no-arrival-warp" )
+Flags2: ( )
+Respawn priority: 0
+Orders Accepted List: ( )
+Group: 0
+Score: 8
+Persona Name: Wingman 3

$Name: Ironclad		;! Object #8
$Display Name: XSTR("Ironclad", 8122)
$Class: ORD Orion
$Team: Friendly
$Location: -2175.489502, 960.089539, 780.172668
$Orientation:
	0.751762, -0.659370, -0.009286,
	0.659368, 0.751812, -0.003710,
	0.009427, -0.003334, 0.999950
$Cargo 1:  XSTR("Nothing", 13)
+Initial Hull: 93
+Initial Shields: 100
+Subsystem: Pilot
+Subsystem: Turret01a
+Subsystem: Turret02a
+Subsystem: Turret03a
+Subsystem: Turret04a
+Subsystem: Turret05a
+Subsystem: Turret06
+Subsystem: Turret07
+Subsystem: Turret08
+Subsystem: Turret09
+Subsystem: Turret10
+Subsystem: Turret11
+Subsystem: Turret12
+Subsystem: Turret13
+Subsystem: Turret14
+Subsystem: Turret15
+Subsystem: Turret16
+Subsystem: Turret17
+Subsystem: Turret18
+Subsystem: Turret19
+Subsystem: Turret20
+Subsystem: Turret21
+Subsystem: Turret22
+Subsystem: Turret23
+Subsystem: Turret24a
+Subsystem: Turret25a
+Subsystem: Turret26a
+Subsystem: Turret27a
+Subsystem: Turret28a
$Arrival Location: Hyperspace
$Arrival Cue: ( true ) 
$Departure Location: Hyperspace
$Departure Cue: ( false ) 
$Determination: 10
+Flags: ( "cargo-known" "no-shields" "escort" )
+Flags2: ( )
+Respawn priority: 0
+Escort priority: 100
+Orders Accepted List: ( )
+Group: 0
+Use Table Score:
+Score: 1000
$Texture Replace:
+old: nameplate
+new: nameplate-ironclad

$Name: Evanescence		;! Object #9
$Display Name: XSTR("Evanescence", 8530)
$Class: EFFg Solomon
$Team: Friendly
$Location: -2929.947998, -348.749939, -38.463173
$Orientation:
	0.025061, -0.581035, -0.813493,
	0.017891, 0.813878, -0.580760,
	0.999526, 0.000000, 0.030792
$Cargo 1:  XSTR("Nothing", 13)
+Initial Hull: 100
+Initial Shields: 100
+Subsystem: Pilot
+Subsystem: turret01
+Subsystem: turret02
+Subsystem: turret03
+Subsystem: turret04
+Subsystem: turret05
+Subsystem: turret06
+Subsystem: turret07
+Subsystem: turret08
+Subsystem: turret09
+Subsystem: turret10
+Subsystem: turret11
+Subsystem: turret12
+Subsystem: turret13
+Subsystem: turret14
+Subsystem: turret15
+Subsystem: turret16
+Subsystem: turret17
+Subsystem: turret18
+Subsystem: turret19
+Subsystem: turret20
+Subsystem: turret21
+Subsystem: turret22
+Subsystem: turret23
+Subsystem: turret24
+Subsystem: turret25
+Subsystem: turret26
+Subsystem: turret27
+Subsystem: turret28
+Subsystem: turret29
+Subsystem: turret30
+Subsystem: turret31
+Subsystem: turret32
+Subsystem: turret33
+Subsystem: turret34
$Arrival Location: Hyperspace
$Arrival Cue: ( true ) 
$Departure Location: Hyperspace
$Departure Cue: ( false ) 
$Determination: 10
+Flags: ( "cargo-known" "no-shields" "escort" )
+Flags2: ( )
+Respawn priority: 0
+Escort priority: 90
+Orders Accepted List: ( )
+Group: 0
+Score: 8
$Texture Replace:
+old: nameplate
+new: nameplate-evanescence

$Name: Darda'il		;! Object #10
$Display Name: XSTR("Darda'il", 9518)
$Class: ORFg Vitalius
$Team: Friendly
$Team Color Setting: Escort Fleet
$Location: -2874.205566, -186.616058, 4317.657227
$Orientation:
	0.138942, 0.496880, -0.856625,
	-0.079553, 0.867819, 0.490470,
	0.987100, 0.000000, 0.160104
$Cargo 1:  XSTR("Nothing", 13)
+Initial Velocity: 33
+Initial Hull: 82
+Initial Shields: 100
+Subsystem: Pilot
+Subsystem: turret01a
+Subsystem: turret02a
+Subsystem: turret03a
+Subsystem: turret04
+Subsystem: turret05
+Subsystem: turret06
+Subsystem: turret07
+Subsystem: turret08
+Subsystem: turret09
+Subsystem: turret10
+Subsystem: turret11
+Subsystem: turret12
+Subsystem: turret13
+Subsystem: turret14
+Subsystem: turret15
+Subsystem: turret16
+Subsystem: turret17
+Subsystem: turret18
+Subsystem: turret19
+Subsystem: turret20
+Subsystem: turret21
+Subsystem: turret22
+Subsystem: turret23
+Subsystem: turret24
+Subsystem: turret25
+Subsystem: turret26
+Subsystem: turret27
+Subsystem: turret28
+Subsystem: turret29
+Subsystem: turret30
$Arrival Location: Hyperspace
$Arrival Cue: ( true ) 
$Departure Location: Hyperspace
$Departure Cue: ( false ) 
$Determination: 10
+Flags: ( "cargo-known" "no-shields" "escort" )
+Flags2: ( )
+Respawn priority: 0
+Escort priority: 90
+Orders Accepted List: ( )
+Group: 0
+Use Table Score:
+Score: 8
$Texture Replace:
+old: nameplate
+new: nameplate-dardail

$Name: Eternity		;! Object #11
$Display Name: XSTR("Eternity", 9517)
$Class: ORCa Syr Darya
$Team: Friendly
$Location: -3463.533691, 1645.459106, 3222.534424
$Orientation:
	0.139936, 0.265652, -0.953859,
	0.053849, 0.959870, 0.275226,
	0.988695, -0.089879, 0.120015
$Cargo 1:  XSTR("Nothing", 13)
+Initial Velocity: 33
+Initial Hull: 90
+Initial Shields: 100
+Subsystem: Pilot
+Subsystem: Turret01
+Subsystem: Turret02
+Subsystem: Turret03
+Sbank Ammo: ( 0 )
+Subsystem: Turret04
+Sbank Ammo: ( 0 )
+Subsystem: Turret05
+Subsystem: Turret06
+Subsystem: Turret07
+Subsystem: Turret08
+Subsystem: Turret09
+Subsystem: Turret10
+Subsystem: Turret11
+Subsystem: Turret12
+Subsystem: Turret13
+Subsystem: Turret14
+Subsystem: Turret15
+Subsystem: Turret16
+Subsystem: Turret17
+Subsystem: Turret18
+Subsystem: Turret19
+Subsystem: Turret20
+Subsystem: Turret21
+Subsystem: Turret22
+Subsystem: Turret23
+Subsystem: Turret24
$Arrival Location: Hyperspace
$Arrival Cue: ( true ) 
$Departure Location: Hyperspace
$Departure Cue: ( false ) 
$Determination: 10
+Flags: ( "cargo-known" "no-shields" "escort" )
+Flags2: ( )
+Respawn priority: 0
+Escort priority: 90
+Orders Accepted List: ( )
+Group: 0
+Use Table Score:
+Score: 300

$Name: The Good Samaritan		;! Object #12
$Display Name: XSTR("The Good Samaritan", 9523)
$Class: ORLr Hestia
$Team: Friendly
$Location: -5278.654297, -661.309998, 853.044861
$Orientation:
	-0.600206, -0.119712, -0.790838,
	-0.072372, 0.992809, -0.095359,
	0.796566, 0.000000, -0.604553
$Cargo 1:  XSTR("Nothing", 13)
+Initial Velocity: 33
+Initial Hull: 100
+Initial Shields: 100
+Subsystem: Pilot
+Subsystem: turret01
+Subsystem: turret02
+Subsystem: turret03
+Subsystem: turret04
+Subsystem: turret05
+Subsystem: turret06
+Subsystem: turret07
+Subsystem: turret08
+Subsystem: turret09
+Subsystem: turret10
+Subsystem: turret11
+Subsystem: turret12
+Subsystem: turret13
+Subsystem: turret14
+Subsystem: turret15
+Subsystem: turret16
+Subsystem: turret17
$Arrival Location: Hyperspace
$Arrival Cue: ( true ) 
$Departure Location: Hyperspace
$Departure Cue: ( false ) 
$Determination: 10
+Flags: ( "cargo-known" "no-shields" "beam-protect-ship" )
+Flags2: ( )
+Respawn priority: 0
+Orders Accepted List: ( )
+Group: 0
+Use Table Score:
+Score: 1500

$Name: Ida Lewis		;! Object #13
$Display Name: XSTR("Ida Lewis", 7495)
$Class: ORFS Hephaestus
$Team: Friendly
$Location: -5944.497559, 579.907959, 3727.379639
$Orientation:
	0.755671, 0.314567, -0.574464,
	-0.250421, 0.949235, 0.190371,
	0.605186, 0.000000, 0.796084
$Cargo 1:  XSTR("Nothing", 13)
+Initial Hull: 100
+Initial Shields: 100
+Subsystem: Pilot
+Subsystem: turret01
+Subsystem: turret02
+Subsystem: turret03
+Subsystem: turret04
+Subsystem: turret05
+Subsystem: turret06
+Subsystem: turret07
+Subsystem: turret08
+Subsystem: turret09
+Subsystem: turret10
+Subsystem: turret11
+Subsystem: turret12
+Subsystem: turret13
+Subsystem: turret14
+Subsystem: turret15
$Arrival Location: Hyperspace
$Arrival Cue: ( true ) 
$Departure Location: Hyperspace
$Departure Cue: ( false ) 
$Determination: 10
+Flags: ( "cargo-known" "no-shields" "beam-protect-ship" )
+Flags2: ( )
+Respawn priority: 0
+Orders Accepted List: ( )
+Group: 0
+Score: 180

$Name: Troop Transport 23		;! Object #14
$Display Name: XSTR("Troop Transport 23", 9524)
$Class: ORT Corsair
$Team: Friendly
$Location: -4743.179688, 348.654938, 1575.570313
$Orientation:
	0.573520, 0.000000, -0.819192,
	0.000000, 1.000000, 0.000000,
	0.819192, 0.000000, 0.573520
$Cargo 1:  XSTR("Troops", 1772)
+Initial Velocity: 33
+Initial Hull: 100
+Initial Shields: 100
+Subsystem: Pilot
+Subsystem: turret01
+Subsystem: turret02
+Subsystem: turret03
+Subsystem: turret04
$Arrival Location: Hyperspace
$Arrival Cue: ( true ) 
$Departure Location: Hyperspace
$Departure Cue: ( false ) 
$Determination: 10
+Flags: ( "cargo-known" "no-shields" "beam-protect-ship" )
+Flags2: ( )
+Respawn priority: 0
+Orders Accepted List: ( )
+Group: 0
+Use Table Score:
+Score: 20

$Name: ORT Corsair 15		;! Object #15
$Display Name: XSTR("ORT Corsair 15", 9525)
$Class: ORT Corsair
$Team: Friendly
$Location: -4642.708496, 348.654999, 1239.328125
$Orientation:
	0.016637, -0.388947, -0.921110,
	-0.077651, 0.917953, -0.389016,
	0.996842, 0.077997, -0.014930
$Cargo 1:  XSTR("Nothing", 13)
+Initial Velocity: 33
+Initial Hull: 100
+Initial Shields: 100
+Subsystem: Pilot
+Subsystem: turret01
+Subsystem: turret02
+Subsystem: turret03
+Subsystem: turret04
$Arrival Location: Hyperspace
$Arrival Cue: ( true ) 
$Departure Location: Hyperspace
$Departure Cue: ( false ) 
$Determination: 10
+Flags: ( "cargo-known" "no-shields" "beam-protect-ship" )
+Flags2: ( )
+Respawn priority: 0
+Orders Accepted List: ( )
+Group: 0
+Use Table Score:
+Score: 20

$Name: Troop Transport 11		;! Object #16
$Display Name: XSTR("Troop Transport 11", 9526)
$Class: ORT Corsair
$Team: Friendly
$Location: -4703.229980, 0.000000, 2483.701416
$Orientation:
	0.526657, 0.139543, -0.838547,
	-0.074218, 0.990216, 0.118170,
	0.846832, 0.000000, 0.531861
$Cargo 1:  XSTR("Troops", 1772)
+Initial Velocity: 33
+Initial Hull: 100
+Initial Shields: 100
+Subsystem: Pilot
+Subsystem: turret01
+Subsystem: turret02
+Subsystem: turret03
+Subsystem: turret04
$Arrival Location: Hyperspace
$Arrival Cue: ( true ) 
$Departure Location: Hyperspace
$Departure Cue: ( false ) 
$Determination: 10
+Flags: ( "cargo-known" "no-shields" "beam-protect-ship" )
+Flags2: ( )
+Respawn priority: 0
+Orders Accepted List: ( )
+Group: 0
+Use Table Score:
+Score: 20

$Name: ORFr 433-24H-3M		;! Object #17
$Display Name: XSTR("ORFr 433-24H-3M", 9527)
$Class: ORFr Chronos
$Team: Friendly
$Location: -5718.829590, -209.876022, 1958.594727
$Orientation:
	0.160104, 0.000000, -0.987100,
	0.000000, 1.000000, 0.000000,
	0.987100, 0.000000, 0.160104
$Cargo 1:  XSTR("Nothing", 13)
+Initial Velocity: 33
+Initial Hull: 100
+Subsystem: Pilot
+Subsystem: turreta
$Arrival Location: Hyperspace
$Arrival Cue: ( true ) 
$Departure Location: Hyperspace
$Departure Cue: ( false ) 
$Determination: 10
+Flags: ( "cargo-known" "beam-protect-ship" )
+Flags2: ( )
+Respawn priority: 0
+Orders Accepted List: ( )
+Group: 0
+Use Table Score:
+Score: 20

$Name: Adrastus Heavy Trans 5		;! Object #18
$Display Name: XSTR("Adrastus Heavy Trans 5", 9528)
$Class: ORT Corsair
$Team: Friendly
$Location: -4972.379395, 147.710373, 2628.734619
$Orientation:
	0.351591, 0.089879, -0.931830,
	-0.031729, 0.995953, 0.084092,
	0.935617, 0.000000, 0.353020
$Cargo 1:  XSTR("Civilians", 145)
+Initial Velocity: 33
+Initial Hull: 100
+Initial Shields: 100
+Subsystem: Pilot
+Subsystem: turret01
+Subsystem: turret02
+Subsystem: turret03
+Subsystem: turret04
$Arrival Location: Hyperspace
$Arrival Cue: ( true ) 
$Departure Location: Hyperspace
$Departure Cue: ( false ) 
$Determination: 10
+Flags: ( "cargo-known" "no-shields" "beam-protect-ship" )
+Flags2: ( )
+Respawn priority: 0
+Orders Accepted List: ( )
+Group: 0
+Use Table Score:
+Score: 20

$Name: Aril		;! Object #19
$Display Name: XSTR("Aril", 9529)
$Class: ORT Elysium
$Team: Friendly
$Location: -5178.608887, 258.628021, 2097.348389
$Orientation:
	0.835949, 0.198665, -0.511587,
	-0.153650, 0.979622, 0.129350,
	0.526860, -0.029525, 0.849440
$Cargo 1:  XSTR("Civilians", 145)
+Initial Velocity: 33
+Initial Hull: 100
+Subsystem: Pilot
+Subsystem: turret01
$Arrival Location: Hyperspace
$Arrival Cue: ( true ) 
$Departure Location: Hyperspace
$Departure Cue: ( false ) 
$Determination: 10
+Flags: ( "cargo-known" "beam-protect-ship" )
+Flags2: ( )
+Respawn priority: 0
+Orders Accepted List: ( )
+Group: 0
+Use Table Score:
+Score: 10

$Name: Matanzas		;! Object #20
$Display Name: XSTR("Matanzas", 9530)
$Class: ORT Elysium
$Team: Friendly
$Location: -5111.784668, 0.000166, 1889.292236
$Orientation:
	0.226964, -0.973357, 0.032615,
	0.965331, 0.229273, 0.124784,
	-0.128937, 0.003163, 0.991648
$Cargo 1:  XSTR("Food Supplies", 3985)
+Initial Velocity: 33
+Initial Hull: 100
+Subsystem: Pilot
+Subsystem: turret01
$Arrival Location: Hyperspace
$Arrival Cue: ( true ) 
$Departure Location: Hyperspace
$Departure Cue: ( false ) 
$Determination: 10
+Flags: ( "cargo-known" "beam-protect-ship" )
+Flags2: ( )
+Respawn priority: 0
+Orders Accepted List: ( )
+Group: 0
+Use Table Score:
+Score: 10

$Name: Spirit of Fire Trans 21		;! Object #21
$Display Name: XSTR("Spirit of Fire Trans 21", 9531)
$Class: ORT Elysium
$Team: Friendly
$Location: -5326.539063, 369.739838, 2115.164795
$Orientation:
	0.793225, -0.589195, 0.153770,
	0.594330, 0.694148, -0.406118,
	0.132544, 0.413533, 0.900792
$Cargo 1:  XSTR("Supplies", 7533)
+Initial Velocity: 33
+Initial Hull: 100
+Subsystem: Pilot
+Subsystem: turret01
$Arrival Location: Hyperspace
$Arrival Cue: ( true ) 
$Departure Location: Hyperspace
$Departure Cue: ( false ) 
$Determination: 10
+Flags: ( "cargo-known" "beam-protect-ship" )
+Flags2: ( )
+Respawn priority: 0
+Orders Accepted List: ( )
+Group: 0
+Use Table Score:
+Score: 10

$Name: UHI Hauler 03		;! Object #22
$Display Name: XSTR("UHI Hauler 03", 9532)
$Class: ORT Elysium
$Team: Friendly
$Location: -6158.621094, 195.555984, 1417.985352
$Orientation:
	0.381574, -0.361612, -0.850669,
	0.138611, 0.932280, -0.334128,
	0.913886, 0.009582, 0.405857
$Cargo 1:  XSTR("Engine Parts", 7982)
+Initial Velocity: 33
+Initial Hull: 100
+Subsystem: Pilot
+Subsystem: turret01
$Arrival Location: Hyperspace
$Arrival Cue: ( true ) 
$Departure Location: Hyperspace
$Departure Cue: ( false ) 
$Determination: 10
+Flags: ( "cargo-known" "beam-protect-ship" )
+Flags2: ( )
+Respawn priority: 0
+Orders Accepted List: ( )
+Group: 0
+Use Table Score:
+Score: 10

$Name: Evony		;! Object #23
$Display Name: XSTR("Evony", 9533)
$Class: ORT Elysium
$Team: Friendly
$Location: -6086.232422, 0.000000, 1227.832031
$Orientation:
	0.230293, -0.971579, -0.054759,
	-0.468720, -0.061434, -0.881208,
	0.852800, 0.228603, -0.469547
$Cargo 1:  XSTR("Tesla Cells", 9534)
+Initial Velocity: 33
+Initial Hull: 100
+Subsystem: Pilot
+Subsystem: turret01
$Arrival Location: Hyperspace
$Arrival Cue: ( true ) 
$Departure Location: Hyperspace
$Departure Cue: ( false ) 
$Determination: 10
+Flags: ( "cargo-known" "beam-protect-ship" )
+Flags2: ( )
+Respawn priority: 0
+Orders Accepted List: ( )
+Group: 0
+Use Table Score:
+Score: 10

$Name: Narcissus		;! Object #24
$Display Name: XSTR("Narcissus", 9535)
$Class: ORFr Chronos
$Team: Friendly
$Location: -5794.438965, -0.000026, 1935.532471
$Orientation:
	0.439315, -0.724287, -0.531424,
	0.461480, 0.689499, -0.558236,
	0.770739, 0.000000, 0.637151
$Cargo 1:  XSTR("Nothing", 13)
+Initial Velocity: 33
+Initial Hull: 100
+Subsystem: Pilot
+Subsystem: turreta
$Arrival Location: Hyperspace
$Arrival Cue: ( true ) 
$Departure Location: Hyperspace
$Departure Cue: ( false ) 
$Determination: 10
+Flags: ( "cargo-known" "beam-protect-ship" )
+Flags2: ( )
+Respawn priority: 0
+Orders Accepted List: ( )
+Group: 0
+Use Table Score:
+Score: 20

$Name: Lambda 12		;! Object #25
$Display Name: XSTR("Lambda 12", 9536)
$Class: ORT Elysium
$Team: Friendly
$Location: -6221.561035, -143.924210, 2031.752686
$Orientation:
	-0.765411, -0.523393, -0.374441,
	-0.532819, 0.841706, -0.087377,
	0.360902, 0.132630, -0.923125
$Cargo 1:  XSTR("Civilians", 145)
+Initial Velocity: 33
+Initial Hull: 100
+Subsystem: Pilot
+Subsystem: turret01
$Arrival Location: Hyperspace
$Arrival Cue: ( true ) 
$Departure Location: Hyperspace
$Departure Cue: ( false ) 
$Determination: 10
+Flags: ( "cargo-known" "beam-protect-ship" )
+Flags2: ( )
+Respawn priority: 0
+Orders Accepted List: ( )
+Group: 0
+Use Table Score:
+Score: 10

$Name: Han-Roland Hauler 11		;! Object #26
$Display Name: XSTR("Han-Roland Hauler 11", 9537)
$Class: ORFr Chronos
$Team: Friendly
$Location: -5606.136230, 330.310364, 2598.363525
$Orientation:
	0.767653, -0.522687, 0.370819,
	0.470652, 0.852525, 0.227351,
	-0.434966, 0.000000, 0.900447
$Cargo 1:  XSTR("Nothing", 13)
+Initial Velocity: 33
+Initial Hull: 100
+Subsystem: Pilot
+Subsystem: turreta
$Arrival Location: Hyperspace
$Arrival Cue: ( true ) 
$Departure Location: Hyperspace
$Departure Cue: ( false ) 
$Determination: 10
+Flags: ( "cargo-known" "beam-protect-ship" )
+Flags2: ( )
+Respawn priority: 0
+Orders Accepted List: ( )
+Group: 0
+Use Table Score:
+Score: 20

$Name: Lambda 4		;! Object #27
$Display Name: XSTR("Lambda 4", 7517)
$Class: ORT Elysium
$Team: Friendly
$Location: -6416.527832, 0.000000, 2278.282959
$Orientation:
	-0.740245, 0.059612, -0.669690,
	-0.083437, 0.980217, 0.179481,
	0.667141, 0.188736, -0.720627
$Cargo 1:  XSTR("Civilians", 145)
+Initial Velocity: 33
+Initial Hull: 100
+Subsystem: Pilot
+Subsystem: turret01
$Arrival Location: Hyperspace
$Arrival Cue: ( true ) 
$Departure Location: Hyperspace
$Departure Cue: ( false ) 
$Determination: 10
+Flags: ( "cargo-known" "beam-protect-ship" )
+Flags2: ( )
+Respawn priority: 0
+Orders Accepted List: ( )
+Group: 0
+Use Table Score:
+Score: 10

$Name: Isosceles		;! Object #28
$Display Name: XSTR("Isosceles", 9136)
$Class: ORSC Faustus
$Team: Friendly
$Location: -4647.832520, -351.575806, 618.463318
$Orientation:
	0.984189, 0.109476, -0.139240,
	-0.113935, 0.993187, -0.024440,
	0.135616, 0.039918, 0.989957
$Cargo 1:  XSTR("Nothing", 13)
+Initial Velocity: 33
+Initial Hull: 100
+Initial Shields: 100
+Subsystem: Pilot
+Subsystem: Turret01
+Subsystem: Turret02
+Subsystem: Turret03
+Subsystem: Turret04
+Subsystem: Turret05
+Subsystem: Turret06
$Arrival Location: Hyperspace
$Arrival Cue: ( true ) 
$Departure Location: Hyperspace
$Departure Cue: ( false ) 
$Determination: 10
+Flags: ( "cargo-known" "no-shields" "beam-protect-ship" )
+Flags2: ( )
+Respawn priority: 0
+Orders Accepted List: ( )
+Group: 0
+Use Table Score:
+Score: 50

$Name: Banach		;! Object #29
$Display Name: XSTR("Banach", 9538)
$Class: ORSC Faustus
$Team: Friendly
$Location: -4611.020996, 0.000000, 2250.650146
$Orientation:
	0.651752, -0.295520, -0.698491,
	0.201610, 0.955336, -0.216069,
	0.731147, 0.000000, 0.682222
$Cargo 1:  XSTR("Nothing", 13)
+Initial Velocity: 33
+Initial Hull: 100
+Initial Shields: 100
+Subsystem: Pilot
+Subsystem: Turret01
+Subsystem: Turret02
+Subsystem: Turret03
+Subsystem: Turret04
+Subsystem: Turret05
+Subsystem: Turret06
$Arrival Location: Hyperspace
$Arrival Cue: ( true ) 
$Departure Location: Hyperspace
$Departure Cue: ( false ) 
$Determination: 10
+Flags: ( "cargo-known" "no-shields" "beam-protect-ship" )
+Flags2: ( )
+Respawn priority: 0
+Orders Accepted List: ( )
+Group: 0
+Use Table Score:
+Score: 50

$Name: Maa Tarini		;! Object #30
$Display Name: XSTR("Maa Tarini", 9539)
$Class: ORFr Chronos
$Team: Friendly
$Location: -5137.277832, 275.376862, 3005.338623
$Orientation:
	0.778682, 0.380188, -0.499111,
	-0.320081, 0.924909, 0.205162,
	0.539632, 0.000000, 0.841901
$Cargo 1:  XSTR("Nothing", 13)
+Initial Velocity: 33
+Initial Hull: 100
+Subsystem: Pilot
+Subsystem: turreta
$Arrival Location: Hyperspace
$Arrival Cue: ( true ) 
$Departure Location: Hyperspace
$Departure Cue: ( false ) 
$Determination: 10
+Flags: ( "cargo-known" "beam-protect-ship" )
+Flags2: ( )
+Respawn priority: 0
+Orders Accepted List: ( )
+Group: 0
+Use Table Score:
+Score: 20

$Name: Kanazawa		;! Object #31
$Display Name: XSTR("Kanazawa", 9540)
$Class: ORFr Chronos
$Team: Friendly
$Location: -4941.791504, -246.622192, 801.120056
$Orientation:
	-0.314263, -0.649419, -0.692456,
	-0.427569, 0.748066, -0.507527,
	0.847600, 0.136576, -0.512760
$Cargo 1:  XSTR("Nothing", 13)
+Initial Velocity: 33
+Initial Hull: 100
+Subsystem: Pilot
+Subsystem: turreta
$Arrival Location: Hyperspace
$Arrival Cue: ( true ) 
$Departure Location: Hyperspace
$Departure Cue: ( false ) 
$Determination: 10
+Flags: ( "cargo-known" "beam-protect-ship" )
+Flags2: ( )
+Respawn priority: 0
+Orders Accepted List: ( )
+Group: 0
+Use Table Score:
+Score: 20

$Name: Omega 18		;! Object #32
$Display Name: XSTR("Omega 18", 9541)
$Class: ORFr Chronos
$Team: Friendly
$Location: -4884.246094, -246.622192, 1107.329102
$Orientation:
	0.260078, 0.351659, -0.899275,
	-0.025961, 0.933534, 0.357548,
	0.965239, -0.069644, 0.251921
$Cargo 1:  XSTR("Nothing", 13)
+Initial Velocity: 33
+Initial Hull: 100
+Subsystem: Pilot
+Subsystem: turreta
$Arrival Location: Hyperspace
$Arrival Cue: ( true ) 
$Departure Location: Hyperspace
$Departure Cue: ( false ) 
$Determination: 10
+Flags: ( "cargo-known" "beam-protect-ship" )
+Flags2: ( )
+Respawn priority: 0
+Orders Accepted List: ( )
+Group: 0
+Use Table Score:
+Score: 20

$Name: Barqu		;! Object #33
$Display Name: XSTR("Barqu", 9542)
$Class: SC Cain
$Team: Hostile
$Location: 717.622681, 0.000000, 1719.246094
$Orientation:
	-0.114613, 0.266731, 0.956932,
	0.031720, 0.963771, -0.264839,
	-0.992904, 0.000000, -0.118922
$AI Goals: ( goals ( ai-waypoints-once "barqu path" 50 ) )
$Cargo 1:  XSTR("Nothing", 13)
+Initial Velocity: 33
+Initial Hull: 72
+Initial Shields: 100
+Subsystem: Pilot
+Subsystem: turret01
+Subsystem: turret02
+Subsystem: turret03
+Subsystem: turret04
+Subsystem: turret05
+Subsystem: turret06
+Subsystem: turret07
$Damage: 100
+Subsystem: turret08
+Subsystem: turret09
$Arrival Location: Hyperspace
$Arrival Cue: ( true ) 
$Departure Location: Hyperspace
$Departure Cue: ( false ) 
$Determination: 10
+Flags: ( "no-shields" "escort" )
+Flags2: ( )
+Respawn priority: 0
+Escort priority: 60
+Orders Accepted List: ( )
+Group: 0
+Use Table Score:
+Score: 150

$Name: Caacrinolaas		;! Object #34
$Display Name: XSTR("Caacrinolaas", 7317)
$Class: SC Cain
$Team: Hostile
$Location: 1449.788818, 851.420593, 4953.931641
$Orientation:
	-0.167421, 0.068798, 0.983482,
	-0.253364, 0.961055, -0.110360,
	-0.952774, -0.267655, -0.143470
$AI Goals: ( goals ( ai-waypoints-once "caac path" 50 ) )
$Cargo 1:  XSTR("Nothing", 13)
+Initial Hull: 100
+Initial Shields: 100
+Subsystem: Pilot
+Subsystem: turret01
+Subsystem: turret02
+Subsystem: turret03
+Subsystem: turret04
+Subsystem: turret05
+Subsystem: turret06
+Subsystem: turret07
$Damage: 100
+Subsystem: turret08
+Subsystem: turret09
$Arrival Location: Hyperspace
$Arrival Cue: ( true ) 
$Departure Location: Hyperspace
$Departure Cue: ( false ) 
$Determination: 10
+Flags: ( "no-shields" "escort" )
+Flags2: ( )
+Respawn priority: 0
+Escort priority: 60
+Orders Accepted List: ( )
+Group: 0
+Score: 300

$Name: Div-e Sepid		;! Object #35
$Display Name: XSTR("Div-e Sepid", 9543)
$Class: SC Rakshasa
$Team: Hostile
$Location: 1866.920532, 0.000000, 304.572205
$Orientation:
	0.071911, 0.644182, 0.761486,
	-0.068831, 0.764847, -0.640525,
	-0.995034, -0.006353, 0.099341
$AI Goals: ( goals ( ai-waypoints-once "div-e sepid path" 50 ) )
$Cargo 1:  XSTR("Nothing", 13)
+Initial Velocity: 33
+Initial Hull: 74
+Initial Shields: 100
+Subsystem: Pilot
+Subsystem: turret01
+Subsystem: turret02
$Damage: 60
+Subsystem: turret03
$Damage: 100
+Subsystem: turret04
+Subsystem: turret05
+Subsystem: turret06
+Subsystem: turret07
+Subsystem: turret08
+Subsystem: turret09
+Subsystem: turret10
+Subsystem: turret11
+Subsystem: turret12
+Subsystem: turret13
+Subsystem: turret14
$Arrival Location: Hyperspace
$Arrival Cue: ( true ) 
$Departure Location: Hyperspace
$Departure Cue: ( false ) 
$Determination: 10
+Flags: ( "no-shields" "escort" )
+Flags2: ( )
+Respawn priority: 0
+Escort priority: 60
