#Mission Info

$Version: 0.10
$Name:  XSTR("End of The High Heavens", 6682)
$Author: Exile Team
$Created: 08/27/14 at 15:02:27
$Modified: 02/26/23 at 08:47:00
$Notes:
This is a FRED2_OPEN created mission.
$End Notes:

$Mission Desc:
 XSTR("Put mission description here
", 2304)
$end_multi_text
+Game Type Flags: 1
+Flags: 192
+Fog Near Mult: 1.000000

+Fog Far Mult: 1.000000

+Disallow Support: 0
+Hull Repair Ceiling: 60.000000
+Subsystem Repair Ceiling: 100.000000

+Viewer pos: 3062.072998, 1361.505249, 680.085693
+Viewer orient:
	0.975585, -0.000004, 0.219623,
	-0.116526, 0.847631, 0.517633,
	-0.186161, -0.530587, 0.826935


$Load Screen 1024: Loading_M04.png

$Skybox Model: Skybox_Saturn.pof

$AI Profile: Exile

#Sexp_variables

$Variables:
(
		0		"achievement02"		"0"		"number"
		1		"achievement03"		"0"		"number"
		2		"achievement_count"		"0"		"number"
		3		"achievement_total"		"19"		"number"
		4		"filename"		"a"		"string"
		5		"saveexist"		"2"		"number"
		6		"shuttles_landed"		"0"		"number"
		7		"shuttles_left"		"19"		"number"
		8		"shuttles_lost"		"0"		"number"
		9		"autoGenVar1"		"#Spark"		"string"
		10		"autoGenVar2"		"#Shuttle"		"string"
		11		"autoGenVar3"		"#Valhalla"		"string"
		12		"autoGenVar4"		"#Al-Qaum"		"string"
)

#Command Briefing

$Stage Text:
 XSTR("$W ORFS $W Ida $W Lewis
$W ORS $W rally $W point $W near $W Charon

$W 15th $W December $W 2367
$W 9 $W hours $W after $W The $W Battle $W of $W Earth", 6683)
$end_multi_text
$Ani Filename: <default>
+Wave Filename: none

#Briefing
$start_briefing
$num_stages: 4
$start_stage
$multi_text
 XSTR("$B Tactical $B Arbiter $B Pavlus $B Hemming:
Alright, people, listen up. We don't have much time, so pay attention while I fill you in. The $R Shivan offensive against the moons of $B Jupiter and $B Saturn has intensified. Heavy fighting now rages across $B Io, $B Europa, $B Ganymede and $B Titan. Fleetmaster Caliphtys has ordered all available assets to cover the evacuation of the Galilean moons, while keeping the $G Demetrius' battle group in reserve should one of the moons' defenses be overrun. On that note, $G High $G Command has finished re-establishing itself on Fleetmaster Caliphtys' flagship and will be coordinating all ongoing efforts from there.", 6684)
$end_multi_text
$voice: none.wav
$camera_pos: 12247.074219, 18202.904297, -821.368347
$camera_orient:
	-0.999952, -0.000003, -0.009806,
	0.009805, -0.017580, -0.999797,
	-0.000169, -0.999846, 0.017579
$camera_time: 500
$num_lines: 0
$num_icons: 2
$Flags: 0
$Formula: ( true ) 
$start_icon
$type: 7
$team: Friendly
$class: ScreenCam#Exile
$pos: 17381.341797, 2411.283203, -299.652740
$label:  XSTR("Jupiter", 6685)
+id: 1
$hlight: 0
$mirror: 0
$multi_text
$end_multi_text
$end_icon
$start_icon
$type: 7
$team: Friendly
$class: ORNB Lumen
$pos: 4469.138184, 2418.726807, -247.231216
$label:  XSTR("Saturn", 6686)
+id: 11
$hlight: 0
$mirror: 0
$multi_text
$end_multi_text
$end_icon
$end_stage
$start_stage
$multi_text
 XSTR("Your objective is to oversee the evacuation of the $G City $G of $G the $G Sun, an installation located in orbit over $B Titan. With a general population of over 900,000, it's the $g Syndicate's most heavily populated installation of the $y Sky $y Garden class. The installation's central spire contains its industrial equipment and infrastructure while the four outer domes house the installation's residential and trade districts. $G High $G Command listed the $G City $G of $G the $G Sun as a target in critical need of protection.", 6687)
$end_multi_text
$voice: none.wav
$camera_pos: 4797.693848, 7332.578613, -196.408783
$camera_orient:
	-0.999952, -0.000003, -0.009808,
	0.009806, -0.017580, -0.999797,
	-0.000169, -0.999845, 0.017579
$camera_time: 500
$num_lines: 0
$num_icons: 3
$Flags: 0
$Formula: ( true ) 
$start_icon
$type: 7
$team: Friendly
$class: ScreenCam#Exile
$pos: 17381.341797, 2411.283203, -299.652740
$label:  XSTR("Jupiter", 6685)
+id: 1
$hlight: 0
$mirror: 0
$multi_text
$end_multi_text
$end_icon
$start_icon
$type: 15
$team: Friendly
$class: ORI Sky Garden
$pos: 6918.085449, 5.000000, 728.799805
$label:  XSTR("City of the Sun", 6688)
+id: 3
$hlight: 0
$mirror: 0
$multi_text
$end_multi_text
$end_icon
$start_icon
$type: 7
$team: Friendly
$class: ORNB Lumen
$pos: 4469.138184, 2418.726807, -247.231216
$label:  XSTR("Saturn", 6686)
+id: 11
$hlight: 0
$mirror: 0
$multi_text
$end_multi_text
$end_icon
$end_stage
$start_stage
$multi_text
 XSTR("The installation's civilian population is being transferred to the $G ORCo $G Abraham, the first of our newly constructed colony ships. Initially meant to combine the roles of heavy fleet carriers, mobile command centers and expedition vessels, the colony ships are now being prepped to serve as mobile cities that can accommodate and feed up to several hundred thousand people. Six of them were being built when the $R Shivans arrived. The $R Shivans destroyed one of them, while another two were far too early in their construction phase to be able to leave the shipyards. We thus have three remaining. The $G Abraham's sister ships, the $G Spirit $G of $G Hope and the $G Adrastus, have already taken on evacuees from other parts of the $G Syndicate. We must now look after the $G Abraham until it has finished taking on its full capacity of refugees.", 6689)
$end_multi_text
$voice: none.wav
$camera_pos: 8633.125000, 3898.606201, 221.019196
$camera_orient:
	-0.999952, -0.000003, -0.009808,
	0.009807, -0.017580, -0.999797,
	-0.000169, -0.999845, 0.017579
$camera_time: 500
$num_lines: 0
$num_icons: 3
$Flags: 0
$Formula: ( true ) 
$start_icon
$type: 15
$team: Friendly
$class: ORI Sky Garden
$pos: 6918.085449, 5.000000, 728.799805
$label:  XSTR("City of the Sun", 6688)
+id: 3
$hlight: 0
$mirror: 0
$multi_text
$end_multi_text
$end_icon
$start_icon
$type: 6
$team: Friendly
$class: ORCo Abraham
$pos: 8973.541016, 709.899475, 134.167633
$label:  XSTR("Abraham", 6690)
+id: 4
$hlight: 1
$mirror: 1
$multi_text
$end_multi_text
$end_icon
$start_icon
$type: 7
$team: Friendly
$class: ORNB Lumen
$pos: 4469.138184, 2418.726807, -247.231216
$label:  XSTR("Saturn", 6686)
+id: 11
$hlight: 0
$mirror: 0
$multi_text
$end_multi_text
$end_icon
$end_stage
$start_stage
$multi_text
 XSTR("The $G City $G of $G the $G Sun and the $G Abraham are currently under heavy fire from $R Shivan warships. We've already lost two frigates protecting them, leaving only the $G ORFg $G Al-Qaum in their defense. Your squadron will link up with the frigate $G Bauhaus, which is being dispatched to reinforce the $G Al-Qaum. Support them as well as any additional $G ORS forces on location and provide cover necessary for the station's evacuation to proceed. 

At this time, we have very few assets that can be spared for emergency deployments. Make the most of what you have and try to keep our ships as intact as possible.
", 6691)
$end_multi_text
$voice: none.wav
$camera_pos: 8636.119141, 3893.235352, -84.400330
$camera_orient:
	-0.999952, -0.000003, -0.009809,
	0.009808, -0.017580, -0.999797,
	-0.000169, -0.999845, 0.017579
$camera_time: 500
$num_lines: 0
$num_icons: 8
$Flags: 0
$Formula: ( true ) 
$start_icon
$type: 15
$team: Friendly
$class: ORI Sky Garden
$pos: 10169.721680, 4.999268, 731.289307
$label:  XSTR("City of the Sun", 6688)
+id: 3
$hlight: 0
$mirror: 0
$multi_text
$end_multi_text
$end_icon
$start_icon
$type: 6
$team: Friendly
$class: ORCo Abraham
$pos: 9897.820313, 709.899414, -510.148651
$label:  XSTR("Abraham", 6690)
+id: 4
$hlight: 0
$mirror: 1
$multi_text
$end_multi_text
$end_icon
$start_icon
$type: 28
$team: Friendly
$class: ORFg Vitalius
$pos: 7889.310547, 2702.351807, -80.894730
$label:  XSTR("Bauhaus", 6692)
+id: 5
$hlight: 0
$mirror: 0
$multi_text
$end_multi_text
$end_icon
$start_icon
$type: 28
$team: Friendly
$class: ORFg Vitalius
$pos: 8876.736328, 1551.620850, -80.612373
$label:  XSTR("Al-Qaum", 6693)
+id: 6
$hlight: 0
$mirror: 1
$multi_text
$end_multi_text
$end_icon
$start_icon
$type: 19
$team: Hostile
$class: SC Cain
$pos: 8176.576172, 2449.575928, -30.828968
$label:  XSTR("Shivan forces", 6694)
+id: 7
$hlight: 0
$mirror: 0
$multi_text
$end_multi_text
$end_icon
$start_icon
$type: 1
$team: Friendly
$class: ORF Claymore
$pos: 7861.566406, 2359.220215, -354.902588
$label:  XSTR("Beta", 6695)
+id: 8
$hlight: 0
$mirror: 0
$multi_text
$end_multi_text
$end_icon
$start_icon
$type: 1
$team: Friendly
$class: ORF Claymore
$pos: 7761.004395, 2318.905762, 259.602692
$label:  XSTR("Alpha", 6696)
+id: 10
$hlight: 0
$mirror: 0
$multi_text
$end_multi_text
$end_icon
$start_icon
$type: 7
$team: Friendly
$class: ORNB Lumen
$pos: 4469.138184, 2418.726807, -247.231216
$label:  XSTR("Saturn", 6686)
+id: 11
$hlight: 0
$mirror: 0
$multi_text
$end_multi_text
$end_icon
$end_stage
$end_briefing

#Debriefing_info

$Num stages: 9

$Formula: ( and 
   ( is-goal-true-delay "Cover evac" 0 ) 
   ( is-goal-true-delay 
      "Protect Abraham" 
      0 
   )
)
$Multi text
    XSTR("We completed the City of the Sun's evacuation as best we could. Over 250,000 civilians were retrieved by the Abraham. In its care, they will receive proper treatment and accommodation. Combined with those who already left the station via transports, we estimate that nearly one third of the city's total population made it to safety. 

I am sharing with you these statistics so as to relieve you of any sense that your efforts might've been in vain. I realize it was a difficult decision for you to open fire on civilians. It is against our principles and I wish we didn't have to do it. But if the Abraham had accepted even more refugees, then the ship's overpopulation would have eventually led to the worst possible outcomes: rioting, pandemics, food shortages...even rebellion. We would have lost more people than we would have saved if you hadn't opened fire. In the end, that decision was ultimately the necessary one. 

This war is far from over. What we are struggling for is the very survival of our race. We will not be able to save everyone that needs our help. Given our situation, I also cannot guarantee that we will not again be forced into drastic measures like the ones we took today. From now on, you will need to be prepared for such a possibility, pilots.
", 6697)
$end_multi_text
$Voice: none.wav
$Recommendation text:
    XSTR("", 10)
$end_multi_text

$Formula: ( is-destroyed-delay 5 "Abraham" ) 
$Multi text
    XSTR("The City of the Sun's evacuation ended in complete disaster. Abraham, our grand ark, floating city and agricultural centre, was overwhelmed and destroyed by the Shivans. We overestimated our own strength and allowed the colony ship to await refugees from the city for too long. Although we knew there was still vast numbers of people awaiting evac, we should have known how many we could save without putting the rest at risk. The destruction of the Abraham is a terrible blow for our evacuation efforts. We cannot afford the same recklessness again.  ", 6698)
$end_multi_text
$Voice: none.wav
$Recommendation text:
    XSTR("", 10)
$end_multi_text

$Formula: ( is-destroyed-delay 5 "Bauhaus" ) 
$Multi text
    XSTR("The forces we tasked with the City of the Sun's evacuation encountered heavy Shivan resistance. As a result of the fighting there, the frigate Bauhaus was destroyed. This left the Abraham vulnerable to enemy attacks. It quickly became impossible for our forces to hold off the Shivans and accomplish our goals. Thus, we had to completely withdraw from the area or risk further casualties. There is no telling how many people we left behind to be slaughtered by the Shivans.", 6699)
$end_multi_text
$Voice: none.wav
$Recommendation text:
    XSTR("", 10)
$end_multi_text

$Formula: ( >= @shuttles_lost[0] 10 ) 
$Multi text
    XSTR("The evacuation of the City of the Sun did not go as planned. Despite intially having the area well secured, our forces become involved in heavy engagements with the Shivans. We took severe losses from the civilian shuttles fleeing the stations, leaving only a small handful as having made it to the Abraham. We are unable to measure the loss of life that resulted from the fighting that took place. However, it presents a bleak picture for what remains of our people. ", 6700)
$end_multi_text
$Voice: none.wav
$Recommendation text:
    XSTR("", 10)
$end_multi_text

$Formula: ( > @shuttles_landed[0] 3 ) 
$Multi text
    XSTR("Desperate times require desperate measures. You were directly ordered to prevent the civilian shuttles from landing on the Abraham by any means necessary. It might have been against our principles and it was a task that required strong willpower. I will grant you that. However, this act of mercy may soon result in far greater casualties in the long run. The Abraham's population will now have to face down the consequences of overcrowding, starvation and breakouts of violence. This will only make things increasingly difficult as we struggle to save the human race.", 6701)
$end_multi_text
$Voice: none.wav
$Recommendation text:
    XSTR("", 10)
$end_multi_text

$Formula: ( and 
   ( is-destroyed-delay 
      5 
      "City of the Sun" 
   )
   ( not 
      ( is-event-true-delay 
         "msg35+abraham goals" 
         0 
      )
   )
)
$Multi text
    XSTR("This mission ended in complete disaster. The City of the Sun was destroyed by the Shivan invaders before the Abraham could finishing boarding refugees. We were counting on you to hold off the enemy long enough until it had reached capacity. The assets we had available on site should've been enough to accomplish the mission. As it is, we cannot even begin to fathom the loss of life that has just transpired. A failure as great as this does not bode well for the rest of us.", 6702)
$end_multi_text
$Voice: none.wav
$Recommendation text:
    XSTR("", 10)
$end_multi_text

$Formula: ( has-departed-delay 0 "Al-Qaum" ) 
$Multi text
    XSTR("By the way, the crew of the Al-Quam sends you their warmest thanks. You did well in saving that frigate from destruction. The losses the Shivans have inflicted are already immeasurable. The more fleet assets we save now, the better our odds of survival will be.", 6703)
$end_multi_text
$Voice: none.wav
$Recommendation text:
    XSTR("", 10)
$end_multi_text

$Formula: ( is-destroyed-delay 0 "Al-Qaum" ) 
$Multi text
    XSTR("Regretfully, the Abraham's attending frigates were all lost during the evacuation. The last of them, the ORFg Al-Qaum, which held the perimeter until your arrival, was destroyed by overwhelming Shivan forces. We will now have to handle the Abraham's defense with the limited assets we have left.", 6704)
$end_multi_text
$Voice: none.wav
$Recommendation text:
    XSTR("", 10)
$end_multi_text

$Formula: ( and 
   ( is-goal-true-delay "Cover evac" 0 ) 
   ( is-goal-true-delay 
      "Protect Abraham" 
      0 
   )
)
$Multi text
    XSTR("That's all for now. You're dismissed.", 6705)
$end_multi_text
$Voice: none.wav
$Recommendation text:
    XSTR("", 10)
$end_multi_text

#Callsigns:
$Callsign: XSTR("Spark", 5871)
$Callsign: XSTR("Harper", 5869)
$Callsign: XSTR("Black Widow", 5870)
$Callsign: XSTR("Al-Churi", 5874)
$Callsign: XSTR("Nielsen", 5875)

#end


#Players		;! 1 total

$Starting Shipname: Beta 1
$Ship Choices: (
	"ORF Defender"	5
)

+Weaponry Pool: (
	"Pulsar PC-9"	108
	"Prometheus N"	108
	"Stinger"	260
	"MX-112"	500
)

#Objects		;! 166 total

$Name: Beta 1		;! Object #0
$Display Name: XSTR("Beta 1", 5765)
$Class: ORF Claymore
$Callsign: XSTR("Spark", 5871)

$Team: Friendly
$Team Color Setting: Non-Assigned
$Location: 5498.758789, 2353.146484, -975.618286
$Orientation:
	0.771246, -0.000000, 0.636537,
	-0.364651, 0.819648, 0.441822,
	-0.521736, -0.572868, 0.632150
$Cargo 1:  XSTR("Nothing", 13)
+Initial Hull: 100
+Subsystem: Pilot
$Arrival Location: Hyperspace
$Arrival Cue: ( false ) 
$Departure Location: Hyperspace
$Departure Cue: ( false ) 
$Determination: 10
+Flags: ( "cargo-known" "player-start" )
+Flags2: ( )
+Respawn priority: 0
+Orders Accepted List: ( "attack ship" "disable ship" "disarm ship" "guard ship" "ignore ship" "form on wing" "cover me" "attack any" "disable subsys" )
+Group: 0
+Score: 8

$Name: City of the Sun		;! Object #1
$Display Name: XSTR("City of the Sun", 6688)
$Class: ORI Sky Garden
$Team: Friendly
$Location: 908.000000, 5.000000, 1157.000000
$Orientation:
	1.000000, 0.000000, 0.000000,
	0.000000, 1.000000, 0.000000,
	0.000000, 0.000000, 1.000000
$Cargo 1:  XSTR("Nothing", 13)
+Initial Hull: 77
+Initial Shields: 100
+Subsystem: Pilot
+Subsystem: turret01
+Subsystem: turret02
+Subsystem: turret03
+Subsystem: turret04
+Subsystem: turret05
+Subsystem: turret06
+Subsystem: turret07
+Subsystem: turret08
+Subsystem: turret09
+Subsystem: turret10
+Subsystem: turret11
+Subsystem: turret12
+Subsystem: turret13
+Subsystem: turret14
+Subsystem: turret15
$Arrival Location: Hyperspace
$Arrival Cue: ( true ) 
$Departure Location: Hyperspace
$Departure Cue: ( false ) 
$Determination: 10
+Flags: ( "cargo-known" "no-shields" "beam-protect-ship" )
+Flags2: ( )
+Respawn priority: 0
+Orders Accepted List: ( )
+Group: 0
+Use Table Score:
+Score: 800

$Name: Abraham		;! Object #2
$Display Name: XSTR("Abraham", 6690)
$Class: ORCo Abraham
$Team: Friendly
$Location: -2265.317383, 709.899414, -2403.301758
$Orientation:
	0.774676, -0.294208, 0.559753,
	0.250163, 0.955550, 0.156023,
	-0.580774, 0.019164, 0.813839
$Cargo 1:  XSTR("Nothing", 13)
+Initial Hull: 85
+Initial Shields: 100
+Subsystem: Pilot
+Subsystem: turret01
+Subsystem: turret02
+Subsystem: turret03
+Subsystem: turret04
+Subsystem: turret05
+Subsystem: turret06
+Subsystem: turret07
+Subsystem: turret08
+Subsystem: turret09
+Subsystem: turret10
+Subsystem: turret11
+Subsystem: turret12
+Subsystem: turret13
+Subsystem: turret14
+Subsystem: turret15
+Subsystem: turret16
+Subsystem: turret17
+Subsystem: turret18
+Subsystem: turret19
+Subsystem: turret20
+Subsystem: turret21
+Subsystem: turret22
+Subsystem: turret23
+Subsystem: turret24
+Subsystem: turret25
+Subsystem: turret26
+Subsystem: turret27
+Subsystem: turret28
+Subsystem: turret29
+Subsystem: turret30
+Subsystem: turret31
+Subsystem: turret32
+Subsystem: turret33
+Subsystem: turret34
+Subsystem: turret35
+Subsystem: turret36
+Subsystem: turret37
+Subsystem: turret38
+Subsystem: turret39
+Subsystem: turret40
+Subsystem: turret41
+Subsystem: turret42
+Subsystem: turret43
+Subsystem: turret44
+Subsystem: turret45
+Subsystem: turret46
+Subsystem: turret47
+Subsystem: turret48
+Subsystem: turret49
+Subsystem: turret50
+Subsystem: turret51
+Subsystem: turret52
+Subsystem: turret53
+Subsystem: turret54
+Subsystem: turret55
+Subsystem: turret56
+Subsystem: turret57
+Subsystem: turret58
+Subsystem: turret59
+Subsystem: turret60
+Subsystem: turret61
$Arrival Location: Hyperspace
$Arrival Cue: ( true ) 
$Departure Location: Hyperspace
$Departure Cue: ( is-event-true-delay "msg36,2" 5 ) 
$Determination: 10
+Flags: ( "cargo-known" "no-shields" )
+Flags2: ( )
+Respawn priority: 0
+Group: 0
+Use Table Score:
+Score: 1000
$Texture Replace:
+old: nameplate
+new: nameplate-abraham

$Name: Bauhaus		;! Object #3
$Display Name: XSTR("Bauhaus", 6692)
$Class: ORFg Vitalius
$Team: Friendly
$Team Color Setting: Sedna Battlegroup
$Location: 4919.005859, 2671.220459, -1665.433594
$Orientation:
	0.711261, 0.259459, 0.653291,
	-0.527364, 0.811442, 0.251889,
	-0.464752, -0.523681, 0.713976
$Cargo 1:  XSTR("Nothing", 13)
+Initial Velocity: 33
+Initial Hull: 87
+Initial Shields: 100
+Subsystem: Pilot
+Subsystem: turret01a
+Subsystem: turret02a
+Subsystem: turret03a
+Subsystem: turret04
+Sbank Ammo: ( 0 )
+Subsystem: turret05
+Sbank Ammo: ( 0 )
+Subsystem: turret06
+Subsystem: turret07
+Subsystem: turret08
+Subsystem: turret09
+Subsystem: turret10
+Subsystem: turret11
+Subsystem: turret12
+Subsystem: turret13
+Subsystem: turret14
+Subsystem: turret15
+Subsystem: turret16
+Subsystem: turret17
+Subsystem: turret18
+Subsystem: turret19
+Subsystem: turret20
+Subsystem: turret21
+Subsystem: turret22
+Subsystem: turret23
+Subsystem: turret24
+Subsystem: turret25
+Subsystem: turret26
+Subsystem: turret27
+Subsystem: turret28
+Subsystem: turret29
+Subsystem: turret30
$Arrival Location: Hyperspace
$Arrival Cue: ( is-event-true-delay "camera17" 0 ) 
$Departure Location: Hyperspace
+Departure delay: 2
$Departure Cue: ( has-departed-delay 2 "Abraham" ) 
$Determination: 10
+Flags: ( "cargo-known" "no-shields" "escort" "no-arrival-music" )
+Flags2: ( )
+Respawn priority: 0
+Escort priority: 95
+Orders Accepted List: ( )
+Group: 0
+Use Table Score:
+Score: 8
$Texture Replace:
+old: nameplate
+new: nameplate-bauhaus

$Name: Al-Qaum		;! Object #4
$Display Name: XSTR("Al-Qaum", 6693)
$Class: ORFg Vitalius
$Team: Friendly
$Team Color Setting: Saturn Third Fleet
$Location: -1881.944336, 1551.620850, -1218.173096
$Orientation:
	0.676173, -0.581556, 0.452311,
	0.604315, 0.788976, 0.111011,
	-0.421421, 0.198274, 0.884924
$Cargo 1:  XSTR("Nothing", 13)
+Initial Velocity: 33
+Initial Hull: 72
+Initial Shields: 100
+Subsystem: Pilot
+Subsystem: turret01a
+Subsystem: turret02a
+Subsystem: turret03a
+Subsystem: turret04
+Subsystem: turret05
+Subsystem: turret06
+Subsystem: turret07
+Subsystem: turret08
+Subsystem: turret09
+Subsystem: turret10
+Subsystem: turret11
+Subsystem: turret12
+Subsystem: turret13
+Subsystem: turret14
+Subsystem: turret15
+Subsystem: turret16
+Subsystem: turret17
+Subsystem: turret18
+Subsystem: turret19
+Subsystem: turret20
+Subsystem: turret21
+Subsystem: turret22
+Subsystem: turret23
+Subsystem: turret24
+Subsystem: turret25
+Subsystem: turret26
+Subsystem: turret27
+Subsystem: turret28
+Subsystem: turret29
+Subsystem: turret30
$Arrival Location: Hyperspace
$Arrival Cue: ( true ) 
$Departure Location: Hyperspace
$Departure Cue: ( has-departed-delay 2 "Abraham" ) 
$Determination: 10
+Flags: ( "cargo-known" "no-shields" )
+Flags2: ( )
+Respawn priority: 0
+Orders Accepted List: ( )
+Group: 0
+Use Table Score:
+Score: 8
$Texture Replace:
+old: nameplate
+new: nameplate-alqaum

$Name: Callicantzaros		;! Object #5
$Display Name: XSTR("Callicantzaros", 5835)
$Class: SFg Armaros
$Team: Hostile
$Location: 3097.663086, 815.303711, 1636.082275
$Orientation:
	-0.566070, 0.238952, 0.788966,
	0.147406, 0.970982, -0.188318,
	-0.811071, 0.009697, -0.584868
$Cargo 1:  XSTR("Nothing", 13)
+Initial Velocity: 33
+Initial Hull: 72
+Initial Shields: 100
+Subsystem: Pilot
+Subsystem: turret01
+Subsystem: turret02
+Subsystem: turret03
+Subsystem: turret04
+Subsystem: turret05
+Subsystem: turret06
+Subsystem: turret07
+Subsystem: turret08
+Subsystem: turret09
+Subsystem: turret10
+Subsystem: turret11
+Subsystem: turret12
+Subsystem: turret13
+Subsystem: turret14
+Subsystem: turret15
+Subsystem: turret16
+Subsystem: turret17
+Subsystem: turret18
+Subsystem: turret19
+Subsystem: turret20
+Subsystem: turret21
+Subsystem: turret22
+Subsystem: turret23
+Subsystem: turret24
+Subsystem: turret25
+Subsystem: turret26
+Subsystem: turret27
+Subsystem: turret28
$Arrival Location: Hyperspace
$Arrival Cue: ( true ) 
$Departure Location: Hyperspace
$Departure Cue: ( false ) 
$Determination: 10
+Flags: ( "no-shields" "escort" )
+Flags2: ( )
+Respawn priority: 0
+Escort priority: 40
+Hotkey: 4
+Orders Accepted List: ( )
+Group: 0
+Use Table Score:
+Score: 440

$Name: Beta 2		;! Object #6
$Display Name: XSTR("Beta 2", 5766)
$Class: ORF Claymore
$Callsign: XSTR("Al-Churi", 5874)

$Team: Friendly
$Team Color Setting: Non-Assigned
$Location: 5530.909180, 2365.293701, -958.755798
$Orientation:
	0.771246, 0.000000, 0.636537,
	-0.364651, 0.819648, 0.441822,
	-0.521736, -0.572867, 0.632150
$Cargo 1:  XSTR("Nothing", 13)
+Initial Velocity: 33
+Initial Hull: 100
+Subsystem: Pilot
$Arrival Location: Hyperspace
$Arrival Cue: ( false ) 
$Departure Location: Hyperspace
$Departure Cue: ( false ) 
$Determination: 10
+Flags: ( "cargo-known" )
+Flags2: ( )
+Respawn priority: 0
+Orders Accepted List: ( "attack ship" "disable ship" "disarm ship" "guard ship" "ignore ship" "form on wing" "cover me" "attack any" "disable subsys" )
+Group: 0
+Use Table Score:
+Score: 10
+Persona Index: 11

$Name: Beta 3		;! Object #7
$Display Name: XSTR("Beta 3", 5767)
$Class: ORF Claymore
$Team: Friendly
$Team Color Setting: Non-Assigned
$Location: 5511.038574, 2354.984619, -992.452576
$Orientation:
	0.771246, 0.000000, 0.636537,
	-0.364651, 0.819648, 0.441822,
	-0.521736, -0.572867, 0.632150
$Cargo 1:  XSTR("Nothing", 13)
+Initial Velocity: 33
+Initial Hull: 100
+Subsystem: Pilot
$Arrival Location: Hyperspace
$Arrival Cue: ( false ) 
$Departure Location: Hyperspace
$Departure Cue: ( false ) 
$Determination: 10
+Flags: ( "cargo-known" )
+Flags2: ( )
+Respawn priority: 0
+Orders Accepted List: ( "attack ship" "disable ship" "disarm ship" "guard ship" "ignore ship" "form on wing" "cover me" "attack any" "disable subsys" )
+Group: 0
+Use Table Score:
+Score: 10
+Persona Index: 21

$Name: Beta 4		;! Object #8
$Display Name: XSTR("Beta 4", 5768)
$Class: ORF Claymore
$Team: Friendly
$Team Color Setting: Non-Assigned
$Location: 5471.948242, 2346.265869, -1022.267212
$Orientation:
	0.771246, 0.000000, 0.636537,
	-0.364651, 0.819648, 0.441822,
	-0.521736, -0.572867, 0.632150
$Cargo 1:  XSTR("Nothing", 13)
+Initial Velocity: 33
+Initial Hull: 100
+Subsystem: Pilot
$Arrival Location: Hyperspace
$Arrival Cue: ( false ) 
$Departure Location: Hyperspace
$Departure Cue: ( false ) 
$Determination: 10
+Flags: ( "cargo-known" )
+Flags2: ( )
+Respawn priority: 0
+Orders Accepted List: ( "attack ship" "disable ship" "disarm ship" "guard ship" "ignore ship" "form on wing" "cover me" "attack any" "disable subsys" )
+Group: 0
+Use Table Score:
+Score: 10
+Persona Index: 20

$Name: Alpha 1		;! Object #9
$Display Name: XSTR("Alpha 1", 5745)
$Class: ORF Claymore
$Callsign: XSTR("Harper", 5869)

$Team: Friendly
$Team Color Setting: Non-Assigned
$Location: 5351.097656, 2260.121094, -1023.410645
$Orientation:
	0.767876, -0.008521, 0.640541,
	-0.361584, 0.819631, 0.444367,
	-0.528794, -0.572828, 0.626294
$Cargo 1:  XSTR("Nothing", 13)
+Initial Velocity: 33
+Initial Hull: 100
+Subsystem: Pilot
$Arrival Location: Hyperspace
$Arrival Cue: ( false ) 
$Departure Location: Hyperspace
$Departure Cue: ( false ) 
$Determination: 10
+Flags: ( "cargo-known" )
+Flags2: ( "ship-locked" "weapons-locked" )
+Respawn priority: 0
+Orders Accepted List: ( )
+Group: 0
+Use Table Score:
+Score: 10
+Persona Index: 7

$Name: Alpha 2		;! Object #10
$Display Name: XSTR("Alpha 2", 5890)
$Class: ORF Claymore
$Callsign: XSTR("Black Widow", 5870)

$Team: Friendly
$Team Color Setting: Non-Assigned
$Location: 5428.367676, 2272.518066, -985.357605
$Orientation:
	0.771246, 0.000000, 0.636537,
	-0.364651, 0.819648, 0.441822,
	-0.521736, -0.572867, 0.632150
$Cargo 1:  XSTR("Nothing", 13)
+Initial Velocity: 33
+Initial Hull: 100
+Subsystem: Pilot
$Arrival Location: Hyperspace
$Arrival Cue: ( false ) 
$Departure Location: Hyperspace
$Departure Cue: ( false ) 
$Determination: 10
+Flags: ( "cargo-known" )
+Flags2: ( "ship-locked" "weapons-locked" )
+Respawn priority: 0
+Orders Accepted List: ( )
+Group: 0
+Use Table Score:
+Score: 10
+Persona Index: 8

$Name: Alpha 3		;! Object #11
$Display Name: XSTR("Alpha 3", 5891)
$Class: ORF Claymore
$Callsign: XSTR("Nielsen", 5875)

$Team: Friendly
$Team Color Setting: Non-Assigned
$Location: 5395.078125, 2311.529541, -1030.610840
$Orientation:
	0.771246, 0.000000, 0.636537,
	-0.364651, 0.819648, 0.441822,
	-0.521736, -0.572867, 0.632150
$Cargo 1:  XSTR("Nothing", 13)
+Initial Velocity: 33
+Initial Hull: 100
+Subsystem: Pilot
$Arrival Location: Hyperspace
$Arrival Cue: ( false ) 
$Departure Location: Hyperspace
$Departure Cue: ( false ) 
$Determination: 10
+Flags: ( "cargo-known" )
+Flags2: ( "ship-locked" "weapons-locked" )
+Respawn priority: 0
+Orders Accepted List: ( )
+Group: 0
+Use Table Score:
+Score: 10
+Persona Index: 9

$Name: Alpha 4		;! Object #12
$Display Name: XSTR("Alpha 4", 5892)
$Class: ORF Claymore
$Team: Friendly
$Team Color Setting: Non-Assigned
$Location: 5318.390137, 2231.906738, -1068.936768
$Orientation:
	0.771246, 0.000000, 0.636537,
	-0.364651, 0.819648, 0.441822,
	-0.521736, -0.572867, 0.632150
$Cargo 1:  XSTR("Nothing", 13)
+Initial Velocity: 33
+Initial Hull: 100
+Subsystem: Pilot
$Arrival Location: Hyperspace
$Arrival Cue: ( false ) 
$Departure Location: Hyperspace
$Departure Cue: ( false ) 
$Determination: 10
+Flags: ( "cargo-known" )
+Flags2: ( "ship-locked" "weapons-locked" )
+Respawn priority: 0
+Orders Accepted List: ( )
+Group: 0
+Use Table Score:
+Score: 10
+Persona Index: 21

$Name: Abigor		;! Object #13
$Display Name: XSTR("Abigor", 6706)
$Class: SC Cain
$Team: Hostile
$Location: -3371.054932, 3180.811523, -844.667725
$Orientation:
	-0.695862, -0.378702, -0.610215,
	0.304980, 0.613431, -0.728486,
	0.650204, -0.693029, -0.311366
$Cargo 1:  XSTR("Nothing", 13)
+Initial Velocity: 33
+Initial Hull: 100
+Initial Shields: 100
+Subsystem: Pilot
+Subsystem: turret01
+Subsystem: turret02
+Subsystem: turret03
+Subsystem: turret04
+Subsystem: turret05
+Subsystem: turret06
+Subsystem: turret07
+Subsystem: turret08
+Subsystem: turret09
$Arrival Location: Hyperspace
$Arrival Cue: ( true ) 
$Departure Location: Hyperspace
$Departure Cue: ( false ) 
$Determination: 10
+Flags: ( "no-shields" "escort" )
+Flags2: ( )
+Respawn priority: 0
+Escort priority: 30
+Orders Accepted List: ( )
+Group: 0
+Use Table Score:
+Score: 150

$Name: Chiang-shih		;! Object #14
$Display Name: XSTR("Chiang-shih", 6707)
$Class: SC Rakshasa
$Team: Hostile
$Location: -1235.440430, 2449.575928, 1946.142822
$Orientation:
	-0.993121, -0.103393, -0.054971,
	-0.069982, 0.900447, -0.429299,
	0.093884, -0.422499, -0.901489
$Cargo 1:  XSTR("Nothing", 13)
+Initial Velocity: 33
+Initial Hull: 76
+Initial Shields: 100
+Subsystem: Pilot
+Subsystem: turret01
$Damage: 100
+Subsystem: turret02
$Damage: 100
+Subsystem: turret03
$Damage: 13
+Subsystem: turret04
+Subsystem: turret05
+Subsystem: turret06
+Subsystem: turret07
+Subsystem: turret08
+Subsystem: turret09
+Subsystem: turret10
+Subsystem: turret11
+Subsystem: turret12
+Subsystem: turret13
+Subsystem: turret14
$Arrival Location: Hyperspace
$Arrival Cue: ( true ) 
$Departure Location: Hyperspace
$Departure Cue: ( false ) 
$Determination: 10
+Flags: ( "no-shields" "escort" )
+Flags2: ( )
+Respawn priority: 0
+Escort priority: 20
+Orders Accepted List: ( )
+Group: 0
+Use Table Score:
+Score: 300

$Name: ScreenCam#Exile 15		;! Object #15
$Display Name: XSTR("ScreenCam", 5713)
$Class: ScreenCam#Exile
$Team: Friendly
$Location: 863.054932, -3.278053, 2509.274170
$Orientation:
	-0.993753, -0.047612, 0.100933,
	-0.048371, 0.998816, -0.005085,
	-0.100572, -0.009935, -0.994880
$Cargo 1:  XSTR("Nothing", 13)
+Initial Hull: 100
+Subsystem: Pilot
$Arrival Location: Hyperspace
$Arrival Cue: ( true ) 
$Departure Location: Hyperspace
$Departure Cue: ( false ) 
$Determination: 10
+Flags: ( "cargo-known" "protect-ship" "no-arrival-music" "invulnerable" "hidden-from-sensors" "vaporize" "stealth" "friendly-stealth-invisible" )
+Flags2: ( "no-death-scream" "no_collide" )
+Respawn priority: 0
+Orders Accepted List: ( )
+Group: 0
+Use Table Score:
+Score: 0

$Name: ORT Wyvern 16		;! Object #16
$Display Name: XSTR("ORT Wyvern 16", 6708)
$Class: ORT Wyvern
$Team: Friendly
$Location: 914.475952, -30.000000, 2495.443359
$Orientation:
	-0.725785, -0.020294, 0.687622,
	-0.078846, 0.995432, -0.053844,
	-0.683388, -0.093296, -0.724069
$Cargo 1:  XSTR("Nothing", 13)
+Initial Hull: 100
+Initial Shields: 100
+Subsystem: Pilot
$Arrival Location: Hyperspace
$Arrival Cue: ( true ) 
$Departure Location: Hyperspace
$Departure Cue: ( false ) 
$Determination: 10
+Flags: ( "cargo-known" "no-shields" "invulnerable" )
+Flags2: ( )
+Respawn priority: 0
+Special Hitpoints: 10
+Special Shield Points: 0
+Orders Accepted List: ( )
+Group: 0
+Use Table Score:
+Score: 60

$Name: Shuttle RU-34556		;! Object #17
$Display Name: XSTR("Shuttle RU-34556", 6709)
$Class: OREP Mercury
$Team: Friendly
$Location: 950.447876, -5.100401, 2528.088135
$Orientation:
	-0.675242, -0.073077, 0.733967,
	-0.078124, 0.996568, 0.027349,
	-0.733447, -0.038874, -0.678634
$AI Goals: ( goals ( ai-waypoints-once "hangar 1 departure a" 55 ) ( ai-waypoints-once "dome 1 exit" 50 ) ( ai-warp-out 45 ) )
$Cargo 1:  XSTR("Nothing", 13)
+Initial Hull: 100
+Subsystem: Pilot
$Arrival Location: Hyperspace
+Arrival Delay: 4
$Arrival Cue: ( is-event-true-delay "camera3" 0 ) 
$Departure Location: Hyperspace
$Departure Cue: ( < 
   ( distance 
      "Shuttle RU-34556" 
      "dome 1 exit:5" 
   )
   75 
)
$Determination: 10
+Flags: ( "cargo-known" "no-arrival-music" "no-arrival-warp" "no-departure-warp" "beam-protect-ship" )
+Flags2: ( )
+Respawn priority: 0
+Hotkey: 4
+Group: 0
+Use Table Score:
+Score: 15

$Name: Shuttle LU-96190		;! Object #18
$Display Name: XSTR("Shuttle LU-96190", 6710)
$Class: OREP Mercury
$Team: Friendly
$Location: 866.686951, -3.989755, 2443.137207
$Orientation:
	0.739056, 0.080877, -0.668774,
	-0.114684, 0.993381, -0.006603,
	0.663812, 0.081578, 0.743439
$AI Goals: ( goals ( ai-waypoints-once "hangar 1 departure a" 55 ) ( ai-waypoints-once "dome 1 exit" 50 ) ( ai-warp-out 45 ) )
$Cargo 1:  XSTR("Nothing", 13)
+Initial Hull: 100
+Subsystem: Pilot
$Arrival Location: Hyperspace
+Arrival Delay: 3
$Arrival Cue: ( true ) 
$Departure Location: Hyperspace
$Departure Cue: ( < 
   ( distance 
      "Shuttle LU-96190" 
      "dome 1 exit:5" 
   )
   75 
)
$Determination: 10
+Flags: ( "cargo-known" "no-arrival-music" "no-arrival-warp" "no-departure-warp" "beam-protect-ship" )
+Flags2: ( )
+Respawn priority: 0
+Hotkey: 4
+Group: 0
+Use Table Score:
+Score: 15

$Name: Shuttle SH-82354		;! Object #19
$Display Name: XSTR("Shuttle SH-82354", 6711)
$Class: OREP Mercury
$Team: Friendly
$Location: 869.492371, 12.199730, 2526.068359
$Orientation:
	-0.609870, -0.075652, -0.788883,
	-0.114684, 0.993381, -0.006603,
	0.784160, 0.086445, -0.614509
$AI Goals: ( goals ( ai-waypoints-once "hangar 1 departure b" 55 ) ( ai-waypoints-once "dome 1 exit" 50 ) ( ai-warp-out 45 ) )
$Cargo 1:  XSTR("Nothing", 13)
+Initial Hull: 100
+Subsystem: Pilot
$Arrival Location: Hyperspace
+Arrival Delay: 1
$Arrival Cue: ( true ) 
$Departure Location: Hyperspace
$Departure Cue: ( < 
   ( distance 
      "Shuttle SH-82354" 
      "dome 1 exit:5" 
   )
   75 
)
$Determination: 10
+Flags: ( "cargo-known" "no-arrival-music" "no-arrival-warp" "no-departure-warp" "beam-protect-ship" )
+Flags2: ( )
+Respawn priority: 0
+Hotkey: 4
+Group: 0
+Use Table Score:
+Score: 15

$Name: Shuttle CK-63048		;! Object #20
$Display Name: XSTR("Shuttle CK-63048", 6712)
$Class: OREP Mercury
$Team: Friendly
$Location: 849.733154, 12.224274, 2485.936768
$Orientation:
	0.068473, 0.001273, -0.997653,
	-0.005196, 0.999987, 0.000920,
	0.997640, 0.005121, 0.068479
$AI Goals: ( goals ( ai-waypoints-once "hangar 1 departure b" 55 ) ( ai-waypoints-once "dome 1 exit" 50 ) ( ai-warp-out 45 ) )
$Cargo 1:  XSTR("Nothing", 13)
+Initial Hull: 100
+Subsystem: Pilot
$Arrival Location: Hyperspace
+Arrival Delay: 4
$Arrival Cue: ( is-event-true-delay "camera5" 0 ) 
$Departure Location: Hyperspace
$Departure Cue: ( < 
   ( distance 
      "Shuttle CK-63048" 
      "dome 1 exit:5" 
   )
   75 
)
$Determination: 10
+Flags: ( "cargo-known" "no-arrival-music" "no-arrival-warp" "no-departure-warp" "beam-protect-ship" )
+Flags2: ( )
+Respawn priority: 0
+Hotkey: 4
+Group: 0
+Use Table Score:
+Score: 15

$Name: Shuttle CW-45120		;! Object #21
$Display Name: XSTR("Shuttle CW-45120", 6713)
$Class: OREP Mercury
$Team: Friendly
$Location: 865.623657, -4.798262, 2529.878174
$Orientation:
	-0.633117, -0.078211, -0.770096,
	-0.114684, 0.993381, -0.006603,
	0.765514, 0.084137, -0.637896
$AI Goals: ( goals ( ai-waypoints-once "hangar 1 departure a" 55 ) ( ai-waypoints-once "dome 1 exit" 50 ) ( ai-warp-out 45 ) )
$Cargo 1:  XSTR("Nothing", 13)
+Initial Hull: 100
+Subsystem: Pilot
$Arrival Location: Hyperspace
+Arrival Delay: 10
$Arrival Cue: ( true ) 
$Departure Location: Hyperspace
$Departure Cue: ( < 
   ( distance 
      "Shuttle CW-45120" 
      "dome 1 exit:5" 
   )
   75 
)
$Determination: 10
+Flags: ( "cargo-known" "no-arrival-music" "no-arrival-warp" "no-departure-warp" "beam-protect-ship" )
+Flags2: ( )
+Respawn priority: 0
+Hotkey: 4
+Group: 0
+Use Table Score:
+Score: 15

$Name: Shuttle OP-71541		;! Object #22
$Display Name: XSTR("Shuttle OP-71541", 6714)
$Class: OREP Mercury
$Team: Friendly
$Location: 850.651123, -4.761038, 2485.254395
$Orientation:
	0.068473, 0.001273, -0.997653,
	-0.114684, 0.993381, -0.006603,
	0.991040, 0.114867, 0.068166
$AI Goals: ( goals ( ai-waypoints-once "hangar 1 departure a" 55 ) ( ai-waypoints-once "dome 1 exit" 50 ) ( ai-warp-out 45 ) )
$Cargo 1:  XSTR("Nothing", 13)
+Initial Hull: 100
+Subsystem: Pilot
$Arrival Location: Hyperspace
+Arrival Delay: 6
$Arrival Cue: ( true ) 
$Departure Location: Hyperspace
$Departure Cue: ( < 
   ( distance 
      "Shuttle OP-71541" 
      "dome 1 exit:5" 
   )
   75 
)
$Determination: 10
+Flags: ( "cargo-known" "no-arrival-music" "no-arrival-warp" "no-departure-warp" "beam-protect-ship" )
+Flags2: ( )
+Respawn priority: 0
+Hotkey: 4
+Group: 0
+Use Table Score:
+Score: 15

$Name: Shuttle RZ-58459		;! Object #23
$Display Name: XSTR("Shuttle RZ-58459", 6715)
$Class: OREP Mercury
$Team: Friendly
$Location: 962.684998, -4.224893, 2485.995117
$Orientation:
	0.012527, 0.008093, 0.999889,
	-0.064895, 0.997866, -0.007263,
	-0.997813, -0.064797, 0.013025
$AI Goals: ( goals ( ai-waypoints-once "hangar 1 departure a" 55 ) ( ai-waypoints-once "dome 1 exit" 50 ) ( ai-warp-out 45 ) )
$Cargo 1:  XSTR("Nothing", 13)
+Initial Hull: 100
+Subsystem: Pilot
$Arrival Location: Hyperspace
+Arrival Delay: 6
$Arrival Cue: ( is-event-true-delay "camera3" 0 ) 
$Departure Location: Hyperspace
$Departure Cue: ( < 
   ( distance 
      "Shuttle RZ-58459" 
      "dome 1 exit:5" 
   )
   75 
)
$Determination: 10
+Flags: ( "cargo-known" "no-arrival-music" "no-arrival-warp" "no-departure-warp" "beam-protect-ship" )
+Flags2: ( )
+Respawn priority: 0
+Hotkey: 4
+Group: 0
+Use Table Score:
+Score: 15

$Name: Shuttle RS-71826		;! Object #24
$Display Name: XSTR("Shuttle RS-71826", 6716)
$Class: OREP Mercury
$Team: Friendly
$Location: 850.637268, 11.998396, 2486.391602
$Orientation:
	0.068473, 0.001273, -0.997653,
	-0.005196, 0.999987, 0.000920,
	0.997640, 0.005121, 0.068479
$AI Goals: ( goals ( ai-waypoints-once "hangar 1 departure b" 55 ) ( ai-waypoints-once "dome 1 exit" 50 ) ( ai-warp-out 45 ) )
$Cargo 1:  XSTR("Nothing", 13)
+Initial Hull: 100
+Subsystem: Pilot
$Arrival Location: Hyperspace
+Arrival Delay: 8
$Arrival Cue: ( true ) 
$Departure Location: Hyperspace
$Departure Cue: ( < 
   ( distance 
      "Shuttle RS-71826" 
      "dome 1 exit:5" 
   )
   75 
)
$Determination: 10
+Flags: ( "cargo-known" "no-arrival-music" "no-arrival-warp" "no-departure-warp" "beam-protect-ship" )
+Flags2: ( )
+Respawn priority: 0
+Hotkey: 4
+Group: 0
+Use Table Score:
+Score: 15

$Name: Shuttle YA-56674		;! Object #25
$Display Name: XSTR("Shuttle YA-56674", 6717)
$Class: OREP Mercury
$Team: Friendly
$Location: 867.180176, -3.973527, 2443.109863
$Orientation:
	0.752183, 0.082492, -0.653772,
	-0.114684, 0.993381, -0.006603,
	0.648899, 0.079944, 0.756664
$AI Goals: ( goals ( ai-waypoints-once "hangar 1 departure a" 55 ) ( ai-waypoints-once "dome 1 exit" 50 ) ( ai-warp-out 45 ) )
$Cargo 1:  XSTR("Nothing", 13)
+Initial Hull: 100
+Subsystem: Pilot
$Arrival Location: Hyperspace
+Arrival Delay: 8
$Arrival Cue: ( is-event-true-delay "camera3" 0 ) 
$Departure Location: Hyperspace
$Departure Cue: ( < 
   ( distance 
      "Shuttle YA-56674" 
      "dome 1 exit:5" 
   )
   75 
)
$Determination: 10
+Flags: ( "cargo-known" "no-arrival-music" "no-arrival-warp" "no-departure-warp" "beam-protect-ship" )
+Flags2: ( )
+Respawn priority: 0
+Hotkey: 4
+Group: 0
+Use Table Score:
+Score: 15

$Name: Shuttle OY-34118		;! Object #26
