#Mission Info

$Version: 0.10
$Name:  XSTR("Exodus", 4934)
$Author: Blaise Russel
$Created: 01/22/05 at 22:10:35
$Modified: 08/26/11 at 23:49:21
$Notes:
This is a FRED2_OPEN created mission.
$End Notes:

$Mission Desc:
 XSTR("Put mission description here
", 4553)
$end_multi_text

+Game Type Flags: 1

+Flags: 8

+Disallow Support: 1

+Hull Repair Ceiling: 0.000000

+Subsystem Repair Ceiling: 0.000000

+Viewer pos: -95.884132, 85.188759, 3611.634521
+Viewer orient:
	-0.999999, 0.000001, 0.001146,
	-0.001146, -0.000399, -0.999999,
	-0.000001, -1.000000, 0.000399


$Skybox Model: skybox_EPegasi.pof

$AI Profile: FS2 RETAIL

#Sexp_variables

$Variables:
(
		0		"autoGenVar1"		"GTFr Triton"		"string"
		1		"autoGenVar2"		"NTC Fenris"		"string"
		2		"autoGenVar3"		"NTF Loki"		"string"
		3		"autoGenVar4"		"NTB Zeus"		"string"
		4		"autoGenVar5"		"NTF Hercules"		"string"
		5		"autoGenVar6"		"GTFr Poseidon"		"string"
		6		"autoGenVar7"		"NTCv Deimos"		"string"
		7		"autoGenVar8"		"NTF Ulysses"		"string"
		8		"autoGenVar9"		"NTF Myrmidon"		"string"
)

#Command Briefing

#Briefing
$start_briefing
$num_stages: 3
$start_stage
$multi_text
 XSTR("Contact has been re-established with the $f Disciple. Apparently, our flagship is hiding out on the fringes of $b Epsilon $b Pegasi, rallying the troops in preparation for a counterstrike against Koth's $r NTF. Co-ordinates have been logged and very soon our little armada will rejoin the rest of $g 6th $g Fleet around $b Pegasus $b Sextus.", 4935)
$end_multi_text
$voice: FOEP_M7_B01.ogg
$camera_pos: -147.548248, 173.300705, 3517.963623
$camera_orient:
	-0.999999, 0.000001, 0.001142,
	-0.001142, -0.000399, -0.999999,
	-0.000001, -1.000000, 0.000399
$camera_time: 500
$num_lines: 0
$num_icons: 3
$Flags: 0
$Formula: ( true ) 
$start_icon
$type: 4
$team: Friendly
$class: GTSC Faustus
$pos: -94.998520, 0.000000, 3507.141846
$label: XSTR("Jackson", 4701)
+id: 1
$hlight: 0
$mirror: 0
$multi_text
$end_multi_text
$end_icon
$start_icon
$type: 18
$team: Friendly
$class: GTC Leviathan
$pos: -95.285332, -0.000006, 3532.309082
$label: XSTR("Providence", 4561)
+id: 2
$hlight: 0
$mirror: 0
$multi_text
$end_multi_text
$end_icon
$start_icon
$type: 6
$team: Friendly
$class: GTD Hecate
$pos: -195.970673, -0.000002, 3518.088135
$label: XSTR("Disciple", 4874)
+id: 3
$hlight: 1
$mirror: 0
$multi_text
$end_multi_text
$end_icon
$end_stage
$start_stage
$multi_text
 XSTR("I've discussed the details of the evacuation with the other senior officers present and we've come up with a plan of action that should get everyone present, civilian and $g GTVA alike, to safety at the $f Disciple's encampment.

The $f Jackson has been abandoned. We've transferred as many civilians and as much cargo to as few ships as we can - the $f Providence herself is severely cramped right now, but with fewer ships to manage, it should expedite the evacuation of this station greatly.", 4936)
$end_multi_text
$voice: FOEP_M7_B02.ogg
$camera_pos: -95.991310, 85.151382, 3517.939453
$camera_orient:
	-0.999999, 0.000001, 0.001144,
	-0.001144, -0.000399, -0.999999,
	-0.000001, -1.000000, 0.000399
$camera_time: 500
$num_lines: 0
$num_icons: 5
$Flags: 0
$Formula: ( true ) 
$start_icon
$type: 4
$team: Friendly
$class: GTSC Faustus
$pos: -94.998520, 0.000000, 3507.141846
$label: XSTR("Jackson", 4701)
+id: 1
$hlight: 0
$mirror: 0
$multi_text
$end_multi_text
$end_icon
$start_icon
$type: 18
$team: Friendly
$class: GTC Leviathan
$pos: -95.285332, -0.000006, 3532.309082
$label: XSTR("Providence", 4561)
+id: 2
$hlight: 0
$mirror: 0
$multi_text
$end_multi_text
$end_icon
$start_icon
$type: 6
$team: Friendly
$class: GTD Hecate
$pos: -195.970673, -0.000002, 3518.088135
$label: XSTR("Disciple", 4874)
+id: 3
$hlight: 0
$mirror: 0
$multi_text
$end_multi_text
$end_icon
$start_icon
$type: 27
$team: Friendly
$class: GTT Argo
$pos: -116.965363, -0.000003, 3518.780029
$label: XSTR("Civilians", 4937)
+id: 4
$hlight: 1
$mirror: 0
$multi_text
$end_multi_text
$end_icon
$start_icon
$type: 13
$team: Friendly
$class: GTFR Triton
$pos: -71.102242, -0.000002, 3518.884277
$label: XSTR("Civilians", 4937)
+id: 5
$hlight: 1
$mirror: 0
$multi_text
$end_multi_text
$end_icon
$end_stage
$start_stage
$multi_text
 XSTR("The evacuating ships will proceed to a warp-out point at a safe distance from the $f Jackson, where they will depart. Vessels that required immediate attention - specifically the $f Yolande medical frigate, which carried multiple injured personnel, but also a number of transports that had taken severe damage in firefights with the $r NTF - have already begun moving, but the other ships will have to wait. Hopefully, they won't be so impatient as to attempt to muscle in and throw the entire operation into chaos.

Your task will be to fly patrol around the station and oversee the evacuation. Should the $r NTF suddenly appear, it will be up to you to defend the transports from the enemy. Remember - they will have absolutely no qualms about attacking civilian craft. Ensure that you do not hesistate in turn.", 4938)
$end_multi_text
$voice: FOEP_M7_B03.ogg
$camera_pos: -95.884132, 85.188759, 3611.634521
$camera_orient:
	-0.999999, 0.000001, 0.001146,
	-0.001146, -0.000399, -0.999999,
	-0.000001, -1.000000, 0.000399
$camera_time: 500
$num_lines: 0
$num_icons: 6
$Flags: 0
$Formula: ( true ) 
$start_icon
$type: 4
$team: Friendly
$class: GTSC Faustus
$pos: -94.998520, 0.000000, 3507.141846
$label: XSTR("Jackson", 4701)
+id: 1
$hlight: 0
$mirror: 0
$multi_text
$end_multi_text
$end_icon
$start_icon
$type: 18
$team: Friendly
$class: GTC Leviathan
$pos: -95.285332, -0.000006, 3532.309082
$label: XSTR("Providence", 4561)
+id: 2
$hlight: 0
$mirror: 0
$multi_text
$end_multi_text
$end_icon
$start_icon
$type: 6
$team: Friendly
$class: GTD Hecate
$pos: -195.970642, -0.000002, 3518.088135
$label: XSTR("Disciple", 4874)
+id: 3
$hlight: 0
$mirror: 0
$multi_text
$end_multi_text
$end_icon
$start_icon
$type: 27
$team: Friendly
$class: GTT Argo
$pos: -116.868210, -0.000002, 3611.692627
$label: XSTR("Civilians", 4937)
+id: 4
$hlight: 0
$mirror: 0
$multi_text
$end_multi_text
$end_icon
$start_icon
$type: 13
$team: Friendly
$class: GTFR Triton
$pos: -71.005089, -0.000001, 3611.796875
$label: XSTR("Civilians", 4937)
+id: 5
$hlight: 0
$mirror: 0
$multi_text
$end_multi_text
$end_icon
$start_icon
$type: 9
$team: Friendly
$class: GTNB Pharos
$pos: -95.092247, -0.000003, 3619.497803
$label: XSTR("EVAC Point", 4939)
+id: 6
$hlight: 1
$mirror: 0
$multi_text
$end_multi_text
$end_icon
$end_stage
$end_briefing

#Debriefing_info

$Num stages: 1

$Formula: ( true ) 
$Multi text
    XSTR("Welcome back to the Disciple, pilot. You were cut off from the rest of the fleet, surrounded on all sides by the NTF, and even suffered a rebellion amongst your own ranks too - but ultimately you won through. Captain Peters has also informed me that you were the pilot who originally re-established contact with us in the first place. That's some good work you did there, kid.

Admiral Wilson'll brief the refugees from the Jackson - that is, you and your wing - tomorrow morning. Until then, put your feet up... you deserve it.", 4940)
$end_multi_text
$Voice: FOEP_M7_DB01.ogg
$Recommendation text:
    XSTR("", 3307)
$end_multi_text


#Players		;! 1 total

$Starting Shipname: Alpha 1
$Ship Choices: (
)

+Weaponry Pool: (
	"Subach HL-7"	19
	"Prometheus R"	19
	"Rockeye"	15
	"Tempest"	480
	"Tornado"	48
)

#Objects		;! 53 total

$Name: Alpha 1		;! Object #0
$Display Name: XSTR("Alpha 1", 4570)
$Class: GTF Myrmidon
$Team: Friendly
$Location: -733.333191, -123.657303, 504.846710
$Orientation:
	0.050775, 0.000000, -0.998710,
	0.000000, 1.000000, 0.000000,
	0.998710, 0.000000, 0.050775
$AI Behavior: Stay Near
$Cargo 1:  XSTR("Nothing", 4571)
+Initial Hull: 100
+Subsystem: Pilot
$Arrival Location: Hyperspace
$Arrival Cue: ( false ) 
$Departure Location: Hyperspace
$Departure Cue: ( false ) 
$Determination: 10
+Flags: ( "cargo-known" "player-start" )
+Flags2: ( )
+Respawn priority: 0
+Orders Accepted: 33023		;! note that this is a bitfield!!!
+Group: 0
+Score: 8

$Name: Jackson		;! Object #1
$Display Name: XSTR("Jackson", 4701)
$Class: GTSC Faustus
$Team: Friendly
$Location: -503.307373, 0.000011, 508.822144
$Orientation:
	0.000796, 0.000000, -1.000000,
	0.000000, 1.000000, 0.000000,
	1.000000, 0.000000, 0.000796
$AI Behavior: None
$AI Goals: ( goals ( ai-play-dead 50 ) )
$Cargo 1:  XSTR("Nothing", 4571)
+Initial Velocity: 33
+Initial Hull: 100
+Initial Shields: 100
+Subsystem: Pilot
+Subsystem: turret01
+Subsystem: turret02
+Subsystem: turret03
+Subsystem: turret04
+Subsystem: turret05
+Subsystem: turret06
$Arrival Location: Hyperspace
$Arrival Cue: ( true ) 
$Departure Location: Hyperspace
$Departure Cue: ( false ) 
$Determination: 10
+Flags: ( "cargo-known" "no-shields" )
+Flags2: ( )
+Respawn priority: 0
+Orders Accepted: 0		;! note that this is a bitfield!!!
+Group: 0
+Use Table Score:
+Score: 50

$Name: TC-TRI 42		;! Object #2
$Display Name: XSTR("TC-TRI 42", 4941)
$Class: TC-TRI
$Team: Friendly
$Location: 500.733429, 0.000092, 403.237396
$Orientation:
	-0.019203, 0.000000, 0.999816,
	0.000000, 1.000000, 0.000000,
	-0.999816, 0.000000, -0.019203
$AI Behavior: None
$Cargo 1:  XSTR("Nothing", 4571)
+Initial Velocity: 33
+Initial Hull: 100
+Initial Shields: 100
+Subsystem: Pilot
$Arrival Location: Hyperspace
$Arrival Cue: ( true ) 
$Departure Location: Hyperspace
$Departure Cue: ( false ) 
$Determination: 10
+Flags: ( "cargo-known" "no-shields" )
+Flags2: ( )
+Respawn priority: 0
+Group: 0
+Use Table Score:
+Score: 0

$Name: TC-TRI 43		;! Object #3
$Display Name: XSTR("TC-TRI 43", 4942)
$Class: TC-TRI
$Team: Friendly
$Location: 499.475372, 0.000156, 603.405212
$Orientation:
	0.020795, 0.000000, 0.999784,
	0.000000, 1.000000, 0.000000,
	-0.999784, 0.000000, 0.020795
$AI Behavior: None
$Cargo 1:  XSTR("Nothing", 4571)
+Initial Velocity: 33
+Initial Hull: 100
+Initial Shields: 100
+Subsystem: Pilot
$Arrival Location: Hyperspace
$Arrival Cue: ( true ) 
$Departure Location: Hyperspace
$Departure Cue: ( false ) 
$Determination: 10
+Flags: ( "cargo-known" "no-shields" )
+Flags2: ( )
+Respawn priority: 0
+Group: 0
+Use Table Score:
+Score: 0

$Name: Beryl		;! Object #4
$Display Name: XSTR("Beryl", 4943)
$Class: GTT Elysium
$Team: Friendly
$Location: -331.645020, 417.425201, 832.184875
$Orientation:
	0.907968, 0.000000, -0.419041,
	-0.418898, -0.026165, -0.907657,
	-0.010964, 0.999658, -0.023757
$AI Behavior: None
$Cargo 1:  XSTR("Refugees", 4944)
+Initial Velocity: 33
+Initial Hull: 100
+Initial Shields: 100
+Subsystem: Pilot
+Subsystem: turret01
$Arrival Location: Hyperspace
$Arrival Cue: ( true ) 
$Departure Location: Hyperspace
$Departure Cue: ( false ) 
$Determination: 10
+Flags: ( "cargo-known" "no-shields" )
+Flags2: ( )
+Respawn priority: 0
+Orders Accepted: 0		;! note that this is a bitfield!!!
+Group: 0
+Use Table Score:
+Score: 10

$Name: Providence		;! Object #5
$Display Name: XSTR("Providence", 4561)
$Class: GTC Leviathan
$Team: Friendly
$Location: -421.666748, 416.781433, 822.798279
$Orientation:
	-0.419041, -0.000000, -0.907968,
	0.000000, 1.000000, -0.000000,
	0.907968, 0.000000, -0.419041
$AI Behavior: None
$Cargo 1:  XSTR("Nothing", 4571)
+Initial Velocity: 33
+Initial Hull: 100
+Initial Shields: 100
+Subsystem: Pilot
+Subsystem: turret01
+Subsystem: turret02
+Subsystem: turret03
+Subsystem: turret04
+Subsystem: turret05
+Subsystem: turret06
+Subsystem: turret07
+Subsystem: turret08
+Subsystem: turret09a-01-main
$Arrival Location: Hyperspace
$Arrival Cue: ( false ) 
$Departure Location: Hyperspace
$Departure Cue: ( is-event-true-delay "RunAway!" 6 ) 
$Determination: 10
+Flags: ( "cargo-known" "protect-ship" "no-shields" )
+Flags2: ( )
+Respawn priority: 0
+Docked With: Beryl
$Docker Point: topside docking
$Dockee Point: Docking bay 1
+Orders Accepted: 0		;! note that this is a bitfield!!!
+Group: 0
+Use Table Score:
+Score: 200

$Name: Impunity		;! Object #6
$Display Name: XSTR("Impunity", 4784)
$Class: GTC Fenris
$Team: Friendly
$Location: 298.238861, 298.957886, 497.325439
$Orientation:
	-0.961495, 0.000000, -0.274825,
	0.000000, 1.000000, 0.000000,
	0.274825, 0.000000, -0.961495
$AI Behavior: None
$Cargo 1:  XSTR("Nothing", 4571)
+Initial Velocity: 33
+Initial Hull: 100
+Initial Shields: 100
+Subsystem: Pilot
+Subsystem: turret01
+Subsystem: turret02
+Subsystem: turret03
+Subsystem: turret04
+Subsystem: turret05
+Subsystem: turret06
+Subsystem: turret07
+Subsystem: turret08
+Subsystem: turret09a-01-main
$Arrival Location: Hyperspace
$Arrival Cue: ( true ) 
$Departure Location: Hyperspace
$Departure Cue: ( has-time-elapsed 5 ) 
$Determination: 10
+Flags: ( "cargo-known" "no-shields" )
+Flags2: ( )
+Respawn priority: 0
+Orders Accepted: 0		;! note that this is a bitfield!!!
+Group: 0
+Use Table Score:
+Score: 100

$Name: Hacienda		;! Object #7
$Display Name: XSTR("Hacienda", 4945)
$Class: GTC Leviathan
$Team: Friendly
$Location: 107.826851, -638.180481, 1910.229736
$Orientation:
	-0.995808, 0.000000, -0.091465,
	0.000000, 1.000000, 0.000000,
	0.091465, 0.000000, -0.995808
$AI Behavior: Stay Near
$Cargo 1:  XSTR("Nothing", 4571)
+Initial Hull: 100
+Initial Shields: 100
+Subsystem: Pilot
+Subsystem: turret01
+Subsystem: turret02
+Subsystem: turret03
+Subsystem: turret04
+Subsystem: turret05
+Subsystem: turret06
+Subsystem: turret07
+Subsystem: turret08
+Subsystem: turret09a-01-main
$Arrival Location: Hyperspace
$Arrival Cue: ( true ) 
$Departure Location: Hyperspace
$Departure Cue: ( or 
   ( < 
      ( distance "HacW:1" "Hacienda" ) 
      5 
   )
   ( destroyed-or-departed-delay 
      4 
      "Wisden" 
      "Isaac" 
      "Haley" 
      "Kelly" 
      "Greenberg" 
   )
)
$Determination: 10
+Flags: ( "cargo-known" "no-shields" )
+Flags2: ( )
+Respawn priority: 0
+Orders Accepted: 0		;! note that this is a bitfield!!!
+Group: 0
+Score: 100

$Name: Campbell		;! Object #8
$Display Name: XSTR("Campbell", 4946)
$Class: GTC Leviathan
$Team: Friendly
$Location: -240.842209, -719.724182, 1794.417969
$Orientation:
	-0.993780, 0.000000, -0.111361,
	0.000000, 1.000000, 0.000000,
	0.111361, 0.000000, -0.993780
$AI Behavior: None
$Cargo 1:  XSTR("Nothing", 4571)
+Initial Velocity: 33
+Initial Hull: 100
+Initial Shields: 100
+Subsystem: Pilot
+Subsystem: turret01
+Subsystem: turret02
+Subsystem: turret03
+Primary Banks: ( "Terran Turret" )
+Subsystem: turret04
+Primary Banks: ( "Terran Turret" )
+Subsystem: turret05
+Primary Banks: ( "Terran Turret" )
+Subsystem: turret06
+Primary Banks: ( "Terran Turret" )
+Subsystem: turret07
+Subsystem: turret08
+Subsystem: turret09a-01-main
$Arrival Location: Hyperspace
$Arrival Cue: ( true ) 
$Departure Location: Hyperspace
$Departure Cue: ( false ) 
$Determination: 10
+Flags: ( "cargo-known" "protect-ship" "no-shields" )
+Flags2: ( )
+Respawn priority: 0
+Orders Accepted: 0		;! note that this is a bitfield!!!
+Group: 0
+Use Table Score:
+Score: 200

$Name: Wisden		;! Object #9
$Display Name: XSTR("Wisden", 4947)
$Class: GTT Argo
$Team: Friendly
$Location: -504.078949, 135.635254, 1397.329224
$Orientation:
	-0.820560, 0.000000, -0.571561,
	0.000000, 1.000000, 0.000000,
	0.571561, 0.000000, -0.820560
$AI Behavior: None
$Cargo 1:  XSTR("Refugees", 4944)
+Initial Velocity: 33
+Initial Hull: 100
+Initial Shields: 100
+Subsystem: Pilot
+Subsystem: turret01
+Subsystem: turret02
$Arrival Location: Hyperspace
$Arrival Cue: ( true ) 
$Departure Location: Hyperspace
$Departure Cue: ( < ( distance "WisW:1" "Wisden" ) 5 ) 
$Determination: 10
+Flags: ( "cargo-known" "no-shields" )
+Flags2: ( )
+Respawn priority: 0
+Orders Accepted: 0		;! note that this is a bitfield!!!
+Group: 0
+Use Table Score:
+Score: 40

$Name: Farrell		;! Object #10
$Display Name: XSTR("Farrell", 4948)
$Class: GTT Argo
$Team: Friendly
$Location: -412.263916, 236.344009, 1621.618774
$Orientation:
	-0.803046, 0.000000, -0.595917,
	0.000000, 1.000000, 0.000000,
	0.595917, 0.000000, -0.803046
$AI Behavior: None
$Cargo 1:  XSTR("Refugees", 4944)
+Initial Velocity: 33
+Initial Hull: 100
+Initial Shields: 100
+Subsystem: Pilot
+Subsystem: turret01
+Subsystem: turret02
$Arrival Location: Hyperspace
$Arrival Cue: ( true ) 
$Departure Location: Hyperspace
$Departure Cue: ( false ) 
$Determination: 10
+Flags: ( "cargo-known" "protect-ship" "no-shields" )
+Flags2: ( )
+Respawn priority: 0
+Orders Accepted: 0		;! note that this is a bitfield!!!
+Group: 0
+Use Table Score:
+Score: 40

$Name: Juno		;! Object #11
$Display Name: XSTR("Juno", 4949)
$Class: GTFR Triton

$Team: Friendly
$Location: 498.005219, 108.966583, 1614.920166
$Orientation:
	-0.975549, 0.000000, 0.219784,
	0.000000, 1.000000, 0.000000,
	-0.219784, 0.000000, -0.975549
$AI Behavior: None
$Cargo 1:  XSTR("Nothing", 4571)
+Initial Velocity: 33
+Initial Hull: 100
+Initial Shields: 100
+Subsystem: Pilot
+Subsystem: turret01
+Subsystem: turret02
$Arrival Location: Hyperspace
$Arrival Cue: ( true ) 
$Departure Location: Hyperspace
$Departure Cue: ( false ) 
$Determination: 10
+Flags: ( "cargo-known" "protect-ship" "no-shields" )
+Flags2: ( )
+Respawn priority: 0
+Orders Accepted: 0		;! note that this is a bitfield!!!
+Group: 0
+Use Table Score:
+Score: 20

$Name: Isaac		;! Object #12
$Display Name: XSTR("Isaac", 4950)
$Class: GTFR Triton

$Team: Friendly
$Location: 773.109070, 114.829597, 1566.191528
$Orientation:
	-0.977698, 0.000000, 0.210017,
	0.000000, 1.000000, 0.000000,
	-0.210017, 0.000000, -0.977698
$AI Behavior: None
$Cargo 1:  XSTR("Nothing", 4571)
+Initial Velocity: 33
+Initial Hull: 100
+Initial Shields: 100
+Subsystem: Pilot
+Subsystem: turret01
+Subsystem: turret02
$Arrival Location: Hyperspace
$Arrival Cue: ( true ) 
$Departure Location: Hyperspace
$Departure Cue: ( < ( distance "Isaac" "IsaW:1" ) 5 ) 
$Determination: 10
+Flags: ( "cargo-known" "no-shields" )
+Flags2: ( )
+Respawn priority: 0
+Orders Accepted: 0		;! note that this is a bitfield!!!
+Group: 0
+Use Table Score:
+Score: 20

$Name: Alpha 2		;! Object #13
$Display Name: XSTR("Alpha 2", 4572)
$Class: GTF Myrmidon
$Team: Friendly
$Location: -837.829407, -123.656242, 600.874023
$Orientation:
	0.050775, 0.000000, -0.998710,
	0.000000, 1.000000, 0.000000,
	0.998710, 0.000000, 0.050775
$AI Behavior: None
$Cargo 1:  XSTR("Nothing", 4571)
+Initial Velocity: 33
+Initial Hull: 100
+Subsystem: Pilot
$Arrival Location: Hyperspace
$Arrival Cue: ( false ) 
$Departure Location: Hyperspace
$Departure Cue: ( false ) 
$Determination: 10
+Flags: ( "cargo-known" )
+Flags2: ( )
+Respawn priority: 0
+Orders Accepted: 33023		;! note that this is a bitfield!!!
+Group: 0
+Use Table Score:
+Score: 10

$Name: Alpha 3		;! Object #14
$Display Name: XSTR("Alpha 3", 4573)
$Class: GTF Myrmidon
$Team: Friendly
$Location: -827.679382, -123.656242, 399.989075
$Orientation:
	0.050775, 0.000000, -0.998710,
	0.000000, 1.000000, 0.000000,
	0.998710, 0.000000, 0.050775
$AI Behavior: None
$Cargo 1:  XSTR("Nothing", 4571)
+Initial Velocity: 33
+Initial Hull: 100
+Subsystem: Pilot
$Arrival Location: Hyperspace
$Arrival Cue: ( false ) 
$Departure Location: Hyperspace
$Departure Cue: ( false ) 
$Determination: 10
+Flags: ( "cargo-known" )
+Flags2: ( )
+Respawn priority: 0
+Orders Accepted: 33023		;! note that this is a bitfield!!!
+Group: 0
+Use Table Score:
+Score: 10

$Name: Stern		;! Object #15
$Display Name: XSTR("Stern", 4951)
$Class: GTC Fenris
$Team: Friendly
$Location: 601.576172, -321.276886, 1295.804810
$Orientation:
	-0.323290, 0.000000, 0.946300,
	0.000000, 1.000000, 0.000000,
	-0.946300, 0.000000, -0.323290
$AI Behavior: None
$Cargo 1:  XSTR("Nothing", 4571)
+Initial Velocity: 33
+Initial Hull: 100
+Initial Shields: 100
+Subsystem: Pilot
+Subsystem: turret01
+Subsystem: turret02
+Subsystem: turret03
+Subsystem: turret04
+Subsystem: turret05
+Subsystem: turret06
+Subsystem: turret07
+Subsystem: turret08
+Subsystem: turret09a-01-main
$Arrival Location: Hyperspace
$Arrival Cue: ( true ) 
$Departure Location: Hyperspace
$Departure Cue: ( false ) 
$Determination: 10
+Flags: ( "cargo-known" "protect-ship" "no-shields" )
+Flags2: ( )
+Respawn priority: 0
+Orders Accepted: 0		;! note that this is a bitfield!!!
+Group: 0
+Use Table Score:
+Score: 100

$Name: Haley		;! Object #16
$Display Name: XSTR("Haley", 4952)
$Class: GTT Elysium
$Team: Friendly
$Location: 699.559875, 600.320984, 1897.832031
$Orientation:
	-0.931750, 0.000000, 0.363100,
	0.000000, 1.000000, 0.000000,
	-0.363100, 0.000000, -0.931750
$AI Behavior: None
$Cargo 1:  XSTR("Refugees", 4944)
+Initial Velocity: 33
+Initial Hull: 100
+Initial Shields: 100
+Subsystem: Pilot
+Subsystem: turret01
$Arrival Location: Hyperspace
$Arrival Cue: ( true ) 
$Departure Location: Hyperspace
$Departure Cue: ( < ( distance "HalW:3" "Haley" ) 5 ) 
$Determination: 10
+Flags: ( "cargo-known" "no-shields" )
+Flags2: ( )
+Respawn priority: 0
+Orders Accepted: 0		;! note that this is a bitfield!!!
+Group: 0
+Use Table Score:
+Score: 10

$Name: Kelly		;! Object #17
$Display Name: XSTR("Kelly", 4953)
$Class: GTT Elysium
$Team: Friendly
$Location: 636.611511, 600.321106, 2127.685303
$Orientation:
	-0.931750, 0.000000, 0.363100,
	0.000000, 1.000000, 0.000000,
	-0.363100, 0.000000, -0.931750
$AI Behavior: None
$Cargo 1:  XSTR("Refugees", 4944)
+Initial Velocity: 33
+Initial Hull: 100
+Initial Shields: 100
+Subsystem: Pilot
+Subsystem: turret01
$Arrival Location: Hyperspace
$Arrival Cue: ( true ) 
$Departure Location: Hyperspace
$Departure Cue: ( < ( distance "KelW:1" "Kelly" ) 5 ) 
$Determination: 10
+Flags: ( "cargo-known" "no-shields" )
+Flags2: ( )
+Respawn priority: 0
+Orders Accepted: 0		;! note that this is a bitfield!!!
+Group: 0
+Use Table Score:
+Score: 10

$Name: Refute		;! Object #18
$Display Name: XSTR("Refute", 4954)
$Class: GTC Fenris

$Team: Hostile
$Location: -541.821899, 1588.049561, 3242.806396
$Orientation:
	-0.201834, -0.363527, -0.909457,
	0.131246, 0.910153, -0.392932,
	0.970586, -0.198669, -0.135989
$AI Behavior: Stay Near
$Cargo 1:  XSTR("Nothing", 4571)
+Initial Hull: 100
+Initial Shields: 100
+Subsystem: Pilot
+Subsystem: turret01
+Subsystem: turret02
+Subsystem: turret03
+Subsystem: turret04
+Subsystem: turret05
+Subsystem: turret06
+Subsystem: turret07
+Subsystem: turret08
+Subsystem: turret09a-01-main
$Arrival Location: Hyperspace
$Arrival Cue: ( is-event-true-delay "Convoy" 23 ) 
$Departure Location: Hyperspace
$Departure Cue: ( or 
   ( < ( hits-left "Refute" ) 35 ) 
   ( is-event-true-delay "Neep" 22 ) 
)
$Determination: 10
+Flags: ( "cargo-known" "protect-ship" "no-shields" )
+Flags2: ( )
+Respawn priority: 0
+Orders Accepted: 0		;! note that this is a bitfield!!!
+Group: 0
+Score: 200
$Texture Replace:
+old: nameplate
+new: ntc_refute
+old: fenrismain
+new: ntffenris

$Name: Libra 1		;! Object #19
$Display Name: XSTR("Libra 1", 4591)
$Class: GTF Loki

$Team: Hostile
$Location: -400.246552, 1755.490112, 3602.299316
$Orientation:
	-0.588501, 0.000000, -0.808497,
	0.000000, 1.000000, 0.000000,
	0.808497, 0.000000, -0.588501
$AI Behavior: None
$Cargo 1:  XSTR("Nothing", 4571)
+Initial Velocity: 33
+Initial Hull: 100
+Subsystem: Pilot
$Arrival Location: Hyperspace
$Arrival Cue: ( false ) 
$Departure Location: Hyperspace
$Departure Cue: ( false ) 
$Determination: 10
+Flags: ( "cargo-known" "protect-ship" )
+Flags2: ( )
+Respawn priority: 0
+Group: 0
+Use Table Score:
+Score: 7

$Name: Libra 2		;! Object #20
$Display Name: XSTR("Libra 2", 4592)
$Class: GTF Loki

$Team: Hostile
$Location: -425.394928, 1755.490112, 3741.995361
$Orientation:
	-0.588501, 0.000000, -0.808496,
	0.000000, 1.000000, 0.000000,
	0.808496, 0.000000, -0.588501
$AI Behavior: None
$Cargo 1:  XSTR("Nothing", 4571)
+Initial Velocity: 33
+Initial Hull: 100
+Subsystem: Pilot
$Arrival Location: Hyperspace
$Arrival Cue: ( false ) 
$Departure Location: Hyperspace
$Departure Cue: ( false ) 
$Determination: 10
+Flags: ( "cargo-known" "protect-ship" )
+Flags2: ( )
+Respawn priority: 0
+Group: 0
+Use Table Score:
+Score: 7

$Name: Libra 3		;! Object #21
$Display Name: XSTR("Libra 3", 4593)
$Class: GTF Loki

$Team: Hostile
$Location: -541.704773, 1755.490112, 3582.251953
$Orientation:
	-0.588501, 0.000000, -0.808496,
	0.000000, 1.000000, 0.000000,
	0.808496, 0.000000, -0.588501
$AI Behavior: None
$Cargo 1:  XSTR("Nothing", 4571)
+Initial Velocity: 33
+Initial Hull: 100
+Subsystem: Pilot
$Arrival Location: Hyperspace
$Arrival Cue: ( false ) 
$Departure Location: Hyperspace
$Departure Cue: ( false ) 
$Determination: 10
+Flags: ( "cargo-known" "protect-ship" )
+Flags2: ( )
+Respawn priority: 0
+Group: 0
+Use Table Score:
+Score: 7

$Name: Theta 1		;! Object #22
$Display Name: XSTR("Theta 1", 4787)
$Class: GTF Ulysses
$Team: Friendly
$Location: -503.245117, -734.302063, 1800.403442
$Orientation:
	-0.362297, -0.931906, 0.017118,
	-0.867631, 0.330485, -0.371479,
	0.340526, -0.149438, -0.928283
$AI Behavior: None
$Cargo 1:  XSTR("Nothing", 4571)
+Initial Velocity: 33
+Initial Hull: 100
+Subsystem: Pilot
$Arrival Location: Hyperspace
$Arrival Cue: ( false ) 
$Departure Location: Hyperspace
$Departure Cue: ( false ) 
$Determination: 10
+Flags: ( "cargo-known" )
+Flags2: ( )
+Respawn priority: 0
+Orders Accepted: 0		;! note that this is a bitfield!!!
+Group: 0
+Use Table Score:
+Score: 8

$Name: Theta 2		;! Object #23
$Display Name: XSTR("Theta 2", 4788)
$Class: GTF Ulysses
$Team: Friendly
$Location: -573.750000, -814.714844, 1893.535522
$Orientation:
	-0.362297, -0.931906, 0.017118,
	-0.867631, 0.330485, -0.371479,
	0.340526, -0.149438, -0.928284
$AI Behavior: None
$Cargo 1:  XSTR("Nothing", 4571)
+Initial Velocity: 33
+Initial Hull: 100
+Subsystem: Pilot
$Arrival Location: Hyperspace
$Arrival Cue: ( false ) 
$Departure Location: Hyperspace
$Departure Cue: ( false ) 
$Determination: 10
+Flags: ( "cargo-known" )
+Flags2: ( )
+Respawn priority: 0
+Orders Accepted: 0		;! note that this is a bitfield!!!
+Group: 0
+Use Table Score:
+Score: 8

$Name: Theta 3		;! Object #24
$Display Name: XSTR("Theta 3", 4789)
$Class: GTF Ulysses
$Team: Friendly
$Location: -500.631165, -627.069580, 1889.697632
$Orientation:
	-0.362297, -0.931906, 0.017118,
	-0.867631, 0.330485, -0.371479,
	0.340526, -0.149438, -0.928284
$AI Behavior: None
$Cargo 1:  XSTR("Nothing", 4571)
+Initial Velocity: 33
+Initial Hull: 100
+Subsystem: Pilot
$Arrival Location: Hyperspace
$Arrival Cue: ( false ) 
$Departure Location: Hyperspace
$Departure Cue: ( false ) 
$Determination: 10
+Flags: ( "cargo-known" )
+Flags2: ( )
+Respawn priority: 0
+Orders Accepted: 0		;! note that this is a bitfield!!!
+Group: 0
+Use Table Score:
+Score: 8

$Name: Kappa 1		;! Object #25
$Display Name: XSTR("Kappa 1", 4955)
$Class: GTF Hercules Mark II
$Team: Friendly
$Location: 598.747070, -349.565216, 1099.356934
$Orientation:
	-0.477697, -0.434966, 0.763289,
	-0.230754, 0.900447, 0.368711,
	-0.847678, 0.000000, -0.530511
$AI Behavior: None
$Cargo 1:  XSTR("Nothing", 4571)
+Initial Velocity: 33
+Initial Hull: 100
+Subsystem: Pilot
$Arrival Location: Hyperspace
$Arrival Cue: ( false ) 
$Departure Location: Hyperspace
$Departure Cue: ( false ) 
$Determination: 10
+Flags: ( "cargo-known" "protect-ship" )
+Flags2: ( )
+Respawn priority: 0
+Orders Accepted: 0		;! note that this is a bitfield!!!
+Group: 0
+Use Table Score:
+Score: 12

$Name: Kappa 2		;! Object #26
$Display Name: XSTR("Kappa 2", 4956)
$Class: GTF Hercules Mark II
$Team: Friendly
$Location: 636.149780, -392.561676, 1227.768921
$Orientation:
	-0.477697, -0.434966, 0.763289,
	-0.230754, 0.900447, 0.368711,
	-0.847678, 0.000000, -0.530511
$AI Behavior: None
$Cargo 1:  XSTR("Nothing", 4571)
+Initial Velocity: 33
+Initial Hull: 100
+Subsystem: Pilot
$Arrival Location: Hyperspace
$Arrival Cue: ( false ) 
$Departure Location: Hyperspace
$Departure Cue: ( false ) 
$Determination: 10
+Flags: ( "cargo-known" "protect-ship" )
+Flags2: ( )
+Respawn priority: 0
+Orders Accepted: 0		;! note that this is a bitfield!!!
+Group: 0
+Use Table Score:
+Score: 12

$Name: Kappa 3		;! Object #27
$Display Name: XSTR("Kappa 3", 4957)
$Class: GTF Hercules Mark II
$Team: Friendly
$Location: 732.573364, -305.201569, 1074.768188
$Orientation:
	-0.477697, -0.434966, 0.763289,
	-0.230754, 0.900447, 0.368711,
	-0.847678, 0.000000, -0.530511
$AI Behavior: None
$Cargo 1:  XSTR("Nothing", 4571)
+Initial Velocity: 33
+Initial Hull: 100
+Subsystem: Pilot
$Arrival Location: Hyperspace
$Arrival Cue: ( false ) 
$Departure Location: Hyperspace
$Departure Cue: ( false ) 
$Determination: 10
+Flags: ( "cargo-known" "protect-ship" )
+Flags2: ( )
+Respawn priority: 0
+Orders Accepted: 0		;! note that this is a bitfield!!!
+Group: 0
+Use Table Score:
+Score: 12

$Name: Aquarius 1		;! Object #28
$Display Name: XSTR("Aquarius 1", 4588)
$Class: GTB Zeus

$Team: Hostile
$Location: -1897.958008, 0.000551, 3202.504395
$Orientation:
	1.000000, 0.000000, 0.000000,
	0.000000, 1.000000, 0.000000,
	0.000000, 0.000000, 1.000000
$AI Behavior: None
$Cargo 1:  XSTR("Nothing", 4571)
+Initial Velocity: 33
+Initial Hull: 100
+Subsystem: Pilot
$Arrival Location: Hyperspace
$Arrival Cue: ( false ) 
$Departure Location: Hyperspace
$Departure Cue: ( false ) 
$Determination: 10
+Flags: ( "cargo-known" )
+Flags2: ( )
+Respawn priority: 0
+Group: 0
+Use Table Score:
+Score: 10

$Name: Aquarius 2		;! Object #29
$Display Name: XSTR("Aquarius 2", 4589)
$Class: GTB Zeus

$Team: Hostile
$Location: -1998.720093, 0.000553, 3096.578857
$Orientation:
	1.000000, 0.000000, 0.000000,
	0.000000, 1.000000, 0.000000,
	0.000000, 0.000000, 1.000000
$AI Behavior: None
$Cargo 1:  XSTR("Nothing", 4571)
+Initial Velocity: 33
+Initial Hull: 100
+Subsystem: Pilot
$Arrival Location: Hyperspace
$Arrival Cue: ( false ) 
$Departure Location: Hyperspace
$Departure Cue: ( false ) 
$Determination: 10
+Flags: ( "cargo-known" )
+Flags2: ( )
+Respawn priority: 0
+Group: 0
+Use Table Score:
+Score: 10

$Name: Aquarius 3		;! Object #30
$Display Name: XSTR("Aquarius 3", 4590)
$Class: GTB Zeus

$Team: Hostile
$Location: -1802.756104, 0.000614, 3098.647705
$Orientation:
	1.000000, 0.000000, 0.000000,
	0.000000, 1.000000, 0.000000,
	0.000000, 0.000000, 1.000000
$AI Behavior: None
$Cargo 1:  XSTR("Nothing", 4571)
+Initial Velocity: 33
+Initial Hull: 100
+Subsystem: Pilot
$Arrival Location: Hyperspace
$Arrival Cue: ( false ) 
$Departure Location: Hyperspace
$Departure Cue: ( false ) 
$Determination: 10
+Flags: ( "cargo-known" )
+Flags2: ( )
+Respawn priority: 0
+Group: 0
+Use Table Score:
+Score: 10

$Name: Taurus 1		;! Object #31
$Display Name: XSTR("Taurus 1", 4582)
$Class: GTF Hercules

$Team: Hostile
$Location: -1499.052246, 0.000654, 3203.462402
$Orientation:
	1.000000, 0.000000, 0.000000,
	0.000000, 1.000000, 0.000000,
	0.000000, 0.000000, 1.000000
$AI Behavior: None
$Cargo 1:  XSTR("Nothing", 4571)
+Initial Velocity: 33
+Initial Hull: 100
+Subsystem: Pilot
$Arrival Location: Hyperspace
$Arrival Cue: ( false ) 
$Departure Location: Hyperspace
$Departure Cue: ( false ) 
$Determination: 10
+Flags: ( "cargo-known" )
+Flags2: ( )
+Respawn priority: 0
+Group: 0
+Use Table Score:
+Score: 10

$Name: Taurus 2		;! Object #32
$Display Name: XSTR("Taurus 2", 4583)
$Class: GTF Hercules

$Team: Hostile
$Location: -1603.494141, 0.000572, 3104.989990
$Orientation:
	1.000000, 0.000000, 0.000000,
	0.000000, 1.000000, 0.000000,
	0.000000, 0.000000, 1.000000
$AI Behavior: None
$Cargo 1:  XSTR("Nothing", 4571)
+Initial Velocity: 33
+Initial Hull: 100
+Subsystem: Pilot
$Arrival Location: Hyperspace
$Arrival Cue: ( false ) 
$Departure Location: Hyperspace
$Departure Cue: ( false ) 
$Determination: 10
+Flags: ( "cargo-known" )
+Flags2: ( )
+Respawn priority: 0
+Group: 0
+Use Table Score:
+Score: 10

$Name: Taurus 3		;! Object #33
$Display Name: XSTR("Taurus 3", 4584)
$Class: GTF Hercules

$Team: Hostile
$Location: -1403.132446, 0.000583, 3102.423340
$Orientation:
	1.000000, 0.000000, 0.000000,
	0.000000, 1.000000, 0.000000,
	0.000000, 0.000000, 1.000000
$AI Behavior: None
$Cargo 1:  XSTR("Nothing", 4571)
+Initial Velocity: 33
+Initial Hull: 100
+Subsystem: Pilot
$Arrival Location: Hyperspace
$Arrival Cue: ( false ) 
$Departure Location: Hyperspace
$Departure Cue: ( false ) 
$Determination: 10
+Flags: ( "cargo-known" )
+Flags2: ( )
+Respawn priority: 0
+Group: 0
+Use Table Score:
+Score: 10

$Name: Gemini 1		;! Object #34
$Display Name: XSTR("Gemini 1", 4604)
$Class: GTF Hercules

$Team: Hostile
$Location: -1601.481689, 0.000593, 2902.078125
$Orientation:
	1.000000, 0.000000, 0.000000,
	0.000000, 1.000000, 0.000000,
	0.000000, 0.000000, 1.000000
$AI Behavior: None
$Cargo 1:  XSTR("Nothing", 4571)
+Initial Velocity: 33
+Initial Hull: 100
+Subsystem: Pilot
$Arrival Location: Hyperspace
$Arrival Cue: ( false ) 
$Departure Location: Hyperspace
$Departure Cue: ( false ) 
$Determination: 10
+Flags: ( "cargo-known" )
+Flags2: ( )
+Respawn priority: 0
+Group: 0
+Use Table Score:
+Score: 10

$Name: Gemini 2		;! Object #35
$Display Name: XSTR("Gemini 2", 4605)
$Class: GTF Hercules

$Team: Hostile
$Location: -1703.646118, 0.000633, 2800.690918
$Orientation:
	1.000000, 0.000000, 0.000000,
	0.000000, 1.000000, 0.000000,
	0.000000, 0.000000, 1.000000
$AI Behavior: None
$Cargo 1:  XSTR("Nothing", 4571)
+Initial Velocity: 33
+Initial Hull: 100
+Subsystem: Pilot
$Arrival Location: Hyperspace
$Arrival Cue: ( false ) 
$Departure Location: Hyperspace
$Departure Cue: ( false ) 
$Determination: 10
+Flags: ( "cargo-known" )
+Flags2: ( )
+Respawn priority: 0
+Group: 0
+Use Table Score:
+Score: 10

$Name: Gemini 3		;! Object #36
$Display Name: XSTR("Gemini 3", 4606)
$Class: GTF Hercules

$Team: Hostile
$Location: -1500.292603, 0.000604, 2800.772949
$Orientation:
	1.000000, 0.000000, 0.000000,
	0.000000, 1.000000, 0.000000,
	0.000000, 0.000000, 1.000000
$AI Behavior: None
$Cargo 1:  XSTR("Nothing", 4571)
+Initial Velocity: 33
+Initial Hull: 100
+Subsystem: Pilot
$Arrival Location: Hyperspace
$Arrival Cue: ( false ) 
$Departure Location: Hyperspace
$Departure Cue: ( false ) 
$Determination: 10
+Flags: ( "cargo-known" )
+Flags2: ( )
+Respawn priority: 0
+Group: 0
+Use Table Score:
+Score: 10

$Name: Gemini 4		;! Object #37
$Display Name: XSTR("Gemini 4", 4607)
$Class: GTF Hercules

$Team: Hostile
$Location: -1598.276001, 0.000623, 2696.792236
$Orientation:
	1.000000, 0.000000, 0.000000,
	0.000000, 1.000000, 0.000000,
	0.000000, 0.000000, 1.000000
$AI Behavior: None
$Cargo 1:  XSTR("Nothing", 4571)
+Initial Velocity: 33
+Initial Hull: 100
+Subsystem: Pilot
$Arrival Location: Hyperspace
$Arrival Cue: ( false ) 
$Departure Location: Hyperspace
$Departure Cue: ( false ) 
$Determination: 10
+Flags: ( "cargo-known" )
+Flags2: ( )
+Respawn priority: 0
+Group: 0
+Use Table Score:
+Score: 10

$Name: Edmond		;! Object #38
$Display Name: XSTR("Edmond", 4958)
$Class: GTFR Poseidon

$Team: Friendly
$Location: -122.618675, -290.709229, 1670.402222
$Orientation:
	-0.986972, 0.000000, -0.160890,
	-0.000000, 1.000000, -0.000002,
	0.160890, -0.000002, -0.986972
$AI Behavior: None
$Cargo 1:  XSTR("Nothing", 4571)
+Initial Velocity: 33
+Initial Hull: 100
+Initial Shields: 100
+Subsystem: Pilot
+Subsystem: turret01
+Subsystem: turret02
+Subsystem: turret03
+Subsystem: turret04
$Arrival Location: Hyperspace
$Arrival Cue: ( true ) 
$Departure Location: Hyperspace
$Departure Cue: ( false ) 
$Determination: 10
+Flags: ( "cargo-known" "no-shields" )
+Flags2: ( )
+Respawn priority: 0
+Orders Accepted: 0		;! note that this is a bitfield!!!
+Group: 0
+Use Table Score:
+Score: 15

$Name: TC 2 44		;! Object #39
$Display Name: XSTR("TC 2 44", 4959)
$Class: TC 2
$Team: Friendly
$Location: -123.406433, -308.090668, 1675.260376
$Orientation:
	-0.986972, -0.000001, -0.160890,
	-0.000000, 1.000000, -0.000004,
	0.160890, -0.000004, -0.986972
$AI Behavior: None
$Cargo 1:  XSTR("Supplies", 4832)
+Initial Velocity: 33
+Initial Hull: 100
+Initial Shields: 100
+Subsystem: Pilot
$Arrival Location: Hyperspace
$Arrival Cue: ( false ) 
$Departure Location: Hyperspace
$Departure Cue: ( false ) 
$Determination: 10
+Flags: ( "cargo-known" "no-shields" )
+Flags2: ( )
+Respawn priority: 0
+Docked With: Edmond
$Docker Point: cargo dock
$Dockee Point: cargo dock
+Group: 0
+Use Table Score:
+Score: 0

$Name: Alfador		;! Object #40
$Display Name: XSTR("Alfador", 4960)
$Class: GTFR Poseidon

$Team: Friendly
$Location: -344.608215, -290.708832, 1678.826538
$Orientation:
	-0.986972, 0.000000, -0.160890,
	-0.000000, 1.000000, -0.000002,
	0.160890, -0.000002, -0.986972
$AI Behavior: None
$Cargo 1:  XSTR("Nothing", 4571)
+Initial Velocity: 33
+Initial Hull: 100
+Initial Shields: 100
+Subsystem: Pilot
+Subsystem: turret01
+Subsystem: turret02
+Subsystem: turret03
+Subsystem: turret04
$Arrival Location: Hyperspace
$Arrival Cue: ( true ) 
$Departure Location: Hyperspace
$Departure Cue: ( false ) 
$Determination: 10
+Flags: ( "cargo-known" "protect-ship" "no-shields" )
+Flags2: ( )
+Respawn priority: 0
+Orders Accepted: 0		;! note that this is a bitfield!!!
+Group: 0
+Use Table Score:
+Score: 15

$Name: TC 2 45		;! Object #41
$Display Name: XSTR("TC 2 45", 4961)
$Class: TC 2
$Team: Friendly
$Location: -345.395935, -308.090271, 1683.684692
$Orientation:
	-0.986972, -0.000001, -0.160890,
	-0.000000, 1.000000, -0.000004,
	0.160890, -0.000004, -0.986972
$AI Behavior: None
$Cargo 1:  XSTR("Supplies", 4832)
+Initial Velocity: 33
+Initial Hull: 100
+Initial Shields: 100
+Subsystem: Pilot
$Arrival Location: Hyperspace
$Arrival Cue: ( false ) 
$Departure Location: Hyperspace
$Departure Cue: ( false ) 
$Determination: 10
+Flags: ( "cargo-known" "protect-ship" "no-shields" )
+Flags2: ( )
+Respawn priority: 0
+Docked With: Alfador
$Docker Point: cargo dock
$Dockee Point: cargo dock
+Group: 0
+Use Table Score:
+Score: 0

$Name: Greenberg		;! Object #42
$Display Name: XSTR("Greenberg", 4962)
$Class: GTFR Poseidon

$Team: Friendly
$Location: 129.659363, -290.708862, 1741.978027
$Orientation:
	-0.986972, 0.000000, -0.160890,
	-0.000000, 1.000000, -0.000002,
	0.160890, -0.000002, -0.986972
$AI Behavior: None
$Cargo 1:  XSTR("Nothing", 4571)
+Initial Velocity: 33
+Initial Hull: 100
+Initial Shields: 100
+Subsystem: Pilot
+Subsystem: turret01
+Subsystem: turret02
+Subsystem: turret03
+Subsystem: turret04
$Arrival Location: Hyperspace
$Arrival Cue: ( true ) 
$Departure Location: Hyperspace
$Departure Cue: ( < 
   ( distance "GreenbergW:1" "Greenberg" ) 
   5 
)
$Determination: 10
+Flags: ( "cargo-known" "no-shields" )
+Flags2: ( )
+Respawn priority: 0
+Orders Accepted: 0		;! note that this is a bitfield!!!
+Group: 0
+Use Table Score:
+Score: 15

$Name: TC 2 46		;! Object #43
$Display Name: XSTR("TC 2 46", 4963)
$Class: TC 2
$Team: Friendly
$Location: 128.871582, -308.090302, 1746.836182
$Orientation:
	-0.986972, -0.000001, -0.160890,
	-0.000000, 1.000000, -0.000004,
	0.160890, -0.000004, -0.986972
$AI Behavior: None
$Cargo 1:  XSTR("Supplies", 4832)
+Initial Velocity: 33
+Initial Hull: 100
+Initial Shields: 100
+Subsystem: Pilot
$Arrival Location: Hyperspace
$Arrival Cue: ( false ) 
$Departure Location: Hyperspace
$Departure Cue: ( false ) 
$Determination: 10
+Flags: ( "cargo-known" "no-shields" )
+Flags2: ( )
+Respawn priority: 0
+Docked With: Greenberg
$Docker Point: cargo dock
$Dockee Point: cargo dock
+Group: 0
+Use Table Score:
+Score: 0

$Name: Donald		;! Object #44
$Display Name: XSTR("Donald", 4964)
$Class: GTG Zephyrus
$Team: Friendly
$Location: 35.840092, 641.012939, 597.971741
$Orientation:
	-0.985314, 0.000000, 0.170752,
	-0.022135, 0.991562, -0.127730,
	-0.169311, -0.129634, -0.977000
$AI Behavior: None
$Cargo 1:  XSTR("Nothing", 4571)
+Initial Velocity: 33
+Initial Hull: 74
+Initial Shields: 100
+Subsystem: Pilot
+Subsystem: turret01
+Subsystem: turret02
+Subsystem: turret03
+Subsystem: turret04
+Subsystem: turret05
$Arrival Location: Hyperspace
$Arrival Cue: ( true ) 
$Departure Location: Hyperspace
$Departure Cue: ( has-time-elapsed 4 ) 
$Determination: 10
+Flags: ( "cargo-known" "no-shields" )
+Flags2: ( )
+Respawn priority: 0
+Orders Accepted: 0		;! note that this is a bitfield!!!
+Group: 0
