#Mission Info

$Version: 0.10
$Name:  XSTR("A Time for Penance", 6110)
$Author: Agatheron
$Created: 11/03/99 at 23:25:39
$Modified: 10/13/13 at 14:21:23
$Notes:
Created by Agatheron, tweaked by BR five years later$End Notes:

$Mission Desc:
 XSTR("After a botched raid on what turned out to be a civilian operation, Alpha Wing must escort two research vessels to the Tau Jump Node. A pirate attack is almost certain.
", 6111)
$end_multi_text
+Game Type Flags: 1
+Flags: 8
+Fog Near Mult: 1.000000

+Fog Far Mult: 1.000000

+Disallow Support: 0
+Hull Repair Ceiling: 0.000000
+Subsystem Repair Ceiling: 100.000000

+Player Entry Delay:
2.000000

+Viewer pos: -8304.937500, 52117.691406, -8599.682617
+Viewer orient:
	0.685849, 0.000000, -0.727744,
	0.681556, 0.350580, 0.642320,
	0.255133, -0.936533, 0.240445


$Load Screen 640:	dl1.pcx
$Load Screen 1024:	2_dl1.pcx

$Skybox Model: starfield.pof

$AI Profile: FS2 RETAIL

#Sexp_variables

$Variables:
(
		0		"i18nVariable1"		"Repair Shuttle"		"string"
		1		"i18nVariable2"		"TRGF Triton"		"string"
		2		"i18nVariable3"		"MMCF Triton"		"string"
		3		"i18nVariable4"		"TRGS Research"		"string"
		4		"i18nVariable5"		"TRGC Mentu"		"string"
)

#Command Briefing

$Stage Text:
 XSTR("Command Incident Report 08$slash28$slash2372 1510

After acting out on what we thought was accurate intelligence, Alpha wing and the GTC LoneWolf led a raid on what turned out to be a civilian operation.

In the attack, the GTC LoneWolf engaged the TRGC Sai, damaging it. Fortunately we managed to stand down before an attack group of pirates arrived for the clean-up.  

Still, the Sai and the LoneWolf were damaged enough that they are now in repair.", 6112)
$end_multi_text
$Ani Filename: <default>
+Wave Filename: dl07_cb1.ogg

$Stage Text:
 XSTR("The Tepoheh Raleigh Group has launched a formal complaint along with the Morgan Mining Corporation. They're saying the GTVA is incapable of providing security in the outer territories. This is especially pressing now that we have recieved word that one million Capellan refugees are coming our way.

End of Incident Report



Alright pilot, we've got our work cut out for us. A lot of people are mad at us, but it's not our fault, and we still have a job to do. Report to briefing.", 6113)
$end_multi_text
$Ani Filename: <default>
+Wave Filename: dl07_cb2.ogg

#Briefing
$start_briefing
$num_stages: 4
$start_stage
$multi_text
 XSTR("While the $f GTC $f LoneWolf and the $b TRGC $b Sai are in repair at $f Tau $f Sigma $f Station, the $b TRGS $b Meridian and the $b TRGF $b Haulian demanded to return to their office on $b Altair. Until we hear otherwise, we are still responsible for their safety.", 6114)
$end_multi_text
$voice: dl07_b1.ogg
$camera_pos: -4841.345215, 6409.603027, 950.186096
$camera_orient:
	-0.045525, 0.000000, -0.998963,
	0.791540, 0.610051, -0.036072,
	0.609419, -0.792362, -0.027772
$camera_time: 1000
$num_lines: 0
$num_icons: 3
$Flags: 0
$Formula: ( true ) 
$start_icon
$type: 15
$team: Friendly
$class: GTI Arcadia
$pos: -585.328735, -0.000022, 279.170044
$label: XSTR("Tau Sigma Station", 5780)
+id: 1
$hlight: 0
$mirror: 0
$multi_text
$end_multi_text
$end_icon
$start_icon
$type: 18
$team: Friendly
$class: GTC Leviathan
$pos: -149.760269, 353.158783, 2393.886719
$label: XSTR("LoneWolf", 5784)
+id: 2
$hlight: 1
$mirror: 0
$multi_text
$end_multi_text
$end_icon
$start_icon
$type: 18
$team: Friendly
$class: GVC Mentu
$pos: 340.974030, 300.000061, -1623.026001
$label: XSTR("Sai", 6060)
+id: 3
$hlight: 1
$mirror: 0
$multi_text
$end_multi_text
$end_icon
$end_stage
$start_stage
$multi_text
 XSTR("$f Alpha wing, it is your job to make sure that the $b Meridian and the $b Haulian reach the $b Altair jump node in one piece. They are carrying research materials that would fetch a high price on the black market.", 6115)
$end_multi_text
$voice: dl07_b2.ogg
$camera_pos: 15284.140625, 26797.021484, -21042.240234
$camera_orient:
	0.992470, 0.000000, 0.122491,
	-0.088367, 0.692503, 0.715982,
	-0.084825, -0.721415, 0.687289
$camera_time: 2000
$num_lines: 0
$num_icons: 5
$Flags: 0
$Formula: ( true ) 
$start_icon
$type: 15
$team: Friendly
$class: GTI Arcadia
$pos: 929.524414, 0.002956, 250.056915
$label: XSTR("Tau Sigma Station", 5780)
+id: 1
$hlight: 0
$mirror: 0
$multi_text
$end_multi_text
$end_icon
$start_icon
$type: 1
$team: Friendly
$class: GTF Myrmidon
$pos: 6219.804688, -499.999359, 8335.549805
$label: XSTR("Alpha", 5781)
+id: 4
$hlight: 0
$mirror: 0
$multi_text
$end_multi_text
$end_icon
$start_icon
$type: 18
$team: Friendly
$class: GTM Hippocrates
$pos: 13106.058594, 600.037109, 9935.372070
$label: XSTR("Meridian", 6059)
+id: 5
$hlight: 1
$mirror: 0
$multi_text
$end_multi_text
$end_icon
$start_icon
$type: 12
$team: Friendly
$class: GTFR Triton
$pos: 13820.908203, 300.006683, 3206.877197
$label: XSTR("Haulian", 6072)
+id: 6
$hlight: 1
$mirror: 0
$multi_text
$end_multi_text
$end_icon
$start_icon
$type: 33
$team: Friendly
$class: GTF Ulysses
$pos: 25690.191406, 1000.004761, 7694.959473
$label: XSTR("Altair", 5826)
+id: 7
$hlight: 0
$mirror: 0
$multi_text
$end_multi_text
$end_icon
$end_stage
$start_stage
$multi_text
 XSTR("$f Alpha, you will fly close escort to the $b Meridian. The $b Morgan $b Mining $b Corporation has contracted mercenaries, designated $b Tachyon wing, to fly patrol. They are not under our command. You are NOT to engage them.", 6116)
$end_multi_text
$voice: dl07_b3.ogg
$camera_pos: 10807.377930, 10806.109375, -6805.531250
$camera_orient:
	0.709977, 0.000000, 0.704225,
	-0.450711, 0.768367, 0.454392,
	-0.541103, -0.640009, 0.545523
$camera_time: 1500
$num_lines: 0
$num_icons: 7
$Flags: 0
$Formula: ( true ) 
$start_icon
$type: 15
$team: Friendly
$class: GTI Arcadia
$pos: -683.430481, -0.002367, 1207.178833
$label: XSTR("Tau Sigma Station", 5780)
+id: 1
$hlight: 0
$mirror: 0
$multi_text
$end_multi_text
$end_icon
$start_icon
$type: 18
$team: Friendly
$class: GTC Leviathan
$pos: 162.864288, 353.159424, 4738.179688
$label: XSTR("LoneWolf", 5784)
+id: 2
$hlight: 0
$mirror: 0
$multi_text
$end_multi_text
$end_icon
$start_icon
$type: 18
$team: Friendly
$class: GVC Mentu
$pos: 1778.781128, 300.000214, -1512.353271
$label: XSTR("Sai", 6060)
+id: 3
$hlight: 0
$mirror: 0
$multi_text
$end_multi_text
$end_icon
$start_icon
$type: 1
$team: Friendly
$class: GTF Myrmidon
$pos: 6219.804688, -499.999359, 8335.549805
$label: XSTR("Alpha", 5781)
+id: 4
$hlight: 0
$mirror: 0
$multi_text
$end_multi_text
$end_icon
$start_icon
$type: 18
$team: Friendly
$class: GTM Hippocrates
$pos: 13106.058594, 600.037109, 9935.372070
$label: XSTR("Meridian", 6059)
+id: 5
$hlight: 0
$mirror: 0
$multi_text
$end_multi_text
$end_icon
$start_icon
$type: 12
$team: Friendly
$class: GTFR Triton
$pos: 13820.908203, 300.006683, 3206.877197
$label: XSTR("Haulian", 6072)
+id: 6
$hlight: 0
$mirror: 0
$multi_text
$end_multi_text
$end_icon
$start_icon
$type: 1
$team: Friendly
$class: GTF Perseus
$pos: -5101.998535, -400.002472, -1275.110229
$label: XSTR("Tachyon", 6117)
+id: 8
$hlight: 1
$mirror: 0
$multi_text
$end_multi_text
$end_icon
$end_stage
$start_stage
$multi_text
 XSTR("Given the recent attacks, another $r pirate raid is almost certain. Be on your guard, and good luck pilot.", 6118)
$end_multi_text
$voice: dl07_b4.ogg
$camera_pos: 15453.580078, 13649.219727, -894.322937
$camera_orient:
	0.600789, 0.000000, -0.799408,
	0.541577, 0.735548, 0.407018,
	0.588003, -0.677473, 0.441909
$camera_time: 1500
$num_lines: 0
$num_icons: 8
$Flags: 0
$Formula: ( true ) 
$start_icon
$type: 15
$team: Friendly
$class: GTI Arcadia
$pos: -585.328735, -0.000022, 279.170044
$label: XSTR("Tau Sigma Station", 5780)
+id: 1
$hlight: 0
$mirror: 0
$multi_text
$end_multi_text
$end_icon
$start_icon
$type: 18
$team: Friendly
$class: GTC Leviathan
$pos: -149.760269, 353.158783, 2393.886719
$label: XSTR("LoneWolf", 5784)
+id: 2
$hlight: 0
$mirror: 0
$multi_text
$end_multi_text
$end_icon
$start_icon
$type: 18
$team: Friendly
$class: GVC Mentu
$pos: 340.974030, 300.000061, -1623.026001
$label: XSTR("Sai", 6060)
+id: 3
$hlight: 0
$mirror: 0
$multi_text
$end_multi_text
$end_icon
$start_icon
$type: 1
$team: Friendly
$class: GTF Myrmidon
$pos: 6219.804688, -499.999359, 8335.549805
$label: XSTR("Alpha", 5781)
+id: 4
$hlight: 0
$mirror: 0
$multi_text
$end_multi_text
$end_icon
$start_icon
$type: 18
$team: Friendly
$class: GTM Hippocrates
$pos: 13106.058594, 600.037109, 9935.372070
$label: XSTR("Meridian", 6059)
+id: 5
$hlight: 0
$mirror: 0
$multi_text
$end_multi_text
$end_icon
$start_icon
$type: 12
$team: Friendly
$class: GTFR Triton
$pos: 13820.908203, 300.006683, 3206.877197
$label: XSTR("Haulian", 6072)
+id: 6
$hlight: 0
$mirror: 0
$multi_text
$end_multi_text
$end_icon
$start_icon
$type: 1
$team: Hostile
$class: GTF Hercules
$pos: 28600.656250, -0.000613, 3593.514893
$label: XSTR("Pirates", 5788)
+id: 9
$hlight: 1
$mirror: 0
$multi_text
$end_multi_text
$end_icon
$start_icon
$type: 33
$team: Friendly
$class: GTF Ulysses
$pos: 24471.900391, 1000.000000, 11619.000000
$label: XSTR("Altair", 5826)
+id: 10
$hlight: 0
$mirror: 0
$multi_text
$end_multi_text
$end_icon
$end_stage
$end_briefing

#Debriefing_info

$Num stages: 6

$Formula: ( true ) 
$Multi text
    XSTR("This was not an easy mission, pilot, nor is it going to get any easier. It seems that the pirates are not only well organized, they are better armed than any GTVA detachment in the outer territories. ", 6119)
$end_multi_text
$Voice: dl07_db1.ogg
$Recommendation text:
    XSTR("", 10)
$end_multi_text

$Formula: ( and 
   ( is-goal-true-delay 
      "Protect Meridian" 
      0 
   )
   ( is-goal-true-delay 
      "Protect Haulian" 
      0 
   )
)
$Multi text
    XSTR("The TRGS Meridian and the TRGF Haulian made it to the Tau Jump Node. Congratulations, but your job isn't finished yet.

We can be certain of an impending pirate attack on the two Tepoheh Raleigh Group vessels in subspace. That's why you're following them into subspace.", 6120)
$end_multi_text
$Voice: dl07_db2.ogg
$Recommendation text:
    XSTR("", 10)
$end_multi_text

$Formula: ( or 
   ( is-goal-false-delay 
      "Protect Meridian" 
      0 
   )
   ( is-goal-false-delay 
      "Protect Haulian" 
      0 
   )
)
$Multi text
    XSTR("You were charged with protecting the Meridian and the Haulian. While you were under consistent assault, you were bested by mere drones! 

You have done considerable harm to our already shaky reputation in this region, pilot.", 6121)
$end_multi_text
$Voice: dl07_db3.ogg
$Recommendation text:
    XSTR("Try changing the loadout for your wingmates. Also, when Ares wing appears, the Loki Drones direct their attention to destroying the Haulian. Be careful when this happens, because the Freighter is a fragile vessel. ", 6122)
$end_multi_text

$Formula: ( and 
   ( is-destroyed-delay 0 "Hook" ) 
   ( not 
      ( or 
         ( is-goal-false-delay 
            "Protect Meridian" 
            0 
         )
         ( is-goal-false-delay 
            "Protect Haulian" 
            0 
         )
      )
   )
)
$Multi text
    XSTR("It looks like the Loki Drones in Hook wing were solely intended to tie Alpha Wing down while the Long John wing of Ares heavy fighters made their way to the jump point. Those fighters are top-of-the-line. Their threat in this region is not to be underestimated.

Good job in holding them off. Drones or not, you were outnumbered by more than ten to one. 
", 6123)
$end_multi_text
$Voice: dl07_db4.ogg
$Recommendation text:
    XSTR("", 10)
$end_multi_text

$Formula: ( and 
   ( percent-ships-destroyed 
      1 
      "Long" 
      "John" 
   )
   ( or 
      ( is-goal-false-delay 
         "Protect Meridian" 
         0 
      )
      ( is-goal-false-delay 
         "Protect Haulian" 
         0 
      )
   )
)
$Multi text
    XSTR("It's amazing that you were able to destroy even one of the Long John Wing of Ares fighters. Doubtless, you ignored your duties to protect the Haulian and the Meridian. ", 6124)
$end_multi_text
$Voice: dl07_db5.ogg
$Recommendation text:
    XSTR("", 10)
$end_multi_text

$Formula: ( and 
   ( is-goal-false-delay 
      "Intercept Long John" 
      0 
   )
   ( not 
      ( or 
         ( is-goal-false-delay 
            "Protect Meridian" 
            0 
         )
         ( is-goal-false-delay 
            "Protect Haulian" 
            0 
         )
      )
   )
)
$Multi text
    XSTR("There was no way that you could have reached Long John Wing in time. It seems that this whole operation was intended to keep us occupied while the Ares fighters entered subspace. 

We have sent a Priority Alpha transmission to a Vasudan task group in the Altair system. They will be dispatching a unit of fighters to help intercept Long John in subspace.", 6125)
$end_multi_text
$Voice: dl07_db6.ogg
$Recommendation text:
    XSTR("There was nothing you could have done to stop Long John. ", 6126)
$end_multi_text


#Players		;! 1 total

$Starting Shipname: Alpha 1
$Ship Choices: (
	"GTF Myrmidon"	5
)

+Weaponry Pool: (
	"Subach HL-7"	20
	"Morning Star"	4
	"Prometheus S"	20
	"Rockeye"	540
	"Tempest"	500
	"Hornet"	660
)

#Objects		;! 38 total

$Name: Alpha 1		;! Object #0
$Display Name: XSTR("Alpha 1", 5798)
$Class: GTF Myrmidon
$Team: Friendly
$Location: 3000.000000, -500.000000, 1500.000000
$Orientation:
	-0.438990, 0.000000, 0.898492,
	0.133052, 0.988975, 0.065007,
	-0.888586, 0.148084, -0.434150
$AI Behavior: None
$Cargo 1:  XSTR("Nothing", 13)
+Initial Velocity: 40
+Initial Hull: 100
+Subsystem: Pilot
+Primary Banks: ( "Subach HL-7" "Prometheus S" )
+Secondary Banks: ( "Rockeye" "Rockeye" "Hornet" )
$Arrival Location: Hyperspace
$Arrival Cue: ( false ) 
$Departure Location: Hyperspace
$Departure Cue: ( false ) 
$Determination: 10
+Flags: ( "cargo-known" "player-start" )
+Flags2: ( )
+Respawn priority: 0
+Orders Accepted: 33023		;! note that this is a bitfield!!!
+Group: 0
+Score: 8

$Name: Alpha 2		;! Object #1
$Display Name: XSTR("Alpha 2", 5799)
$Class: GTF Myrmidon
$Team: Friendly
$Location: 3137.219971, -500.000000, 1342.346191
$Orientation:
	-0.384853, 0.000000, 0.922978,
	0.134314, 0.989355, 0.056005,
	-0.913153, 0.145523, -0.380756
$AI Behavior: None
+AI Class: General
$Cargo 1:  XSTR("Nothing", 13)
+Initial Velocity: 40
+Initial Hull: 100
+Subsystem: Pilot
+Primary Banks: ( "Subach HL-7" "Prometheus S" )
+Secondary Banks: ( "Rockeye" "Rockeye" "Hornet" )
$Arrival Location: Hyperspace
$Arrival Cue: ( false ) 
$Departure Location: Hyperspace
$Departure Cue: ( false ) 
$Determination: 10
+Flags: ( "cargo-known" )
+Flags2: ( )
+Respawn priority: 0
+Orders Accepted: 33023		;! note that this is a bitfield!!!
+Group: 0
+Use Table Score:
+Score: 10

$Name: Alpha 3		;! Object #2
$Display Name: XSTR("Alpha 3", 5800)
$Class: GTF Myrmidon
$Team: Friendly
$Location: 3034.834961, -500.000000, 1357.592773
$Orientation:
	-0.399709, 0.000000, 0.916642,
	0.136867, 0.988790, 0.059682,
	-0.906367, 0.149314, -0.395228
$AI Behavior: None
+AI Class: General
$Cargo 1:  XSTR("Nothing", 13)
+Initial Velocity: 40
+Initial Hull: 100
+Subsystem: Pilot
+Primary Banks: ( "Subach HL-7" "Prometheus S" )
+Secondary Banks: ( "Rockeye" "Rockeye" "Hornet" )
$Arrival Location: Hyperspace
$Arrival Cue: ( false ) 
$Departure Location: Hyperspace
$Departure Cue: ( false ) 
$Determination: 10
+Flags: ( "cargo-known" )
+Flags2: ( )
+Respawn priority: 0
+Orders Accepted: 33023		;! note that this is a bitfield!!!
+Group: 0
+Use Table Score:
+Score: 10

$Name: Alpha 4		;! Object #3
$Display Name: XSTR("Alpha 4", 5801)
$Class: GTF Myrmidon
$Team: Friendly
$Location: 2930.698975, -500.000000, 1437.124023
$Orientation:
	-0.431767, 0.000000, 0.901985,
	0.137175, 0.988368, 0.065664,
	-0.891493, 0.152081, -0.426745
$AI Behavior: None
+AI Class: General
$Cargo 1:  XSTR("Nothing", 13)
+Initial Velocity: 40
+Initial Hull: 100
+Subsystem: Pilot
+Primary Banks: ( "Subach HL-7" "Prometheus S" )
+Secondary Banks: ( "Rockeye" "Rockeye" "Hornet" )
$Arrival Location: Hyperspace
$Arrival Cue: ( false ) 
$Departure Location: Hyperspace
$Departure Cue: ( false ) 
$Determination: 10
+Flags: ( "cargo-known" )
+Flags2: ( )
+Respawn priority: 0
+Orders Accepted: 33023		;! note that this is a bitfield!!!
+Group: 0
+Use Table Score:
+Score: 10

$Name: Haulian		;! Object #4
$Display Name: XSTR("Haulian", 6072)
$Class: GTFR Triton

$Team: Friendly
$Location: 10451.713867, 299.202515, 2732.857910
$Orientation:
	0.564031, -0.000305, -0.825753,
	-0.030889, 0.999292, -0.021469,
	0.825176, 0.037616, 0.563622
$AI Behavior: None
$AI Goals: ( goals ( ai-waypoints-once "Waypoint path 5" 50 ) )
$Cargo 1:  XSTR("Nothing", 13)
+Initial Velocity: 20
+Initial Hull: 97
+Initial Shields: 100
+Subsystem: Pilot
+Subsystem: turret01
+Subsystem: turret02
$Arrival Location: Hyperspace
$Arrival Cue: ( true ) 
$Departure Location: Hyperspace
$Departure Cue: ( false ) 
$Determination: 10
+Flags: ( "cargo-known" "no-shields" "escort" )
+Flags2: ( )
+Respawn priority: 0
+Escort priority: 90
+Orders Accepted: 0		;! note that this is a bitfield!!!
+Group: 0
+Use Table Score:
+Score: 20

$Name: TC-TRI #21		;! Object #5
$Display Name: XSTR("TC-TRI", 5578)
$Class: TC-TRI
$Team: Friendly
$Location: 10608.557617, 317.282318, 2840.825439
$Orientation:
	0.564029, -0.000144, -0.825754,
	-0.031069, 0.999288, -0.021397,
	0.825170, 0.037725, 0.563623
$AI Behavior: None
$Cargo 1:  XSTR("Mining Research Materials", 6127)
+Initial Velocity: 33
+Initial Hull: 100
+Initial Shields: 100
+Subsystem: Pilot
$Arrival Location: Hyperspace
$Arrival Cue: ( false ) 
$Departure Location: Hyperspace
$Departure Cue: ( false ) 
$Determination: 10
+Flags: ( "cargo-known" "no-shields" )
+Flags2: ( )
+Respawn priority: 0
+Docked With: Haulian
$Docker Point: Cargo Dock01
$Dockee Point: Cargo Dockpoint
+Group: 0
+Use Table Score:
+Score: 0

$Name: Servicor		;! Object #6
$Display Name: XSTR("Servicor", 5804)
$Class: GTS Hygeia
$Team: Friendly
$Location: 1719.500000, 38.400002, -334.899994
$Orientation:
	0.970772, -0.227567, -0.076247,
	0.212168, 0.962232, -0.170567,
	0.112183, 0.149405, 0.982392
$AI Behavior: None
$AI Goals: ( goals ( ai-stay-near-ship "LoneWolf" 50 ) )
$Cargo 1:  XSTR("Nothing", 13)
+Initial Velocity: 33
+Initial Hull: 100
+Subsystem: Pilot
$Arrival Location: Hyperspace
$Arrival Cue: ( true ) 
$Departure Location: Hyperspace
$Departure Cue: ( false ) 
$Determination: 10
+Flags: ( "cargo-known" )
+Flags2: ( )
+Respawn priority: 0
+Orders Accepted: 0		;! note that this is a bitfield!!!
+Group: 0
+Use Table Score:
+Score: 15

$Name: LoneWolf		;! Object #7
$Display Name: XSTR("LoneWolf", 5784)
$Class: GTC Leviathan
$Team: Friendly
$Location: -237.201553, 353.158569, 1036.369995
$Orientation:
	0.000029, 1.000000, -0.000001,
	0.999575, -0.000029, -0.029166,
	-0.029166, 0.000000, -0.999575
$AI Behavior: None
$AI Goals: ( goals ( ai-play-dead 50 ) )
$Cargo 1:  XSTR("Nothing", 13)
+Initial Hull: 50
+Initial Shields: 100
+Subsystem: Pilot
+Subsystem: turret01
+Subsystem: turret02
+Subsystem: turret03
+Subsystem: turret04
+Subsystem: turret05
+Subsystem: turret06
+Subsystem: turret07
+Subsystem: turret08
+Subsystem: turret09a-01-main
$Arrival Location: Hyperspace
$Arrival Cue: ( true ) 
$Departure Location: Hyperspace
$Departure Cue: ( false ) 
$Determination: 10
+Flags: ( "cargo-known" "no-shields" "escort" )
+Flags2: ( )
+Respawn priority: 0
+Escort priority: 30
+Orders Accepted: 0		;! note that this is a bitfield!!!
+Group: 0
+Score: 100
$Texture Replace:
+old: nameplate
+new: gtc_lonewolf

$Name: Tau Sigma Station		;! Object #8
$Display Name: XSTR("Tau Sigma Station", 5780)
$Class: GTI Arcadia
$Team: Friendly
$Location: -340.078857, 706.298462, 1309.117676
$Orientation:
	0.029025, -0.000000, 0.999579,
	-0.000058, -1.000000, 0.000002,
	0.999579, -0.000058, -0.029025
$AI Behavior: None
$Cargo 1:  XSTR("Nothing", 13)
+Initial Hull: 100
+Initial Shields: 100
+Subsystem: Pilot
+Subsystem: turret01
+Subsystem: turret02
+Subsystem: turret03
+Subsystem: turret04
+Subsystem: turret05
+Subsystem: turret06
+Subsystem: turret07
+Subsystem: turret08
+Subsystem: turret09
+Subsystem: turret10
+Subsystem: turret11
+Subsystem: turret12
+Subsystem: turret13
+Subsystem: turret14
+Subsystem: turret15
+Subsystem: turret16
+Subsystem: turret17
+Subsystem: turret18
+Subsystem: turret19
+Subsystem: turret20
+Subsystem: turret21
+Subsystem: turret22
+Subsystem: turret23
+Subsystem: turret24
$Arrival Location: Hyperspace
$Arrival Cue: ( false ) 
$Departure Location: Hyperspace
$Departure Cue: ( false ) 
$Determination: 10
+Flags: ( "cargo-known" "no-shields" "escort" )
+Flags2: ( )
+Respawn priority: 0
+Escort priority: 49
+Docked With: LoneWolf
$Docker Point: Docking bay 1
$Dockee Point: Bigship docking
+Orders Accepted: 0		;! note that this is a bitfield!!!
+Group: 0
+Score: 5

$Name: Ore Carrier 1		;! Object #9
$Display Name: XSTR("Ore Carrier 1", 5806)
$Class: GTFR Triton

$Team: Friendly
$Location: -14016.671875, -10.908739, 581.595642
$Orientation:
	1.000000, -0.000000, -0.000004,
	0.000000, 1.000000, 0.000108,
	0.000004, -0.000108, 1.000000
$AI Behavior: None
$Cargo 1:  XSTR("Nothing", 13)
+Initial Velocity: 15
+Initial Hull: 100
+Initial Shields: 100
+Subsystem: Pilot
+Subsystem: turret01
+Subsystem: turret02
$Arrival Location: Hyperspace
$Arrival Cue: ( false ) 
$Departure Location: Hyperspace
$Departure Cue: ( false ) 
$Determination: 10
+Flags: ( "cargo-known" "no-shields" )
+Flags2: ( )
+Respawn priority: 0
+Orders Accepted: 0		;! note that this is a bitfield!!!
+Group: 0
+Use Table Score:
+Score: 20

$Name: TC-TRI #26		;! Object #10
$Display Name: XSTR("TC-TRI", 5578)
$Class: TC-TRI
$Team: Friendly
$Location: -14017.365234, -0.008858, 772.556091
$Orientation:
	1.000000, -0.000000, 0.000000,
	-0.000000, 1.000000, 0.000000,
	0.000000, -0.000000, 1.000000
$AI Behavior: None
$Cargo 1:  XSTR("High Grade Fissonables", 5807)
+Initial Velocity: 33
+Initial Hull: 100
+Initial Shields: 100
+Subsystem: Pilot
$Arrival Location: Hyperspace
$Arrival Cue: ( false ) 
$Departure Location: Hyperspace
$Departure Cue: ( false ) 
$Determination: 10
+Flags: ( "cargo-known" "no-shields" )
+Flags2: ( )
+Respawn priority: 0
+Docked With: Ore Carrier 1
$Docker Point: Cargo Dock01
$Dockee Point: Cargo Dockpoint
+Group: 0
+Use Table Score:
+Score: 0

$Name: Scarab		;! Object #11
$Display Name: XSTR("Scarab", 6128)
$Class: GVG Anuket
$Team: Friendly
$Location: 23615.000000, 619.200012, 11550.200195
$Orientation:
	-0.428023, 0.000000, 0.903768,
	-0.021865, 0.999707, -0.010355,
	-0.903503, -0.024193, -0.427898
$AI Behavior: None
$AI Goals: ( goals ( ai-waypoints-once "Waypoint path 4" 50 ) )
$Cargo 1:  XSTR("Nothing", 13)
+Initial Hull: 100
+Initial Shields: 100
+Subsystem: Pilot
+Subsystem: turret01
+Subsystem: turret02
+Subsystem: turret03
+Primary Banks: ( "Akheton SDG" "" )
+Subsystem: turret04
+Subsystem: turret05
$Arrival Location: Hyperspace
+Arrival Delay: 60
$Arrival Cue: ( true ) 
$Departure Location: Hyperspace
$Departure Cue: ( false ) 
$Determination: 10
+Flags: ( "cargo-known" "no-shields" "no-arrival-music" )
+Flags2: ( )
+Respawn priority: 0
+Orders Accepted: 0		;! note that this is a bitfield!!!
+Group: 0
+Score: 15

$Name: Meridian		;! Object #12
$Display Name: XSTR("Meridian", 6059)
$Class: GTM Hippocrates

$Team: Friendly
$Location: 10721.750977, 600.048889, 3701.081543
$Orientation:
	0.568671, 0.000000, -0.822565,
	-0.018122, 0.999757, -0.012529,
	0.822365, 0.022032, 0.568533
$AI Behavior: None
$AI Goals: ( goals ( ai-waypoints-once "Waypoint path 1" 50 ) )
$Cargo 1:  XSTR("Nothing", 13)
+Initial Velocity: 20
+Initial Hull: 98
+Initial Shields: 100
+Subsystem: Pilot
+Subsystem: turret01
+Subsystem: turret02
+Subsystem: turret03
+Subsystem: turret04
+Subsystem: turret05
$Arrival Location: Hyperspace
$Arrival Cue: ( true ) 
$Departure Location: Hyperspace
$Departure Cue: ( false ) 
$Determination: 10
+Flags: ( "cargo-known" "no-shields" "escort" )
+Flags2: ( )
+Respawn priority: 0
+Escort priority: 90
+Orders Accepted: 0		;! note that this is a bitfield!!!
+Group: 0
+Use Table Score:
+Score: 100

$Name: Tachyon 1		;! Object #13
$Display Name: XSTR("Tachyon 1", 6129)
$Class: GTF Perseus
$Team: Friendly
$Location: 124.300003, -400.000000, -2677.199951
$Orientation:
	0.436734, 0.000000, -0.899591,
	-0.233379, 0.965763, -0.113301,
	0.868791, 0.259428, 0.421782
$AI Behavior: None
$Cargo 1:  XSTR("Nothing", 13)
+Initial Velocity: 33
+Initial Hull: 100
+Subsystem: Pilot
$Arrival Location: Hyperspace
$Arrival Cue: ( false ) 
$Departure Location: Hyperspace
$Departure Cue: ( false ) 
$Determination: 10
+Flags: ( "cargo-known" "invulnerable" )
+Flags2: ( )
+Respawn priority: 0
+Orders Accepted: 0		;! note that this is a bitfield!!!
+Group: 0
+Use Table Score:
+Score: 14

$Name: Tachyon 2		;! Object #14
$Display Name: XSTR("Tachyon 2", 6130)
$Class: GTF Perseus
$Team: Friendly
$Location: 159.925262, -400.000275, -2739.974365
$Orientation:
	0.461468, 0.000000, -0.887157,
	-0.230453, 0.965672, -0.119873,
	0.856702, 0.259766, 0.445626
$AI Behavior: None
$Cargo 1:  XSTR("Nothing", 13)
+Initial Velocity: 33
+Initial Hull: 100
+Subsystem: Pilot
$Arrival Location: Hyperspace
$Arrival Cue: ( false ) 
$Departure Location: Hyperspace
$Departure Cue: ( false ) 
$Determination: 10
+Flags: ( "cargo-known" "invulnerable" )
+Flags2: ( )
+Respawn priority: 0
+Orders Accepted: 0		;! note that this is a bitfield!!!
+Group: 0
+Use Table Score:
+Score: 14

$Name: Tachyon 3		;! Object #15
$Display Name: XSTR("Tachyon 3", 6131)
$Class: GTF Perseus
$Team: Friendly
$Location: 214.181519, -400.000122, -2706.776367
$Orientation:
	0.459924, 0.000000, -0.887958,
	-0.236023, 0.964027, -0.122250,
	0.856016, 0.265804, 0.443380
$AI Behavior: None
$Cargo 1:  XSTR("Nothing", 13)
+Initial Velocity: 33
+Initial Hull: 100
+Subsystem: Pilot
$Arrival Location: Hyperspace
$Arrival Cue: ( false ) 
$Departure Location: Hyperspace
$Departure Cue: ( false ) 
$Determination: 10
+Flags: ( "cargo-known" "invulnerable" )
+Flags2: ( )
+Respawn priority: 0
+Orders Accepted: 0		;! note that this is a bitfield!!!
+Group: 0
+Use Table Score:
+Score: 14

$Name: Tachyon 4		;! Object #16
$Display Name: XSTR("Tachyon 4", 6132)
$Class: GTF Perseus
$Team: Friendly
$Location: 190.677643, -399.999603, -2651.357422
$Orientation:
	0.438771, 0.000000, -0.898599,
	-0.239193, 0.963922, -0.116794,
	0.866179, 0.266185, 0.422941
$AI Behavior: None
$Cargo 1:  XSTR("Nothing", 13)
+Initial Velocity: 33
+Initial Hull: 100
+Subsystem: Pilot
$Arrival Location: Hyperspace
$Arrival Cue: ( false ) 
$Departure Location: Hyperspace
$Departure Cue: ( false ) 
$Determination: 10
+Flags: ( "cargo-known" "invulnerable" )
+Flags2: ( )
+Respawn priority: 0
+Orders Accepted: 0		;! note that this is a bitfield!!!
+Group: 0
+Use Table Score:
+Score: 14

$Name: Hook 1		;! Object #17
$Display Name: XSTR("Hook 1", 6133)
$Class: GTF Loki
$Team: Hostile
$Location: 17303.150391, 0.000251, 781.338867
$Orientation:
	1.000000, 0.000000, 0.000000,
	0.000000, 1.000000, 0.000000,
	0.000000, 0.000000, 1.000000
$AI Behavior: None
+AI Class: Coward
$Cargo 1:  XSTR("Drone Pilot", 6134)
+Initial Velocity: 33
+Initial Hull: 100
+Subsystem: Pilot
+Primary Banks: ( "Subach HL-7" "Subach HL-7" )
$Arrival Location: Hyperspace
$Arrival Cue: ( false ) 
$Departure Location: Hyperspace
$Departure Cue: ( false ) 
$Determination: 10
+Flags: ( "scannable" )
+Flags2: ( )
+Respawn priority: 0
+Group: 0
+Use Table Score:
+Score: 7

$Name: Hook 2		;! Object #18
$Display Name: XSTR("Hook 2", 6135)
$Class: GTF Loki
$Team: Hostile
$Location: 17233.384766, 0.000781, 979.733643
$Orientation:
	1.000000, 0.000000, 0.000000,
	0.000000, 1.000000, 0.000000,
	0.000000, 0.000000, 1.000000
$AI Behavior: None
+AI Class: Coward
$Cargo 1:  XSTR("Drone Pilot", 6134)
+Initial Velocity: 33
+Initial Hull: 100
+Subsystem: Pilot
+Primary Banks: ( "Subach HL-7" "Subach HL-7" )
$Arrival Location: Hyperspace
$Arrival Cue: ( false ) 
$Departure Location: Hyperspace
$Departure Cue: ( false ) 
$Determination: 10
+Flags: ( "scannable" )
+Flags2: ( )
+Respawn priority: 0
+Group: 0
+Use Table Score:
+Score: 7

$Name: Hook 3		;! Object #19
$Display Name: XSTR("Hook 3", 6136)
$Class: GTF Loki
$Team: Hostile
$Location: 17044.712891, 0.001347, 1021.926941
$Orientation:
	1.000000, 0.000000, 0.000000,
	0.000000, 1.000000, 0.000000,
	0.000000, 0.000000, 1.000000
$AI Behavior: None
+AI Class: Coward
$Cargo 1:  XSTR("Drone Pilot", 6134)
+Initial Velocity: 33
+Initial Hull: 100
+Subsystem: Pilot
+Primary Banks: ( "Subach HL-7" "Subach HL-7" )
$Arrival Location: Hyperspace
$Arrival Cue: ( false ) 
$Departure Location: Hyperspace
$Departure Cue: ( false ) 
$Determination: 10
+Flags: ( "scannable" )
+Flags2: ( )
+Respawn priority: 0
+Group: 0
+Use Table Score:
+Score: 7

$Name: Hook 4		;! Object #20
$Display Name: XSTR("Hook 4", 6137)
$Class: GTF Loki
$Team: Hostile
$Location: 17060.041016, 0.000987, 836.760132
$Orientation:
	1.000000, 0.000000, 0.000000,
	0.000000, 1.000000, 0.000000,
	0.000000, 0.000000, 1.000000
$AI Behavior: None
+AI Class: Coward
$Cargo 1:  XSTR("Drone Pilot", 6134)
+Initial Velocity: 33
+Initial Hull: 100
+Subsystem: Pilot
+Primary Banks: ( "Subach HL-7" "Subach HL-7" )
$Arrival Location: Hyperspace
$Arrival Cue: ( false ) 
$Departure Location: Hyperspace
$Departure Cue: ( false ) 
$Determination: 10
+Flags: ( "scannable" )
+Flags2: ( )
+Respawn priority: 0
+Group: 0
+Use Table Score:
+Score: 7

$Name: Sai		;! Object #21
$Display Name: XSTR("Sai", 6060)
$Class: GVC Mentu

$Team: Friendly
$Location: 317.600006, 300.000000, -357.500000
$Orientation:
	1.000000, 0.000000, -0.000000,
	-0.000000, 1.000000, -0.000000,
	0.000000, 0.000000, 1.000000
$AI Behavior: None
$AI Goals: ( goals ( ai-play-dead 50 ) )
$Cargo 1:  XSTR("Nothing", 13)
+Initial Hull: 50
+Initial Shields: 100
+Subsystem: Pilot
+Subsystem: turret01
+Subsystem: turret02
+Subsystem: turret03
+Subsystem: turret04
+Subsystem: turret05
+Subsystem: turret06
+Subsystem: turret07
+Subsystem: turret08
+Subsystem: turret09
+Subsystem: turret10
+Subsystem: turret11
+Subsystem: turret12
+Subsystem: turret13
+Subsystem: turret14
+Subsystem: turret15
+Subsystem: turret16
$Arrival Location: Hyperspace
$Arrival Cue: ( true ) 
$Departure Location: Hyperspace
$Departure Cue: ( false ) 
$Determination: 10
+Flags: ( "cargo-known" "no-shields" )
+Flags2: ( )
+Respawn priority: 0
+Orders Accepted: 0		;! note that this is a bitfield!!!
+Group: 0
+Use Table Score:
+Score: 100

$Name: MMC Repair Shuttle		;! Object #22
$Display Name: XSTR("MMC Repair Shuttle", 6138)
$Class: GTT Elysium

$Team: Friendly
$Location: 316.376831, 250.964798, -383.042358
$Orientation:
	-1.000000, 0.000000, -0.000000,
	0.000000, 0.999677, 0.025409,
	0.000000, 0.025409, -0.999677
$AI Behavior: None
$Cargo 1:  XSTR("Repair Crews", 6139)
+Initial Hull: 100
+Initial Shields: 100
+Subsystem: Pilot
+Subsystem: turret01
$Arrival Location: Hyperspace
$Arrival Cue: ( false ) 
$Departure Location: Hyperspace
$Departure Cue: ( false ) 
$Determination: 10
+Flags: ( "cargo-known" "no-shields" )
+Flags2: ( )
+Respawn priority: 0
+Docked With: Sai
$Docker Point: main dock
$Dockee Point: topside docking
+Orders Accepted: 0		;! note that this is a bitfield!!!
+Group: 0
+Use Table Score:
+Score: 10

$Name: Smee 1		;! Object #23
$Display Name: XSTR("Smee 1", 6140)
$Class: GTF Hercules
$Team: Hostile
$Location: -2325.300049, 6000.000000, 7398.100098
$Orientation:
	-0.950128, 0.000000, -0.311859,
	0.201055, 0.764439, -0.612544,
	0.238397, -0.644696, -0.726315
$AI Behavior: None
+AI Class: Lieutenant
$Cargo 1:  XSTR("Nothing", 13)
+Initial Velocity: 33
+Initial Hull: 100
+Subsystem: Pilot
$Arrival Location: Hyperspace
$Arrival Cue: ( false ) 
$Departure Location: Hyperspace
$Departure Cue: ( false ) 
$Determination: 10
+Flags: ( "cargo-known" )
+Flags2: ( )
+Respawn priority: 0
+Group: 0
+Use Table Score:
+Score: 10

$Name: Smee 2		;! Object #24
$Display Name: XSTR("Smee 2", 6141)
$Class: GTF Hercules
$Team: Hostile
$Location: -2232.366699, 5999.999512, 7492.665039
$Orientation:
	-0.955420, 0.000000, -0.295250,
	0.189322, 0.767352, -0.612640,
	0.226561, -0.641226, -0.733143
$AI Behavior: None
+AI Class: Lieutenant
$Cargo 1:  XSTR("Nothing", 13)
+Initial Velocity: 33
+Initial Hull: 100
+Subsystem: Pilot
$Arrival Location: Hyperspace
$Arrival Cue: ( false ) 
$Departure Location: Hyperspace
$Departure Cue: ( false ) 
$Determination: 10
+Flags: ( "cargo-known" )
+Flags2: ( )
+Respawn priority: 0
+Group: 0
+Use Table Score:
+Score: 10

$Name: Smee 3		;! Object #25
$Display Name: XSTR("Smee 3", 6142)
$Class: GTF Hercules
$Team: Hostile
$Location: -2335.765381, 6000.000000, 7537.437012
$Orientation:
	-0.951647, 0.000000, -0.307195,
	0.195719, 0.770767, -0.606311,
	0.236776, -0.637118, -0.733498
$AI Behavior: None
+AI Class: Lieutenant
$Cargo 1:  XSTR("Nothing", 13)
+Initial Velocity: 33
+Initial Hull: 100
+Subsystem: Pilot
$Arrival Location: Hyperspace
$Arrival Cue: ( false ) 
$Departure Location: Hyperspace
$Departure Cue: ( false ) 
$Determination: 10
+Flags: ( "cargo-known" )
+Flags2: ( )
+Respawn priority: 0
+Group: 0
+Use Table Score:
+Score: 10

$Name: Smee 4		;! Object #26
$Display Name: XSTR("Smee 4", 6143)
$Class: GTF Hercules
$Team: Hostile
$Location: -2409.297607, 5999.999023, 7420.130859
$Orientation:
	-0.946700, 0.000000, -0.322118,
	0.206809, 0.766680, -0.607809,
	0.246961, -0.642030, -0.725815
$AI Behavior: None
+AI Class: Lieutenant
$Cargo 1:  XSTR("Nothing", 13)
+Initial Velocity: 33
+Initial Hull: 100
+Subsystem: Pilot
$Arrival Location: Hyperspace
$Arrival Cue: ( false ) 
$Departure Location: Hyperspace
$Departure Cue: ( false ) 
$Determination: 10
+Flags: ( "cargo-known" )
+Flags2: ( )
+Respawn priority: 0
+Group: 0
+Use Table Score:
+Score: 10

$Name: Long 1		;! Object #27
$Display Name: XSTR("Long 1", 6144)
$Class: GTF Ares
$Team: Hostile
$Location: 24634.000000, 4000.000000, 10403.400391
$Orientation:
	0.924740, 0.000000, 0.380600,
	-0.325678, 0.517479, 0.791296,
	-0.196953, -0.855696, 0.478533
$AI Behavior: None
$Cargo 1:  XSTR("Nothing", 13)
+Initial Velocity: 80
+Initial Hull: 100
+Subsystem: Pilot
$Arrival Location: Hyperspace
$Arrival Cue: ( false ) 
$Departure Location: Hyperspace
$Departure Cue: ( false ) 
$Determination: 10
+Flags: ( "cargo-known" )
+Flags2: ( )
+Respawn priority: 0
+Group: 0
+Use Table Score:
+Score: 15

$Name: Long 2		;! Object #28
$Display Name: XSTR("Long 2", 6145)
$Class: GTF Ares
$Team: Hostile
$Location: 24443.917969, 4000.000000, 10344.784180
$Orientation:
	0.960889, 0.000000, 0.276935,
	-0.237225, 0.515962, 0.823108,
	-0.142888, -0.856611, 0.495782
$AI Behavior: None
$Cargo 1:  XSTR("Nothing", 13)
+Initial Velocity: 80
+Initial Hull: 100
+Subsystem: Pilot
$Arrival Location: Hyperspace
$Arrival Cue: ( false ) 
$Departure Location: Hyperspace
$Departure Cue: ( false ) 
$Determination: 10
+Flags: ( "cargo-known" )
+Flags2: ( )
+Respawn priority: 0
+Group: 0
+Use Table Score:
+Score: 15

$Name: Long 3		;! Object #29
$Display Name: XSTR("Long 3", 6146)
$Class: GTF Ares
$Team: Hostile
$Location: 24713.900391, 4000.000000, 10196.571289
$Orientation:
	0.925640, 0.000000, 0.378404,
	-0.313111, 0.561540, 0.765921,
	-0.212489, -0.827450, 0.519784
$AI Behavior: None
$Cargo 1:  XSTR("Nothing", 13)
+Initial Velocity: 80
+Initial Hull: 100
+Subsystem: Pilot
$Arrival Location: Hyperspace
$Arrival Cue: ( false ) 
$Departure Location: Hyperspace
$Departure Cue: ( false ) 
$Determination: 10
+Flags: ( "cargo-known" )
+Flags2: ( )
+Respawn priority: 0
+Group: 0
+Use Table Score:
+Score: 15

$Name: Long 4		;! Object #30
$Display Name: XSTR("Long 4", 6147)
$Class: GTF Ares
$Team: Hostile
$Location: 24392.902344, 4000.000488, 10510.898438
$Orientation:
	0.961399, 0.000000, 0.275159,
	-0.241666, 0.478149, 0.844376,
	-0.131567, -0.878279, 0.459691
$AI Behavior: None
$Cargo 1:  XSTR("Nothing", 13)
+Initial Velocity: 80
+Initial Hull: 100
+Subsystem: Pilot
$Arrival Location: Hyperspace
$Arrival Cue: ( false ) 
$Departure Location: Hyperspace
$Departure Cue: ( false ) 
$Determination: 10
+Flags: ( "cargo-known" )
+Flags2: ( )
+Respawn priority: 0
+Group: 0
+Use Table Score:
+Score: 15

$Name: John 1		;! Object #31
$Display Name: XSTR("John 1", 6148)
$Class: GTF Ares
$Team: Hostile
$Location: 24086.580078, 4000.000488, 10012.330078
$Orientation:
	0.997617, 0.000000, 0.068997,
	-0.056757, 0.568614, 0.820644,
	-0.039233, -0.822604, 0.567259
$AI Behavior: None
$Cargo 1:  XSTR("Nothing", 13)
+Initial Velocity: 80
+Initial Hull: 100
+Subsystem: Pilot
$Arrival Location: Hyperspace
$Arrival Cue: ( false ) 
$Departure Location: Hyperspace
$Departure Cue: ( false ) 
$Determination: 10
+Flags: ( "cargo-known" )
+Flags2: ( )
+Respawn priority: 0
+Group: 0
+Use Table Score:
+Score: 15

$Name: John 2		;! Object #32
$Display Name: XSTR("John 2", 6149)
$Class: GTF Ares
$Team: Hostile
$Location: 24140.009766, 3999.999512, 10264.506836
$Orientation:
	0.994200, 0.000000, 0.107547,
	-0.091852, 0.520176, 0.849105,
	-0.055944, -0.854059, 0.517159
$AI Behavior: None
$Cargo 1:  XSTR("Nothing", 13)
+Initial Velocity: 80
+Initial Hull: 100
+Subsystem: Pilot
$Arrival Location: Hyperspace
$Arrival Cue: ( false ) 
$Departure Location: Hyperspace
$Departure Cue: ( false ) 
$Determination: 10
+Flags: ( "cargo-known" )
+Flags2: ( )
+Respawn priority: 0
+Group: 0
+Use Table Score:
+Score: 15

$Name: John 3		;! Object #33
$Display Name: XSTR("John 3", 6150)
$Class: GTF Ares
$Team: Hostile
$Location: 23888.916016, 3999.999512, 10347.260742
$Orientation:
	0.999505, 0.000000, -0.031466,
	0.027240, 0.500573, 0.865266,
	0.015751, -0.865694, 0.500325
$AI Behavior: None
$Cargo 1:  XSTR("Nothing", 13)
+Initial Velocity: 80
+Initial Hull: 100
+Subsystem: Pilot
$Arrival Location: Hyperspace
$Arrival Cue: ( false ) 
$Departure Location: Hyperspace
$Departure Cue: ( false ) 
$Determination: 10
+Flags: ( "cargo-known" )
+Flags2: ( )
+Respawn priority: 0
+Group: 0
+Use Table Score:
+Score: 15

$Name: John 4		;! Object #34
$Display Name: XSTR("John 4", 6151)
$Class: GTF Ares
$Team: Hostile
$Location: 23892.183594, 4000.000488, 10107.648438
$Orientation:
	0.999662, 0.000000, -0.025995,
	0.021715, 0.549701, 0.835079,
	0.014289, -0.835362, 0.549515
$AI Behavior: None
$Cargo 1:  XSTR("Nothing", 13)
+Initial Velocity: 80
+Initial Hull: 100
+Subsystem: Pilot
$Arrival Location: Hyperspace
$Arrival Cue: ( false ) 
$Departure Location: Hyperspace
$Departure Cue: ( false ) 
$Determination: 10
+Flags: ( "cargo-known" )
+Flags2: ( )
+Respawn priority: 0
+Group: 0
+Use Table Score:
+Score: 15

$Name: Kidd 1		;! Object #35
$Display Name: XSTR("Kidd 1", 5818)
$Class: GTF Hercules
$Team: Hostile
$Location: 19720.400391, -2000.000000, 11699.799805
$Orientation:
	1.000000, 0.000000, 0.000000,
	0.000000, 1.000000, 0.000000,
	0.000000, 0.000000, 1.000000
$AI Behavior: None
$Cargo 1:  XSTR("Nothing", 13)
+Initial Velocity: 100
+Initial Hull: 100
+Subsystem: Pilot
$Arrival Location: Hyperspace
$Arrival Cue: ( false ) 
$Departure Location: Hyperspace
$Departure Cue: ( false ) 
$Determination: 10
+Flags: ( "cargo-known" )
+Flags2: ( )
+Respawn priority: 0
+Group: 0
+Use Table Score:
+Score: 10

$Name: Kidd 2		;! Object #36
$Display Name: XSTR("Kidd 2", 5819)
$Class: GTF Hercules
$Team: Hostile
$Location: 20097.880859, -2000.000122, 11913.813477
$Orientation:
	1.000000, 0.000000, 0.000000,
	0.000000, 1.000000, 0.000000,
	0.000000, 0.000000, 1.000000
$AI Behavior: None
$Cargo 1:  XSTR("Nothing", 13)
+Initial Velocity: 100
+Initial Hull: 100
+Subsystem: Pilot
$Arrival Location: Hyperspace
$Arrival Cue: ( false ) 
$Departure Location: Hyperspace
$Departure Cue: ( false ) 
$Determination: 10
+Flags: ( "cargo-known" )
+Flags2: ( )
+Respawn priority: 0
+Group: 0
+Use Table Score:
+Score: 10

$Name: Kidd 3		;! Object #37
$Display Name: XSTR("Kidd 3", 5820)
$Class: GTF Hercules
$Team: Hostile
$Location: 19803.390625, -1999.999878, 11989.115234
$Orientation:
	1.000000, 0.000000, 0.000000,
	0.000000, 1.000000, 0.000000,
