#Mission Info

$Version: 0.10
$Name:  XSTR("Code of Honour", 5557)
$Author: Kellan
$Created: 12/12/99 at 13:07:20
$Modified: 10/13/13 at 16:51:49
$Notes:
Loop 1, Mission 1, FS2: Derelict. Created by Kellan, knotted up by BR
$End Notes:

$Mission Desc:
 XSTR("Alpha wing, now working undercover in the mercenary group must defend a cargo depot belonging to the mercenaries' employers from pirate raiders in Altair.", 5558)
$end_multi_text
+Game Type Flags: 1
+Flags: 8
+Fog Near Mult: 1.000000

+Fog Far Mult: 1.000000

+Disallow Support: 1
+Hull Repair Ceiling: 0.000000
+Subsystem Repair Ceiling: 100.000000

+Player Entry Delay:
1.000000

+Viewer pos: -1097.346313, 6410.842285, -4331.918457
+Viewer orient:
	0.996718, 0.000000, 0.080948,
	-0.058224, 0.694723, 0.716917,
	-0.056236, -0.719277, 0.692443
+SquadReassignName: Black Ghosts
+SquadReassignLogo: rgrdgr2.pcx

$Starting wing names: ( "Shadow" "Beta" "Gamma" )
$Squadron wing names: ( "Shadow" "Beta" "Gamma" "Kidd" "Epsilon" )
$Team-versus-team wing names: ( "Shadow" "Zeta" )

$Load Screen 640:	dl4.pcx
$Load Screen 1024:	2_dl4.pcx

$Skybox Model: starfield.pof

$AI Profile: FS2 RETAIL

#Sexp_variables

$Variables:
(
		0		"autoGenVar1"		"#Sophron"		"string"
)

#Command Briefing

$Stage Text:
 XSTR("Altair 2372
GVI Luxor
SOC Reassignment

Welcome to Special Operations Command, pilots. This is Jonas Ekestam, captain of the GTCv Escher. Not many are recruited into our ranks, but when they are, they are pilots of the highest calibre. After your performance defending the Escher from pirates, as well as excellent performance in several other missions, we have decided that those pilots who flew Alpha 1 and Alpha 2 in previous missions will fill the gaps in our deep cover team.", 5559)
$end_multi_text
$Ani Filename: cb_loop-a_b.ani
+Wave Filename: dl12_cb1.ogg

$Stage Text:
 XSTR("Deep Cover Brief

Deep cover missions are carried out behind enemy lines with little or no logistical support. You've got to be tough to make it through a mission like this, but we're sure you'll be able to manage.", 5560)
$end_multi_text
$Ani Filename: cb_loop-a_b.ani
+Wave Filename: dl12_cb2.ogg

$Stage Text:
 XSTR("Tau Sigma Mercenaries

The subject of this operation is the mercenary group operating out of Tau Sigma - also active in Altair - that we believe are responsible for numerous attacks on GTVA targets. We must discover to whom these mercenaries report, and who has been leaking them and other groups sensitive information about GTVA ship movements.", 5561)
$end_multi_text
$Ani Filename: cb_loop-a_c.ani
+Wave Filename: dl12_cb3.ogg

$Stage Text:
 XSTR("Undercover Contact

Your contact on this mission will be Lieutenant Tom Faulkner. Faulkner infiltrated the mercenary group five weeks ago and has been investigating ever since. He'll teach you all you need to know about deep cover ops.", 5562)
$end_multi_text
$Ani Filename: cb_loop-a_c.ani
+Wave Filename: dl12_cb4.ogg

$Stage Text:
 XSTR("Rendezvous with Mercenaries

The SOC have certain privileges and the Escher is able to travel through the subspace corridor to Tau Sigma despite the blockade. We'll be dropping you off at a rendezvous point in Altair before travelling on to Tau Sigma Station, where we have some supplies to deliver.", 5563)
$end_multi_text
$Ani Filename: cb_loop-a_e.ani
+Wave Filename: dl12_cb5.ogg

$Stage Text:
 XSTR("Denial of Knowledge

Good luck, pilots. This will be a difficult assignment, but I'm sure we have the right pilots for the job. Remember that if you are uncovered, the SOC will disavow all knowledge of your assignment. Agents are provided with cyanide capsules for a reason. I'm sure I needn't spell it out.", 5564)
$end_multi_text
$Ani Filename: cb_loop-a_e.ani
+Wave Filename: dl12_cb6.ogg

#Briefing
$start_briefing
$num_stages: 4
$start_stage
$multi_text
 XSTR("Good morning, pilots. I'm Lieutenant Tom Faulkner, your contact inside the $b mercenary $b group for the duration of this operation. Our principal objective here is to discover to whom these mercs report, and who has been supplying them with sensitive information about $g GTVA movements. We have you a fairly routine job today. We are to guard a cargo depot belonging to our mysterious employer.", 5565)
$end_multi_text
$voice: dl12_b1.ogg
$camera_pos: -203.907944, 2764.198730, 754.827759
$camera_orient:
	-0.981036, 0.000000, -0.193828,
	0.186352, 0.275047, -0.943198,
	0.053312, -0.961431, -0.269831
$camera_time: 1000
$num_lines: 0
$num_icons: 3
$Flags: 0
$Formula: ( true ) 
$start_icon
$type: 3
$team: Friendly
$class: TAC 1
$pos: -101.367058, -0.000509, -93.283302
$label: XSTR("Depot", 5566)
+id: 1
$hlight: 0
$mirror: 0
$multi_text
$end_multi_text
$end_icon
$start_icon
$type: 3
$team: Friendly
$class: TC 2
$pos: 527.438477, -0.000372, 311.606384
+id: 2
$hlight: 0
$mirror: 0
$multi_text
$end_multi_text
$end_icon
$start_icon
$type: 3
$team: Friendly
$class: TSC 2
$pos: -701.449280, -0.000556, 106.187454
+id: 3
$hlight: 0
$mirror: 0
$multi_text
$end_multi_text
$end_icon
$end_stage
$start_stage
$multi_text
 XSTR("$r Pirate $r raiders are prone to putting in an appearance near these depots due to their poor defences. $f Shadow and $f Kidd wings will be guarding the depot from any potential raids.", 5567)
$end_multi_text
$voice: dl12_b2.ogg
$camera_pos: -881.705811, 3109.323242, 664.232788
$camera_orient:
	-0.928697, 0.000000, -0.370840,
	0.356537, 0.275047, -0.892878,
	0.101999, -0.961431, -0.255435
$camera_time: 1000
$num_lines: 0
$num_icons: 5
$Flags: 0
$Formula: ( true ) 
$start_icon
$type: 3
$team: Friendly
$class: TAC 1
$pos: -101.367058, -0.000509, -93.283302
$label: XSTR("Depot", 5566)
+id: 1
$hlight: 0
$mirror: 0
$multi_text
$end_multi_text
$end_icon
$start_icon
$type: 1
$team: Friendly
$class: GTF Hercules
$pos: 588.944946, 0.000110, 211.434814
$label: XSTR("Shadow", 5568)
+id: 4
$hlight: 0
$mirror: 0
$multi_text
$end_multi_text
$end_icon
$start_icon
$type: 1
$team: Friendly
$class: GTF Loki
$pos: -622.903137, -0.000476, -514.058838
$label: XSTR("Kidd", 5569)
+id: 5
$hlight: 0
$mirror: 0
$multi_text
$end_multi_text
$end_icon
$start_icon
$type: 1
$team: Hostile
$class: GTF Ulysses
$pos: -1643.449219, 0.000002, -414.030212
$label: XSTR("Pirates", 4788)
+id: 6
$hlight: 0
$mirror: 0
$multi_text
$end_multi_text
$end_icon
$start_icon
$type: 1
$team: Hostile
$class: GTF Loki
$pos: -1326.175293, -0.000536, -15.346269
$label: XSTR("Pirates", 4788)
+id: 7
$hlight: 0
$mirror: 0
$multi_text
$end_multi_text
$end_icon
$end_stage
$start_stage
$multi_text
 XSTR("I'll be flying $f Shadow $f 2. Your ship has been fitted with a secure channel communications device, which will allow you to speak to other members of $f Shadow wing without the other $b mercenaries listening in. They should interpret your communications as systems diagnostic and targeting data.  The device was tested extensively during the $g GTVA's conflict with the $r Neo-Terran $r Front and should work perfectly.", 5570)
$end_multi_text
$voice: dl12_b3.ogg
$camera_pos: 453.848633, 567.521729, 287.993713
$camera_orient:
	0.037067, 0.000000, -0.999313,
	0.961628, 0.272028, 0.035669,
	0.271841, -0.962289, 0.010083
$camera_time: 1000
$num_lines: 0
$num_icons: 6
$Flags: 0
$Formula: ( true ) 
$start_icon
$type: 3
$team: Friendly
$class: TAC 1
$pos: -101.367058, -0.000509, -93.283302
$label: XSTR("Depot", 5566)
+id: 1
$hlight: 0
$mirror: 0
$multi_text
$end_multi_text
$end_icon
$start_icon
$type: 22
$team: Friendly
$class: GTF Hercules
$pos: 650.492432, 0.000105, 246.290039
$label: XSTR("Shadow", 5568)
+id: 4
$hlight: 0
$mirror: 0
$multi_text
$end_multi_text
$end_icon
$start_icon
$type: 1
$team: Friendly
$class: GTF Loki
$pos: -622.903137, -0.000476, -514.058838
$label: XSTR("Kidd", 5569)
+id: 5
$hlight: 0
$mirror: 0
$multi_text
$end_multi_text
$end_icon
$start_icon
$type: 1
$team: Hostile
$class: GTF Ulysses
$pos: -1643.449219, 0.000002, -414.030212
$label: XSTR("Pirates", 4788)
+id: 6
$hlight: 0
$mirror: 0
$multi_text
$end_multi_text
$end_icon
$start_icon
$type: 1
$team: Hostile
$class: GTF Loki
$pos: -1326.175293, -0.000536, -15.346269
$label: XSTR("Pirates", 4788)
+id: 7
$hlight: 0
$mirror: 0
$multi_text
$end_multi_text
$end_icon
$start_icon
$type: 0
$team: Friendly
$class: GTF Hercules
$pos: 582.316956, 0.000027, 333.945038
$label: XSTR("Shadow 2", 5571)
+id: 8
$hlight: 0
$mirror: 0
$multi_text
$end_multi_text
$end_icon
$end_stage
$start_stage
$multi_text
 XSTR("If you get the opportunity, try to scan the cargo containers. Their contents might give us a lead on the employer of the mercenaries. You'll never know if you don't take a look, as they say.

Watch yourselves out there, pilots, and good luck.", 5572)
$end_multi_text
$voice: dl12_b4.ogg
$camera_pos: -3.357790, 1079.230469, -70.701538
$camera_orient:
	-0.617246, 0.000000, 0.786770,
	-0.786770, -0.000612, -0.617246,
	0.000482, -1.000000, 0.000378
$camera_time: 1000
$num_lines: 0
$num_icons: 7
$Flags: 0
$Formula: ( true ) 
$start_icon
$type: 3
$team: Friendly
$class: TAC 1
$pos: -101.367058, -0.000509, -93.283302
$label: XSTR("Cargo", 5573)
+id: 1
$hlight: 0
$mirror: 0
$multi_text
$end_multi_text
$end_icon
$start_icon
$type: 22
$team: Friendly
$class: GTF Hercules
$pos: 629.483887, 0.000116, 235.335159
$label: XSTR("Shadow", 5568)
+id: 4
$hlight: 0
$mirror: 0
$multi_text
$end_multi_text
$end_icon
$start_icon
$type: 1
$team: Friendly
$class: GTF Loki
$pos: -622.903137, -0.000476, -514.058838
$label: XSTR("Kidd", 5569)
+id: 5
$hlight: 0
$mirror: 0
$multi_text
$end_multi_text
$end_icon
$start_icon
$type: 1
$team: Hostile
$class: GTF Ulysses
$pos: -1643.449219, 0.000002, -414.030212
$label: XSTR("Pirates", 4788)
+id: 6
$hlight: 0
$mirror: 0
$multi_text
$end_multi_text
$end_icon
$start_icon
$type: 1
$team: Hostile
$class: GTF Loki
$pos: -1326.175293, -0.000536, -15.346269
$label: XSTR("Pirates", 4788)
+id: 7
$hlight: 0
$mirror: 0
$multi_text
$end_multi_text
$end_icon
$start_icon
$type: 0
$team: Friendly
$class: GTF Hercules
$pos: 582.316956, 0.000027, 333.945038
$label: XSTR("Shadow 2", 5571)
+id: 8
$hlight: 0
$mirror: 0
$multi_text
$end_multi_text
$end_icon
$start_icon
$type: 1
$team: Friendly
$class: GTF Hercules
$pos: 39.932102, -0.000056, 13.694029
$label: XSTR("Shadow", 5568)
+id: 9
$hlight: 0
$mirror: 0
$multi_text
$end_multi_text
$end_icon
$end_stage
$end_briefing

#Debriefing_info

$Num stages: 11

$Formula: ( and 
   ( is-goal-true-delay 
      "Protect depot" 
      0 
   )
   ( or 
      ( is-event-true-delay 
         "Area's clear" 
         0 
      )
      ( is-event-true-delay 
         "Pirates get away..." 
         0 
      )
   )
)
$Multi text
    XSTR("Shadow, you did an excellent job of protecting the cargo from the pirates. It seems that these pirates are somewhat more organised and devious than most of the other groups operating in the system. They could pose a more serious threat to us than we had initially thought.", 5574)
$end_multi_text
$Voice: dl12_db1.ogg
$Recommendation text:
    XSTR("", 10)
$end_multi_text

$Formula: ( and 
   ( is-goal-true-delay 
      "Destroy raiders" 
      0 
   )
   ( or 
      ( is-event-true-delay 
         "Area's clear" 
         0 
      )
      ( is-event-true-delay 
         "Pirates get away..." 
         0 
      )
   )
)
$Multi text
    XSTR("All of the pirate raiders were destroyed before they could make off with any of the cargo. What would have happened to us if they had got hold of the cargo doesn't bear thinking about.", 5575)
$end_multi_text
$Voice: dl12_db2.ogg
$Recommendation text:
    XSTR("", 10)
$end_multi_text

$Formula: ( and 
   ( is-goal-true-delay 
      "Protect Sophron" 
      0 
   )
   ( or 
      ( is-event-true-delay 
         "Area's clear" 
         0 
      )
      ( is-event-true-delay 
         "Pirates get away..." 
         0 
      )
   )
)
$Multi text
    XSTR("The RGFr Sophron was saved with our help. This freighter belongs to Redman-Gray, a major Capellan mining corporation now trying to set itself up here in Tau Sigma. However, larger companies such as Morgan have quite a stranglehold on the local mining market. You'll be pleased to hear that we did get a small bonus for our effort.", 5576)
$end_multi_text
$Voice: dl12_db3.ogg
$Recommendation text:
    XSTR("", 10)
$end_multi_text

$Formula: ( and 
   ( is-event-true-delay "Scan cargo" 0 ) 
   ( or 
      ( is-event-true-delay 
         "Area's clear" 
         0 
      )
      ( is-event-true-delay 
         "Pirates get away..." 
         0 
      )
   )
)
$Multi text
    XSTR("The cargo containers seem to hold equipment for freighters and mining operations. Unfortunately, this doesn't really tell us a great deal. There are many mining companies in this system alone, and that cargo could belong to any one of them. The jamming equipment, however, is intriguing.", 5577)
$end_multi_text
$Voice: dl12_db4.ogg
$Recommendation text:
    XSTR("", 10)
$end_multi_text

$Formula: ( and 
   ( is-goal-true-delay 
      "Protect depot" 
      0 
   )
   ( is-goal-true-delay 
      "Destroy raiders" 
      0 
   )
   ( or 
      ( is-event-true-delay 
         "Area's clear" 
         0 
      )
      ( is-event-true-delay 
         "Pirates get away..." 
         0 
      )
   )
)
$Multi text
    XSTR("What we did out there today has shown the mercenaries that we can be trusted. Bearing our precarious position in mind, we could do with as much of their trust as we can get.", 5578)
$end_multi_text
$Voice: dl12_db5.ogg
$Recommendation text:
    XSTR("", 10)
$end_multi_text

$Formula: ( and 
   ( is-goal-false-delay 
      "Protect depot" 
      0 
   )
   ( or 
      ( is-event-true-delay 
         "Area's clear" 
         0 
      )
      ( is-event-true-delay 
         "Pirates get away..." 
         0 
      )
   )
)
$Multi text
    XSTR("Despite the number of mercenary fighters defending the small depot, we failed to protect it from a small group of disorganised pirates.", 5579)
$end_multi_text
$Voice: dl12_db6.ogg
$Recommendation text:
    XSTR("Destroy or disable the freighters as soon as possible.", 5580)
$end_multi_text

$Formula: ( and 
   ( is-goal-false-delay 
      "Destroy raiders" 
      0 
   )
   ( or 
      ( is-event-true-delay 
         "Area's clear" 
         0 
      )
      ( is-event-true-delay 
         "Pirates get away..." 
         0 
      )
   )
)
$Multi text
    XSTR("Some of the raiders got away. No doubt that the next time they attack they'll be better prepared and armed. This pirate group seems better organised than the rest. We'll have to keep a close eye on them.", 5581)
$end_multi_text
$Voice: dl12_db7.ogg
$Recommendation text:
    XSTR("Destroy all of the raiders before departing.", 5582)
$end_multi_text

$Formula: ( and 
   ( is-goal-false-delay 
      "Protect Sophron" 
      0 
   )
   ( or 
      ( is-event-true-delay 
         "Area's clear" 
         0 
      )
      ( is-event-true-delay 
         "Pirates get away..." 
         0 
      )
   )
)
$Multi text
    XSTR("The RGFr Sophron was destroyed by the pirate raiders. While the destruction of this mining freighter means little to us, any loss of civilian life should be prevented. The mercs won't be too happy that their chance of getting a reward has slipped away.", 5583)
$end_multi_text
$Voice: dl12_db8.ogg
$Recommendation text:
    XSTR("Leave Shadow and Kidd wings alone to guard the Sophron.", 5584)
$end_multi_text

$Formula: ( and 
   ( is-event-false-delay "Scan cargo" 0 ) 
   ( or 
      ( is-event-true-delay 
         "Area's clear" 
         0 
      )
      ( is-event-true-delay 
         "Pirates get away..." 
         0 
      )
   )
)
$Multi text
    XSTR("You had ample time to scan the cargo at the depot, Shadow 1. Those containers could have held the key to this whole mystery.", 5585)
$end_multi_text
$Voice: dl12_db9.ogg
$Recommendation text:
    XSTR("Scan the cargo at the start of the mission.", 5586)
$end_multi_text

$Formula: ( and 
   ( or 
      ( is-goal-false-delay 
         "Protect depot" 
         0 
      )
      ( or 
         ( is-goal-false-delay 
            "Destroy raiders" 
            0 
         )
         ( is-goal-false-delay 
            "Protect Sophron" 
            0 
         )
      )
   )
   ( or 
      ( is-event-true-delay 
         "Area's clear" 
         0 
      )
      ( is-event-true-delay 
         "Pirates get away..." 
         0 
      )
   )
)
$Multi text
    XSTR("Our failure out there has put a black mark on Shadow wing's record with the mercenaries. They won't be too pleased about this mess. We could have done to succeed in the mission in order to gain the mercenaries' trust. We can only hope that our next mission gives us a chance to redeem ourselves.", 5587)
$end_multi_text
$Voice: dl12_db10.ogg
$Recommendation text:
    XSTR("", 10)
$end_multi_text

$Formula: ( and 
   ( is-event-false-delay 
      "Area's clear" 
      0 
   )
   ( is-event-false-delay 
      "Pirates get away..." 
      0 
   )
)
$Multi text
    XSTR("Your desertion put the entire wing under suspicion, pilot. Sneaking off in the middle of a mission did not give a good impression, and our already precarious position with them has been weakened further.

I'm dropping you from the team, pilot. You aren't suited to deep cover operations, evidently. With luck, they won't even know you're gone.

Dismissed.", 5588)
$end_multi_text
$Voice: dl_des3.ogg
$Recommendation text:
    XSTR("Do not depart until told to do so.", 4797)
$end_multi_text

#Players		;! 1 total

$Starting Shipname: Shadow 1
$Ship Choices: (
	"GTF Ulysses"	4
	"GTF Hercules"	1
	"GTF Loki"	4
)

+Weaponry Pool: (
	"Subach HL-7"	10
	"Prometheus R"	12
	"Rockeye"	210
	"Tempest"	300
	"Hornet"	515
	"Tornado"	40
	"Harpoon"	96
)

#Objects		;! 33 total

$Name: Shadow 1		;! Object #0
$Display Name: XSTR("Shadow 1", 5589)
$Class: GTF Hercules
$Team: Friendly
$Location: 32.256298, 124.283195, 519.083557
$Orientation:
	-0.461073, 0.000000, -0.887363,
	0.000000, 1.000000, 0.000000,
	0.887363, 0.000000, -0.461073
$AI Behavior: None
$Cargo 1:  XSTR("Nothing", 13)
+Initial Hull: 100
+Subsystem: Pilot
$Arrival Location: Hyperspace
$Arrival Cue: ( false ) 
$Departure Location: Hyperspace
$Departure Cue: ( false ) 
$Determination: 10
+Flags: ( "cargo-known" "player-start" )
+Flags2: ( )
+Respawn priority: 0
+Group: 0
+Score: 8

$Name: Shadow 2		;! Object #1
$Display Name: XSTR("Shadow 2", 5571)
$Class: GTF Hercules
$Team: Friendly
$Location: 22.889660, 124.283195, 561.788513
$Orientation:
	-0.461073, 0.000000, -0.887362,
	0.000000, 1.000000, 0.000000,
	0.887362, 0.000000, -0.461073
$AI Behavior: None
+AI Class: Colonel
$Cargo 1:  XSTR("Nothing", 13)
+Initial Velocity: 33
+Initial Hull: 100
+Subsystem: Pilot
$Arrival Location: Hyperspace
$Arrival Cue: ( false ) 
$Departure Location: Hyperspace
$Departure Cue: ( false ) 
$Determination: 10
+Flags: ( "cargo-known" )
+Flags2: ( )
+Respawn priority: 0
+Group: 0
+Use Table Score:
+Score: 10

$Name: Shadow 3		;! Object #2
$Display Name: XSTR("Shadow 3", 5590)
$Class: GTF Hercules
$Team: Friendly
$Location: -6.948139, 124.283195, 502.471802
$Orientation:
	-0.461073, 0.000000, -0.887362,
	0.000000, 1.000000, 0.000000,
	0.887362, 0.000000, -0.461073
$AI Behavior: None
+AI Class: Colonel
$Cargo 1:  XSTR("Nothing", 13)
+Initial Velocity: 33
+Initial Hull: 100
+Subsystem: Pilot
$Arrival Location: Hyperspace
$Arrival Cue: ( false ) 
$Departure Location: Hyperspace
$Departure Cue: ( false ) 
$Determination: 10
+Flags: ( "cargo-known" )
+Flags2: ( )
+Respawn priority: 0
+Group: 0
+Use Table Score:
+Score: 10

$Name: Shadow 4		;! Object #3
$Display Name: XSTR("Shadow 4", 5591)
$Class: GTF Hercules
$Team: Friendly
$Location: -21.821964, 124.283195, 547.182678
$Orientation:
	-0.461073, 0.000000, -0.887362,
	0.000000, 1.000000, 0.000000,
	0.887362, 0.000000, -0.461073
$AI Behavior: None
+AI Class: Colonel
$Cargo 1:  XSTR("Nothing", 13)
+Initial Velocity: 33
+Initial Hull: 100
+Subsystem: Pilot
$Arrival Location: Hyperspace
$Arrival Cue: ( false ) 
$Departure Location: Hyperspace
$Departure Cue: ( false ) 
$Determination: 10
+Flags: ( "cargo-known" )
+Flags2: ( )
+Respawn priority: 0
+Group: 0
+Use Table Score:
+Score: 10

$Name: TC 2 #4		;! Object #4
$Display Name: XSTR("TC 2", 4580)
$Class: TC 2
$Team: Friendly
$Location: 207.080933, -116.149216, -192.083344
$Orientation:
	0.724836, 0.000000, 0.688922,
	0.000000, 1.000000, 0.000000,
	-0.688922, 0.000000, 0.724836
$AI Behavior: None
$Cargo 1:  XSTR("Food Supplies", 5328)
+Initial Velocity: 33
+Initial Hull: 100
+Initial Shields: 100
+Subsystem: Pilot
$Arrival Location: Hyperspace
$Arrival Cue: ( true ) 
$Departure Location: Hyperspace
$Departure Cue: ( false ) 
$Determination: 10
+Flags: ( "protect-ship" "no-shields" "beam-protect-ship" )
+Flags2: ( )
+Respawn priority: 0
+Group: 0
+Use Table Score:
+Score: 0

$Name: TC 2 #5		;! Object #5
$Display Name: XSTR("TC 2", 4580)
$Class: TC 2
$Team: Friendly
$Location: 340.102142, -112.420052, -66.499725
$Orientation:
	0.724836, 0.000000, 0.688921,
	0.000000, 1.000000, 0.000000,
	-0.688921, 0.000000, 0.724836
$AI Behavior: None
$Cargo 1:  XSTR("Food Supplies", 5328)
+Initial Velocity: 33
+Initial Hull: 100
+Initial Shields: 100
+Subsystem: Pilot
$Arrival Location: Hyperspace
$Arrival Cue: ( true ) 
$Departure Location: Hyperspace
$Departure Cue: ( false ) 
$Determination: 10
+Flags: ( "protect-ship" "no-shields" "beam-protect-ship" )
+Flags2: ( )
+Respawn priority: 0
+Group: 0
+Use Table Score:
+Score: 0

$Name: TC 2 #6		;! Object #6
$Display Name: XSTR("TC 2", 4580)
$Class: TC 2
$Team: Friendly
$Location: 353.754181, -26.090225, -231.063065
$Orientation:
	0.724836, 0.000000, 0.688921,
	0.000000, 1.000000, 0.000000,
	-0.688921, 0.000000, 0.724836
$AI Behavior: None
$Cargo 1:  XSTR("Food Supplies", 5328)
+Initial Velocity: 33
+Initial Hull: 100
+Initial Shields: 100
+Subsystem: Pilot
$Arrival Location: Hyperspace
$Arrival Cue: ( true ) 
$Departure Location: Hyperspace
$Departure Cue: ( false ) 
$Determination: 10
+Flags: ( "protect-ship" "no-shields" "beam-protect-ship" )
+Flags2: ( )
+Respawn priority: 0
+Group: 0
+Use Table Score:
+Score: 0

$Name: TC 2 #7		;! Object #7
$Display Name: XSTR("TC 2", 4580)
$Class: TC 2
$Team: Friendly
$Location: 374.400818, -60.091705, -414.328064
$Orientation:
	0.724836, 0.000000, 0.688921,
	0.000000, 1.000000, 0.000000,
	-0.688921, 0.000000, 0.724836
$AI Behavior: None
$Cargo 1:  XSTR("Medical supplies", 5592)
+Initial Velocity: 33
+Initial Hull: 100
+Initial Shields: 100
+Subsystem: Pilot
$Arrival Location: Hyperspace
$Arrival Cue: ( true ) 
$Departure Location: Hyperspace
$Departure Cue: ( false ) 
$Determination: 10
+Flags: ( "protect-ship" "no-shields" "beam-protect-ship" )
+Flags2: ( )
+Respawn priority: 0
+Group: 0
+Use Table Score:
+Score: 0

$Name: TC 2 #8		;! Object #8
$Display Name: XSTR("TC 2", 4580)
$Class: TC 2
$Team: Friendly
$Location: 518.285034, -57.196083, -288.537506
$Orientation:
	0.724836, 0.000000, 0.688921,
	0.000000, 1.000000, 0.000000,
	-0.688921, 0.000000, 0.724836
$AI Behavior: None
$Cargo 1:  XSTR("Freighter parts", 5593)
+Initial Velocity: 33
+Initial Hull: 100
+Initial Shields: 100
+Subsystem: Pilot
$Arrival Location: Hyperspace
$Arrival Cue: ( true ) 
$Departure Location: Hyperspace
$Departure Cue: ( false ) 
$Determination: 10
+Flags: ( "protect-ship" "no-shields" "beam-protect-ship" )
+Flags2: ( )
+Respawn priority: 0
+Group: 0
+Use Table Score:
+Score: 0

$Name: TAC 1 #9		;! Object #9
$Display Name: XSTR("TAC 1", 4595)
$Class: TAC 1
$Team: Friendly
$Location: -238.238754, 172.640915, 48.379257
$Orientation:
	0.764842, 0.000000, 0.644217,
	0.000000, 1.000000, 0.000000,
	-0.644217, 0.000000, 0.764842
$AI Behavior: None
$Cargo 1:  XSTR("Metal Ore", 5594)
+Initial Velocity: 33
+Initial Hull: 100
+Initial Shields: 100
+Subsystem: Pilot
$Arrival Location: Hyperspace
$Arrival Cue: ( true ) 
$Departure Location: Hyperspace
$Departure Cue: ( false ) 
$Determination: 10
+Flags: ( "protect-ship" "no-shields" "beam-protect-ship" )
+Flags2: ( )
+Respawn priority: 0
+Group: 0
+Use Table Score:
+Score: 5

$Name: TAC 1 #10		;! Object #10
$Display Name: XSTR("TAC 1", 4595)
$Class: TAC 1
$Team: Friendly
$Location: -218.603928, 172.640778, -200.432129
$Orientation:
	0.764842, 0.000000, 0.644218,
	0.000000, 1.000000, 0.000000,
	-0.644218, 0.000000, 0.764842
$AI Behavior: None
$Cargo 1:  XSTR("Unable to scan", 5595)
+Initial Velocity: 33
+Initial Hull: 100
+Initial Shields: 100
+Subsystem: Pilot
$Arrival Location: Hyperspace
$Arrival Cue: ( true ) 
$Departure Location: Hyperspace
$Departure Cue: ( false ) 
$Determination: 10
+Flags: ( "protect-ship" "no-shields" "beam-protect-ship" )
+Flags2: ( )
+Respawn priority: 0
+Group: 0
+Use Table Score:
+Score: 5

$Name: TAC 1 #11		;! Object #11
$Display Name: XSTR("TAC 1", 4595)
$Class: TAC 1
$Team: Friendly
$Location: 18.422119, 172.640671, -261.072449
$Orientation:
	0.764842, 0.000000, 0.644218,
	0.000000, 1.000000, 0.000000,
	-0.644218, 0.000000, 0.764842
$AI Behavior: None
$Cargo 1:  XSTR("Jamming Equipment", 5596)
+Initial Velocity: 33
+Initial Hull: 100
+Initial Shields: 100
+Subsystem: Pilot
$Arrival Location: Hyperspace
$Arrival Cue: ( true ) 
$Departure Location: Hyperspace
$Departure Cue: ( false ) 
$Determination: 10
+Flags: ( "protect-ship" "no-shields" "beam-protect-ship" )
+Flags2: ( )
+Respawn priority: 0
+Group: 0
+Use Table Score:
+Score: 5

$Name: TAC 1 #12		;! Object #12
$Display Name: XSTR("TAC 1", 4595)
$Class: TAC 1
$Team: Friendly
$Location: -20.713007, 172.640717, -4.074697
$Orientation:
	0.764842, 0.000000, 0.644218,
	0.000000, 1.000000, 0.000000,
	-0.644218, 0.000000, 0.764842
$AI Behavior: None
$Cargo 1:  XSTR("Unable to scan", 5595)
+Initial Velocity: 33
+Initial Hull: 100
+Initial Shields: 100
+Subsystem: Pilot
$Arrival Location: Hyperspace
$Arrival Cue: ( true ) 
$Departure Location: Hyperspace
$Departure Cue: ( false ) 
$Determination: 10
+Flags: ( "protect-ship" "no-shields" "beam-protect-ship" )
+Flags2: ( )
+Respawn priority: 0
+Group: 0
+Use Table Score:
+Score: 5

$Name: Kidd 1		;! Object #13
$Display Name: XSTR("Kidd 1", 4818)
$Class: GTF Loki
$Team: Friendly
$Location: -310.503998, -148.312241, -612.861267
$Orientation:
	0.305817, 0.000000, 0.952091,
	0.000000, 1.000000, 0.000000,
	-0.952091, 0.000000, 0.305817
$AI Behavior: None
+AI Class: Lieutenant
$Cargo 1:  XSTR("Nothing", 13)
+Initial Velocity: 33
+Initial Hull: 100
+Subsystem: Pilot
$Arrival Location: Hyperspace
$Arrival Cue: ( false ) 
$Departure Location: Hyperspace
$Departure Cue: ( false ) 
$Determination: 10
+Flags: ( "cargo-known" )
+Flags2: ( )
+Respawn priority: 0
+Orders Accepted: 0		;! note that this is a bitfield!!!
+Group: 0
+Use Table Score:
+Score: 7

$Name: Kidd 2		;! Object #14
$Display Name: XSTR("Kidd 2", 4819)
$Class: GTF Loki
$Team: Friendly
$Location: -282.063690, -148.312241, -661.881287
$Orientation:
	0.305817, 0.000000, 0.952090,
	0.000000, 1.000000, 0.000000,
	-0.952090, 0.000000, 0.305817
$AI Behavior: None
+AI Class: Lieutenant
$Cargo 1:  XSTR("Nothing", 13)
+Initial Velocity: 33
+Initial Hull: 100
+Subsystem: Pilot
$Arrival Location: Hyperspace
$Arrival Cue: ( false ) 
$Departure Location: Hyperspace
$Departure Cue: ( false ) 
$Determination: 10
+Flags: ( "cargo-known" )
+Flags2: ( )
+Respawn priority: 0
+Orders Accepted: 0		;! note that this is a bitfield!!!
+Group: 0
+Use Table Score:
+Score: 7

$Name: Kidd 3		;! Object #15
$Display Name: XSTR("Kidd 3", 4820)
$Class: GTF Loki
$Team: Friendly
$Location: -262.987244, -148.312332, -599.037231
$Orientation:
	0.305817, 0.000000, 0.952090,
	0.000000, 1.000000, 0.000000,
	-0.952090, 0.000000, 0.305817
$AI Behavior: None
+AI Class: Lieutenant
$Cargo 1:  XSTR("Nothing", 13)
+Initial Velocity: 33
+Initial Hull: 100
+Subsystem: Pilot
$Arrival Location: Hyperspace
$Arrival Cue: ( false ) 
$Departure Location: Hyperspace
$Departure Cue: ( false ) 
$Determination: 10
+Flags: ( "cargo-known" )
+Flags2: ( )
+Respawn priority: 0
+Orders Accepted: 0		;! note that this is a bitfield!!!
+Group: 0
+Use Table Score:
+Score: 7

$Name: TSC 2 #16		;! Object #16
$Display Name: XSTR("TSC 2", 4581)
$Class: TSC 2
$Team: Friendly
$Location: -454.486267, -0.000401, 271.005829
$Orientation:
	0.738469, 0.000000, -0.674288,
	0.000000, 1.000000, 0.000000,
	0.674288, 0.000000, 0.738469
$AI Behavior: None
$Cargo 1:  XSTR("Electronics", 59)
+Initial Velocity: 33
+Initial Hull: 100
+Initial Shields: 100
+Subsystem: Pilot
$Arrival Location: Hyperspace
$Arrival Cue: ( true ) 
$Departure Location: Hyperspace
$Departure Cue: ( false ) 
$Determination: 10
+Flags: ( "protect-ship" "no-shields" "beam-protect-ship" )
+Flags2: ( )
+Respawn priority: 0
+Group: 0
+Use Table Score:
+Score: 0

$Name: TSC 2 #17		;! Object #17
$Display Name: XSTR("TSC 2", 4581)
$Class: TSC 2
$Team: Friendly
$Location: -504.943420, -0.000646, 130.766296
$Orientation:
	0.738469, 0.000000, -0.674287,
	0.000000, 1.000000, 0.000000,
	0.674287, 0.000000, 0.738469
$AI Behavior: None
$Cargo 1:  XSTR("Freighter parts", 5593)
+Initial Velocity: 33
+Initial Hull: 100
+Initial Shields: 100
+Subsystem: Pilot
$Arrival Location: Hyperspace
$Arrival Cue: ( true ) 
$Departure Location: Hyperspace
$Departure Cue: ( false ) 
$Determination: 10
+Flags: ( "protect-ship" "no-shields" "beam-protect-ship" )
+Flags2: ( )
+Respawn priority: 0
+Group: 0
+Use Table Score:
+Score: 0

$Name: TSC 2 #18		;! Object #18
$Display Name: XSTR("TSC 2", 4581)
$Class: TSC 2
$Team: Friendly
$Location: -541.950745, -0.000425, -32.654499
$Orientation:
	0.738469, 0.000000, -0.674287,
	0.000000, 1.000000, 0.000000,
	0.674287, 0.000000, 0.738469
$AI Behavior: None
$Cargo 1:  XSTR("Fuel converters", 5597)
+Initial Velocity: 33
+Initial Hull: 100
+Initial Shields: 100
+Subsystem: Pilot
$Arrival Location: Hyperspace
$Arrival Cue: ( true ) 
$Departure Location: Hyperspace
$Departure Cue: ( false ) 
$Determination: 10
+Flags: ( "protect-ship" "no-shields" "beam-protect-ship" )
+Flags2: ( )
+Respawn priority: 0
+Group: 0
+Use Table Score:
+Score: 0

$Name: Sophron		;! Object #19
$Display Name: XSTR("Sophron", 5598)
$Class: GTFR Triton
$Team: Friendly
$Location: -4286.606445, 0.001542, 1186.414185
$Orientation:
	0.813879, 0.000000, -0.581035,
	0.121122, 0.978031, 0.169661,
	0.568270, -0.208460, 0.795999
$AI Behavior: None
$AI Goals: ( goals ( ai-waypoints-once "Sophron escape" 75 ) )
$Cargo 1:  XSTR("Nothing", 13)
+Initial Velocity: 33
+Initial Hull: 56
+Initial Shields: 100
+Subsystem: Pilot
+Subsystem: turret01
+Subsystem: turret02
+Subsystem: communications
$Damage: 41
+Subsystem: navigation
$Damage: 68
+Subsystem: weapons
$Damage: 12
+Subsystem: sensors
$Damage: 24
+Subsystem: engine
$Damage: 10
$Arrival Location: Hyperspace
$Arrival Cue: ( has-time-elapsed 68 ) 
$Departure Location: Hyperspace
$Departure Cue: ( is-event-true-delay 
   "Sophron departure cue (sf-j)" 
   3 
)
$Determination: 10
+Flags: ( "cargo-known" "no-shields" "escort" )
+Flags2: ( )
+Respawn priority: 0
+Escort priority: 80
+Orders Accepted: 0		;! note that this is a bitfield!!!
+Group: 0
+Use Table Score:
+Score: 20

$Name: Marauder 1		;! Object #20
$Display Name: XSTR("Marauder 1", 5599)
$Class: GTF Ulysses
$Team: Hostile
$Location: -4791.172363, 544.478699, 30.944584
$Orientation:
	0.932327, 0.000000, -0.361616,
	0.000000, 1.000000, 0.000000,
	0.361616, 0.000000, 0.932327
$AI Behavior: None
+AI Class: Lieutenant
$Cargo 1:  XSTR("Nothing", 13)
+Initial Velocity: 33
+Initial Hull: 100
+Subsystem: Pilot
+Primary Banks: ( "Subach HL-7" "Subach HL-7" )
$Arrival Location: Hyperspace
$Arrival Cue: ( false ) 
$Departure Location: Hyperspace
$Departure Cue: ( false ) 
$Determination: 10
+Flags: ( "cargo-known" )
+Flags2: ( )
+Respawn priority: 0
+Group: 0
+Use Table Score:
+Score: 8

$Name: Marauder 2		;! Object #21
$Display Name: XSTR("Marauder 2", 5600)
$Class: GTF Ulysses
$Team: Hostile
$Location: -4852.474121, 544.478882, 4.479919
$Orientation:
	0.932327, 0.000000, -0.361615,
	0.000000, 1.000000, 0.000000,
	0.361615, 0.000000, 0.932327
$AI Behavior: None
+AI Class: Lieutenant
$Cargo 1:  XSTR("Nothing", 13)
+Initial Velocity: 33
+Initial Hull: 100
+Subsystem: Pilot
+Primary Banks: ( "Subach HL-7" "Subach HL-7" )
$Arrival Location: Hyperspace
$Arrival Cue: ( false ) 
$Departure Location: Hyperspace
$Departure Cue: ( false ) 
$Determination: 10
+Flags: ( "cargo-known" )
+Flags2: ( )
+Respawn priority: 0
+Group: 0
+Use Table Score:
+Score: 8

$Name: Marauder 3		;! Object #22
$Display Name: XSTR("Marauder 3", 5601)
$Class: GTF Ulysses
$Team: Hostile
$Location: -4745.426270, 544.478760, -44.947884
$Orientation:
	0.932327, 0.000000, -0.361615,
	0.000000, 1.000000, 0.000000,
	0.361615, 0.000000, 0.932327
$AI Behavior: None
+AI Class: Lieutenant
$Cargo 1:  XSTR("Nothing", 13)
+Initial Velocity: 33
+Initial Hull: 100
+Subsystem: Pilot
+Primary Banks: ( "Subach HL-7" "Subach HL-7" )
$Arrival Location: Hyperspace
$Arrival Cue: ( false ) 
$Departure Location: Hyperspace
$Departure Cue: ( false ) 
$Determination: 10
+Flags: ( "cargo-known" )
+Flags2: ( )
+Respawn priority: 0
+Group: 0
+Use Table Score:
+Score: 8

$Name: Marauder 4		;! Object #23
$Display Name: XSTR("Marauder 4", 5602)
$Class: GTF Ulysses
$Team: Hostile
$Location: -4818.891113, 544.478699, -60.179329
$Orientation:
	0.932327, 0.000000, -0.361615,
	0.000000, 1.000000, 0.000000,
	0.361615, 0.000000, 0.932327
$AI Behavior: None
+AI Class: Lieutenant
$Cargo 1:  XSTR("Nothing", 13)
+Initial Velocity: 33
+Initial Hull: 100
+Subsystem: Pilot
+Primary Banks: ( "Subach HL-7" "Subach HL-7" )
$Arrival Location: Hyperspace
$Arrival Cue: ( false ) 
$Departure Location: Hyperspace
$Departure Cue: ( false ) 
$Determination: 10
+Flags: ( "cargo-known" )
+Flags2: ( )
+Respawn priority: 0
+Group: 0
+Use Table Score:
+Score: 8

$Name: Bandit 1		;! Object #24
$Display Name: XSTR("Bandit 1", 5603)
$Class: GTF Loki
$Team: Hostile
$Location: -4814.860352, 343.618011, 1772.882446
$Orientation:
	-0.596557, 0.000000, -0.802571,
	0.000000, 1.000000, 0.000000,
	0.802571, 0.000000, -0.596557
$AI Behavior: None
+AI Class: Lieutenant
$Cargo 1:  XSTR("Nothing", 13)
+Initial Velocity: 33
+Initial Hull: 100
+Subsystem: Pilot
$Arrival Location: Hyperspace
$Arrival Cue: ( false ) 
$Departure Location: Hyperspace
$Departure Cue: ( false ) 
$Determination: 10
+Flags: ( "cargo-known" )
+Flags2: ( )
+Respawn priority: 0
+Group: 0
+Use Table Score:
+Score: 7

$Name: Bandit 2		;! Object #25
$Display Name: XSTR("Bandit 2", 5604)
$Class: GTF Loki
$Team: Hostile
$Location: -4836.533203, 343.618103, 1837.868652
$Orientation:
	-0.596557, 0.000000, -0.802571,
	0.000000, 1.000000, 0.000000,
	0.802571, 0.000000, -0.596557
$AI Behavior: None
+AI Class: Lieutenant
$Cargo 1:  XSTR("Nothing", 13)
+Initial Velocity: 33
+Initial Hull: 100
+Subsystem: Pilot
$Arrival Location: Hyperspace
$Arrival Cue: ( false ) 
$Departure Location: Hyperspace
$Departure Cue: ( false ) 
$Determination: 10
+Flags: ( "cargo-known" )
+Flags2: ( )
+Respawn priority: 0
+Group: 0
+Use Table Score:
+Score: 7

$Name: Bandit 3		;! Object #26
$Display Name: XSTR("Bandit 3", 5605)
$Class: GTF Loki
$Team: Hostile
$Location: -4891.080078, 343.618011, 1761.550537
$Orientation:
	-0.596557, 0.000000, -0.802571,
	0.000000, 1.000000, 0.000000,
	0.802571, 0.000000, -0.596557
$AI Behavior: None
+AI Class: Lieutenant
$Cargo 1:  XSTR("Nothing", 13)
+Initial Velocity: 33
+Initial Hull: 100
+Subsystem: Pilot
$Arrival Location: Hyperspace
$Arrival Cue: ( false ) 
$Departure Location: Hyperspace
$Departure Cue: ( false ) 
$Determination: 10
+Flags: ( "cargo-known" )
+Flags2: ( )
+Respawn priority: 0
+Group: 0
+Use Table Score:
+Score: 7

$Name: Bandit 4		;! Object #27
$Display Name: XSTR("Bandit 4", 5606)
$Class: GTF Loki
$Team: Hostile
$Location: -4911.789063, 343.618103, 1844.077881
$Orientation:
	-0.596557, 0.000000, -0.802571,
	0.000000, 1.000000, 0.000000,
	0.802571, 0.000000, -0.596557
$AI Behavior: None
+AI Class: Lieutenant
$Cargo 1:  XSTR("Nothing", 13)
+Initial Velocity: 33
+Initial Hull: 100
+Subsystem: Pilot
$Arrival Location: Hyperspace
$Arrival Cue: ( false ) 
$Departure Location: Hyperspace
$Departure Cue: ( false ) 
$Determination: 10
+Flags: ( "cargo-known" )
+Flags2: ( )
+Respawn priority: 0
+Group: 0
+Use Table Score:
+Score: 7

$Name: Pirate Poseidon I		;! Object #28
$Display Name: XSTR("Pirate Poseidon I", 5607)
$Class: GTFR Poseidon
$Team: Hostile
$Location: 1569.345215, 740.157288, 1360.626953
$Orientation:
	-0.846408, 0.000000, 0.532535,
	0.000000, 1.000000, 0.000000,
	-0.532535, 0.000000, -0.846408
$AI Behavior: None
+AI Class: Lieutenant
$AI Goals: ( goals ( ai-dock "TC 2 #8" "cargo dock" "cargo dock" 89 ) )
$Cargo 1:  XSTR("Nothing", 13)
+Initial Velocity: 33
+Initial Hull: 100
+Initial Shields: 100
+Subsystem: Pilot
+Subsystem: turret01
+AI Class: Lieutenant
+Primary Banks: ( "" )
+Subsystem: turret02
+AI Class: Lieutenant
+Primary Banks: ( "" )
+Subsystem: turret03
+AI Class: Lieutenant
+Primary Banks: ( "" )
+Subsystem: turret04
+AI Class: Lieutenant
$Arrival Location: Hyperspace
$Arrival Cue: ( has-arrived-delay 50 "Bandit" ) 
$Departure Location: Hyperspace
$Departure Cue: ( are-waypoints-done-delay 
   "Pirate Poseidon I" 
   "Pos I run" 
   0 
)
$Determination: 10
+Flags: ( "cargo-known" "no-shields" "escort" )
+Flags2: ( )
+Respawn priority: 0
+Escort priority: 70
+Orders Accepted: 0		;! note that this is a bitfield!!!
+Group: 0
+Use Table Score:
+Score: 15

$Name: Pirate Poseidon II		;! Object #29
$Display Name: XSTR("Pirate Poseidon II", 5608)
$Class: GTFR Poseidon
$Team: Hostile
$Location: 1630.881104, 740.157471, 1228.533691
$Orientation:
	-0.846408, 0.000000, 0.532535,
	0.000000, 1.000000, 0.000000,
	-0.532535, 0.000000, -0.846408
$AI Behavior: None
+AI Class: Lieutenant
$AI Goals: ( goals ( ai-dock "TC 2 #5" "cargo dock" "cargo dock" 89 ) )
$Cargo 1:  XSTR("Nothing", 13)
+Initial Velocity: 33
+Initial Hull: 100
+Initial Shields: 100
+Subsystem: Pilot
+Subsystem: turret01
+AI Class: Lieutenant
+Primary Banks: ( "" )
+Subsystem: turret02
+AI Class: Lieutenant
+Primary Banks: ( "" )
+Subsystem: turret03
+AI Class: Lieutenant
+Primary Banks: ( "" )
+Subsystem: turret04
+AI Class: Lieutenant
$Arrival Location: Hyperspace
$Arrival Cue: ( has-arrived-delay 50 "Bandit" ) 
$Departure Location: Hyperspace
$Departure Cue: ( are-waypoints-done-delay 
   "Pirate Poseidon II" 
   "Pos II run" 
   0 
)
$Determination: 10
+Flags: ( "cargo-known" "no-shields" "escort" )
+Flags2: ( )
+Respawn priority: 0
+Escort priority: 70
+Orders Accepted: 0		;! note that this is a bitfield!!!
+Group: 0
+Use Table Score:
+Score: 15

$Name: Corsair 1		;! Object #30
$Display Name: XSTR("Corsair 1", 5609)
$Class: GTF Loki
$Team: Hostile
$Location: 1336.026489, 455.219879, 1423.831665
$Orientation:
	-0.763815, 0.000000, 0.645435,
	0.000000, 1.000000, 0.000000,
	-0.645435, 0.000000, -0.763815
$AI Behavior: None
+AI Class: Lieutenant
$Cargo 1:  XSTR("Nothing", 13)
+Initial Velocity: 33
+Initial Hull: 100
+Subsystem: Pilot
$Arrival Location: Hyperspace
$Arrival Cue: ( false ) 
$Departure Location: Hyperspace
$Departure Cue: ( false ) 
$Determination: 10
+Flags: ( "cargo-known" )
+Flags2: ( )
+Respawn priority: 0
+Group: 0
+Use Table Score:
+Score: 7

$Name: Corsair 2		;! Object #31
$Display Name: XSTR("Corsair 2", 5610)
$Class: GTF Loki
$Team: Hostile
$Location: 1408.881348, 455.219879, 1423.933716
$Orientation:
	-0.763815, 0.000000, 0.645435,
	0.000000, 1.000000, 0.000000,
	-0.645435, 0.000000, -0.763815
$AI Behavior: None
+AI Class: Lieutenant
$Cargo 1:  XSTR("Nothing", 13)
+Initial Velocity: 33
+Initial Hull: 100
+Subsystem: Pilot
$Arrival Location: Hyperspace
$Arrival Cue: ( false ) 
$Departure Location: Hyperspace
$Departure Cue: ( false ) 
$Determination: 10
+Flags: ( "cargo-known" )
+Flags2: ( )
+Respawn priority: 0
+Group: 0
+Use Table Score:
+Score: 7

$Name: Kidd 4		;! Object #32
$Display Name: XSTR("Kidd 4", 4821)
$Class: GTF Loki
$Team: Friendly
