#Mission Info

$Version: 0.10
$Name:  XSTR("Bond of Trust", 5712)
$Author: Kellan
$Created: 02/27/00 at 07:44:36
$Modified: 10/13/13 at 16:54:28
$Notes:
Created by Kellan, assassinated by BR five years later$End Notes:

$Mission Desc:
 XSTR("SOC fakes a convoy capture so that their undercover team can win the trust of the mercenaries...", 5713)
$end_multi_text
+Game Type Flags: 1
+Flags: 8
+Fog Near Mult: 1.000000

+Fog Far Mult: 1.000000

+Disallow Support: 0
+Hull Repair Ceiling: 0.000000
+Subsystem Repair Ceiling: 100.000000

+Player Entry Delay:
2.000000

+Viewer pos: 2476.118408, 22013.435547, 2841.742920
+Viewer orient:
	-0.386594, -0.000002, 0.922250,
	-0.915192, 0.123481, -0.383635,
	-0.113879, -0.992347, -0.047739

$Starting wing names: ( "Shadow" "Beta" "Gamma" )
$Squadron wing names: ( "Shadow" "Beta" "Gamma" "Hook" "Epsilon" )
$Team-versus-team wing names: ( "Shadow" "Zeta" )

$Load Screen 640:	dl4.pcx
$Load Screen 1024:	2_dl4.pcx

$Skybox Model: starfield.pof

$AI Profile: FS2 RETAIL

#Sexp_variables

$Variables:
(
		0		"autoGenVar1"		"GTFf Saphah"		"string"
)

#Command Briefing

#Briefing
$start_briefing
$num_stages: 5
$start_stage
$multi_text
 XSTR("With a little intelligence supplied by myself, the $b mercenaries have pinpointed a $r GTVA convoy passing though $b Altair on its way to $h Luxor $h Station. This convoy is carrying valuable cargo, which the mercenaries wish to 'procure'. Since I supplied the intelligence, $f Shadow wing gets the honour of leading the strike.", 5714)
$end_multi_text
$voice: dl13_b1.ogg
$camera_pos: 1077.706299, 5007.347656, 1246.905151
$camera_orient:
	0.849377, -0.000002, 0.527787,
	-0.513833, 0.228426, 0.826921,
	-0.120562, -0.973561, 0.194018
$camera_time: 1000
$num_lines: 0
$num_icons: 2
$Flags: 0
$Formula: ( true ) 
$start_icon
$type: 1
$team: Friendly
$class: GTF Myrmidon
$pos: 2150.675049, 78.658875, 2691.981201
$label: XSTR("Shadow", 5621)
+id: 1
$hlight: 0
$mirror: 0
$multi_text
$end_multi_text
$end_icon
$start_icon
$type: 14
$team: Hostile
$class: GTFR Triton
$pos: -2.767380, 337.035187, 2090.648926
$label: XSTR("GTVA convoy", 5715)
+id: 2
$hlight: 0
$mirror: 0
$multi_text
$end_multi_text
$end_icon
$end_stage
$start_stage
$multi_text
 XSTR("The convoy consists of three $b Triton class freighters - the $h Beck, the $h Finlay and the $h Torres, with their respective cargoes. The convoy is guarded by a wing of $b Lokis, designated $h Omega.  

These fighters should pose no threat to us, as we will be equipped with far more modern fighters. However, the flak guns on the freighters pose a considerable threat. Avoid them if possible by attacking the freighters from below.", 5716)
$end_multi_text
$voice: dl13_b2.ogg
$camera_pos: -120.402298, 2793.400635, 1355.826050
$camera_orient:
	0.849377, -0.000002, 0.527787,
	-0.513833, 0.228426, 0.826921,
	-0.120562, -0.973561, 0.194018
$camera_time: 1000
$num_lines: 0
$num_icons: 3
$Flags: 0
$Formula: ( true ) 
$start_icon
$type: 1
$team: Friendly
$class: GTF Myrmidon
$pos: 2150.675049, 78.658875, 2691.981201
$label: XSTR("Shadow", 5621)
+id: 1
$hlight: 0
$mirror: 0
$multi_text
$end_multi_text
$end_icon
$start_icon
$type: 14
$team: Hostile
$class: GTFR Triton
$pos: -2.767380, 337.035187, 2090.648926
$label: XSTR("Freighters", 5717)
+id: 2
$hlight: 0
$mirror: 0
$multi_text
$end_multi_text
$end_icon
$start_icon
$type: 1
$team: Hostile
$class: GTF Loki
$pos: -994.072632, 35.463219, 1568.492310
$label: XSTR("Omega", 5718)
+id: 3
$hlight: 0
$mirror: 0
$multi_text
$end_multi_text
$end_icon
$end_stage
$start_stage
$multi_text
 XSTR("We will attack the convoy as they near the coordinates for the jump to $h Luxor $h Station. We will have a limited window of opportunity for attack. If the freighters make it to $h Luxor $h Station, we will not be able to pursue them. $r GTVA presence in that area is too high to attempt the capture operation we intend to make. Engage and destroy $h Omega and the freighters, but do not destroy the cargo.", 5719)
$end_multi_text
$voice: dl13_b3.ogg
$camera_pos: 381.578094, 3024.934082, 1287.712402
$camera_orient:
	0.849377, -0.000002, 0.527787,
	-0.513833, 0.228426, 0.826921,
	-0.120562, -0.973561, 0.194018
$camera_time: 1000
$num_lines: 0
$num_icons: 3
$Flags: 0
$Formula: ( true ) 
$start_icon
$type: 1
$team: Friendly
$class: GTF Myrmidon
$pos: 991.552124, 78.658890, 2106.346680
$label: XSTR("Shadow", 5621)
+id: 1
$hlight: 0
$mirror: 0
$multi_text
$end_multi_text
$end_icon
$start_icon
$type: 14
$team: Hostile
$class: GTFR Triton
$pos: -2.767380, 337.035187, 2090.648926
$label: XSTR("Freighters", 5717)
+id: 2
$hlight: 0
$mirror: 0
$multi_text
$end_multi_text
$end_icon
$start_icon
$type: 1
$team: Hostile
$class: GTF Loki
$pos: -994.072632, 35.463219, 1568.492310
$label: XSTR("Omega", 5718)
+id: 3
$hlight: 0
$mirror: 0
$multi_text
$end_multi_text
$end_icon
$end_stage
$start_stage
$multi_text
 XSTR("Once the fighters and freighters are eliminated, the $b mercenary freighters $f Synergy and $f Equinox will be signalled and arrive to collect the cargo. They will be escorted by $f Hook wing. So assist them in covering the freighters while they collect the cargo and depart. The $r cargo $r raiders in the area, although a small force, seem to have the uncanny ability to hunt out convoys under attack, or so I'm told.", 5720)
$end_multi_text
$voice: dl13_b4.ogg
$camera_pos: 176.608673, 3024.854980, 1779.417480
$camera_orient:
	-0.386597, -0.000002, 0.922249,
	-0.915191, 0.123480, -0.383638,
	-0.113879, -0.992347, -0.047739
$camera_time: 1000
$num_lines: 0
$num_icons: 7
$Flags: 0
$Formula: ( true ) 
$start_icon
$type: 1
$team: Friendly
$class: GTF Myrmidon
$pos: 29.841003, 78.659149, 1280.678711
$label: XSTR("Shadow", 5621)
+id: 1
$hlight: 0
$mirror: 0
$multi_text
$end_multi_text
$end_icon
$start_icon
$type: 2
$team: Hostile
$class: TC-TRI
$pos: -326.391876, 177.909271, 1452.017090
$label: XSTR("Cargo", 5626)
+id: 4
$hlight: 0
$mirror: 0
$multi_text
$end_multi_text
$end_icon
$start_icon
$type: 2
$team: Hostile
$class: TC-TRI
$pos: 189.872650, 145.517563, 1670.943970
$label: XSTR("Cargo", 5626)
+id: 5
$hlight: 0
$mirror: 0
$multi_text
$end_multi_text
$end_icon
$start_icon
$type: 11
$team: Friendly
$class: GTFR Triton
$pos: -613.371765, 165.502411, 2200.330078
$label: XSTR("Synergy", 5721)
+id: 6
$hlight: 0
$mirror: 0
$multi_text
$end_multi_text
$end_icon
$start_icon
$type: 11
$team: Friendly
$class: GTFR Triton
$pos: -116.511971, 165.502350, 2415.794678
$label: XSTR("Equinox", 5722)
+id: 7
$hlight: 0
$mirror: 0
$multi_text
$end_multi_text
$end_icon
$start_icon
$type: 1
$team: Friendly
$class: GTF Hercules
$pos: -575.410706, 165.502502, 2680.671631
$label: XSTR("Hook", 5723)
+id: 8
$hlight: 0
$mirror: 0
$multi_text
$end_multi_text
$end_icon
$start_icon
$type: 17
$team: Hostile
$class: GTB Medusa
$pos: 259.633453, 165.502640, 729.979858
$label: XSTR("Raiders", 5724)
+id: 9
$hlight: 0
$mirror: 0
$multi_text
$end_multi_text
$end_icon
$end_stage
$start_stage
$multi_text
 XSTR("$f Shadow, this is for your eyes only. I've disabled any potential recording devices in the briefing room. This is strictly off the record.  

The convoy we are attacking is not a genuine $g GTVA convoy - it's a mock-up created by $g GTVI in order to give us the opportunity to gain the trust of the $b mercenaries. However, the cargo is real, as is the threat of $r raiders. The convoy is also armed. This is in order to create the illusion that it is real. However, the armaments on the fighters are considerably below the norm. It will also still jump to $f Luxor $f Station if we fail to intercept it.

Needless to say, you do NOT tell anyone this. Do so and our cover's blown for sure. I'm not sure how the mercs would react, but suffice it to say that swallowing that cyanide capsule would probably be a more comfortable death. Now get down to the fighter bays, they're waiting for us.", 5725)
$end_multi_text
$voice: dl13_b5.ogg
$camera_pos: 176.608673, 3024.854980, 1779.417480
$camera_orient:
	-0.386597, -0.000002, 0.922249,
	-0.915191, 0.123480, -0.383638,
	-0.113879, -0.992347, -0.047739
$camera_time: 1000
$num_lines: 0
$num_icons: 2
$Flags: 0
$Formula: ( true ) 
$start_icon
$type: 1
$team: Friendly
$class: GTF Myrmidon
$pos: 248.491379, 78.659081, 829.896851
$label: XSTR("Shadow", 5621)
+id: 1
$hlight: 0
$mirror: 0
$multi_text
$end_multi_text
$end_icon
$start_icon
$type: 14
$team: Hostile
$class: GTFR Triton
$pos: -269.786896, 155.510269, 2086.573975
$label: XSTR("Convoy", 5726)
+id: 10
$hlight: 0
$mirror: 0
$multi_text
$end_multi_text
$end_icon
$end_stage
$end_briefing

#Debriefing_info

$Num stages: 7

$Formula: ( is-event-true-delay 
   "Convoy ship escapes" 
   0 
)
$Multi text
    XSTR("Some of the convoy ships escaped the trap that was set. They were only drones, Shadow, and yet they beat you. Perhaps piloting fighters isn't the job for you after all.", 5727)
$end_multi_text
$Voice: dl13_db1.ogg
$Recommendation text:
    XSTR("If the freighters get too near the node, focus on them and get your wingmen to fight Omega. Take out the lead vessel first.", 5728)
$end_multi_text

$Formula: ( is-event-true-delay 
   "Goal validation check" 
   0 
)
$Multi text
    XSTR("Good work, Shadow, we got the cargo that we needed from the convoy. Those TC-TR1 units contained munitions and Hercules Mark II fighters. That'll give the mercs quite a punch in battle. Thankfully no GTVA personnel lost their lives on the vessels and the mercenaries did not catch onto our ruse.  ", 5729)
$end_multi_text
$Voice: dl13_db2.ogg
$Recommendation text:
    XSTR("", 3307)
$end_multi_text

$Formula: ( and 
   ( is-event-true-delay "BadEnd" 0 ) 
   ( is-destroyed-delay 0 "Equinox" ) 
   ( not 
      ( is-destroyed-delay 0 "Synergy" ) 
   )
)
$Multi text
    XSTR("The freighter Equinox did not survive this engagement. The cargo raiders struck, as we predicted, and you were unable to prevent them from destroying our mission critical craft. The mercenaries are dissapointed with us, and so am I. I thought that pilots recruited to the SOC were of the highest quality. Looks like I was wrong.", 5730)
$end_multi_text
$Voice: dl13_db3.ogg
$Recommendation text:
    XSTR("Destroy the fighters, as they have Hornet missiles.  Assign another wing to simultaneously fight off the bombers.", 5731)
$end_multi_text

$Formula: ( and 
   ( is-event-true-delay "BadEnd" 0 ) 
   ( is-destroyed-delay 0 "Synergy" ) 
   ( not 
      ( is-destroyed-delay 0 "Equinox" ) 
   )
)
$Multi text
    XSTR("The crew of the Synergy died attempting to capture the vital cargo that the GTVA freighters left behind. This considerably reduces the small mercenary freighter group's strength, and weakens their trust in us. I'm disappointed in you, pilots.", 5732)
$end_multi_text
$Voice: dl13_db4.ogg
$Recommendation text:
    XSTR("Destroy the fighters, as they have Hornet missiles.  Assign another wing to simultaneously fight off the bombers.", 5731)
$end_multi_text

$Formula: ( and 
   ( is-goal-true-delay "Civilians" 0 ) 
   ( is-event-true-delay 
      "Goal validation check" 
      0 
   )
)
$Multi text
    XSTR("Excellent work protecting the Astoria and her accompanying ships. The civilian vessels were carrying thousands of Capellan refugees to the rallying point at Luxor Station and additional food supplies, which have become all the more important since pirates destroyed the food supplies carried by the first wave of transports. You did a good job, though it's fortunate that the GTFf Cypher showed up at the point it did.", 5733)
$end_multi_text
$Voice: dl13_db5.ogg
$Recommendation text:
    XSTR("", 3307)
$end_multi_text

$Formula: ( and 
   ( is-goal-false-delay "Civilians" 0 ) 
   ( is-event-true-delay 
      "Goal validation check" 
      0 
   )
)
$Multi text
    XSTR("Despite our best efforts, we were not able to adequately protect the Capellan refugees on board the civilian vessels. While the deaths of these civilians is unfortunate, we were outnumbered and not fully prepared for such duties. The Cypher arrived, but to no avail. Still, we did our best. We couldn't do any more.", 5734)
$end_multi_text
$Voice: dl13_db6.ogg
$Recommendation text:
    XSTR("Watch the bombers primarily, as they can be deadly foes.  However, there was little we could have done.", 5735)
$end_multi_text

$Formula: ( and 
   ( is-event-false-delay 
      "Convoy ship escapes" 
      0 
   )
   ( is-event-false-delay 
      "Goal validation check" 
      0 
   )
   ( is-event-false-delay "BadEnd" 0 ) 
)
$Multi text
    XSTR("Your desertion put the entire wing under suspicion, pilot. Sneaking off in the middle of a mission did not give a good impression, and our already precarious position with them has been weakened further.

I'm dropping you from the team, pilot. You aren't suited to deep cover operations, evidently. With luck, they won't even know you're gone.

Dismissed.", 5641)
$end_multi_text
$Voice: dl_des3.ogg
$Recommendation text:
    XSTR("Do not depart until told to do so.", 4844)
$end_multi_text


#Players		;! 1 total

$Starting Shipname: Shadow 1
$Ship Choices: (
	"GTF Ulysses"	4
	"GTF Hercules"	6
	"GTF Loki"	4
	"GTF Myrmidon"	2
)

+Weaponry Pool: (
	"Subach HL-7"	16
	"Morning Star"	3
	"Prometheus R"	4
	"Prometheus S"	5
	"Circe"	2
	"Rockeye"	60
	"Tempest"	870
	"Hornet"	280
	"Tornado"	64
)

#Objects		;! 41 total

$Name: Shadow 1		;! Object #0
$Display Name: XSTR("Shadow 1", 5642)
$Class: GTF Myrmidon
$Team: Friendly
$Location: 4257.828125, -820.299988, 713.076233
$Orientation:
	0.451873, 0.000000, 0.892082,
	0.346748, 0.921366, -0.175641,
	-0.821934, 0.388696, 0.416341
$AI Behavior: None
$Cargo 1:  XSTR("Nothing", 4846)
+Initial Hull: 100
+Subsystem: Pilot
+Secondary Banks: ( "Tempest" "Tornado" "Hornet" )
$Arrival Location: Hyperspace
$Arrival Cue: ( false ) 
$Departure Location: Hyperspace
$Departure Cue: ( false ) 
$Determination: 10
+Flags: ( "cargo-known" "player-start" )
+Flags2: ( )
+Respawn priority: 0
+Orders Accepted: 33023		;! note that this is a bitfield!!!
+Group: 0
+Score: 8

$Name: Shadow 2		;! Object #1
$Display Name: XSTR("Shadow 2", 5624)
$Class: GTF Myrmidon
$Team: Friendly
$Location: 4283.601563, -820.299988, 682.676025
$Orientation:
	0.455391, 0.000000, 0.890291,
	0.343292, 0.922668, -0.175597,
	-0.821444, 0.385595, 0.420175
$AI Behavior: None
+AI Class: General
$Cargo 1:  XSTR("Nothing", 4846)
+Initial Velocity: 33
+Initial Hull: 100
+Subsystem: Pilot
+Secondary Banks: ( "Tempest" "Tornado" "Hornet" )
$Arrival Location: Hyperspace
$Arrival Cue: ( false ) 
$Departure Location: Hyperspace
$Departure Cue: ( false ) 
$Determination: 10
+Flags: ( "cargo-known" )
+Flags2: ( )
+Respawn priority: 0
+Orders Accepted: 33023		;! note that this is a bitfield!!!
+Group: 0
+Use Table Score:
+Score: 10

$Name: Shadow 3		;! Object #2
$Display Name: XSTR("Shadow 3", 5643)
$Class: GTF Myrmidon
$Team: Friendly
$Location: 4232.700195, -820.299988, 679.000000
$Orientation:
	0.461457, 0.000000, 0.887163,
	0.345349, 0.921122, -0.179633,
	-0.817185, 0.389274, 0.425058
$AI Behavior: None
+AI Class: General
$Cargo 1:  XSTR("Nothing", 4846)
+Initial Velocity: 33
+Initial Hull: 100
+Subsystem: Pilot
+Secondary Banks: ( "Tempest" "Tornado" "Hornet" )
$Arrival Location: Hyperspace
$Arrival Cue: ( false ) 
$Departure Location: Hyperspace
$Departure Cue: ( false ) 
$Determination: 10
+Flags: ( "cargo-known" )
+Flags2: ( )
+Respawn priority: 0
+Orders Accepted: 33023		;! note that this is a bitfield!!!
+Group: 0
+Use Table Score:
+Score: 10

$Name: Shadow 4		;! Object #3
$Display Name: XSTR("Shadow 4", 5644)
$Class: GTF Myrmidon
$Team: Friendly
$Location: 4259.838379, -820.299988, 656.284912
$Orientation:
	0.463186, 0.000000, 0.886261,
	0.342406, 0.922353, -0.178951,
	-0.817445, 0.386349, 0.427221
$AI Behavior: None
+AI Class: General
$Cargo 1:  XSTR("Nothing", 4846)
+Initial Velocity: 33
+Initial Hull: 100
+Subsystem: Pilot
+Secondary Banks: ( "Tempest" "Tornado" "Hornet" )
$Arrival Location: Hyperspace
$Arrival Cue: ( false ) 
$Departure Location: Hyperspace
$Departure Cue: ( false ) 
$Determination: 10
+Flags: ( "cargo-known" )
+Flags2: ( )
+Respawn priority: 0
+Orders Accepted: 33023		;! note that this is a bitfield!!!
+Group: 0
+Use Table Score:
+Score: 10

$Name: Beck		;! Object #4
$Display Name: XSTR("Beck", 5736)
$Class: GTFR Triton
$Team: Hostile
$Location: -410.795044, 165.502594, 1872.261719
$Orientation:
	-0.501233, -0.000078, 0.865312,
	-0.136568, 0.987475, -0.079018,
	-0.854468, -0.157780, -0.494965
$AI Behavior: None
$AI Goals: ( goals ( ai-waypoints-once "Traffic Exit" 70 ) )
$Cargo 1:  XSTR("Nothing", 4846)
+Initial Velocity: 33
+Initial Hull: 100
+Initial Shields: 100
+Subsystem: Pilot
+Subsystem: turret01
+Subsystem: turret02
$Arrival Location: Hyperspace
$Arrival Cue: ( true ) 
$Departure Location: Hyperspace
$Departure Cue: ( are-waypoints-done-delay 
   "Beck" 
   "Traffic Exit" 
   0 
)
$Determination: 10
+Flags: ( "cargo-known" "no-shields" "escort" )
+Flags2: ( )
+Respawn priority: 0
+Escort priority: 50
+Orders Accepted: 257		;! note that this is a bitfield!!!
+Group: 0
+Use Table Score:
+Score: 20

$Name: Cargo unit A		;! Object #5
$Display Name: XSTR("Cargo unit A", 5737)
$Class: TC-TRI
$Team: Hostile
$Location: -575.103638, 146.145035, 1776.280518
$Orientation:
	-0.501230, -0.000130, 0.865314,
	-0.136501, 0.987492, -0.078919,
	-0.854481, -0.157673, -0.494978
$AI Behavior: None
$Cargo 1:  XSTR("Herc Mk II Fighters", 5738)
+Initial Velocity: 33
+Initial Hull: 100
+Initial Shields: 100
+Subsystem: Pilot
$Arrival Location: Hyperspace
$Arrival Cue: ( false ) 
$Departure Location: Hyperspace
$Departure Cue: ( false ) 
$Determination: 10
+Flags: ( "protect-ship" "no-shields" "invulnerable" )
+Flags2: ( )
+Respawn priority: 0
+Docked With: Beck
$Docker Point: Cargo Dock01
$Dockee Point: Cargo Dockpoint
+Group: 0
+Use Table Score:
+Score: 0

$Name: Finlay		;! Object #6
$Display Name: XSTR("Finlay", 5739)
$Class: GTFR Triton
$Team: Hostile
$Location: 405.261902, 508.567688, 2309.033447
$Orientation:
	-0.491772, 0.000155, 0.870724,
	-0.173148, 0.980011, -0.097967,
	-0.853334, -0.198942, -0.481915
$AI Behavior: None
$AI Goals: ( goals ( ai-waypoints-once "Traffic Exit" 70 ) )
$Cargo 1:  XSTR("Nothing", 4846)
+Initial Velocity: 33
+Initial Hull: 100
+Initial Shields: 100
+Subsystem: Pilot
+Subsystem: turret01
+Subsystem: turret02
$Arrival Location: Hyperspace
$Arrival Cue: ( true ) 
$Departure Location: Hyperspace
$Departure Cue: ( are-waypoints-done-delay 
   "Finlay" 
   "Traffic Exit" 
   0 
)
$Determination: 10
+Flags: ( "cargo-known" "no-shields" "escort" )
+Flags2: ( )
+Respawn priority: 0
+Escort priority: 50
+Orders Accepted: 257		;! note that this is a bitfield!!!
+Group: 0
+Use Table Score:
+Score: 20

$Name: Cargo unit B		;! Object #7
$Display Name: XSTR("Cargo unit B", 5740)
$Class: TC-TRI
$Team: Hostile
$Location: 240.755661, 481.296448, 2215.330078
$Orientation:
	-0.491766, 0.000102, 0.870727,
	-0.173081, 0.980033, -0.097868,
	-0.853351, -0.198835, -0.481929
$AI Behavior: None
$Cargo 1:  XSTR("Fissionable material", 5741)
+Initial Velocity: 33
+Initial Hull: 100
+Initial Shields: 100
+Subsystem: Pilot
$Arrival Location: Hyperspace
$Arrival Cue: ( false ) 
$Departure Location: Hyperspace
$Departure Cue: ( false ) 
$Determination: 10
+Flags: ( "protect-ship" "no-shields" "invulnerable" )
+Flags2: ( )
+Respawn priority: 0
+Docked With: Finlay
$Docker Point: Cargo Dock01
$Dockee Point: Cargo Dockpoint
+Group: 0
+Use Table Score:
+Score: 0

$Name: Torres		;! Object #8
$Display Name: XSTR("Torres", 5742)
$Class: GTFR Triton
$Team: Hostile
$Location: 1217.421021, 817.811829, 2677.026855
$Orientation:
	-0.478255, 0.000214, 0.878221,
	-0.195312, 0.974931, -0.106599,
	-0.856228, -0.222508, -0.466224
$AI Behavior: None
$AI Goals: ( goals ( ai-waypoints-once "Traffic Exit" 70 ) )
$Cargo 1:  XSTR("Nothing", 4846)
+Initial Velocity: 33
+Initial Hull: 100
+Initial Shields: 100
+Subsystem: Pilot
+Subsystem: turret01
+Subsystem: turret02
$Arrival Location: Hyperspace
$Arrival Cue: ( true ) 
$Departure Location: Hyperspace
$Departure Cue: ( are-waypoints-done-delay 
   "Torres" 
   "Traffic Exit" 
   0 
)
$Determination: 10
+Flags: ( "cargo-known" "no-shields" "escort" )
+Flags2: ( )
+Respawn priority: 0
+Escort priority: 50
+Orders Accepted: 257		;! note that this is a bitfield!!!
+Group: 0
+Use Table Score:
+Score: 20

$Name: Cargo unit C		;! Object #9
$Display Name: XSTR("Cargo unit C", 5743)
$Class: TC-TRI
$Team: Hostile
$Location: 1052.113770, 785.976318, 2586.220215
$Orientation:
	-0.478235, 0.000094, 0.878232,
	-0.195277, 0.974955, -0.106441,
	-0.856247, -0.222402, -0.466240
$AI Behavior: None
$Cargo 1:  XSTR("Vasudan parts", 5744)
+Initial Velocity: 33
+Initial Hull: 100
+Initial Shields: 100
+Subsystem: Pilot
$Arrival Location: Hyperspace
$Arrival Cue: ( false ) 
$Departure Location: Hyperspace
$Departure Cue: ( false ) 
$Determination: 10
+Flags: ( "no-shields" )
+Flags2: ( )
+Respawn priority: 0
+Docked With: Torres
$Docker Point: Cargo Dock01
$Dockee Point: Cargo Dockpoint
+Group: 0
+Use Table Score:
+Score: 0

$Name: Nav Beacon		;! Object #10
$Display Name: XSTR("Nav Beacon", 5745)
$Class: GTNB Pharos
$Team: Friendly
$Location: 5559.480469, 1515.275879, 5285.617188
$Orientation:
	1.000000, 0.000000, 0.000000,
	0.000000, 1.000000, 0.000000,
	0.000000, 0.000000, 1.000000
$AI Behavior: None
$Cargo 1:  XSTR("Nothing", 4846)
+Initial Velocity: 33
+Initial Shields: 100
+Subsystem: Pilot
$Arrival Location: Hyperspace
$Arrival Cue: ( true ) 
$Departure Location: Hyperspace
$Departure Cue: ( false ) 
$Determination: 10
+Flags: ( "cargo-known" "no-shields" )
+Flags2: ( )
+Respawn priority: 0
+Group: 0
+Use Table Score:
+Score: 0

$Name: Astoria		;! Object #11
$Display Name: XSTR("Astoria", 5746)
$Class: GTM Hippocrates
$Team: Friendly
$Location: 5651.857910, 1695.883057, 4902.470703
$Orientation:
	0.219007, 0.000000, 0.975724,
	-0.136156, 0.990216, 0.030561,
	-0.966177, -0.139543, 0.216864
$AI Behavior: None
$AI Goals: ( goals ( ai-waypoints-once "Capellan path 1" 50 ) )
$Cargo 1:  XSTR("Civilians", 5747)
+Initial Velocity: 33
+Initial Hull: 100
+Initial Shields: 100
+Subsystem: Pilot
+Subsystem: turret01
+Subsystem: turret02
+Subsystem: turret03
+Subsystem: turret04
+Subsystem: turret05
$Arrival Location: Hyperspace
+Arrival Delay: 80
$Arrival Cue: ( and 
   ( percent-ships-destroyed 
      50 
      "Beck" 
      "Finlay" 
      "Torres" 
   )
   ( is-event-incomplete "BadEnd" ) 
)
$Departure Location: Hyperspace
$Departure Cue: ( false ) 
$Determination: 10
+Flags: ( "cargo-known" "no-shields" "beam-protect-ship" )
+Flags2: ( )
+Respawn priority: 0
+Orders Accepted: 0		;! note that this is a bitfield!!!
+Group: 0
+Use Table Score:
+Score: 100

$Name: Nav Luxor		;! Object #12
$Display Name: XSTR("Nav Luxor", 5748)
$Class: GTNB Pharos
$Team: Friendly
$Location: -3573.276367, -347.082489, 77.105423
$Orientation:
	1.000000, 0.000000, 0.000000,
	0.000000, 1.000000, 0.000000,
	0.000000, 0.000000, 1.000000
$AI Behavior: None
$Cargo 1:  XSTR("Nothing", 4846)
+Initial Velocity: 33
+Initial Shields: 100
+Subsystem: Pilot
$Arrival Location: Hyperspace
$Arrival Cue: ( true ) 
$Departure Location: Hyperspace
$Departure Cue: ( false ) 
$Determination: 10
+Flags: ( "cargo-known" "no-shields" )
+Flags2: ( )
+Respawn priority: 0
+Group: 0
+Use Table Score:
+Score: 0

$Name: Synergy		;! Object #13
$Display Name: XSTR("Synergy", 5721)
$Class: GTFR Triton
$Team: Friendly
$Location: -4410.244629, -462.738342, -3784.606201
$Orientation:
	0.872745, 0.000000, -0.488177,
	-0.130212, 0.963771, -0.232788,
	0.470491, 0.266731, 0.841126
$AI Behavior: None
$AI Goals: ( goals ( ai-dock "Cargo unit A" "Cargo Dock01" "Cargo Dockpoint" 70 ) ( ai-waypoints-once "Synpath" 65 ) )
$Cargo 1:  XSTR("Nothing", 4846)
+Initial Velocity: 33
+Initial Hull: 100
+Initial Shields: 100
+Subsystem: Pilot
+Subsystem: turret01
+Subsystem: turret02
$Arrival Location: Hyperspace
$Arrival Cue: ( is-event-true-delay 
   "The convoy is down" 
   12 
)
$Departure Location: Hyperspace
$Departure Cue: ( or 
   ( are-waypoints-done-delay 
      "Synergy" 
      "Synpath" 
      0 
   )
   ( has-arrived-delay 0 "Cypher" ) 
)
$Determination: 10
+Flags: ( "cargo-known" "no-shields" "escort" )
+Flags2: ( )
+Respawn priority: 0
+Escort priority: 60
+Orders Accepted: 0		;! note that this is a bitfield!!!
+Group: 0
+Use Table Score:
+Score: 20

$Name: Equinox		;! Object #14
$Display Name: XSTR("Equinox", 5722)
$Class: GTFR Triton
$Team: Friendly
$Location: -3885.135498, -462.738190, -4177.982422
$Orientation:
	0.872745, 0.000000, -0.488177,
	-0.101765, 0.978031, -0.181932,
	0.477453, 0.208460, 0.853571
$AI Behavior: None
$AI Goals: ( goals ( ai-dock "Cargo unit B" "Cargo Dock01" "Cargo Dockpoint" 70 ) ( ai-waypoints-once "Equinpath" 65 ) )
$Cargo 1:  XSTR("Nothing", 4846)
+Initial Velocity: 33
+Initial Hull: 100
+Initial Shields: 100
+Subsystem: Pilot
+Subsystem: turret01
+Subsystem: turret02
$Arrival Location: Hyperspace
$Arrival Cue: ( is-event-true-delay 
   "The convoy is down" 
   12 
)
$Departure Location: Hyperspace
$Departure Cue: ( or 
   ( are-waypoints-done-delay 
      "Equinox" 
      "Equinpath" 
      0 
   )
   ( has-arrived-delay 0 "Cypher" ) 
)
$Determination: 10
+Flags: ( "cargo-known" "no-shields" "escort" )
+Flags2: ( )
+Respawn priority: 0
+Escort priority: 60
+Orders Accepted: 0		;! note that this is a bitfield!!!
+Group: 0
+Use Table Score:
+Score: 20

$Name: Pillager		;! Object #15
$Display Name: XSTR("Pillager", 5749)
$Class: GTC Leviathan
$Team: Hostile
$Location: -4166.220215, 549.491028, 4410.140137
$Orientation:
	0.209239, 0.000000, -0.977865,
	0.000000, 1.000000, 0.000000,
	0.977865, 0.000000, 0.209239
$AI Behavior: None
$Cargo 1:  XSTR("Nothing", 4846)
+Initial Velocity: 33
+Initial Hull: 100
+Initial Shields: 100
+Subsystem: Pilot
+Subsystem: turret01
+Subsystem: turret02
+Primary Banks: ( "TerSlash" )
+Subsystem: turret03
+Primary Banks: ( "Terran Turret" )
+Subsystem: turret04
+Subsystem: turret05
+Primary Banks: ( "Terran Turret" )
+Subsystem: turret06
+Subsystem: turret07
+Subsystem: turret08
+Subsystem: turret09a-01-main
+Secondary Banks: ( "FighterKiller" )
+Sbank Ammo: ( 0 )
$Arrival Location: Hyperspace
$Arrival Cue: ( is-destroyed-delay 20 "Grey" "Red" ) 
$Departure Location: Hyperspace
$Departure Cue: ( false ) 
$Determination: 10
+Flags: ( "cargo-known" "protect-ship" "no-shields" )
+Flags2: ( )
+Respawn priority: 0
+Orders Accepted: 0		;! note that this is a bitfield!!!
+Group: 0
+Use Table Score:
+Score: 200
$Texture Replace:
+old: nameplate
+new: pillager

$Name: Cypher		;! Object #16
$Display Name: XSTR("Cypher", 5411)
$Class: GTFf Saphah

$Team: Unknown
$Location: 581.617676, -1069.413940, 7766.857910
$Orientation:
	-0.090085, -0.424688, 0.900847,
	0.002470, 0.904426, 0.426623,
	-0.995932, 0.040657, -0.080426
$AI Behavior: None
+AI Class: Major
$AI Goals: ( goals ( ai-waypoints-once "Cypher enforce" 70 ) ( ai-chase "Pillager" 69 ) )
$Cargo 1:  XSTR("Nothing", 4846)
+Initial Hull: 100
+Initial Shields: 100
+Subsystem: Pilot
+Subsystem: turret01a
+Subsystem: turret02
+Subsystem: turret03
+Subsystem: turret04
+Subsystem: turret05
+Subsystem: turret06
+Subsystem: turret07
+Subsystem: turret08
+Subsystem: turret09
+Subsystem: turret10
+Subsystem: turret11a
+Subsystem: turret12
+Subsystem: turret13
+Subsystem: turret14
+Subsystem: turret15
+Subsystem: turret16
+Subsystem: turret17
+Subsystem: turret18
+Subsystem: turret19
+Subsystem: turret20
+Subsystem: turret21a
+Subsystem: turret22a
+Subsystem: turret23a
+Subsystem: turret24a
+Subsystem: turret25a
$Arrival Location: Hyperspace
$Arrival Cue: ( or 
   ( has-arrived-delay 220 "Pillager" ) 
   ( is-destroyed-delay 
      8 
      "Astoria" 
      "Fielding" 
      "Whitaker" 
   )
)
$Departure Location: Hyperspace
$Departure Cue: ( false ) 
$Determination: 10
+Flags: ( "cargo-known" "no-shields" )
+Flags2: ( )
+Respawn priority: 0
+Orders Accepted: 0		;! note that this is a bitfield!!!
+Group: 0
+Score: 300
$Texture Replace:
+old: nameplate
+new: gtff_cypher
+old: nameplate
+new: gtff_cypher

$Name: Fielding		;! Object #17
$Display Name: XSTR("Fielding", 5750)
$Class: GTFR Triton
$Team: Friendly
$Location: 6087.948242, 1507.452393, 4567.812988
$Orientation:
	0.000751, 0.000240, 1.000000,
	-0.159318, 0.987227, -0.000118,
	-0.987227, -0.159318, 0.000780
$AI Behavior: None
$AI Goals: ( goals ( ai-waypoints-once "Food Trans path" 50 ) )
$Cargo 1:  XSTR("Nothing", 4846)
+Initial Hull: 100
+Initial Shields: 100
+Subsystem: Pilot
+Subsystem: turret01
+Subsystem: turret02
$Arrival Location: Hyperspace
+Arrival Delay: 85
$Arrival Cue: ( and 
   ( percent-ships-destroyed 
      50 
      "Beck" 
      "Finlay" 
      "Torres" 
   )
   ( is-event-incomplete "BadEnd" ) 
)
$Departure Location: Hyperspace
$Departure Cue: ( false ) 
$Determination: 10
+Flags: ( "cargo-known" "no-shields" "beam-protect-ship" )
+Flags2: ( )
+Respawn priority: 0
+Orders Accepted: 0		;! note that this is a bitfield!!!
+Group: 0
+Score: 15

$Name: TC-TRI #19		;! Object #18
$Display Name: XSTR("TC-TRI", 4650)
$Class: TC-TRI
$Team: Friendly
$Location: 5897.705078, 1487.751099, 4567.267090
$Orientation:
	0.000815, -0.000181, 1.000000,
	-0.159211, 0.987244, 0.000308,
	-0.987244, -0.159211, 0.000776
$AI Behavior: None
$Cargo 1:  XSTR("Food supplies", 5751)
+Initial Velocity: 33
+Initial Hull: 100
+Initial Shields: 100
+Subsystem: Pilot
$Arrival Location: Hyperspace
$Arrival Cue: ( false ) 
$Departure Location: Hyperspace
$Departure Cue: ( false ) 
$Determination: 10
+Flags: ( "cargo-known" "no-shields" )
+Flags2: ( )
+Respawn priority: 0
+Docked With: Fielding
$Docker Point: Cargo Dock01
$Dockee Point: Cargo Dockpoint
+Group: 0
+Use Table Score:
+Score: 0

$Name: Whitaker		;! Object #19
$Display Name: XSTR("Whitaker", 5752)
$Class: GTT Argo
$Team: Friendly
$Location: 5862.102539, 1571.411133, 4934.107910
$Orientation:
	0.000796, 0.000000, 1.000000,
	-0.159318, 0.987227, 0.000127,
	-0.987227, -0.159318, 0.000786
$AI Behavior: None
$AI Goals: ( goals ( ai-waypoints-once "Capellan path 1" 50 ) )
$Cargo 1:  XSTR("Civilians", 5747)
+Initial Velocity: 33
+Initial Hull: 100
+Initial Shields: 100
+Subsystem: Pilot
+Subsystem: turret01
+Subsystem: turret02
$Arrival Location: Hyperspace
+Arrival Delay: 90
$Arrival Cue: ( and 
   ( percent-ships-destroyed 
      50 
      "Beck" 
      "Finlay" 
      "Torres" 
   )
   ( is-event-incomplete "BadEnd" ) 
)
$Departure Location: Hyperspace
$Departure Cue: ( false ) 
$Determination: 10
+Flags: ( "cargo-known" "no-shields" "beam-protect-ship" )
+Flags2: ( )
+Respawn priority: 0
+Orders Accepted: 0		;! note that this is a bitfield!!!
+Group: 0
+Use Table Score:
+Score: 40

$Name: Omega 1		;! Object #20
$Display Name: XSTR("Omega 1", 5753)
$Class: GTF Loki
$Team: Hostile
$Location: 1405.049072, 670.664185, 1892.156006
$Orientation:
	-0.744111, 0.000000, 0.668055,
	0.000000, 1.000000, 0.000000,
	-0.668055, 0.000000, -0.744111
$AI Behavior: None
$Cargo 1:  XSTR("Nothing", 4846)
+Initial Velocity: 33
+Initial Hull: 100
+Subsystem: Pilot
+Primary Banks: ( "Training" "Subach HL-7" )
$Arrival Location: Hyperspace
$Arrival Cue: ( false ) 
$Departure Location: Hyperspace
$Departure Cue: ( false ) 
$Determination: 10
+Flags: ( "cargo-known" )
+Flags2: ( )
+Respawn priority: 0
+Group: 0
+Use Table Score:
+Score: 7

$Name: Omega 2		;! Object #21
$Display Name: XSTR("Omega 2", 5754)
$Class: GTF Loki
$Team: Hostile
$Location: 1543.060669, 670.663635, 1877.780762
$Orientation:
	-0.744111, 0.000000, 0.668056,
	0.000000, 1.000000, 0.000000,
	-0.668056, 0.000000, -0.744111
$AI Behavior: None
$Cargo 1:  XSTR("Nothing", 4846)
+Initial Velocity: 33
+Initial Hull: 100
+Subsystem: Pilot
+Primary Banks: ( "Training" "Subach HL-7" )
$Arrival Location: Hyperspace
$Arrival Cue: ( false ) 
$Departure Location: Hyperspace
$Departure Cue: ( false ) 
$Determination: 10
+Flags: ( "cargo-known" )
+Flags2: ( )
+Respawn priority: 0
+Group: 0
+Use Table Score:
+Score: 7

$Name: Omega 3		;! Object #22
$Display Name: XSTR("Omega 3", 5755)
$Class: GTF Loki
$Team: Hostile
$Location: 1373.817261, 670.664368, 2071.931641
$Orientation:
	-0.744111, 0.000000, 0.668056,
	0.000000, 1.000000, 0.000000,
	-0.668056, 0.000000, -0.744111
$AI Behavior: None
$Cargo 1:  XSTR("Nothing", 4846)
+Initial Velocity: 33
+Initial Hull: 100
+Subsystem: Pilot
+Primary Banks: ( "Training" "Subach HL-7" )
$Arrival Location: Hyperspace
$Arrival Cue: ( false ) 
$Departure Location: Hyperspace
$Departure Cue: ( false ) 
$Determination: 10
+Flags: ( "cargo-known" )
+Flags2: ( )
+Respawn priority: 0
+Group: 0
+Use Table Score:
+Score: 7

$Name: Omega 4		;! Object #23
$Display Name: XSTR("Omega 4", 5756)
$Class: GTF Loki
$Team: Hostile
$Location: 1557.532104, 670.664124, 2067.462891
$Orientation:
	-0.744111, 0.000000, 0.668056,
	0.000000, 1.000000, 0.000000,
	-0.668056, 0.000000, -0.744111
$AI Behavior: None
$Cargo 1:  XSTR("Nothing", 4846)
+Initial Velocity: 33
+Initial Hull: 100
+Subsystem: Pilot
+Primary Banks: ( "Training" "Subach HL-7" )
$Arrival Location: Hyperspace
$Arrival Cue: ( false ) 
$Departure Location: Hyperspace
$Departure Cue: ( false ) 
$Determination: 10
+Flags: ( "cargo-known" )
+Flags2: ( )
+Respawn priority: 0
+Group: 0
+Use Table Score:
+Score: 7

$Name: Black 1		;! Object #24
$Display Name: XSTR("Black 1", 5412)
$Class: GTB Artemis
$Team: Hostile
$Location: -3714.545898, 3168.702148, 6020.204102
$Orientation:
	-0.207681, 0.000000, -0.978197,
	0.000000, 1.000000, 0.000000,
	0.978197, 0.000000, -0.207681
$AI Behavior: Stay Near
$Cargo 1:  XSTR("Nothing", 4846)
+Initial Hull: 100
+Subsystem: Pilot
+Secondary Banks: ( "Hornet" "Rockeye" "Rockeye" )
$Arrival Location: Hyperspace
$Arrival Cue: ( false ) 
$Departure Location: Hyperspace
$Departure Cue: ( false ) 
$Determination: 10
+Flags: ( "cargo-known" )
+Flags2: ( )
+Respawn priority: 0
+Group: 0
+Use Table Score:
+Score: 10

$Name: Black 2		;! Object #25
$Display Name: XSTR("Black 2", 5413)
$Class: GTB Artemis
$Team: Hostile
$Location: -3838.848389, 3168.702393, 6194.356445
$Orientation:
	-0.207681, 0.000000, -0.978197,
	0.000000, 1.000000, 0.000000,
	0.978197, 0.000000, -0.207681
$AI Behavior: Stay Near
$Cargo 1:  XSTR("Nothing", 4846)
+Initial Hull: 100
+Subsystem: Pilot
+Secondary Banks: ( "Hornet" "Rockeye" "Rockeye" )
$Arrival Location: Hyperspace
$Arrival Cue: ( false ) 
$Departure Location: Hyperspace
$Departure Cue: ( false ) 
$Determination: 10
+Flags: ( "cargo-known" )
+Flags2: ( )
+Respawn priority: 0
+Group: 0
+Use Table Score:
+Score: 10

$Name: Blue 1		;! Object #26
$Display Name: XSTR("Blue 1", 5757)
$Class: GTF Perseus
$Team: Hostile
$Location: -4910.596680, 3058.169678, 4485.981934
$Orientation:
	-0.158532, 0.000000, -0.987355,
	0.000000, 1.000000, 0.000000,
	0.987355, 0.000000, -0.158532
$AI Behavior: None
$Cargo 1:  XSTR("Nothing", 4846)
+Initial Velocity: 33
+Initial Hull: 100
+Subsystem: Pilot
+Secondary Banks: ( "Rockeye" "Hornet#Weak" )
$Arrival Location: Hyperspace
$Arrival Cue: ( false ) 
$Departure Location: Hyperspace
$Departure Cue: ( false ) 
$Determination: 10
+Flags: ( "cargo-known" )
+Flags2: ( )
+Respawn priority: 0
+Group: 0
+Use Table Score:
+Score: 14

$Name: Blue 2		;! Object #27
$Display Name: XSTR("Blue 2", 5758)
$Class: GTF Perseus
$Team: Hostile
$Location: -5082.038086, 3058.169922, 4625.242188
$Orientation:
	-0.158532, 0.000000, -0.987354,
	0.000000, 1.000000, 0.000000,
	0.987354, 0.000000, -0.158532
$AI Behavior: None
$Cargo 1:  XSTR("Nothing", 4846)
+Initial Velocity: 33
+Initial Hull: 100
+Subsystem: Pilot
+Secondary Banks: ( "Rockeye" "Hornet#Weak" )
$Arrival Location: Hyperspace
$Arrival Cue: ( false ) 
$Departure Location: Hyperspace
$Departure Cue: ( false ) 
$Determination: 10
+Flags: ( "cargo-known" )
+Flags2: ( )
+Respawn priority: 0
+Group: 0
+Use Table Score:
+Score: 14

$Name: Blue 3		;! Object #28
$Display Name: XSTR("Blue 3", 5759)
$Class: GTF Perseus
$Team: Hostile
$Location: -5142.008789, 3058.169922, 4305.822754
$Orientation:
	-0.158532, 0.000000, -0.987354,
	0.000000, 1.000000, 0.000000,
	0.987354, 0.000000, -0.158532
$AI Behavior: None
$Cargo 1:  XSTR("Nothing", 4846)
+Initial Velocity: 33
+Initial Hull: 100
+Subsystem: Pilot
+Secondary Banks: ( "Rockeye" "Hornet#Weak" )
$Arrival Location: Hyperspace
$Arrival Cue: ( false ) 
$Departure Location: Hyperspace
$Departure Cue: ( false ) 
$Determination: 10
+Flags: ( "cargo-known" )
+Flags2: ( )
+Respawn priority: 0
+Group: 0
+Use Table Score:
+Score: 14

$Name: Grey 1		;! Object #29
$Display Name: XSTR("Grey 1", 5487)
$Class: GTB Zeus
$Team: Hostile
$Location: -4058.214844, 3669.899902, 2398.780273
$Orientation:
	-0.130108, 0.000000, -0.991500,
	0.542530, 0.837015, -0.071192,
	0.829900, -0.547181, -0.108902
$AI Behavior: Stay Near
$Cargo 1:  XSTR("Nothing", 4846)
+Initial Hull: 100
+Subsystem: Pilot
+Secondary Banks: ( "Harpoon" "Tempest" "Tempest" )
$Arrival Location: Hyperspace
$Arrival Cue: ( false ) 
$Departure Location: Hyperspace
$Departure Cue: ( false ) 
$Determination: 10
+Flags: ( "cargo-known" )
+Flags2: ( )
+Respawn priority: 0
+Group: 0
+Use Table Score:
+Score: 10

$Name: Grey 2		;! Object #30
$Display Name: XSTR("Grey 2", 5488)
$Class: GTB Zeus
$Team: Hostile
$Location: -4096.535156, 3669.899902, 2525.265381
$Orientation:
	-0.154477, 0.000000, -0.987996,
	0.536259, 0.839878, -0.083846,
	0.829797, -0.542775, -0.129742
$AI Behavior: Stay Near
$Cargo 1:  XSTR("Nothing", 4846)
+Initial Hull: 100
+Subsystem: Pilot
+Secondary Banks: ( "Harpoon" "Tempest" "Tempest" )
$Arrival Location: Hyperspace
$Arrival Cue: ( false ) 
$Departure Location: Hyperspace
$Departure Cue: ( false ) 
$Determination: 10
+Flags: ( "cargo-known" )
+Flags2: ( )
+Respawn priority: 0
+Group: 0
+Use Table Score:
+Score: 10

$Name: Hook 1		;! Object #31
$Display Name: XSTR("Hook 1", 5182)
$Class: GTF Hercules
$Team: Friendly
$Location: -3632.029297, -0.000583, -3302.703125
$Orientation:
	0.777573, 0.000000, -0.628793,
	0.000000, 1.000000, 0.000000,
	0.628793, 0.000000, 0.777573
$AI Behavior: None
$Cargo 1:  XSTR("Nothing", 4846)
+Initial Velocity: 33
+Initial Hull: 100
+Subsystem: Pilot
$Arrival Location: Hyperspace
$Arrival Cue: ( false ) 
$Departure Location: Hyperspace
$Departure Cue: ( false ) 
$Determination: 10
+Flags: ( "cargo-known" )
+Flags2: ( )
+Respawn priority: 0
+Orders Accepted: 33023		;! note that this is a bitfield!!!
+Group: 0
+Use Table Score:
+Score: 10

$Name: Hook 2		;! Object #32
$Display Name: XSTR("Hook 2", 5184)
$Class: GTF Hercules
$Team: Friendly
$Location: -3636.836670, 0.000239, -3441.646729
$Orientation:
	0.777573, 0.000000, -0.628793,
	0.000000, 1.000000, 0.000000,
	0.628793, 0.000000, 0.777573
$AI Behavior: None
$Cargo 1:  XSTR("Nothing", 4846)
+Initial Velocity: 33
+Initial Hull: 100
+Subsystem: Pilot
$Arrival Location: Hyperspace
$Arrival Cue: ( false ) 
$Departure Location: Hyperspace
$Departure Cue: ( false ) 
$Determination: 10
+Flags: ( "cargo-known" )
+Flags2: ( )
+Respawn priority: 0
+Orders Accepted: 33023		;! note that this is a bitfield!!!
+Group: 0
+Use Table Score:
+Score: 10

$Name: Hook 3		;! Object #33
$Display Name: XSTR("Hook 3", 5185)
$Class: GTF Hercules
$Team: Friendly
$Location: -3821.250244, -0.000560, -3303.905029
$Orientation:
	0.777573, 0.000000, -0.628793,
	0.000000, 1.000000, 0.000000,
	0.628793, 0.000000, 0.777573
$AI Behavior: None
$Cargo 1:  XSTR("Nothing", 4846)
+Initial Velocity: 33
+Initial Hull: 100
+Subsystem: Pilot
$Arrival Location: Hyperspace
$Arrival Cue: ( false ) 
$Departure Location: Hyperspace
$Departure Cue: ( false ) 
$Determination: 10
+Flags: ( "cargo-known" )
+Flags2: ( )
+Respawn priority: 0
+Orders Accepted: 33023		;! note that this is a bitfield!!!
+Group: 0
+Use Table Score:
+Score: 10

$Name: Red 1		;! Object #34
$Display Name: XSTR("Red 1", 5406)
$Class: GTF Hercules
$Team: Hostile
$Location: -503.282745, 2891.667236, -543.320435
$Orientation:
