#Mission Info

$Version: 0.10
$Name:  XSTR("Painted Devils", 5834)
$Author: Kellan
$Created: 01/24/00 at 16:13:16
$Modified: 06/14/14 at 15:16:08
$Notes:
Created by Kellan, twiddled with by BR five years later
$End Notes:

$Mission Desc:
 XSTR("The GTC LoneWolf has been commandeered by civilians and must now be recaptured.  The civilians may be unpredictable and the setting is remote.
", 5835)
$end_multi_text
+Game Type Flags: 1
+Flags: 8
+Fog Near Mult: 1.000000

+Fog Far Mult: 1.000000

+Disallow Support: 0
+Hull Repair Ceiling: 0.000000
+Subsystem Repair Ceiling: 100.000000

+Player Entry Delay:
1.000000

+Viewer pos: 835.835327, 12734.608398, 3396.578613
+Viewer orient:
	0.153760, 0.000004, -0.988108,
	0.974744, 0.163915, 0.151681,
	0.161966, -0.986475, 0.025200

$Squadron wing names: ( "Alpha" "Beta" "Gamma" "Theta" "Epsilon" )

$Load Screen 640:	dl5.pcx
$Load Screen 1024:	2_dl5.pcx

$Skybox Model: starfield.pof

$AI Profile: FS2 RETAIL

#Sexp_variables

$Variables:
(
		0		"autoGenVar1"		"GTFr Chronos"		"string"
		1		"autoGenVar2"		"#Command"		"string"
)

#Command Briefing

$Stage Text:
 XSTR("The Derelict's Impact

Since the mysterious closure of the Altair jump node in Tau Sigma over three weeks ago, civilians in the beleaguered system had not been receiving pay or supplies. The situation had grown desperate, with civilians living on emergency rations alone until yesterday, when disgruntled inhabitants of Tau Sigma station took to their vessels or simply seized whatever they could lay hands on and formed a blockade at the jump node to voice their protest.", 5836)
$end_multi_text
$Ani Filename: Intel_subspace.ani
+Wave Filename: dl17_cb1.ogg

$Stage Text:
 XSTR("The Tau Sigma Riot

The protesters met a GTVI group entering through the Altair jump node, demanding pay and better conditions. The GTVI vessels, however, were not prepared to negotiate and demanded that the protesters move their ships from the vicinity of the subspace node. However, the protesters refused point-blank and were met with a terrifying sight as a result - a Lucifer class destroyer, only the second vessel of its type ever encountered.", 5837)
$end_multi_text
$Ani Filename: <default>
+Wave Filename: dl17_cb2.ogg

$Stage Text:
 XSTR("Chaos and Anarchy

The appearance of this destroyer sent a wave of panic through the crowds, sparking off a riot. As GTVA forces battled to protect civilians, hired union-busters made an attempt on the life of the protest leader, Adam Tarovich. The appearance of pirates did nothing to improve matters and the peaceful blockade ended in bloodshed and a spiralling death toll, now estimated at several hundred.", 5838)
$end_multi_text
$Ani Filename: cb_train-01_c.ani
+Wave Filename: dl17_cb3.ogg

$Stage Text:
 XSTR("GTVA Response

GTVA Local Command refuses to comment on this incident or the purpose of bringing the SD Nyarlathotep out of the subspace corridor other than to say that the destroyer posed a 'considerable risk to the long-term stability of the subspace tunnel'. The Shivan derelict has now been towed into the vicinity of Tau Sigma station, presumably for research purposes.", 5839)
$end_multi_text
$Ani Filename: <default>
+Wave Filename: dl17_cb4.ogg

$Stage Text:
 XSTR("Allied Assistance

Reinforcements from other nearby GTVA systems are on the way to secure the Nyarlathotep and to deal with the growing pirate threat in the region. The Altair node has been re-opened and trade routes re-established. For the moment, it seems some measure of normality has returned to the distant colony system.

--GTNN News Source", 5840)
$end_multi_text
$Ani Filename: cb_sm1-01_a.ani
+Wave Filename: dl17_cb5.ogg

#Briefing
$start_briefing
$num_stages: 5
$start_stage
$multi_text
 XSTR("Alright, pilots, you've heard the news-scans and you know what went on out there yesterday. We must recover the $h GTC $h Lonewolf from the civilians who currently have control of the ship. We have traced the civilians to a small scrapyard on the outskirts of $b Tau $b Sigma. They appear to be hiding in this debris field. What they aim to achieve by retaining the cruiser is unknown.", 5841)
$end_multi_text
$voice: dl17_b1.ogg
$camera_pos: 450.416748, 3781.970215, 3032.192383
$camera_orient:
	0.826849, 0.000003, -0.562424,
	0.490258, 0.490060, 0.720755,
	0.275624, -0.871689, 0.405204
$camera_time: 1000
$num_lines: 0
$num_icons: 4
$Flags: 0
$Formula: ( true ) 
$start_icon
$type: 18
$team: Unknown
$class: GTC Leviathan
$pos: 1998.403687, -5.381253, 4968.708008
$label: XSTR("Lonewolf", 5842)
+id: 1
$hlight: 0
$mirror: 0
$multi_text
$end_multi_text
$end_icon
$start_icon
$type: 8
$team: Unknown
$class: SpaceHunk
$pos: 1277.047607, -196.697266, 5880.184570
+id: 2
$hlight: 0
$mirror: 0
$multi_text
$end_multi_text
$end_icon
$start_icon
$type: 8
$team: Unknown
$class: SpaceHunk
$pos: 2501.650391, -196.691895, 4080.611816
+id: 3
$hlight: 0
$mirror: 0
$multi_text
$end_multi_text
$end_icon
$start_icon
$type: 8
$team: Unknown
$class: SpaceHunk
$pos: 1026.532227, -196.694992, 4771.056152
+id: 4
$hlight: 0
$mirror: 0
$multi_text
$end_multi_text
$end_icon
$end_stage
$start_stage
$multi_text
 XSTR("The civilians in control of the $h Lonewolf aren't well-trained. They are, however totally unpredictable. We don't know how they will react to our appearance. The last thing that we want is the civilians to react badly and attack our forces - exercise caution, pilots.", 5843)
$end_multi_text
$voice: dl17_b2.ogg
$camera_pos: 745.407898, 3066.197510, 3133.754395
$camera_orient:
	0.887343, 0.000003, -0.461109,
	0.401943, 0.490060, 0.773488,
	0.225974, -0.871689, 0.434850
$camera_time: 1000
$num_lines: 0
$num_icons: 2
$Flags: 1
$Formula: ( true ) 
$start_icon
$type: 18
$team: Unknown
$class: GTC Leviathan
$pos: 1998.403687, -5.381253, 4968.708008
$label: XSTR("Lonewolf", 5842)
+id: 1
$hlight: 0
$mirror: 0
$multi_text
$end_multi_text
$end_icon
$start_icon
$type: 1
$team: Friendly
$class: GTF Myrmidon
$pos: 1398.145630, 315.110748, 4144.775879
$label: XSTR("Alpha", 4541)
+id: 5
$hlight: 0
$mirror: 0
$multi_text
$end_multi_text
$end_icon
$end_stage
$start_stage
$multi_text
 XSTR("$f Alpha wing will lead this operation. You'll arrive on the far side of the scrapyard and proceed towards the $f Lonewolf. If the crew won't surrender, disable her - this, however, is a last-ditch option. If it seems that the civilians will not surrender, you will however be authorised to carry out the attack.", 5844)
$end_multi_text
$voice: dl17_b3.ogg
$camera_pos: 1283.638794, 5136.279297, 3511.551758
$camera_orient:
	0.780225, 0.000003, 0.625499,
	-0.619038, 0.143370, 0.772164,
	-0.089675, -0.989669, 0.111863
$camera_time: 1000
$num_lines: 0
$num_icons: 3
$Flags: 2
$Formula: ( true ) 
$start_icon
$type: 18
$team: Unknown
$class: GTC Leviathan
$pos: 1998.403687, -5.381253, 4968.708008
$label: XSTR("Lonewolf", 5842)
+id: 1
$hlight: 0
$mirror: 0
$multi_text
$end_multi_text
$end_icon
$start_icon
$type: 1
$team: Friendly
$class: GTF Myrmidon
$pos: -357.027130, 315.110474, 2987.278076
$label: XSTR("Alpha", 4541)
+id: 5
$hlight: 0
$mirror: 0
$multi_text
$end_multi_text
$end_icon
$start_icon
$type: 8
$team: Unknown
$class: SpaceHunk
$pos: 896.768982, 24.435280, 3979.021240
$label: XSTR("Scrapyard", 5845)
+id: 6
$hlight: 0
$mirror: 0
$multi_text
$end_multi_text
$end_icon
$end_stage
$start_stage
$multi_text
 XSTR("When you have disabled the $h Lonewolf, we'll send in a recovery team to secure the vessel and apprehend the civilians on board. Cover the team as they dock. We don't want the crew to pull anything on us.", 5846)
$end_multi_text
$voice: dl17_b4.ogg
$camera_pos: 1732.937378, 2562.449219, 3996.287354
$camera_orient:
	0.780225, 0.000003, 0.625499,
	-0.619038, 0.143370, 0.772164,
	-0.089675, -0.989669, 0.111863
$camera_time: 1000
$num_lines: 0
$num_icons: 4
$Flags: 0
$Formula: ( true ) 
$start_icon
$type: 18
$team: Unknown
$class: GTC Leviathan
$pos: 1766.763184, -5.381351, 4787.841309
$label: XSTR("Lonewolf", 5842)
+id: 1
$hlight: 0
$mirror: 0
$multi_text
$end_multi_text
$end_icon
$start_icon
$type: 1
$team: Friendly
$class: GTF Myrmidon
$pos: 1620.236694, 315.110321, 4077.542725
$label: XSTR("Alpha", 4541)
+id: 5
$hlight: 0
$mirror: 0
$multi_text
$end_multi_text
$end_icon
$start_icon
$type: 8
$team: Unknown
$class: SpaceHunk
$pos: 896.768982, 24.435280, 3979.021240
$label: XSTR("Scrapyard", 5845)
+id: 6
$hlight: 0
$mirror: 0
$multi_text
$end_multi_text
$end_icon
$start_icon
$type: 34
$team: Friendly
$class: GTT Elysium
$pos: 2210.091553, 2.191708, 4604.410645
$label: XSTR("Capture crew", 5847)
+id: 7
$hlight: 0
$mirror: 0
$multi_text
$end_multi_text
$end_icon
$end_stage
$start_stage
$multi_text
 XSTR("With our recent efforts to quell $r pirate activity in $b Tau $b Sigma, there should be no expected attack from any pirates. If there are, keep the $h Lonewolf and the transport safe. The crew of the $h Lonewolf may be rioters, but they're civilians all the same. Take care when dealing with them. We've lost enough dignity with the fiasco that was the riot, and we don't need any more, that's for sure. Capturing the $h LoneWolf would certainly be some kind of victory for us.", 5848)
$end_multi_text
$voice: dl17_b5.ogg
$camera_pos: 2971.439209, 2669.570801, 4666.736328
$camera_orient:
	0.504643, 0.000004, -0.863328,
	0.859543, 0.093537, 0.502431,
	0.080755, -0.995616, 0.047200
$camera_time: 1000
$num_lines: 0
$num_icons: 5
$Flags: 0
$Formula: ( true ) 
$start_icon
$type: 18
$team: Unknown
$class: GTC Leviathan
$pos: 1766.763184, -5.381351, 4787.841309
$label: XSTR("Lonewolf", 5842)
+id: 1
$hlight: 0
$mirror: 0
$multi_text
$end_multi_text
$end_icon
$start_icon
$type: 1
$team: Friendly
$class: GTF Myrmidon
$pos: 2828.998535, 315.110382, 4792.600098
$label: XSTR("Alpha", 4541)
+id: 5
$hlight: 0
$mirror: 0
$multi_text
$end_multi_text
$end_icon
$start_icon
$type: 8
$team: Unknown
$class: SpaceHunk
$pos: 896.768982, 24.435280, 3979.021240
$label: XSTR("Scrapyard", 5845)
+id: 6
$hlight: 0
$mirror: 0
$multi_text
$end_multi_text
$end_icon
$start_icon
$type: 34
$team: Friendly
$class: GTT Elysium
$pos: 2210.091553, 2.191708, 4604.410645
$label: XSTR("Capture crew", 5847)
+id: 7
$hlight: 0
$mirror: 0
$multi_text
$end_multi_text
$end_icon
$start_icon
$type: 20
$team: Hostile
$class: GTF Ares
$pos: 3552.704102, -255.241669, 4497.547363
$label: XSTR("Pirates?", 5537)
+id: 8
$hlight: 0
$mirror: 0
$multi_text
$end_multi_text
$end_icon
$end_stage
$end_briefing

#Debriefing_info

$Num stages: 7

$Formula: ( is-event-true-delay 
   "Lonewolf is safe" 
   0 
)
$Multi text
    XSTR("Thanks to your efforts, a devious pirate attack was thwarted and the GTC Lonewolf has been returned to us only slightly the worse for wear. The repairs will not take too long to carry out, and the Lonewolf should be back on active service for your next sortie.

The civilians who seized the Lonewolf have been placed under arrest. Their court hearing awaits, but it is unlikely they will be punished too severely.", 5849)
$end_multi_text
$Voice: dl17_db1.ogg
$Recommendation text:
    XSTR("", 3307)
$end_multi_text

$Formula: ( is-event-true-delay 
   "Captured Lonewolf jumps" 
   0 
)
$Multi text
    XSTR("The pirates captured the GTC Lonewolf in a devious attack. What they have taken weakens our hand and strengthens their own.

We do not know what the pirates intend to do with the civilians who were on board the Lonewolf. They will likely be used as bargaining chips in the future.  Whatever happens, this has become a source of extreme embarrassment for us.", 5850)
$end_multi_text
$Voice: dl17_db2.ogg
$Recommendation text:
    XSTR("Destroy the Arcturus as soon as possible.  If you can't do that, disable the Lonewolf again.", 5851)
$end_multi_text

$Formula: ( is-event-true-delay 
   "Pirates destroy the Lonewolf" 
   0 
)
$Multi text
    XSTR("The GTC Lonewolf was destroyed by pirate forces masquerading as derelicts and GTVA ships. This devious attack has not only cost us a fine warship with a proud history, but the lives of many civilians. Confidence in the GTVA's ability to control pirate attacks has fallen dramatically.", 5852)
$end_multi_text
$Voice: dl17_db3.ogg
$Recommendation text:
    XSTR("Shoot down Grey wing - their bombs pose the greatest threat to the Lonewolf.", 5853)
$end_multi_text

$Formula: ( and 
   ( is-goal-true-delay 
      "Destroy Pirates" 
      0 
   )
   ( is-event-true-delay 
      "Lonewolf is safe" 
      0 
   )
)
$Multi text
    XSTR("The pirates who took part in the attack will trouble us no more, for Alpha wing destroyed them all. While unfortunate, this was necessary. We must curb pirate activity in the system before it grows out of hand.", 5854)
$end_multi_text
$Voice: dl17_db4.ogg
$Recommendation text:
    XSTR("", 3307)
$end_multi_text

$Formula: ( and 
   ( is-goal-true-delay 
      "Destroy Sentries" 
      0 
   )
   ( is-event-true-delay 
      "Lonewolf is safe" 
      0 
   )
)
$Multi text
    XSTR("Although they were unexpected, you handled the sentry guns well. It appears that someone had tampered with them before we arrived. Clearly someone has put a lot of thought into this operation.", 5855)
$end_multi_text
$Voice: dl17_db5.ogg
$Recommendation text:
    XSTR("", 3307)
$end_multi_text

$Formula: ( is-event-true-delay 
   "Lonewolf is safe" 
   0 
)
$Multi text
    XSTR("Now get down to the bar. I think that this time you've earned your drinks.", 5856)
$end_multi_text
$Voice: dl17_db6.ogg
$Recommendation text:
    XSTR("", 3307)
$end_multi_text

$Formula: ( and 
   ( is-event-false-delay 
      "Lonewolf is safe" 
      0 
   )
   ( is-event-false-delay 
      "Captured Lonewolf jumps" 
      0 
   )
   ( is-event-false-delay 
      "Pirates destroy the Lonewolf" 
      0 
   )
)
$Multi text
    XSTR("You did not have authorisation to return to base, pilot. Your actions jeopardised the lives of those involved in this mission and the GTVA's objectives in this theatre. Desertion is grounds for a court martial, and you are confined to quarters pending your preliminary hearing. Until a military court decides otherwise, you are hereby stripped of your wings and all privileges bestowed upon you as an officer of the Galactic Terran-Vasudan Alliance.", 4556)
$end_multi_text
$Voice: dl_des1.ogg
$Recommendation text:
    XSTR("Do not depart until told to do so.", 4557)
$end_multi_text


#Players		;! 1 total

$Starting Shipname: Alpha 1
$Ship Choices: (
	"GTF Perseus"	4
)

+Weaponry Pool: (
	"Subach HL-7"	12
	"Akheton SDG"	6
	"Morning Star"	4
	"Prometheus R"	15
	"Prometheus S"	11
	"Rockeye"	72
	"Tempest"	310
	"Hornet"	460
	"Tornado"	193
)

#Objects		;! 61 total

$Name: Alpha 1		;! Object #0
$Display Name: XSTR("Alpha 1", 4558)
$Class: GTF Myrmidon
$Team: Friendly
$Location: -348.296234, 294.069946, -1046.027588
$Orientation:
	0.955337, 0.000000, -0.295520,
	0.000000, 1.000000, 0.000000,
	0.295520, 0.000000, 0.955337
$AI Behavior: None
$Cargo 1:  XSTR("Nothing", 4559)
+Initial Velocity: 100
+Initial Hull: 100
+Subsystem: Pilot
+Primary Banks: ( "Prometheus S" "Akheton SDG" )
+Secondary Banks: ( "Tornado" "Tornado" "Hornet" )
$Arrival Location: Hyperspace
$Arrival Cue: ( false ) 
$Departure Location: Hyperspace
$Departure Cue: ( false ) 
$Determination: 10
+Flags: ( "cargo-known" "player-start" )
+Flags2: ( )
+Respawn priority: 0
+Orders Accepted: 33023		;! note that this is a bitfield!!!
+Group: 0
+Score: 8

$Name: Alpha 2		;! Object #1
$Display Name: XSTR("Alpha 2", 4560)
$Class: GTF Myrmidon
$Team: Friendly
$Location: -410.335785, 294.067932, -1070.614136
$Orientation:
	0.955337, 0.000000, -0.295520,
	0.000000, 1.000000, 0.000000,
	0.295520, 0.000000, 0.955337
$AI Behavior: None
+AI Class: General
$Cargo 1:  XSTR("Nothing", 4559)
+Initial Velocity: 100
+Initial Hull: 100
+Subsystem: Pilot
+Primary Banks: ( "Prometheus S" "Akheton SDG" )
+Secondary Banks: ( "Tornado" "Tornado" "Hornet" )
$Arrival Location: Hyperspace
$Arrival Cue: ( false ) 
$Departure Location: Hyperspace
$Departure Cue: ( false ) 
$Determination: 10
+Flags: ( "cargo-known" )
+Flags2: ( )
+Respawn priority: 0
+Orders Accepted: 33023		;! note that this is a bitfield!!!
+Group: 0
+Use Table Score:
+Score: 10

$Name: Alpha 3		;! Object #2
$Display Name: XSTR("Alpha 3", 4561)
$Class: GTF Myrmidon
$Team: Friendly
$Location: -329.817657, 294.067932, -1121.981323
$Orientation:
	0.955337, 0.000000, -0.295520,
	0.000000, 1.000000, 0.000000,
	0.295520, 0.000000, 0.955337
$AI Behavior: None
+AI Class: General
$Cargo 1:  XSTR("Nothing", 4559)
+Initial Velocity: 100
+Initial Hull: 100
+Subsystem: Pilot
+Primary Banks: ( "Prometheus S" "Akheton SDG" )
+Secondary Banks: ( "Tornado" "Tornado" "Hornet" )
$Arrival Location: Hyperspace
$Arrival Cue: ( false ) 
$Departure Location: Hyperspace
$Departure Cue: ( false ) 
$Determination: 10
+Flags: ( "cargo-known" )
+Flags2: ( )
+Respawn priority: 0
+Orders Accepted: 33023		;! note that this is a bitfield!!!
+Group: 0
+Use Table Score:
+Score: 10

$Name: Alpha 4		;! Object #3
$Display Name: XSTR("Alpha 4", 4562)
$Class: GTF Myrmidon
$Team: Friendly
$Location: -394.673431, 294.067932, -1146.464111
$Orientation:
	0.955337, 0.000000, -0.295520,
	0.000000, 1.000000, 0.000000,
	0.295520, 0.000000, 0.955337
$AI Behavior: None
+AI Class: General
$Cargo 1:  XSTR("Nothing", 4559)
+Initial Velocity: 100
+Initial Hull: 100
+Subsystem: Pilot
+Primary Banks: ( "Prometheus S" "Akheton SDG" )
+Secondary Banks: ( "Tornado" "Tornado" "Hornet" )
$Arrival Location: Hyperspace
$Arrival Cue: ( false ) 
$Departure Location: Hyperspace
$Departure Cue: ( false ) 
$Determination: 10
+Flags: ( "cargo-known" )
+Flags2: ( )
+Respawn priority: 0
+Orders Accepted: 33023		;! note that this is a bitfield!!!
+Group: 0
+Use Table Score:
+Score: 10

$Name: Lonewolf		;! Object #4
$Display Name: XSTR("Lonewolf", 5842)
$Class: GTC Leviathan
$Team: Unknown
$Location: 1947.103638, -196.695847, 5409.242188
$Orientation:
	0.190542, -0.295520, 0.936142,
	0.058941, 0.955337, 0.289583,
	-0.979908, 0.000000, 0.199450
$AI Behavior: None
+AI Class: Lieutenant
$Cargo 1:  XSTR("Nothing", 4559)
+Initial Velocity: 33
+Initial Hull: 100
+Initial Shields: 100
+Subsystem: Pilot
+Subsystem: turret01
+Subsystem: turret02
+Subsystem: turret03
+Subsystem: turret04
+Subsystem: turret05
+Subsystem: turret06
+Subsystem: turret07
+Subsystem: turret08
+Subsystem: turret09a-01-main
$Arrival Location: Hyperspace
$Arrival Cue: ( true ) 
$Departure Location: Hyperspace
$Departure Cue: ( or 
   ( are-waypoints-done-delay 
      "Lonewolf" 
      "Lonejump" 
      0 
   )
   ( is-destroyed-delay 
      11 
      "Black" 
      "Red" 
      "Grey" 
   )
)
$Determination: 10
+Flags: ( "cargo-known" "no-shields" "escort" )
+Flags2: ( )
+Respawn priority: 0
+Escort priority: 100
+Hotkey: 5
+Orders Accepted: 0		;! note that this is a bitfield!!!
+Group: 0
+Use Table Score:
+Score: 200
$Texture Replace:
+old: nameplate
+new: gtc_lonewolf

$Name: Cassius		;! Object #5
$Display Name: XSTR("Cassius", 5757)
$Class: GTC Fenris
$Team: Unknown
$Location: 2249.435791, 625.000122, 2777.350586
$Orientation:
	0.754141, 0.327080, 0.569466,
	-0.521217, 0.825628, 0.216034,
	-0.399506, -0.459736, 0.793119
$AI Behavior: None
$Cargo 1:  XSTR("Nothing", 4559)
+Initial Velocity: 33
+Initial Hull: 100
+Initial Shields: 100
+Subsystem: Pilot
+Subsystem: turret01
+Subsystem: turret02
+Subsystem: turret03
+Subsystem: turret04
+Primary Banks: ( "Terran Huge Turret" )
+Subsystem: turret05
+Subsystem: turret06
+Primary Banks: ( "Terran Huge Turret" )
+Subsystem: turret07
+Subsystem: turret08
+Subsystem: turret09a-01-main
+Sbank Ammo: ( 0 )
$Arrival Location: Hyperspace
$Arrival Cue: ( true ) 
$Departure Location: Hyperspace
$Departure Cue: ( false ) 
$Determination: 10
+Flags: ( "cargo-known" "no-shields" "hidden-from-sensors" )
+Flags2: ( )
+Respawn priority: 0
+Orders Accepted: 0		;! note that this is a bitfield!!!
+Group: 0
+Use Table Score:
+Score: 100
$Texture Replace:
+old: nameplate
+new: cassius

$Name: Derelict 2		;! Object #6
$Display Name: XSTR("Derelict 2", 5857)
$Class: GTFR Triton
$Team: Unknown
$Location: 334.321838, -0.003788, 4452.344727
$Orientation:
	-0.139357, -0.880597, -0.452911,
	0.612253, 0.282853, -0.738337,
	0.778284, -0.380188, 0.499731
$AI Behavior: None
$Cargo 1:  XSTR("Nothing", 4559)
+Initial Velocity: 33
+Initial Hull: 67
+Initial Shields: 100
+Subsystem: Pilot
+Subsystem: turret01
$Damage: 100
+Subsystem: turret02
$Damage: 100
+Subsystem: communications
$Damage: 100
+Subsystem: navigation
$Damage: 100
+Subsystem: weapons
$Damage: 100
+Subsystem: sensors
$Damage: 100
+Subsystem: engine
$Damage: 100
$Arrival Location: Hyperspace
$Arrival Cue: ( true ) 
$Departure Location: Hyperspace
$Departure Cue: ( false ) 
$Determination: 10
+Flags: ( "cargo-known" "protect-ship" "no-shields" "beam-protect-ship" )
+Flags2: ( )
+Respawn priority: 0
+Orders Accepted: 0		;! note that this is a bitfield!!!
+Group: 1
+Use Table Score:
+Score: 20

$Name: Derelict 1		;! Object #7
$Display Name: XSTR("Derelict 1", 5858)
$Class: GTFR Triton
$Team: Unknown
$Location: 3822.721680, 1001.658142, 4000.084961
$Orientation:
	-0.695564, 0.718465, 0.000000,
	-0.554113, -0.536451, 0.636537,
	0.457330, 0.442752, 0.771246
$AI Behavior: None
$Cargo 1:  XSTR("Nothing", 4559)
+Initial Velocity: 33
+Initial Hull: 24
+Initial Shields: 100
+Subsystem: Pilot
+Subsystem: turret01
$Damage: 100
+Subsystem: turret02
$Damage: 100
+Subsystem: navigation
$Damage: 100
+Subsystem: sensors
$Damage: 100
+Subsystem: engine
$Damage: 100
$Arrival Location: Hyperspace
$Arrival Cue: ( true ) 
$Departure Location: Hyperspace
$Departure Cue: ( false ) 
$Determination: 10
+Flags: ( "cargo-known" "protect-ship" "no-shields" "beam-protect-ship" )
+Flags2: ( )
+Respawn priority: 0
+Orders Accepted: 0		;! note that this is a bitfield!!!
+Group: 1
+Use Table Score:
+Score: 20

$Name: Derelict 3		;! Object #8
$Display Name: XSTR("Derelict 3", 5859)
$Class: GTSC Faustus
$Team: Unknown
$Location: -121.609451, -313.985809, 3249.527588
$Orientation:
	-0.217453, 0.000000, 0.976071,
	0.269743, 0.961055, 0.060094,
	-0.938058, 0.276356, -0.208984
$AI Behavior: None
$Cargo 1:  XSTR("Nothing", 4559)
+Initial Velocity: 33
+Initial Hull: 30
+Initial Shields: 100
+Subsystem: Pilot
+Subsystem: science01a-solar1
$Damage: 100
+Subsystem: turret01
$Damage: 100
+Subsystem: turret02
$Damage: 100
+Subsystem: turret03
$Damage: 100
+Subsystem: turret04
$Damage: 100
+Subsystem: turret05
$Damage: 100
+Subsystem: turret06
$Damage: 100
+Subsystem: weapons
$Damage: 100
+Subsystem: engine
$Damage: 100
$Arrival Location: Hyperspace
$Arrival Cue: ( true ) 
$Departure Location: Hyperspace
$Departure Cue: ( false ) 
$Determination: 10
+Flags: ( "cargo-known" "protect-ship" "no-shields" "beam-protect-ship" )
+Flags2: ( )
+Respawn priority: 0
+Orders Accepted: 0		;! note that this is a bitfield!!!
+Group: 1
+Use Table Score:
+Score: 50

$Name: MTSC Impresari		;! Object #9
$Display Name: XSTR("MTSC Impresari", 5860)
$Class: GTSC Faustus
$Team: Unknown
$Location: 4965.825684, -255.241898, 3029.395752
$Orientation:
	0.644827, 0.290589, -0.706935,
	0.000000, 0.924909, 0.380188,
	0.764329, -0.245156, 0.596406
$AI Behavior: None
$Cargo 1:  XSTR("Nothing", 4559)
+Initial Velocity: 33
+Initial Hull: 100
+Initial Shields: 100
+Subsystem: Pilot
+Subsystem: turret01
+Subsystem: turret02
+Subsystem: turret03
+Subsystem: turret04
+Subsystem: turret05
+Subsystem: turret06
$Arrival Location: Hyperspace
$Arrival Cue: ( true ) 
$Departure Location: Hyperspace
$Departure Cue: ( false ) 
$Determination: 10
+Flags: ( "cargo-known" "protect-ship" "no-shields" "invulnerable" "hidden-from-sensors" "beam-protect-ship" )
+Flags2: ( )
+Respawn priority: 0
+Orders Accepted: 0		;! note that this is a bitfield!!!
+Group: 0
+Use Table Score:
+Score: 50
$Texture Replace:
+old: nameplate
+new: mtsc_impresari

$Name: TAC 1 #10		;! Object #10
$Display Name: XSTR("TAC 1", 4362)
$Class: TAC 1
$Team: Unknown
$Location: 3566.488281, 614.726563, 1545.449097
$Orientation:
	0.288879, 0.651834, -0.701186,
	-0.248300, 0.758362, 0.602690,
	0.924606, 0.000000, 0.380925
$AI Behavior: None
$Cargo 1:  XSTR("Junk", 5861)
+Initial Velocity: 33
+Initial Hull: 100
+Initial Shields: 100
+Subsystem: Pilot
$Arrival Location: Hyperspace
$Arrival Cue: ( true ) 
$Departure Location: Hyperspace
$Departure Cue: ( false ) 
$Determination: 10
+Flags: ( "cargo-known" "protect-ship" "no-shields" "beam-protect-ship" )
+Flags2: ( )
+Respawn priority: 0
+Group: 1
+Use Table Score:
+Score: 5

$Name: TAC 1 #11		;! Object #11
$Display Name: XSTR("TAC 1", 4362)
$Class: TAC 1
$Team: Unknown
$Location: 1858.232544, -243.072433, 2636.612305
$Orientation:
	0.983844, 0.000000, -0.179030,
	0.023208, 0.991562, 0.127540,
	0.177519, -0.129634, 0.975542
$AI Behavior: None
$Cargo 1:  XSTR("Junk", 5861)
+Initial Velocity: 33
+Initial Hull: 100
+Initial Shields: 100
+Subsystem: Pilot
$Arrival Location: Hyperspace
$Arrival Cue: ( true ) 
$Departure Location: Hyperspace
$Departure Cue: ( false ) 
$Determination: 10
+Flags: ( "cargo-known" "protect-ship" "no-shields" "beam-protect-ship" )
+Flags2: ( )
+Respawn priority: 0
+Group: 1
+Use Table Score:
+Score: 5

$Name: TAC 1 #12		;! Object #12
$Display Name: XSTR("TAC 1", 4362)
$Class: TAC 1
$Team: Unknown
$Location: 297.857208, 225.046463, 2071.134277
$Orientation:
	-0.128844, 0.000000, -0.991665,
	0.226077, 0.973666, -0.029374,
	0.965551, -0.227978, -0.125452
$AI Behavior: None
$Cargo 1:  XSTR("Junk", 5861)
+Initial Velocity: 33
+Initial Hull: 100
+Initial Shields: 100
+Subsystem: Pilot
$Arrival Location: Hyperspace
$Arrival Cue: ( true ) 
$Departure Location: Hyperspace
$Departure Cue: ( false ) 
$Determination: 10
+Flags: ( "cargo-known" "protect-ship" "no-shields" "beam-protect-ship" )
+Flags2: ( )
+Respawn priority: 0
+Group: 1
+Use Table Score:
+Score: 5

$Name: TAC 1 #13		;! Object #13
$Display Name: XSTR("TAC 1", 4362)
$Class: TAC 1
$Team: Unknown
$Location: 1190.825195, 660.245972, 3634.370850
$Orientation:
	0.160104, 0.987100, 0.000000,
	-0.987100, 0.160104, 0.000000,
	0.000000, 0.000000, 1.000000
$AI Behavior: None
$Cargo 1:  XSTR("Junk", 5861)
+Initial Velocity: 33
+Initial Hull: 100
+Initial Shields: 100
+Subsystem: Pilot
$Arrival Location: Hyperspace
$Arrival Cue: ( true ) 
$Departure Location: Hyperspace
$Departure Cue: ( false ) 
$Determination: 10
+Flags: ( "cargo-known" "protect-ship" "no-shields" "beam-protect-ship" )
+Flags2: ( )
+Respawn priority: 0
+Group: 1
+Use Table Score:
+Score: 5

$Name: TAC 1 #14		;! Object #14
$Display Name: XSTR("TAC 1", 4362)
$Class: TAC 1
$Team: Unknown
$Location: 2033.155273, -1199.187866, 3903.134766
$Orientation:
	0.791456, -0.078763, 0.606130,
	0.164811, 0.982433, -0.087542,
	-0.588587, 0.169182, 0.790533
$AI Behavior: None
$Cargo 1:  XSTR("Junk", 5861)
+Initial Velocity: 33
+Initial Hull: 100
+Initial Shields: 100
+Subsystem: Pilot
$Arrival Location: Hyperspace
$Arrival Cue: ( true ) 
$Departure Location: Hyperspace
$Departure Cue: ( false ) 
$Determination: 10
+Flags: ( "cargo-known" "protect-ship" "no-shields" "beam-protect-ship" )
+Flags2: ( )
+Respawn priority: 0
+Group: 1
+Use Table Score:
+Score: 5

$Name: Derelict 4		;! Object #15
$Display Name: XSTR("Derelict 4", 5862)
$Class: GTG Zephyrus
$Team: Unknown
$Location: 2103.295410, -223.319595, 1264.063110
$Orientation:
	0.629412, 0.617865, 0.471258,
	0.777072, -0.500458, -0.381709,
	0.000000, 0.606454, -0.795119
$AI Behavior: None
$Cargo 1:  XSTR("Nothing", 4559)
+Initial Velocity: 33
+Initial Hull: 41
+Initial Shields: 100
+Subsystem: Pilot
+Subsystem: turret01
$Damage: 100
+Subsystem: turret02
$Damage: 100
+Subsystem: turret03
$Damage: 100
+Subsystem: turret04
$Damage: 100
+Subsystem: turret05
$Damage: 100
+Subsystem: weapons
$Damage: 100
+Subsystem: engine
$Damage: 100
$Arrival Location: Hyperspace
$Arrival Cue: ( true ) 
$Departure Location: Hyperspace
$Departure Cue: ( false ) 
$Determination: 10
+Flags: ( "cargo-known" "protect-ship" "no-shields" "beam-protect-ship" )
+Flags2: ( )
+Respawn priority: 0
+Orders Accepted: 0		;! note that this is a bitfield!!!
+Group: 1
+Use Table Score:
+Score: 50

$Name: Derelict 5		;! Object #16
$Display Name: XSTR("Derelict 5", 5863)
$Class: GTFR Poseidon
$Team: Unknown
$Location: 2015.280518, 347.632385, 3035.375000
$Orientation:
	0.120003, 0.026281, -0.992426,
	0.662402, 0.742477, 0.099759,
	0.739474, -0.669356, 0.071691
$AI Behavior: None
$Cargo 1:  XSTR("Nothing", 4559)
+Initial Velocity: 33
+Initial Hull: 7
+Initial Shields: 100
+Subsystem: Pilot
+Subsystem: turret01
$Damage: 100
+Subsystem: turret02
$Damage: 100
+Subsystem: turret03
$Damage: 100
+Subsystem: turret04
$Damage: 100
+Subsystem: communication
$Damage: 100
+Subsystem: navigation
$Damage: 100
+Subsystem: weapons
$Damage: 100
+Subsystem: sensors
$Damage: 100
+Subsystem: engine
$Damage: 100
$Arrival Location: Hyperspace
$Arrival Cue: ( true ) 
$Departure Location: Hyperspace
$Departure Cue: ( false ) 
$Determination: 10
+Flags: ( "cargo-known" "no-shields" )
+Flags2: ( )
+Respawn priority: 0
+Orders Accepted: 0		;! note that this is a bitfield!!!
+Group: 1
+Use Table Score:
+Score: 15

$Name: Chronos 1		;! Object #17
$Display Name: XSTR("Chronos 1", 5864)
$Class: GTDR Amazon Advanced

$Team: Unknown
$Location: 2099.629150, 460.458008, 3164.874023
$Orientation:
	0.666202, 0.362710, -0.651626,
	-0.365192, 0.920495, 0.139008,
	0.650238, 0.145360, 0.745695
$AI Behavior: None
$Cargo 1:  XSTR("Nothing", 4559)
+Initial Velocity: 33
+Initial Hull: 6
+Initial Shields: 100
+Subsystem: Pilot
+Subsystem: engine
$Damage: 100
$Arrival Location: Hyperspace
$Arrival Cue: ( true ) 
$Departure Location: Hyperspace
$Departure Cue: ( false ) 
$Determination: 10
+Flags: ( "cargo-known" "no-shields" )
+Flags2: ( )
+Respawn priority: 0
+Orders Accepted: 0		;! note that this is a bitfield!!!
+Group: 1
+Use Table Score:
+Score: 0

$Name: Derelict 6		;! Object #18
$Display Name: XSTR("Derelict 6", 5865)
$Class: GTFR Triton
$Team: Unknown
$Location: 690.792114, 1596.267212, 4513.728027
$Orientation:
	1.000000, 0.000000, 0.000000,
	0.000000, 0.548690, 0.836026,
	0.000000, -0.836026, 0.548690
$AI Behavior: None
$Cargo 1:  XSTR("Nothing", 4559)
+Initial Velocity: 33
+Initial Hull: 19
+Initial Shields: 100
+Subsystem: Pilot
+Subsystem: turret01
$Damage: 100
+Subsystem: turret02
$Damage: 100
+Subsystem: engine
$Damage: 100
$Arrival Location: Hyperspace
$Arrival Cue: ( true ) 
$Departure Location: Hyperspace
$Departure Cue: ( false ) 
$Determination: 10
+Flags: ( "cargo-known" "protect-ship" "no-shields" "beam-protect-ship" )
+Flags2: ( )
+Respawn priority: 0
+Orders Accepted: 0		;! note that this is a bitfield!!!
+Group: 1
+Use Table Score:
+Score: 20

$Name: VAC 5 #19		;! Object #19
$Display Name: XSTR("VAC 5", 4458)
$Class: VAC 5
$Team: Unknown
$Location: 3664.393555, 561.379639, 2990.895996
$Orientation:
	1.000000, 0.000000, 0.000000,
	0.000000, 1.000000, 0.000000,
	0.000000, 0.000000, 1.000000
$AI Behavior: None
$Cargo 1:  XSTR("Junk", 5861)
+Initial Velocity: 33
+Initial Hull: 100
+Initial Shields: 100
+Subsystem: Pilot
$Arrival Location: Hyperspace
$Arrival Cue: ( true ) 
$Departure Location: Hyperspace
$Departure Cue: ( false ) 
$Determination: 10
+Flags: ( "cargo-known" "protect-ship" "no-shields" "beam-protect-ship" )
+Flags2: ( )
+Respawn priority: 0
+Group: 1
+Use Table Score:
+Score: 3

$Name: VAC 5 #20		;! Object #20
$Display Name: XSTR("VAC 5", 4458)
$Class: VAC 5
$Team: Unknown
$Location: 3901.548340, 796.140198, 2742.840332
$Orientation:
	1.000000, 0.000000, 0.000000,
	0.000000, 1.000000, 0.000000,
	0.000000, 0.000000, 1.000000
$AI Behavior: None
$Cargo 1:  XSTR("Junk", 5861)
+Initial Velocity: 33
+Initial Hull: 100
+Initial Shields: 100
+Subsystem: Pilot
$Arrival Location: Hyperspace
$Arrival Cue: ( true ) 
$Departure Location: Hyperspace
$Departure Cue: ( false ) 
$Determination: 10
+Flags: ( "cargo-known" "protect-ship" "no-shields" "beam-protect-ship" )
+Flags2: ( )
+Respawn priority: 0
+Group: 1
+Use Table Score:
+Score: 3

$Name: VAC 5 #21		;! Object #21
$Display Name: XSTR("VAC 5", 4458)
$Class: VAC 5
$Team: Unknown
$Location: 3294.805176, -0.004008, 2427.989258
$Orientation:
	1.000000, 0.000000, 0.000000,
	0.000000, 1.000000, 0.000000,
	0.000000, 0.000000, 1.000000
$AI Behavior: None
$Cargo 1:  XSTR("Junk", 5861)
+Initial Velocity: 33
+Initial Hull: 100
+Initial Shields: 100
+Subsystem: Pilot
$Arrival Location: Hyperspace
$Arrival Cue: ( true ) 
$Departure Location: Hyperspace
$Departure Cue: ( false ) 
$Determination: 10
+Flags: ( "cargo-known" "protect-ship" "no-shields" "beam-protect-ship" )
+Flags2: ( )
+Respawn priority: 0
+Group: 1
+Use Table Score:
+Score: 3

$Name: Derelict 7		;! Object #22
$Display Name: XSTR("Derelict 7", 5866)
$Class: GVG Anuket
$Team: Unknown
$Location: -25.049480, 653.692139, 2230.910645
$Orientation:
	-0.716801, -0.076546, 0.693064,
	0.000000, 0.993956, 0.109778,
	-0.697278, 0.078689, -0.712469
$AI Behavior: None
$Cargo 1:  XSTR("Nothing", 4559)
+Initial Velocity: 33
+Initial Hull: 79
+Initial Shields: 100
+Subsystem: Pilot
+Subsystem: turret01
$Damage: 100
+Subsystem: turret02
$Damage: 100
+Subsystem: turret03
$Damage: 100
+Primary Banks: ( "Akheton SDG" "" )
+Subsystem: turret04
$Damage: 100
+Subsystem: turret05
$Damage: 100
+Subsystem: communications
$Damage: 100
+Subsystem: engine
$Damage: 100
+Subsystem: miner02va-claw1
$Damage: 100
$Arrival Location: Hyperspace
$Arrival Cue: ( true ) 
$Departure Location: Hyperspace
$Departure Cue: ( false ) 
$Determination: 10
+Flags: ( "cargo-known" "protect-ship" "no-shields" "beam-protect-ship" )
+Flags2: ( )
+Respawn priority: 0
+Orders Accepted: 0		;! note that this is a bitfield!!!
+Group: 1
+Use Table Score:
+Score: 50

$Name: Chronos 2		;! Object #23
$Display Name: XSTR("Chronos 2", 5867)
$Class: GTDR Amazon Advanced

$Team: Unknown
$Location: 662.805664, -631.295288, 3280.913330
$Orientation:
	0.100626, 0.000000, 0.994924,
	0.000000, 1.000000, 0.000000,
	-0.994924, 0.000000, 0.100626
$AI Behavior: None
$Cargo 1:  XSTR("Nothing", 4559)
+Initial Velocity: 33
+Initial Hull: 27
+Initial Shields: 100
+Subsystem: Pilot
+Subsystem: engine
$Damage: 100
$Arrival Location: Hyperspace
$Arrival Cue: ( true ) 
$Departure Location: Hyperspace
$Departure Cue: ( false ) 
$Determination: 10
+Flags: ( "cargo-known" "protect-ship" "no-shields" "beam-protect-ship" )
+Flags2: ( )
+Respawn priority: 0
+Orders Accepted: 0		;! note that this is a bitfield!!!
+Group: 1
+Use Table Score:
+Score: 0

$Name: Chronos 3		;! Object #24
$Display Name: XSTR("Chronos 3", 5868)
$Class: GTDR Amazon Advanced

$Team: Unknown
$Location: 1017.260803, 584.657104, 2763.692871
$Orientation:
	0.857709, 0.000000, -0.514136,
	-0.372382, 0.689498, -0.621227,
	0.354496, 0.724287, 0.591389
$AI Behavior: None
$Cargo 1:  XSTR("Nothing", 4559)
+Initial Velocity: 33
+Initial Hull: 14
+Initial Shields: 100
+Subsystem: Pilot
+Subsystem: weapons
$Damage: 100
+Subsystem: sensors
$Damage: 100
+Subsystem: engine
$Damage: 100
$Arrival Location: Hyperspace
$Arrival Cue: ( true ) 
$Departure Location: Hyperspace
$Departure Cue: ( false ) 
$Determination: 10
+Flags: ( "cargo-known" "protect-ship" "no-shields" "beam-protect-ship" )
+Flags2: ( )
+Respawn priority: 0
+Orders Accepted: 0		;! note that this is a bitfield!!!
+Group: 1
+Use Table Score:
+Score: 0

$Name: Chronos 4		;! Object #25
$Display Name: XSTR("Chronos 4", 5869)
$Class: GTDR Amazon Advanced

$Team: Unknown
$Location: 3750.236328, -417.028931, 4589.072266
$Orientation:
	-0.450138, 0.106153, 0.886627,
	-0.229528, -0.973302, 0.000000,
	0.862956, -0.203506, 0.462485
$AI Behavior: None
$Cargo 1:  XSTR("Nothing", 4559)
+Initial Velocity: 33
+Initial Hull: 56
+Initial Shields: 100
+Subsystem: Pilot
+Subsystem: communication
$Damage: 100
+Subsystem: weapons
$Damage: 100
+Subsystem: engine
$Damage: 100
$Arrival Location: Hyperspace
$Arrival Cue: ( true ) 
$Departure Location: Hyperspace
$Departure Cue: ( false ) 
$Determination: 10
+Flags: ( "cargo-known" "protect-ship" "no-shields" "beam-protect-ship" )
+Flags2: ( )
+Respawn priority: 0
+Orders Accepted: 0		;! note that this is a bitfield!!!
+Group: 1
+Use Table Score:
+Score: 0

$Name: TTC 1 #26		;! Object #26
$Display Name: XSTR("TTC 1", 4363)
$Class: TTC 1
$Team: Unknown
$Location: -310.276550, 92.913872, 1354.575195
$Orientation:
	1.000000, 0.000000, 0.000000,
	0.000000, 1.000000, 0.000000,
	0.000000, 0.000000, 1.000000
$AI Behavior: None
$Cargo 1:  XSTR("Junk", 5861)
+Initial Velocity: 33
+Initial Hull: 100
+Initial Shields: 100
+Subsystem: Pilot
$Arrival Location: Hyperspace
$Arrival Cue: ( true ) 
$Departure Location: Hyperspace
$Departure Cue: ( false ) 
$Determination: 10
+Flags: ( "cargo-known" "protect-ship" "no-shields" "beam-protect-ship" )
+Flags2: ( )
+Respawn priority: 0
+Group: 1
+Use Table Score:
+Score: 5

$Name: TTC 1 #27		;! Object #27
$Display Name: XSTR("TTC 1", 4363)
$Class: TTC 1
$Team: Unknown
$Location: -88.807220, 299.952759, 1191.599243
$Orientation:
	1.000000, 0.000000, 0.000000,
	0.000000, 1.000000, 0.000000,
	0.000000, 0.000000, 1.000000
$AI Behavior: None
$Cargo 1:  XSTR("Junk", 5861)
+Initial Velocity: 33
+Initial Hull: 100
+Initial Shields: 100
+Subsystem: Pilot
$Arrival Location: Hyperspace
$Arrival Cue: ( true ) 
$Departure Location: Hyperspace
$Departure Cue: ( false ) 
$Determination: 10
+Flags: ( "cargo-known" "protect-ship" "no-shields" "beam-protect-ship" )
+Flags2: ( )
+Respawn priority: 0
+Group: 1
+Use Table Score:
+Score: 5

$Name: Isis 1		;! Object #28
$Display Name: XSTR("Isis 1", 5870)
$Class: GVT Isis
$Team: Unknown
$Location: 2915.564453, 144.363251, 1833.361450
$Orientation:
	1.000000, 0.000000, 0.000000,
	0.000000, 1.000000, 0.000000,
	0.000000, 0.000000, 1.000000
$AI Behavior: None
$Cargo 1:  XSTR("Nothing", 4559)
+Initial Velocity: 33
+Initial Hull: 3
+Initial Shields: 100
+Subsystem: Pilot
+Subsystem: Turret01
$Damage: 100
+Subsystem: Turret02
$Damage: 100
+Subsystem: communication
$Damage: 100
+Subsystem: engine
$Damage: 100
+Subsystem: navigation
$Damage: 100
+Subsystem: sensors
$Damage: 100
+Subsystem: weapons
$Damage: 100
$Arrival Location: Hyperspace
$Arrival Cue: ( true ) 
$Departure Location: Hyperspace
$Departure Cue: ( false ) 
$Determination: 10
+Flags: ( "cargo-known" "protect-ship" "no-shields" "beam-protect-ship" )
+Flags2: ( )
+Respawn priority: 0
+Orders Accepted: 0		;! note that this is a bitfield!!!
+Group: 1
+Use Table Score:
+Score: 15

$Name: Derelict 10		;! Object #29
$Display Name: XSTR("Derelict 10", 5871)
$Class: PVFR Ma'at
$Team: Unknown
$Location: 2679.471680, -225.144577, 2377.181396
$Orientation:
	0.353019, 0.000000, -0.935616,
	-0.651315, 0.717911, -0.245749,
	0.671689, 0.696135, 0.253436
$AI Behavior: None
$Cargo 1:  XSTR("Nothing", 4559)
+Initial Velocity: 33
+Initial Hull: 16
+Initial Shields: 100
+Subsystem: Pilot
+Subsystem: Turret01
$Damage: 100
+Subsystem: Turret02
$Damage: 100
+Subsystem: communication
$Damage: 100
+Subsystem: engine
$Damage: 100
+Subsystem: weapons
$Damage: 100
+Subsystem: Turret03
$Arrival Location: Hyperspace
$Arrival Cue: ( true ) 
$Departure Location: Hyperspace
$Departure Cue: ( false ) 
$Determination: 10
+Flags: ( "cargo-known" "protect-ship" "no-shields" "beam-protect-ship" )
+Flags2: ( )
+Respawn priority: 0
+Orders Accepted: 0		;! note that this is a bitfield!!!
+Group: 1
+Use Table Score:
+Score: 14

$Name: Derelict 9		;! Object #30
$Display Name: XSTR("Derelict 9", 5872)
$Class: PVFR Ma'at
$Team: Unknown
$Location: 2178.534424, 315.110382, 4396.842773
$Orientation:
	0.652437, 0.000000, -0.757843,
	0.000000, 1.000000, 0.000000,
	0.757843, 0.000000, 0.652437
$AI Behavior: None
$Cargo 1:  XSTR("Nothing", 4559)
+Initial Velocity: 33
+Initial Hull: 31
+Initial Shields: 100
+Subsystem: Pilot
+Subsystem: Turret01
$Damage: 100
+Subsystem: Turret02
$Damage: 100
+Subsystem: engine
$Damage: 100
+Subsystem: navigation
$Damage: 100
+Subsystem: sensors
$Damage: 100
+Subsystem: weapons
