#Mission Info

$Version: 0.10
$Name:  XSTR("Descent", 6461)
$Author: Kellan
$Created: 12/20/99 at 09:20:01
$Modified: 10/13/13 at 17:19:37
$Notes:
Created by Kellan, mutated by BR five years later$End Notes:

$Mission Desc:
 XSTR("Alpha discovers the power behind the attacks on the GTVA in Tau Sigma...", 6462)
$end_multi_text
+Game Type Flags: 1
+Flags: 8
+Fog Near Mult: 1.000000

+Fog Far Mult: 1.000000

+Disallow Support: 0
+Hull Repair Ceiling: 0.000000
+Subsystem Repair Ceiling: 100.000000

+Player Entry Delay:
1.000000

+Viewer pos: 1413.356201, 15455.689453, -556.153748
+Viewer orient:
	0.915165, -0.000001, 0.403080,
	-0.395420, 0.194024, 0.897774,
	-0.078208, -0.980997, 0.177564


$Load Screen 640:	dl5.pcx
$Load Screen 1024:	2_dl5.pcx

$Skybox Model: starfield.pof

$AI Profile: FS2 RETAIL

#Sexp_variables

$Variables:
(
		0		"autoGenVar1"		"Mercenary Base"		"string"
		1		"autoGenVar2"		"#Command"		"string"
		2		"autoGenVar3"		"Reactor"		"string"
)

#Command Briefing

#Briefing
$start_briefing
$num_stages: 5
$start_stage
$multi_text
 XSTR("Sorry to wake you all so early, pilots, but we have a situation developing. At 0514 hours, we received a distress signal originating from the $b Tau $b Sigma solar asteroid belt. The senders identified themselves as the crew of the $b Event $b Horizon, a $b mercenary base in $b Tau $b Sigma. They reported that they were sustaining damage and required immediate assistance.", 6463)
$end_multi_text
$voice: dl21_b1.ogg
$camera_pos: 1211.638672, 2886.414795, 312.881042
$camera_orient:
	0.530294, -0.000002, 0.847814,
	-0.725981, 0.516481, 0.454091,
	-0.437881, -0.856298, 0.273886
$camera_time: 1000
$num_lines: 0
$num_icons: 3
$Flags: 0
$Formula: ( true ) 
$start_icon
$type: 15
$team: Friendly
$class: NTF Boadicea
$pos: -277.492126, -57.518517, 1266.639771
$label: XSTR("Event Horizon", 6464)
+id: 1
$hlight: 1
$mirror: 0
$multi_text
$end_multi_text
$end_icon
$start_icon
$type: 8
$team: Friendly
$class: Asteroid
$pos: -907.731934, -57.518536, 514.084473
+id: 2
$hlight: 0
$mirror: 0
$multi_text
$end_multi_text
$end_icon
$start_icon
$type: 8
$team: Friendly
$class: Asteroid
$pos: 408.839172, -57.518452, 1819.293335
+id: 3
$hlight: 0
$mirror: 0
$multi_text
$end_multi_text
$end_icon
$end_stage
$start_stage
$multi_text
 XSTR("We have no record of an installation existing at the coordinates specified, but we're not likely to, given the less than savoury reputation these $b mercenaries have. Nevertheless, we must treat this as any distress call and respond. $f Alpha and $f Beta wings will investigate the area.", 6465)
$end_multi_text
$voice: dl21_b2.ogg
$camera_pos: 2335.523438, 1839.906128, -2094.858643
$camera_orient:
	0.838843, -0.000002, 0.544373,
	-0.544372, 0.001909, 0.838842,
	-0.001041, -0.999998, 0.001600
$camera_time: 1000
$num_lines: 0
$num_icons: 5
$Flags: 0
$Formula: ( true ) 
$start_icon
$type: 15
$team: Friendly
$class: NTF Boadicea
$pos: -277.492126, -57.518517, 1266.639771
$label: XSTR("Event Horizon", 6464)
+id: 1
$hlight: 0
$mirror: 0
$multi_text
$end_multi_text
$end_icon
$start_icon
$type: 8
$team: Friendly
$class: Asteroid
$pos: -907.731934, -57.518536, 514.084473
+id: 2
$hlight: 0
$mirror: 0
$multi_text
$end_multi_text
$end_icon
$start_icon
$type: 8
$team: Friendly
$class: Asteroid
$pos: 183.181259, -57.518848, -2096.084229
+id: 3
$hlight: 0
$mirror: 0
$multi_text
$end_multi_text
$end_icon
$start_icon
$type: 1
$team: Friendly
$class: GTF Myrmidon
$pos: 2543.393799, 162.771301, -1945.117676
$label: XSTR("Beta", 5356)
+id: 4
$hlight: 1
$mirror: 0
$multi_text
$end_multi_text
$end_icon
$start_icon
$type: 1
$team: Friendly
$class: GTF Hercules Mark II
$pos: 2092.711426, 246.399551, -2210.393799
$label: XSTR("Alpha", 4828)
+id: 5
$hlight: 1
$mirror: 0
$multi_text
$end_multi_text
$end_icon
$end_stage
$start_stage
$multi_text
 XSTR("From what we have been told, the $b Event $b Horizon is under attack from a well-armed force. This is supported by partial sensor data we have obtained. If the installation is indeed under attack, assist in repelling them and defend the base.", 6466)
$end_multi_text
$voice: dl21_b3.ogg
$camera_pos: -416.641174, 4157.283691, 1179.825195
$camera_orient:
	0.863738, -0.000003, 0.503940,
	-0.386322, 0.642117, 0.662148,
	-0.323590, -0.766606, 0.554620
$camera_time: 1000
$num_lines: 0
$num_icons: 8
$Flags: 0
$Formula: ( true ) 
$start_icon
$type: 15
$team: Friendly
$class: NTF Boadicea
$pos: -277.492126, -57.518517, 1266.639771
$label: XSTR("Event Horizon", 6464)
+id: 1
$hlight: 0
$mirror: 0
$multi_text
$end_multi_text
$end_icon
$start_icon
$type: 8
$team: Friendly
$class: Asteroid
$pos: -1247.789063, -57.518463, 183.323532
+id: 2
$hlight: 0
$mirror: 0
$multi_text
$end_multi_text
$end_icon
$start_icon
$type: 8
$team: Friendly
$class: Asteroid
$pos: 740.296997, -57.519405, 1628.879639
+id: 3
$hlight: 0
$mirror: 0
$multi_text
$end_multi_text
$end_icon
$start_icon
$type: 1
$team: Friendly
$class: GTF Myrmidon
$pos: 2543.393799, 162.771301, -1945.117676
$label: XSTR("Beta", 5356)
+id: 4
$hlight: 1
$mirror: 0
$multi_text
$end_multi_text
$end_icon
$start_icon
$type: 1
$team: Friendly
$class: GTF Hercules Mark II
$pos: 2092.711426, 246.399551, -2210.393799
$label: XSTR("Alpha", 4828)
+id: 5
$hlight: 1
$mirror: 0
$multi_text
$end_multi_text
$end_icon
$start_icon
$type: 17
$team: Hostile
$class: GTB Boanerges
$pos: -999.679871, -78.900475, 4993.927246
$label: XSTR("Attackers", 6467)
+id: 6
$hlight: 0
$mirror: 0
$multi_text
$end_multi_text
$end_icon
$start_icon
$type: 1
$team: Hostile
$class: GTF Perseus
$pos: -1580.794434, -71.919952, 3864.508545
$label: XSTR("Attackers", 6467)
+id: 7
$hlight: 0
$mirror: 0
$multi_text
$end_multi_text
$end_icon
$start_icon
$type: 18
$team: Hostile
$class: GTC Leviathan
$pos: -2509.213379, 320.500610, 3820.770752
$label: XSTR("Cruiser", 6468)
+id: 8
$hlight: 0
$mirror: 0
$multi_text
$end_multi_text
$end_icon
$end_stage
$start_stage
$multi_text
 XSTR("We have also received orders from $g GTVI within the last ten minutes. It seems that the crew of the $b Event $b Horizon have highly important information and must be rescued. The $f GTT $f Swiftsure will be sent to retrieve the crew once the area is secure. Its safety will be your responsibility. The $f Cypher is also en route and will assist you with defence once it arrives.", 6469)
$end_multi_text
$voice: dl21_b4.ogg
$camera_pos: -968.322327, 4215.834961, 375.603333
$camera_orient:
	0.863738, -0.000003, 0.503941,
	-0.496492, 0.171293, 0.850973,
	-0.086324, -0.985220, 0.147951
$camera_time: 1000
$num_lines: 0
$num_icons: 5
$Flags: 0
$Formula: ( true ) 
$start_icon
$type: 15
$team: Friendly
$class: NTF Boadicea
$pos: -277.492126, -57.518517, 1266.639771
$label: XSTR("Event Horizon", 6464)
+id: 1
$hlight: 0
$mirror: 0
$multi_text
$end_multi_text
$end_icon
$start_icon
$type: 1
$team: Friendly
$class: GTF Myrmidon
$pos: 2543.393799, 162.771301, -1945.117676
$label: XSTR("Beta", 5356)
+id: 4
$hlight: 1
$mirror: 0
$multi_text
$end_multi_text
$end_icon
$start_icon
$type: 1
$team: Friendly
$class: GTF Hercules Mark II
$pos: -1670.061646, 246.401642, 1219.735840
$label: XSTR("Alpha", 4828)
+id: 5
$hlight: 1
$mirror: 0
$multi_text
$end_multi_text
$end_icon
$start_icon
$type: 34
$team: Friendly
$class: GTT Argo
$pos: -2074.834961, -0.000132, 689.563049
$label: XSTR("Swiftsure", 6470)
+id: 9
$hlight: 0
$mirror: 0
$multi_text
$end_multi_text
$end_icon
$start_icon
$type: 28
$team: Friendly
$class: GTFf Saphah
$pos: -2239.949463, -0.000202, -189.256134
$label: XSTR("Cypher", 5411)
+id: 10
$hlight: 0
$mirror: 0
$multi_text
$end_multi_text
$end_icon
$end_stage
$start_stage
$multi_text
 XSTR("Finally, beware of the enemy craft attacking the installation. The distress message stresses that the attackers are NOT normal $r pirates. Don't underestimate them, $f Alpha. Our sensor scans were interrupted at the same time as the distress call was cut, so we believe these hostile forces are blocking transmissions.

You have five minutes to customise your loadout. We can't spare any more.", 6471)
$end_multi_text
$voice: dl21_b5.ogg
$camera_pos: -1540.709229, 4558.730957, 2237.439209
$camera_orient:
	0.986646, -0.000003, 0.162876,
	-0.160171, 0.181501, 0.970259,
	-0.029565, -0.983391, 0.179077
$camera_time: 1000
$num_lines: 0
$num_icons: 6
$Flags: 0
$Formula: ( true ) 
$start_icon
$type: 15
$team: Friendly
$class: NTF Boadicea
$pos: -277.492126, -57.518517, 1266.639771
$label: XSTR("Event Horizon", 6464)
+id: 1
$hlight: 0
$mirror: 0
$multi_text
$end_multi_text
$end_icon
$start_icon
$type: 1
$team: Friendly
$class: GTF Myrmidon
$pos: 2543.393799, 162.771301, -1945.117676
$label: XSTR("Beta", 5356)
+id: 4
$hlight: 1
$mirror: 0
$multi_text
$end_multi_text
$end_icon
$start_icon
$type: 1
$team: Friendly
$class: GTF Hercules Mark II
$pos: -1158.140503, 246.401672, 2803.692139
$label: XSTR("Alpha", 4828)
+id: 5
$hlight: 1
$mirror: 0
$multi_text
$end_multi_text
$end_icon
$start_icon
$type: 34
$team: Friendly
$class: GTT Argo
$pos: -2074.834961, -0.000132, 689.563049
$label: XSTR("Swiftsure", 6470)
+id: 9
$hlight: 0
$mirror: 0
$multi_text
$end_multi_text
$end_icon
$start_icon
$type: 28
$team: Friendly
$class: GTFf Saphah
$pos: -2239.949463, -0.000202, -189.256134
$label: XSTR("Cypher", 5411)
+id: 10
$hlight: 0
$mirror: 0
$multi_text
$end_multi_text
$end_icon
$start_icon
$type: 1
$team: Hostile
$class: GTF Erinyes
$pos: -2087.705078, 159.216812, 3253.010986
$label: XSTR("Attackers", 6467)
+id: 11
$hlight: 1
$mirror: 0
$multi_text
$end_multi_text
$end_icon
$end_stage
$end_briefing

#Debriefing_info

$Num stages: 3

$Formula: ( is-event-true-delay 
   "All objectives accomplished" 
   0 
)
$Multi text
    XSTR("Excellent work, pilots. The crew of the Event Horizon have given us valuable and deeply troubling information that would never have made it into our hands without your skilful piloting.  

It is clear that the events which occurred during this mission will change the future of the Tau Sigma system irrevocably. With the revelation by the Mercenary forces that Morgan Technologies has been employing them to disrupt and weaken GTVA control in this region in order to increase their own influence, there is only one possible course of action.

We have already sent encoded messages to GTVI and the GTVA Security Council in Delta Serpentis. While the Security Council cannot be expected to respond immediately, the GTVI has already authorised the freezing of all MT assets and impoundment of Morgan vessels operating on the Nyarlathotep. All Morgan employees will be removed from the Nyarlathotep and the Morgan officials will be taken into custody.

Unfortunately Morgan's influence extends beyond merely political subversion. It appears that Morgan Technologies have gathered and supplied a large military force of the most high-tech vessels and weapons in modern-day GTVA fleets. At the head of the MT armed force is the MTD Auriga, a heavily modified Orion-class destroyer. You saw what it did out there, pilots. The Auriga poses a grave threat to the security of the region. It's full capabilities remain unknown, but it is clearly very powerful. Scouting sorties to ascertain the vessel's capability will be launched as soon as it is located.

Go catch a few hours of sleep, pilots. We'll need you all later. We will begin the impoundment of Morgan assets at 0900 hours.", 6472)
$end_multi_text
$Voice: dl21_db1.ogg
$Recommendation text:
    XSTR("", 3307)
$end_multi_text

$Formula: ( is-event-true-delay 
   "Swiftsure lost to MT" 
   0 
)
$Multi text
    XSTR("The crew of the Event Horizon perished in the attack on their base and the GTT Swiftsure. The information that they held was of immeasurable value to the GTVA. Under normal circumstances you'd be punished quite severely for this failure, but considering the value these mercenaries would have had to us...

From the transmissions sent by the crew of the Event Horizon it appears that Morgan Technolgies has been responsible for the string of attacks on GTVA and civilian targets. The mercenaries were employed by Morgan, but refused to do all of their dirty work for them. It seems that some of the attacks have been on questionable moral ground.

We have already sent encoded messages to GTVI and the GTVA Security Council in Delta Serpentis. While the Security Council cannot be expected to respond immediately, the GTVI has already authorised the freezing of all MT assets and impoundment of Morgan vessels operating on the Nyarlathotep pending a full investigation of the incident. All Morgan employees will be removed from the Nyarlathotep and the Morgan officials will be taken into custody to be questioned about the matter.

Unfortunately Morgan's influence seems to extend beyond merely political subversion. It appears that Morgan Technologies have gathered and supplied a large military force of the most high-tech vessels and weapons in modern-day GTVA fleets.

Your failure today indicates that perhaps the pressure might just be too much for you. While you are not being discharged from service, neither can we risk having you on the front lines, when there is the all-too-real possibility of you screwing up just when it counts the most - as you did today. Dismissed, pilot.", 6473)
$end_multi_text
$Voice: dl21_db2.ogg
$Recommendation text:
    XSTR("Blade and Razor have orders to attack the Swiftsure - intercept those wings before they can destroy the transport.", 6474)
$end_multi_text

$Formula: ( and 
   ( is-event-false-delay 
      "Swiftsure lost to MT" 
      0 
   )
   ( is-event-false-delay 
      "All objectives accomplished" 
      0 
   )
)
$Multi text
    XSTR("You did not have authorisation to return to base, pilot. Your actions jeopardised the lives of those involved in this mission and the GTVA's objectives in this theatre. Desertion is grounds for a court martial, and you are confined to quarters pending your preliminary hearing. Until a military court decides otherwise, you are hereby stripped of your wings and all privileges bestowed upon you as an officer of the Galactic Terran-Vasudan Alliance.", 4843)
$end_multi_text
$Voice: dl_des1.ogg
$Recommendation text:
    XSTR("Do not depart until told to do so.", 4844)
$end_multi_text


#Players		;! 1 total

$Starting Shipname: Alpha 1
$Ship Choices: (
	"GTF Hercules Mark II"	3
	"GTF Perseus"	3
	"GTF Myrmidon"	4
)

+Weaponry Pool: (
	"Subach HL-7"	16
	"Morning Star"	6
	"Prometheus R"	12
	"Prometheus S"	20
	"Rockeye"	75
	"Tempest"	5000
	"Hornet"	400
	"Tornado"	664
	"Harpoon"	168
	"Trebuchet"	25
	"Maxim"	4
)

#Objects		;! 42 total

$Name: Alpha 1		;! Object #0
$Display Name: XSTR("Alpha 1", 4845)
$Class: GTF Hercules Mark II
$Team: Friendly
$Location: 2126.101563, 246.398911, -2059.451904
$Orientation:
	0.933630, 0.000000, 0.358240,
	0.034346, 0.995394, -0.089511,
	-0.356590, 0.095874, 0.929329
$AI Behavior: None
$Cargo 1:  XSTR("Nothing", 4846)
+Initial Hull: 100
+Subsystem: Pilot
+Primary Banks: ( "Prometheus S" "Maxim" )
+Secondary Banks: ( "Harpoon" "Tornado" )
$Arrival Location: Hyperspace
$Arrival Cue: ( false ) 
$Departure Location: Hyperspace
$Departure Cue: ( false ) 
$Determination: 10
+Flags: ( "cargo-known" "player-start" )
+Flags2: ( )
+Respawn priority: 0
+Orders Accepted: 33023		;! note that this is a bitfield!!!
+Group: 0
+Score: 8

$Name: Alpha 2		;! Object #1
$Display Name: XSTR("Alpha 2", 4847)
$Class: GTF Hercules Mark II
$Team: Friendly
$Location: 2103.829590, 246.400024, -2143.716797
$Orientation:
	0.934687, 0.000000, 0.355471,
	0.033703, 0.995495, -0.088620,
	-0.353870, 0.094812, 0.930477
$AI Behavior: None
+AI Class: General
$Cargo 1:  XSTR("Nothing", 4846)
+Initial Hull: 100
+Subsystem: Pilot
+Primary Banks: ( "Prometheus S" "Maxim" )
+Secondary Banks: ( "Harpoon" "Tornado" )
$Arrival Location: Hyperspace
$Arrival Cue: ( false ) 
$Departure Location: Hyperspace
$Departure Cue: ( false ) 
$Determination: 10
+Flags: ( "cargo-known" )
+Flags2: ( )
+Respawn priority: 0
+Orders Accepted: 33023		;! note that this is a bitfield!!!
+Group: 0
+Score: 7

$Name: Alpha 3		;! Object #2
$Display Name: XSTR("Alpha 3", 4848)
$Class: GTF Hercules Mark II
$Team: Friendly
$Location: 2051.215088, 246.399887, -2048.579834
$Orientation:
	0.937109, 0.000000, 0.349038,
	0.033598, 0.995356, -0.090204,
	-0.347417, 0.096258, 0.932757
$AI Behavior: None
+AI Class: General
$Cargo 1:  XSTR("Nothing", 4846)
+Initial Hull: 100
+Subsystem: Pilot
+Primary Banks: ( "Prometheus S" "Maxim" )
+Secondary Banks: ( "Harpoon" "Tornado" )
$Arrival Location: Hyperspace
$Arrival Cue: ( false ) 
$Departure Location: Hyperspace
$Departure Cue: ( false ) 
$Determination: 10
+Flags: ( "cargo-known" )
+Flags2: ( )
+Respawn priority: 0
+Orders Accepted: 33023		;! note that this is a bitfield!!!
+Group: 0
+Score: 7

$Name: Alpha 4		;! Object #3
$Display Name: XSTR("Alpha 4", 4849)
$Class: GTF Hercules Mark II
$Team: Friendly
$Location: 2030.671997, 246.400024, -2119.532715
$Orientation:
	0.938402, 0.000000, 0.345547,
	0.032901, 0.995457, -0.089348,
	-0.343977, 0.095213, 0.934138
$AI Behavior: None
+AI Class: General
$Cargo 1:  XSTR("Nothing", 4846)
+Initial Hull: 100
+Subsystem: Pilot
+Primary Banks: ( "Prometheus S" "Maxim" )
+Secondary Banks: ( "Harpoon" "Tornado" )
$Arrival Location: Hyperspace
$Arrival Cue: ( false ) 
$Departure Location: Hyperspace
$Departure Cue: ( false ) 
$Determination: 10
+Flags: ( "cargo-known" )
+Flags2: ( )
+Respawn priority: 0
+Orders Accepted: 33023		;! note that this is a bitfield!!!
+Group: 0
+Score: 7

$Name: Cypher		;! Object #4
$Display Name: XSTR("Cypher", 5411)
$Class: GTFf Saphah
$Team: Friendly
$Location: 236.600006, 2122.899902, -2295.899902
$Orientation:
	0.582054, -0.104212, 0.806445,
	-0.014575, 0.990258, 0.138484,
	-0.813020, -0.092359, 0.574865
$AI Behavior: None
+AI Class: Major
$AI Goals: ( goals ( ai-waypoints-once "Cypher pass" 85 ) ( ai-waypoints-once "Cypher hold" 85 ) ( ai-chase "Hephaestus" 50 ) )
$Cargo 1:  XSTR("Nothing", 4846)
+Initial Hull: 100
+Initial Shields: 100
+Subsystem: Pilot
+Subsystem: turret01a
+Subsystem: turret02
+Subsystem: turret03
+Subsystem: turret04
+Subsystem: turret05
+Subsystem: turret06
+Subsystem: turret07
+Subsystem: turret08
+Subsystem: turret09
+Subsystem: turret10
+Subsystem: turret11a
+Subsystem: turret12
+Subsystem: turret13
+Subsystem: turret14
+Subsystem: turret15
+Sbank Ammo: ( 0 )
+Subsystem: turret16
+Subsystem: turret17
+Subsystem: turret18
+Subsystem: turret19
+Subsystem: turret20
+Subsystem: turret21a
+Subsystem: turret22a
+Subsystem: turret23a
+Subsystem: turret24a
+Subsystem: turret25a
$Arrival Location: Hyperspace
$Arrival Cue: ( has-arrived-delay 40 "Hephaestus" ) 
$Departure Location: Hyperspace
$Departure Cue: ( is-event-true-delay 
   "Cypher bugs out under fire" 
   4 
)
$Determination: 10
+Flags: ( "cargo-known" "no-shields" "escort" )
+Flags2: ( )
+Respawn priority: 0
+Escort priority: 75
+Orders Accepted: 0		;! note that this is a bitfield!!!
+Group: 0
+Score: 300
$Texture Replace:
+old: nameplate
+new: gtff_cypher

$Name: Nimrod		;! Object #5
$Display Name: XSTR("Nimrod", 6475)
$Class: GTC Leviathan
$Team: Friendly
$Location: 635.074524, 640.183594, 1760.943481
$Orientation:
	0.824487, 0.557225, 0.098604,
	-0.557638, 0.829681, -0.025899,
	-0.096241, -0.033632, 0.994790
$AI Behavior: None
$AI Goals: ( goals ( ai-chase "Hephaestus" 50 ) )
$Cargo 1:  XSTR("Nothing", 4846)
+Initial Hull: 28
+Initial Shields: 100
+Subsystem: Pilot
+Subsystem: turret01
+Subsystem: turret02
+Subsystem: turret03
+Subsystem: turret04
+Subsystem: turret05
+Subsystem: turret06
+Subsystem: turret07
+Subsystem: turret08
+Subsystem: turret09a-01-main
$Arrival Location: Hyperspace
$Arrival Cue: ( true ) 
$Departure Location: Hyperspace
$Departure Cue: ( false ) 
$Determination: 10
+Flags: ( "cargo-known" "no-shields" "escort" )
+Flags2: ( )
+Respawn priority: 0
+Escort priority: 50
+Orders Accepted: 0		;! note that this is a bitfield!!!
+Group: 0
+Score: 100
$Texture Replace:
+old: nameplate
+new: nimrod

$Name: TAC 1 #7		;! Object #6
$Display Name: XSTR("TAC 1", 4479)
$Class: TAC 1
$Team: Friendly
$Location: -819.908997, 188.742752, 1673.528809
$Orientation:
	0.999200, 0.000000, 0.039989,
	0.000000, 1.000000, 0.000000,
	-0.039989, 0.000000, 0.999200
$AI Behavior: None
$Cargo 1:  XSTR("Nothing", 4846)
+Initial Velocity: 33
+Initial Hull: 100
+Initial Shields: 100
+Subsystem: Pilot
$Arrival Location: Hyperspace
$Arrival Cue: ( true ) 
$Departure Location: Hyperspace
$Departure Cue: ( false ) 
$Determination: 10
+Flags: ( "cargo-known" "no-shields" )
+Flags2: ( )
+Respawn priority: 0
+Group: 0
+Use Table Score:
+Score: 5

$Name: TAC 1 #8		;! Object #7
$Display Name: XSTR("TAC 1", 4479)
$Class: TAC 1
$Team: Friendly
$Location: -966.200195, 188.742691, 1520.553589
$Orientation:
	0.999200, 0.000000, 0.039989,
	0.000000, 1.000000, 0.000000,
	-0.039989, 0.000000, 0.999200
$AI Behavior: None
$Cargo 1:  XSTR("Nothing", 4846)
+Initial Velocity: 33
+Initial Hull: 100
+Initial Shields: 100
+Subsystem: Pilot
$Arrival Location: Hyperspace
$Arrival Cue: ( true ) 
$Departure Location: Hyperspace
$Departure Cue: ( false ) 
$Determination: 10
+Flags: ( "cargo-known" "no-shields" )
+Flags2: ( )
+Respawn priority: 0
+Group: 0
+Use Table Score:
+Score: 5

$Name: TAC 1 #9		;! Object #8
$Display Name: XSTR("TAC 1", 4479)
$Class: TAC 1
$Team: Friendly
$Location: -1135.086426, 188.742691, 1382.112061
$Orientation:
	0.999200, 0.000000, 0.039989,
	0.000000, 1.000000, 0.000000,
	-0.039989, 0.000000, 0.999200
$AI Behavior: None
$Cargo 1:  XSTR("Nothing", 4846)
+Initial Velocity: 33
+Initial Hull: 100
+Initial Shields: 100
+Subsystem: Pilot
$Arrival Location: Hyperspace
$Arrival Cue: ( true ) 
$Departure Location: Hyperspace
$Departure Cue: ( false ) 
$Determination: 10
+Flags: ( "cargo-known" "no-shields" )
+Flags2: ( )
+Respawn priority: 0
+Group: 0
+Use Table Score:
+Score: 5

$Name: Sabre 1		;! Object #9
$Display Name: XSTR("Sabre 1", 6476)
$Class: GTF Erinyes
$Team: Hostile
$Location: 2500.013428, 906.400818, 3238.084717
$Orientation:
	-0.657880, 0.000000, 0.753123,
	-0.109687, 0.989337, -0.095816,
	-0.745092, -0.145644, -0.650865
$AI Behavior: None
+AI Class: Major
$Cargo 1:  XSTR("Nothing", 4846)
+Initial Velocity: 33
+Initial Hull: 100
+Subsystem: Pilot
+Primary Banks: ( "Subach HL-7" "Maxim" )
$Arrival Location: Hyperspace
$Arrival Cue: ( false ) 
$Departure Location: Hyperspace
$Departure Cue: ( false ) 
$Determination: 10
+Flags: ( "cargo-known" )
+Flags2: ( )
+Respawn priority: 0
+Group: 0
+Use Table Score:
+Score: 12

$Name: Sabre 2		;! Object #10
$Display Name: XSTR("Sabre 2", 6477)
$Class: GTF Erinyes
$Team: Hostile
$Location: 2684.111328, 906.400696, 2892.848145
$Orientation:
	-0.479364, 0.000000, 0.877616,
	-0.131137, 0.988773, -0.071628,
	-0.867764, -0.149424, -0.473982
$AI Behavior: None
+AI Class: Major
$Cargo 1:  XSTR("Nothing", 4846)
+Initial Velocity: 33
+Initial Hull: 100
+Subsystem: Pilot
+Primary Banks: ( "Subach HL-7" "Maxim" )
$Arrival Location: Hyperspace
$Arrival Cue: ( false ) 
$Departure Location: Hyperspace
$Departure Cue: ( false ) 
$Determination: 10
+Flags: ( "cargo-known" )
+Flags2: ( )
+Respawn priority: 0
+Group: 0
+Use Table Score:
+Score: 12

$Name: Sabre 3		;! Object #11
$Display Name: XSTR("Sabre 3", 6478)
$Class: GTF Erinyes
$Team: Hostile
$Location: 2783.902100, 906.400574, 2468.397217
$Orientation:
	-0.247271, 0.000000, 0.968946,
	-0.150032, 0.987940, -0.038287,
	-0.957260, -0.154840, -0.244289
$AI Behavior: None
+AI Class: Major
$Cargo 1:  XSTR("Nothing", 4846)
+Initial Velocity: 33
+Initial Hull: 100
+Subsystem: Pilot
+Primary Banks: ( "Subach HL-7" "Maxim" )
$Arrival Location: Hyperspace
$Arrival Cue: ( false ) 
$Departure Location: Hyperspace
$Departure Cue: ( false ) 
$Determination: 10
+Flags: ( "cargo-known" )
+Flags2: ( )
+Respawn priority: 0
+Group: 0
+Use Table Score:
+Score: 12

$Name: Sabre 4		;! Object #12
$Display Name: XSTR("Sabre 4", 6479)
$Class: GTF Erinyes
$Team: Hostile
$Location: 2299.600098, 821.700012, 3548.500000
$Orientation:
	-0.731843, 0.000000, 0.681473,
	-0.050504, 0.997250, -0.054237,
	-0.679599, -0.074110, -0.729831
$AI Behavior: None
+AI Class: Major
$Cargo 1:  XSTR("Nothing", 4846)
+Initial Velocity: 33
+Initial Hull: 100
+Subsystem: Pilot
+Primary Banks: ( "Subach HL-7" "Maxim" )
$Arrival Location: Hyperspace
$Arrival Cue: ( false ) 
$Departure Location: Hyperspace
$Departure Cue: ( false ) 
$Determination: 10
+Flags: ( "cargo-known" )
+Flags2: ( )
+Respawn priority: 0
+Group: 0
+Use Table Score:
+Score: 12

$Name: Hook 1		;! Object #13
$Display Name: XSTR("Hook 1", 5182)
$Class: GTF Myrmidon
$Team: Friendly
$Location: -573.299988, -325.600006, 2044.099976
$Orientation:
	0.362132, 0.000000, -0.932127,
	-0.326267, 0.936741, -0.126755,
	0.873161, 0.350025, 0.339224
$AI Behavior: None
$Cargo 1:  XSTR("Nothing", 4846)
+Initial Hull: 22
+Subsystem: Pilot
+Secondary Banks: ( "Rockeye" "Tornado" "Hornet" )
$Arrival Location: Hyperspace
$Arrival Cue: ( false ) 
$Departure Location: Hyperspace
$Departure Cue: ( false ) 
$Determination: 10
+Flags: ( "cargo-known" )
+Flags2: ( )
+Respawn priority: 0
+Group: 0
+Score: 8

$Name: Hook 2		;! Object #14
$Display Name: XSTR("Hook 2", 5184)
$Class: GTF Myrmidon
$Team: Friendly
$Location: 656.400024, 320.899994, 1044.699951
$Orientation:
	0.999557, 0.000000, 0.029761,
	0.012113, 0.913427, -0.406822,
	-0.027184, 0.407003, 0.913022
$AI Behavior: None
$Cargo 1:  XSTR("Nothing", 4846)
+Initial Hull: 57
+Subsystem: Pilot
+Secondary Banks: ( "Rockeye" "Tornado" "Hornet" )
$Arrival Location: Hyperspace
$Arrival Cue: ( false ) 
$Departure Location: Hyperspace
$Departure Cue: ( false ) 
$Determination: 10
+Flags: ( "cargo-known" )
+Flags2: ( )
+Respawn priority: 0
+Group: 0
+Score: 8

$Name: Shayler		;! Object #15
$Display Name: XSTR("Shayler", 6480)
$Class: GTFR Triton
$Team: Friendly
$Location: -1447.833008, -338.160004, 1438.472534
$Orientation:
	0.973666, 0.000000, -0.227978,
	0.203175, 0.453596, 0.867739,
	0.103410, -0.891208, 0.441651
$AI Behavior: None
$Cargo 1:  XSTR("Nothing", 4846)
+Initial Hull: 32
+Initial Shields: 100
+Subsystem: Pilot
+Subsystem: turret01
+Subsystem: turret02
+Subsystem: navigation
$Damage: 100
+Subsystem: weapons
$Damage: 100
+Subsystem: engine
$Damage: 100
$Arrival Location: Hyperspace
$Arrival Cue: ( true ) 
$Departure Location: Hyperspace
$Departure Cue: ( false ) 
$Determination: 10
+Flags: ( "cargo-known" "no-shields" )
+Flags2: ( )
+Respawn priority: 0
+Orders Accepted: 0		;! note that this is a bitfield!!!
+Group: 0
+Use Table Score:
+Score: 20

$Name: Hephaestus		;! Object #16
$Display Name: XSTR("Hephaestus", 6481)
$Class: GTC Aeolus
$Team: Hostile
$Location: -3325.600098, 320.500000, 4971.700195
$Orientation:
	-0.827795, 0.000000, -0.561031,
	0.006302, 0.999937, -0.009298,
	0.560996, -0.011233, -0.827743
$AI Behavior: None
+AI Class: Major
$AI Goals: ( goals ( ai-waypoints-once "Intercept trans" 70 ) ( ai-chase "Event Horizon" 65 ) ( ai-chase "Nimrod" 70 ) ( ai-chase "Swiftsure" 50 ) )
$Cargo 1:  XSTR("Nothing", 4846)
+Initial Velocity: 33
+Initial Hull: 100
+Initial Shields: 100
+Subsystem: Pilot
+Subsystem: turret01
+Subsystem: turret02
+Subsystem: turret03
+Subsystem: turret04
+Subsystem: turret05
+Subsystem: turret06
+Subsystem: turret07
+Subsystem: turret08
+Subsystem: turret09
+Subsystem: turret10
+Subsystem: turret11
+Subsystem: turret12
$Arrival Location: Hyperspace
$Arrival Cue: ( has-docked-delay 
   "Swiftsure" 
   "Event Horizon" 
   1 
   15 
)
$Departure Location: Hyperspace
$Departure Cue: ( false ) 
$Determination: 10
+Flags: ( "cargo-known" "protect-ship" "no-shields" "escort" )
+Flags2: ( )
+Respawn priority: 0
+Escort priority: 60
+Orders Accepted: 0		;! note that this is a bitfield!!!
+Group: 0
+Use Table Score:
+Score: 500

$Name: Auriga		;! Object #17
$Display Name: XSTR("Auriga", 6482)
$Class: GTD Orion
$Team: Hostile
$Location: 4995.799805, 2955.399902, 5019.100098
$Orientation:
	-0.719102, -0.257081, 0.645603,
	-0.191297, 0.966390, 0.171744,
	-0.668056, 0.000000, -0.744111
$AI Behavior: None
+AI Class: Major
$Cargo 1:  XSTR("Nothing", 4846)
+Initial Velocity: 33
+Initial Hull: 100
+Initial Shields: 100
+Subsystem: Pilot
+Subsystem: turret01a
+Primary Banks: ( "BFGreen" )
+Subsystem: turret02a
+Primary Banks: ( "Heavy Flak" "Long Range Flak" "Heavy Flak" )
+Subsystem: turret03a
+Subsystem: turret04a
+Primary Banks: ( "Heavy Flak" "Long Range Flak" "Heavy Flak" )
+Subsystem: turret05a
+Primary Banks: ( "Long Range Flak" "Heavy Flak" "Long Range Flak" )
+Subsystem: turret06
+Primary Banks: ( "BGreen" )
+Subsystem: turret07
+Primary Banks: ( "BGreen" )
+Subsystem: turret08
+Subsystem: turret09
+Subsystem: turret10
+Subsystem: turret11
+Subsystem: turret12
+Subsystem: turret13
+Subsystem: turret14
+Primary Banks: ( "BGreen" )
+Subsystem: turret15
+Subsystem: turret16
$Arrival Location: Hyperspace
$Arrival Cue: ( and 
   ( is-destroyed-delay 
      4 
      "Hephaestus" 
      "Maul" 
   )
   ( > 
      ( distance 
         "Event Horizon" 
         "Swiftsure" 
      )
      1000 
   )
)
$Departure Location: Hyperspace
$Departure Cue: ( and 
   ( is-destroyed-delay 
      0 
      "Event Horizon" 
   )
   ( has-departed-delay 0 "Cypher" ) 
)
$Determination: 10
+Flags: ( "cargo-known" "no-shields" "escort" )
+Flags2: ( )
+Respawn priority: 0
+Escort priority: 80
+Orders Accepted: 0		;! note that this is a bitfield!!!
+Group: 0
+Use Table Score:
+Score: 1000
$Texture Replace:
+old: capital01-01
+new: chg-capital01-01
+old: capital01-01-shine
+new: chg-capital01-01-glow
+old: capital01-01c
+new: chg-capital01-01-normal
+old: capital01-01c-shine
+new: chg-capital01-01-shine
+old: capital01-02
+new: chg-capital01-02
+old: capital01-02-normal
+new: chg-capital01-02-normal
+old: capital01-02-shine
+new: chg-capital01-02-shine
+old: capital01-03
+new: chg-capital01-03
+old: capital01-03-glow
+new: chg-capital01-03-glow
+old: capital01-03-normal
+new: chg-capital01-03-normal
+old: capital01-03-shine
+new: chg-capital01-03-shine
+old: capital01-04
+new: chg-capital01-04
+old: capital01-04-glow
+new: chg-capital01-04-glow
+old: capital01-04-normal
+new: chg-capital01-04-normal
+old: capital01-04-shine
+new: chg-capital01-04-shine
+old: capital01-05
+new: mtd_auriga_old
+old: capital01-05-shine
+new: chg-capital01-05-shine
+old: capital01-06
+new: chg-capital01-06
+old: capital01-06-normal
+new: chg-capital01-06-normal
+old: capital01-06-shine
+new: chg-capital01-06-shine
+old: getile1
+new: chg-getile1
+old: getile1-normal
+new: chg-getile1-normal
+old: getile1-shine
+new: chg-getile1-shine
+old: install01-01
+new: chg-install01-01
+old: install01-01-glow
+new: chg-install01-01-glow
+old: install01-01-normal
+new: chg-install01-01-normal
+old: install01-01-shine
+new: chg-install01-01-shine
+old: nameplate
+new: mtd_auriga

$Name: Lancet 1		;! Object #18
$Display Name: XSTR("Lancet 1", 5953)
$Class: GTB Artemis
$Team: Hostile
$Location: -2478.538574, 1569.500244, 2420.011475
$Orientation:
	-0.495722, 0.000000, -0.868481,
	0.341810, 0.919294, -0.195102,
	0.798389, -0.393572, -0.455715
$AI Behavior: None
+AI Class: Major
$Cargo 1:  XSTR("Nothing", 4846)
+Initial Velocity: 33
+Initial Hull: 100
+Subsystem: Pilot
+Primary Banks: ( "Maxim" )
+Secondary Banks: ( "Hornet" "Trebuchet" "Cyclops" )
$Arrival Location: Hyperspace
$Arrival Cue: ( false ) 
$Departure Location: Hyperspace
$Departure Cue: ( false ) 
$Determination: 10
+Flags: ( "cargo-known" )
+Flags2: ( )
+Respawn priority: 0
+Group: 0
+Use Table Score:
+Score: 10

$Name: Lancet 2		;! Object #19
$Display Name: XSTR("Lancet 2", 5954)
$Class: GTB Artemis
$Team: Hostile
$Location: -2614.995850, 1569.500122, 2380.067139
$Orientation:
	-0.472765, 0.000000, -0.881188,
	0.339248, 0.922921, -0.182009,
	0.813267, -0.384989, -0.436325
$AI Behavior: None
+AI Class: Major
$Cargo 1:  XSTR("Nothing", 4846)
+Initial Velocity: 33
+Initial Hull: 100
+Subsystem: Pilot
+Primary Banks: ( "Maxim" )
+Secondary Banks: ( "Hornet" "Trebuchet" "Cyclops" )
$Arrival Location: Hyperspace
$Arrival Cue: ( false ) 
$Departure Location: Hyperspace
$Departure Cue: ( false ) 
$Determination: 10
+Flags: ( "cargo-known" )
+Flags2: ( )
+Respawn priority: 0
+Group: 0
+Use Table Score:
+Score: 10

$Name: Lancet 3		;! Object #20
$Display Name: XSTR("Lancet 3", 5955)
$Class: GTB Artemis
$Team: Hostile
$Location: -2556.195801, 1569.500244, 2568.823242
$Orientation:
	-0.515580, 0.000000, -0.856841,
	0.326860, 0.924381, -0.196679,
	0.792048, -0.381470, -0.476593
$AI Behavior: None
+AI Class: Major
$Cargo 1:  XSTR("Nothing", 4846)
+Initial Velocity: 33
+Initial Hull: 100
+Subsystem: Pilot
+Primary Banks: ( "Maxim" )
+Secondary Banks: ( "Hornet" "Trebuchet" "Cyclops" )
$Arrival Location: Hyperspace
$Arrival Cue: ( false ) 
$Departure Location: Hyperspace
$Departure Cue: ( false ) 
$Determination: 10
+Flags: ( "cargo-known" )
+Flags2: ( )
+Respawn priority: 0
+Group: 0
+Use Table Score:
+Score: 10

$Name: Lancet 4		;! Object #21
$Display Name: XSTR("Lancet 4", 5956)
$Class: GTB Artemis
$Team: Hostile
$Location: -2691.821289, 1569.500244, 2522.951904
$Orientation:
	-0.492206, 0.000000, -0.870479,
	0.325418, 0.927494, -0.184005,
	0.807364, -0.373838, -0.456518
$AI Behavior: None
+AI Class: Major
$Cargo 1:  XSTR("Nothing", 4846)
+Initial Velocity: 33
+Initial Hull: 100
+Subsystem: Pilot
+Primary Banks: ( "Maxim" )
+Secondary Banks: ( "Hornet" "Trebuchet" "Cyclops" )
$Arrival Location: Hyperspace
$Arrival Cue: ( false ) 
$Departure Location: Hyperspace
$Departure Cue: ( false ) 
$Determination: 10
+Flags: ( "cargo-known" )
+Flags2: ( )
+Respawn priority: 0
+Group: 0
+Use Table Score:
+Score: 10

$Name: Swiftsure		;! Object #22
$Display Name: XSTR("Swiftsure", 6470)
$Class: GTT Argo
$Team: Friendly
$Location: -3285.800049, -761.099976, -947.500000
$Orientation:
	0.837800, 0.000000, -0.545977,
	-0.201904, 0.929110, -0.309822,
	0.507272, 0.369804, 0.778409
$AI Behavior: None
$AI Goals: ( goals ( ai-waypoints-once "Rescuepath" 65 ) ( ai-dock "Event Horizon" "Frontside dock" "blahblah" 50 ) )
$Cargo 1:  XSTR("Nothing", 4846)
+Initial Velocity: 33
+Initial Hull: 100
+Initial Shields: 100
+Subsystem: Pilot
+Subsystem: turret01
+Subsystem: turret02
$Arrival Location: Hyperspace
$Arrival Cue: ( is-destroyed-delay 
   23 
   "Pike" 
   "Sabre" 
)
$Departure Location: Hyperspace
$Departure Cue: ( or 
   ( are-waypoints-done-delay 
      "Swiftsure" 
      "Swiftsure out" 
      0 
   )
   ( destroyed-or-departed-delay 
      6 
      "Auriga" 
      "Razor" 
   )
)
$Determination: 10
+Flags: ( "cargo-known" "no-shields" "escort" "beam-protect-ship" )
+Flags2: ( )
+Respawn priority: 0
+Escort priority: 80
+Orders Accepted: 0		;! note that this is a bitfield!!!
+Group: 0
+Use Table Score:
+Score: 40

$Name: Maul 1		;! Object #23
$Display Name: XSTR("Maul 1", 6483)
$Class: GTB Boanerges
$Team: Hostile
$Location: -487.084778, -895.537354, 6080.498535
$Orientation:
	-0.921680, 0.000000, -0.387951,
	0.000000, 1.000000, 0.000000,
	0.387951, 0.000000, -0.921680
$AI Behavior: None
+AI Class: Major
$Cargo 1:  XSTR("Nothing", 4846)
+Initial Velocity: 33
+Initial Hull: 100
+Subsystem: Pilot
+Primary Banks: ( "Maxim" )
+Secondary Banks: ( "Hornet" "Cyclops" "Cyclops" )
$Arrival Location: Hyperspace
$Arrival Cue: ( false ) 
$Departure Location: Hyperspace
$Departure Cue: ( false ) 
$Determination: 10
+Flags: ( "cargo-known" )
+Flags2: ( )
+Respawn priority: 0
+Group: 0
+Use Table Score:
+Score: 10

$Name: Maul 2		;! Object #24
$Display Name: XSTR("Maul 2", 6484)
$Class: GTB Boanerges
$Team: Hostile
$Location: -322.928406, -909.645569, 6408.374512
$Orientation:
	-0.921680, 0.000000, -0.387951,
	0.000000, 1.000000, 0.000000,
	0.387951, 0.000000, -0.921680
$AI Behavior: None
+AI Class: Major
$Cargo 1:  XSTR("Nothing", 4846)
+Initial Velocity: 33
+Initial Hull: 100
+Subsystem: Pilot
+Primary Banks: ( "Maxim" )
+Secondary Banks: ( "Hornet" "Cyclops" "Cyclops" )
$Arrival Location: Hyperspace
$Arrival Cue: ( false ) 
$Departure Location: Hyperspace
$Departure Cue: ( false ) 
$Determination: 10
+Flags: ( "cargo-known" )
+Flags2: ( )
+Respawn priority: 0
+Group: 0
+Use Table Score:
+Score: 10

$Name: Maul 3		;! Object #25
$Display Name: XSTR("Maul 3", 6485)
$Class: GTB Boanerges
$Team: Hostile
$Location: -819.723694, -895.537231, 6341.934570
$Orientation:
	-0.921680, 0.000000, -0.387951,
	0.000000, 1.000000, 0.000000,
	0.387951, 0.000000, -0.921680
$AI Behavior: None
+AI Class: Major
$Cargo 1:  XSTR("Nothing", 4846)
+Initial Velocity: 33
+Initial Hull: 100
+Subsystem: Pilot
+Primary Banks: ( "Maxim" )
+Secondary Banks: ( "Hornet" "Cyclops" "Cyclops" )
$Arrival Location: Hyperspace
$Arrival Cue: ( false ) 
$Departure Location: Hyperspace
$Departure Cue: ( false ) 
$Determination: 10
+Flags: ( "cargo-known" )
+Flags2: ( )
+Respawn priority: 0
+Group: 0
+Use Table Score:
+Score: 10

$Name: Pike 1		;! Object #26
$Display Name: XSTR("Pike 1", 5949)
$Class: GTF Perseus
$Team: Hostile
$Location: -2432.729980, 0.003554, 5499.156250
$Orientation:
	-0.984128, 0.000000, -0.177462,
	0.000000, 1.000000, 0.000000,
	0.177462, 0.000000, -0.984128
$AI Behavior: None
+AI Class: Major
$Cargo 1:  XSTR("Nothing", 4846)
+Initial Velocity: 33
+Initial Hull: 100
+Subsystem: Pilot
+Primary Banks: ( "Prometheus S" "Akheton SDG" )
+Secondary Banks: ( "Harpoon" "Stiletto II" )
$Arrival Location: Hyperspace
$Arrival Cue: ( false ) 
$Departure Location: Hyperspace
$Departure Cue: ( false ) 
$Determination: 10
+Flags: ( "cargo-known" )
+Flags2: ( )
+Respawn priority: 0
+Group: 0
+Use Table Score:
+Score: 14

$Name: Pike 2		;! Object #27
$Display Name: XSTR("Pike 2", 5950)
$Class: GTF Perseus
$Team: Hostile
$Location: -2351.704834, 0.003590, 5703.170410
$Orientation:
	-0.984128, 0.000000, -0.177462,
	0.000000, 1.000000, 0.000000,
	0.177462, 0.000000, -0.984128
$AI Behavior: None
+AI Class: Major
$Cargo 1:  XSTR("Nothing", 4846)
+Initial Velocity: 33
+Initial Hull: 100
+Subsystem: Pilot
+Primary Banks: ( "Prometheus S" "Akheton SDG" )
+Secondary Banks: ( "Harpoon" "Stiletto II" )
$Arrival Location: Hyperspace
$Arrival Cue: ( false ) 
$Departure Location: Hyperspace
$Departure Cue: ( false ) 
$Determination: 10
+Flags: ( "cargo-known" )
+Flags2: ( )
+Respawn priority: 0
+Group: 0
+Use Table Score:
+Score: 14

$Name: Pike 3		;! Object #28
$Display Name: XSTR("Pike 3", 5951)
$Class: GTF Perseus
$Team: Hostile
$Location: -2702.849854, 0.003651, 5709.271484
$Orientation:
	-0.984128, 0.000000, -0.177462,
	0.000000, 1.000000, 0.000000,
	0.177462, 0.000000, -0.984128
$AI Behavior: None
+AI Class: Major
$Cargo 1:  XSTR("Nothing", 4846)
+Initial Velocity: 33
+Initial Hull: 100
+Subsystem: Pilot
+Primary Banks: ( "Prometheus S" "Akheton SDG" )
+Secondary Banks: ( "Harpoon" "Stiletto II" )
$Arrival Location: Hyperspace
$Arrival Cue: ( false ) 
$Departure Location: Hyperspace
$Departure Cue: ( false ) 
$Determination: 10
+Flags: ( "cargo-known" )
+Flags2: ( )
+Respawn priority: 0
+Group: 0
+Use Table Score:
+Score: 14

$Name: Pike 4		;! Object #29
$Display Name: XSTR("Pike 4", 6486)
$Class: GTF Perseus
$Team: Hostile
$Location: -2635.035889, 0.003633, 5960.895508
$Orientation:
	-0.984128, 0.000000, -0.177462,
	0.000000, 1.000000, 0.000000,
	0.177462, 0.000000, -0.984128
$AI Behavior: None
+AI Class: Major
$Cargo 1:  XSTR("Nothing", 4846)
+Initial Velocity: 33
+Initial Hull: 100
+Subsystem: Pilot
+Primary Banks: ( "Prometheus S" "Akheton SDG" )
+Secondary Banks: ( "Harpoon" "Stiletto II" )
$Arrival Location: Hyperspace
$Arrival Cue: ( false ) 
$Departure Location: Hyperspace
$Departure Cue: ( false ) 
$Determination: 10
+Flags: ( "cargo-known" )
+Flags2: ( )
+Respawn priority: 0
+Group: 0
+Use Table Score:
+Score: 14

$Name: Blade 1		;! Object #30
$Display Name: XSTR("Blade 1", 4472)
$Class: GTF Ares
$Team: Hostile
$Location: -4367.701660, 429.069061, -418.008362
$Orientation:
	0.140332, 0.000000, -0.990105,
	0.000000, 1.000000, 0.000000,
