#Mission Info

$Version: 0.10
$Name:  XSTR("The Iron Curtain", 7231)
$Author: Kellan
$Created: 03/27/00 at 21:59:45
$Modified: 10/18/13 at 15:08:12
$Notes:
This is an FS2: Derelict mission.
$End Notes:

$Mission Desc:
 XSTR("Alpha wing must defend the Tau Sigma blockade from vicious Shivan fighter and bomber attacks and prevent it's destruction.  The Shivan attack will be fierce, and losees will be high...", 7232)
$end_multi_text
+Game Type Flags: 1
+Flags: 8
+Fog Near Mult: 1.000000

+Fog Far Mult: 1.000000

+Disallow Support: 0
+Hull Repair Ceiling: 0.000000
+Subsystem Repair Ceiling: 100.000000

+Player Entry Delay:
1.000000

+Viewer pos: -2695.630371, 12512.453125, -4158.560547
+Viewer orient:
	0.907497, -0.000000, -0.420059,
	0.383735, 0.406781, 0.829022,
	0.170872, -0.913526, 0.369152


$Load Screen 640:	dl8.pcx
$Load Screen 1024:	2_dl8.pcx

$Skybox Model: starfield.pof

$AI Profile: FS2 RETAIL

#Sexp_variables

$Variables:
(
		0		"autoGenVar1"		"#Command"		"string"
)

#Command Briefing

#Briefing
$start_briefing
$num_stages: 6
$start_stage
$multi_text
 XSTR("$f Alpha, I'll make this quick, as we don't have much time. The security of the $b Tau $b Sigma jump node defence has been compromised by the $r Shivans.", 7233)
$end_multi_text
$voice: dl30_b1.ogg
$camera_pos: -282.798615, 4187.490723, -750.295837
$camera_orient:
	-0.314662, 0.000003, -0.949204,
	0.946299, 0.078166, -0.313700,
	0.074195, -0.996940, -0.024599
$camera_time: 1000
$num_lines: 0
$num_icons: 1
$Flags: 0
$Formula: ( true ) 
$start_icon
$type: 33
$team: Friendly
$class: GTF Ulysses
$pos: 11.593448, 0.001100, -984.325256
$label: XSTR("Tania Australis", 7234)
+id: 1
$hlight: 0
$mirror: 0
$multi_text
$end_multi_text
$end_icon
$end_stage
$start_stage
$multi_text
 XSTR("The jump nodes in $b Tau $b Sigma have been blockaded by $g GTVA vessels for the past eight days to prevent the $r Shivans from leaving $b Tau $b Sigma itself. $b Tania $b Australis is a sparsely inhabited system on the frontier of known space, and could be one of the places the $r Shivans will choose to go.

The blockade consists of the $f GTCv $f Athens, the cruisers $f Scimitar, $f LoneWolf and $f Seleket, and fighter and bomber wings covering them, which are mostly Vasudan in origin.", 7235)
$end_multi_text
$voice: dl30_b2.ogg
$camera_pos: -714.699951, 5846.128418, -375.535004
$camera_orient:
	-0.247855, 0.000002, -0.968797,
	0.957600, 0.151602, -0.244990,
	0.146871, -0.988442, -0.037577
$camera_time: 1000
$num_lines: 0
$num_icons: 7
$Flags: 0
$Formula: ( true ) 
$start_icon
$type: 33
$team: Friendly
$class: GTF Ulysses
$pos: 11.593448, 0.001100, -984.325256
$label: XSTR("Tania Australis", 7234)
+id: 1
$hlight: 0
$mirror: 0
$multi_text
$end_multi_text
$end_icon
$start_icon
$type: 28
$team: Friendly
$class: GTCv Deimos
$pos: 487.044403, 437.009460, 1097.629272
$label: XSTR("Athens", 7236)
+id: 11
$hlight: 0
$mirror: 0
$multi_text
$end_multi_text
$end_icon
$start_icon
$type: 18
$team: Friendly
$class: GTC Leviathan
$pos: 487.505646, 97.746796, -2577.002686
$label: XSTR("LoneWolf", 4841)
+id: 12
$hlight: 0
$mirror: 0
$multi_text
$end_multi_text
$end_icon
$start_icon
$type: 18
$team: Friendly
$class: GTC Fenris
$pos: -1203.754517, 136.860031, -2057.274658
$label: XSTR("Scimitar", 7237)
+id: 13
$hlight: 0
$mirror: 0
$multi_text
$end_multi_text
$end_icon
$start_icon
$type: 18
$team: Friendly
$class: GVC Mentu
$pos: -402.755005, 45.443817, -2613.750000
$label: XSTR("Seleket", 7238)
+id: 14
$hlight: 0
$mirror: 0
$multi_text
$end_multi_text
$end_icon
$start_icon
$type: 1
$team: Friendly
$class: GVF Tauret
$pos: 949.505615, -21.446461, 102.006767
$label: XSTR("Defenders", 7239)
+id: 15
$hlight: 0
$mirror: 0
$multi_text
$end_multi_text
$end_icon
$start_icon
$type: 1
$team: Friendly
$class: GVF Thoth
$pos: -390.632660, 205.974091, 422.307587
$label: XSTR("Defenders", 7239)
+id: 16
$hlight: 0
$mirror: 0
$multi_text
$end_multi_text
$end_icon
$end_stage
$start_stage
$multi_text
 XSTR("The $r Shivan attacks have decimated the defending fighter wings. Only $f Delta wing, consisting of three damaged $b Taurets, remains to defend the capital ships. All have sustained damage, and the $f GVC $f Seleket has been disabled. The $r Shivans recommenced their attacks ten minutes ago and appear to be sizing the blockade force up. A major attack is sure to follow.", 7240)
$end_multi_text
$voice: dl30_b3.ogg
$camera_pos: -2313.313477, 6019.294922, -2380.756348
$camera_orient:
	0.907498, 0.000002, -0.420056,
	0.383731, 0.406780, 0.829024,
	0.170872, -0.913526, 0.369152
$camera_time: 1000
$num_lines: 0
$num_icons: 9
$Flags: 0
$Formula: ( true ) 
$start_icon
$type: 33
$team: Friendly
$class: GTF Ulysses
$pos: 11.593448, 0.001100, -984.325256
$label: XSTR("Tania Australis", 7234)
+id: 1
$hlight: 0
$mirror: 0
$multi_text
$end_multi_text
$end_icon
$start_icon
$type: 1
$team: Hostile
$class: SF Manticore
$pos: -2267.237061, 91.386879, 1689.022217
$label: XSTR("Shivans", 6914)
+id: 2
$hlight: 0
$mirror: 0
$multi_text
$end_multi_text
$end_icon
$start_icon
$type: 1
$team: Hostile
$class: SF Basilisk
$pos: -3385.469238, 231.065552, 1255.843506
$label: XSTR("Shivans", 6914)
+id: 3
$hlight: 0
$mirror: 0
$multi_text
$end_multi_text
$end_icon
$start_icon
$type: 28
$team: Friendly
$class: GTCv Deimos
$pos: 1052.320068, 77.469688, 129.303406
$label: XSTR("Athens", 7236)
+id: 11
$hlight: 0
$mirror: 0
$multi_text
$end_multi_text
$end_icon
$start_icon
$type: 18
$team: Friendly
$class: GVC Mentu
$pos: -1400.362671, 45.443550, -296.696747
$label: XSTR("Seleket", 7238)
+id: 14
$hlight: 0
$mirror: 0
$multi_text
$end_multi_text
$end_icon
$start_icon
$type: 1
$team: Friendly
$class: GVF Tauret
$pos: -3064.163574, -21.446697, 39.145832
$label: XSTR("Delta", 5358)
+id: 15
$hlight: 0
$mirror: 0
$multi_text
$end_multi_text
$end_icon
$start_icon
$type: 1
$team: Friendly
$class: GTF Hercules Mark II
$pos: -2593.681641, 111.548973, -2563.734619
$label: XSTR("Alpha", 4838)
+id: 17
$hlight: 0
$mirror: 0
$multi_text
$end_multi_text
$end_icon
$start_icon
$type: 28
$team: Hostile
$class: SCv Moloch
$pos: 113.984375, 65.452316, 3401.134277
$label: XSTR("Moloch", 7241)
+id: 18
$hlight: 0
$mirror: 0
$multi_text
$end_multi_text
$end_icon
$start_icon
$type: 18
$team: Hostile
$class: SC Rakshasa
$pos: -1082.137329, 90.425179, 2826.845947
$label: XSTR("Rakshasa", 7242)
+id: 19
$hlight: 0
$mirror: 0
$multi_text
$end_multi_text
$end_icon
$end_stage
$start_stage
$multi_text
 XSTR("$f Alpha wing has been assigned to provide assistance to $f Delta in defending the blockade vessels and fending off the $r Shivan attack wings. Be prepared for heavy $r Shivan attacks. Bombers and the bombs they fire are your first priority.", 7243)
$end_multi_text
$voice: dl30_b4.ogg
$camera_pos: -2514.846924, 5688.670410, -1436.253784
$camera_orient:
	0.925297, 0.000001, -0.379244,
	0.356967, 0.337681, 0.870946,
	0.128065, -0.941261, 0.312455
$camera_time: 1000
$num_lines: 0
$num_icons: 10
$Flags: 0
$Formula: ( true ) 
$start_icon
$type: 33
$team: Friendly
$class: GTF Ulysses
$pos: 11.593448, 0.001100, -984.325256
$label: XSTR("Tania Australis", 7234)
+id: 1
$hlight: 0
$mirror: 0
$multi_text
$end_multi_text
$end_icon
$start_icon
$type: 1
$team: Hostile
$class: SF Manticore
$pos: -3755.025635, -206.298874, 1942.615967
$label: XSTR("Shivans", 6914)
+id: 8
$hlight: 0
$mirror: 0
$multi_text
$end_multi_text
$end_icon
$start_icon
$type: 18
$team: Friendly
$class: GTC Leviathan
$pos: 2128.483154, 97.746254, -882.666687
$label: XSTR("LoneWolf", 4841)
+id: 12
$hlight: 0
$mirror: 0
$multi_text
$end_multi_text
$end_icon
$start_icon
$type: 18
$team: Friendly
$class: GTC Fenris
$pos: 1441.511108, 136.859909, -2808.367188
$label: XSTR("Scimitar", 7237)
+id: 13
$hlight: 0
$mirror: 0
$multi_text
$end_multi_text
$end_icon
$start_icon
$type: 18
$team: Friendly
$class: GVC Mentu
$pos: -1535.302856, 45.443470, -542.575928
$label: XSTR("Seleket", 7238)
+id: 14
$hlight: 0
$mirror: 0
$multi_text
$end_multi_text
$end_icon
$start_icon
$type: 1
$team: Friendly
$class: GVF Tauret
$pos: -2156.695801, -21.446928, 365.658020
$label: XSTR("Delta", 5358)
+id: 15
$hlight: 0
$mirror: 0
$multi_text
$end_multi_text
$end_icon
$start_icon
$type: 1
$team: Friendly
$class: GTF Hercules Mark II
$pos: -3892.942139, 111.548210, 557.573853
$label: XSTR("Alpha", 4838)
+id: 17
$hlight: 0
$mirror: 0
$multi_text
$end_multi_text
$end_icon
$start_icon
$type: 28
$team: Hostile
$class: SCv Moloch
$pos: 113.984375, 65.452316, 3401.134277
$label: XSTR("Moloch", 7241)
+id: 18
$hlight: 0
$mirror: 0
$multi_text
$end_multi_text
$end_icon
$start_icon
$type: 18
$team: Hostile
$class: SC Rakshasa
$pos: -1082.137329, 90.425179, 2826.845947
$label: XSTR("Rakshasa", 7242)
+id: 19
$hlight: 0
$mirror: 0
$multi_text
$end_multi_text
$end_icon
$start_icon
$type: 1
$team: Hostile
$class: SF Basilisk
$pos: -2298.326172, 272.012634, 1560.407593
$label: XSTR("Shivans", 6914)
+id: 20
$hlight: 0
$mirror: 0
$multi_text
$end_multi_text
$end_icon
$end_stage
$start_stage
$multi_text
 XSTR("Long-range sensors picked up two $r Shivan capital ships entering the area shortly after the $r Shivans destroyed the $b Phi $b Eridani jump node defences. Our strike wings were unable to reach the vessels before they made a subspace jump further into the system, and we have been unable to locate them since this contact. They may try to make an attack on the blockade vessels or enter $b Tania $b Australis.  If they do, assist the blockade vessels in destroying or driving off the $r Shivan capital ships.", 7244)
$end_multi_text
$voice: dl30_b5.ogg
$camera_pos: -1118.878784, 4603.743652, 1246.837036
$camera_orient:
	0.955903, 0.000001, -0.293682,
	0.268331, 0.406437, 0.873389,
	0.119364, -0.913679, 0.388514
$camera_time: 1000
$num_lines: 0
$num_icons: 16
$Flags: 0
$Formula: ( true ) 
$start_icon
$type: 33
$team: Friendly
$class: GTF Ulysses
$pos: 11.593448, 0.001100, -984.325256
$label: XSTR("Tania Australis", 7234)
+id: 1
$hlight: 0
$mirror: 0
$multi_text
$end_multi_text
$end_icon
$start_icon
$type: 28
$team: Friendly
$class: GTCv Deimos
$pos: 2064.072266, -17.668535, -1123.335815
$label: XSTR("Athens", 7236)
+id: 4
$hlight: 0
$mirror: 0
$multi_text
$end_multi_text
$end_icon
$start_icon
$type: 18
$team: Friendly
$class: GTC Fenris
$pos: 2109.035156, -0.000071, -1852.157471
$label: XSTR("Scimitar", 7237)
+id: 5
$hlight: 0
$mirror: 0
$multi_text
$end_multi_text
$end_icon
$start_icon
$type: 18
$team: Friendly
$class: GTC Leviathan
$pos: 2466.971436, -0.000024, -1017.142151
$label: XSTR("LoneWolf", 4841)
+id: 6
$hlight: 0
$mirror: 0
$multi_text
$end_multi_text
$end_icon
$start_icon
$type: 1
$team: Friendly
$class: GVF Serapis
$pos: 163.408966, 0.001014, -2676.674316
$label: XSTR("Delta", 5358)
+id: 9
$hlight: 0
$mirror: 0
$multi_text
$end_multi_text
$end_icon
$start_icon
$type: 1
$team: Friendly
$class: GTF Hercules Mark II
$pos: -1307.650757, 0.001326, -2046.839233
$label: XSTR("Alpha", 4838)
+id: 10
$hlight: 0
$mirror: 0
$multi_text
$end_multi_text
$end_icon
$start_icon
$type: 28
$team: Friendly
$class: GTCv Deimos
$pos: 1052.320068, 77.469688, 129.303406
$label: XSTR("Athens", 7236)
+id: 11
$hlight: 0
$mirror: 0
$multi_text
$end_multi_text
$end_icon
$start_icon
$type: 18
$team: Friendly
$class: GTC Leviathan
$pos: 2128.483154, 97.746254, -882.666687
$label: XSTR("LoneWolf", 4841)
+id: 12
$hlight: 0
$mirror: 0
$multi_text
$end_multi_text
$end_icon
$start_icon
$type: 18
$team: Friendly
$class: GTC Fenris
$pos: 1441.511108, 136.859909, -2808.367188
$label: XSTR("Scimitar", 7237)
+id: 13
$hlight: 0
$mirror: 0
$multi_text
$end_multi_text
$end_icon
$start_icon
$type: 18
$team: Friendly
$class: GVC Mentu
$pos: -1535.302856, 45.443470, -542.575928
$label: XSTR("Seleket", 7238)
+id: 14
$hlight: 0
$mirror: 0
$multi_text
$end_multi_text
$end_icon
$start_icon
$type: 1
$team: Friendly
$class: GVF Tauret
$pos: -2156.695801, -21.446928, 365.658020
$label: XSTR("Delta", 5358)
+id: 15
$hlight: 0
$mirror: 0
$multi_text
$end_multi_text
$end_icon
$start_icon
$type: 1
$team: Friendly
$class: GVF Thoth
$pos: -390.632660, 205.974091, 422.307587
$label: XSTR("Defenders", 7239)
+id: 16
$hlight: 0
$mirror: 0
$multi_text
$end_multi_text
$end_icon
$start_icon
$type: 1
$team: Friendly
$class: GTF Hercules Mark II
$pos: -3892.942139, 111.548210, 557.573853
$label: XSTR("Alpha", 4838)
+id: 17
$hlight: 0
$mirror: 0
$multi_text
$end_multi_text
$end_icon
$start_icon
$type: 28
$team: Hostile
$class: SCv Moloch
$pos: 113.984375, 65.452316, 3401.134277
$label: XSTR("Moloch", 7241)
+id: 18
$hlight: 0
$mirror: 0
$multi_text
$end_multi_text
$end_icon
$start_icon
$type: 18
$team: Hostile
$class: SC Rakshasa
$pos: -1082.137329, 90.425179, 2826.845947
$label: XSTR("Rakshasa", 7242)
+id: 19
$hlight: 0
$mirror: 0
$multi_text
$end_multi_text
$end_icon
$start_icon
$type: 1
$team: Hostile
$class: SF Basilisk
$pos: -2298.326172, 272.012634, 1560.407593
$label: XSTR("Shivans", 6914)
+id: 20
$hlight: 0
$mirror: 0
$multi_text
$end_multi_text
$end_icon
$end_stage
$start_stage
$multi_text
 XSTR("The situation at the jump node is being monitored by $g Command. It is not currently considered volatile. However, if the situation becomes too intense, reinforcements will be assigned from other combat zones. $g Command will also update your objectives as required.

Good luck, pilots.", 7245)
$end_multi_text
$voice: dl30_b6.ogg
$camera_pos: -699.126465, 6911.830078, 1886.456909
$camera_orient:
	-0.353639, 0.000002, -0.935382,
	0.893131, 0.297151, -0.337665,
	0.277949, -0.954831, -0.105086
$camera_time: 1000
$num_lines: 0
$num_icons: 6
$Flags: 0
$Formula: ( true ) 
$start_icon
$type: 33
$team: Friendly
$class: GTF Ulysses
$pos: 11.593448, 0.001100, -984.325256
$label: XSTR("Tania Australis", 7234)
+id: 1
$hlight: 0
$mirror: 0
$multi_text
$end_multi_text
$end_icon
$start_icon
$type: 1
$team: Hostile
$class: SF Manticore
$pos: 1028.169067, -206.298798, 2772.205566
$label: XSTR("Shivans", 6914)
+id: 8
$hlight: 0
$mirror: 0
$multi_text
$end_multi_text
$end_icon
$start_icon
$type: 1
$team: Friendly
$class: GVF Tauret
$pos: 2407.266602, 37.095356, 1533.521240
$label: XSTR("Delta", 5358)
+id: 15
$hlight: 0
$mirror: 0
$multi_text
$end_multi_text
$end_icon
$start_icon
$type: 1
$team: Friendly
$class: GTF Hercules Mark II
$pos: 63.858131, 111.548439, 493.868835
$label: XSTR("Alpha", 4838)
+id: 17
$hlight: 0
$mirror: 0
$multi_text
$end_multi_text
$end_icon
$start_icon
$type: 1
$team: Hostile
$class: SF Basilisk
$pos: 1963.212769, 272.012543, 3461.666016
$label: XSTR("Shivans", 6914)
+id: 20
$hlight: 0
$mirror: 0
$multi_text
$end_multi_text
$end_icon
$start_icon
$type: 19
$team: Friendly
$class: GTC Leviathan
$pos: 1515.450073, 354.850800, -149.139664
$label: XSTR("Blockade", 7246)
+id: 21
$hlight: 0
$mirror: 0
$multi_text
$end_multi_text
$end_icon
$end_stage
$end_briefing

#Debriefing_info

$Num stages: 6

$Formula: ( is-event-true-delay 
   "Epsilon is too late to help" 
   0 
)
$Multi text
    XSTR("Our situation is dire. A combination of attacks from the Shivans and the damage the Auriga did laid waste to the entire blockade. Only the GTC LoneWolf survived.

However, there was nothing you could have done to prevent this. The Auriga is too powerful a ship to oppose effectively, and the Shivans too numerous. Perhaps we can take some cold comfort in the fact that the Auriga destroyed the Shivan corvette Cyaegha as well.", 7247)
$end_multi_text
$Voice: dl30_db1.ogg
$Recommendation text:
    XSTR("", 3307)
$end_multi_text

$Formula: ( is-event-true-delay 
   "Epsilon is too late to help" 
   0 
)
$Multi text
    XSTR("The MTD Auriga jumped to Tania Australis after destroying the blockade. The Byakhee retreated and is still at large in the system. The node is completely undefended, and we have no idea how many Shivans have entered Tania Australis chasing the Auriga. Defence forces at Tau Sigma Station and the Altair node are all on full combat alert. It is only a matter of time now before the Shivans are engaged.", 7248)
$end_multi_text
$Voice: dl30_db2.ogg
$Recommendation text:
    XSTR("", 3307)
$end_multi_text

$Formula: ( and 
   ( is-event-true-delay 
      "Scan Auriga's sensors" 
      0 
   )
   ( is-event-true-delay 
      "Epsilon is too late to help" 
      0 
   )
)
$Multi text
    XSTR("Good job scanning the Auriga's sensors. At least we have gained something from this battle. With this data, we are now better equipped to overcome the Morgan destroyer's beam cannon inhibitor.", 7249)
$end_multi_text
$Voice: dl30_db3.ogg
$Recommendation text:
    XSTR("", 3307)
$end_multi_text

$Formula: ( and 
   ( is-event-false-delay 
      "Scan Auriga's sensors" 
      0 
   )
   ( is-event-true-delay 
      "Epsilon is too late to help" 
      0 
   )
)
$Multi text
    XSTR("It is unfortunate but understandable that you were unable to retrieve the sensor data we needed from the Auriga. We desperately need the data to overcome the vessel's beam inhibitor device. GTVI has ordered a special operations wing to perform a scan in Tania Australis.

The Shivans were able to overcome the beam cannon inhibition device after a short time.  Additional intelligence on Shivan vessels could also help us to counteract the inhibitor.", 7250)
$end_multi_text
$Voice: dl30_db4.ogg
$Recommendation text:
    XSTR("", 3307)
$end_multi_text

$Formula: ( is-event-true-delay 
   "Epsilon is too late to help" 
   0 
)
$Multi text
    XSTR("Get some rest, Alpha. We're running combat flight shifts permanently now. Your next shift is in six hours.", 7251)
$end_multi_text
$Voice: dl30_db5.ogg
$Recommendation text:
    XSTR("", 3307)
$end_multi_text

$Formula: ( is-event-false-delay 
   "Epsilon is too late to help" 
   0 
)
$Multi text
    XSTR("You did not have authorisation to return to base, pilot. Your actions jeopardised the lives of those involved in this mission and the GTVA's objectives in this theatre. Desertion is grounds for a court martial, and you are confined to quarters pending your preliminary hearing. Until a military court decides otherwise, you are hereby stripped of your wings and all privileges bestowed upon you as an officer of the Galactic Terran-Vasudan Alliance.", 4853)
$end_multi_text
$Voice: dl_des4.ogg
$Recommendation text:
    XSTR("Do not depart until told to do so.", 4854)
$end_multi_text

#Alternate Types:
$Alt: 

#end


#Players		;! 1 total

$Starting Shipname: Alpha 1
$Ship Choices: (
	"GTF Hercules"	5
	"GTF Loki"	5
	"GTF Perseus"	5
	"GTF Myrmidon"	5
)

+Weaponry Pool: (
	"Subach HL-7"	20
	"Morning Star"	16
	"Prometheus R"	16
	"Prometheus S"	20
	"Circe"	16
	"Lamprey"	16
	"Rockeye"	500
	"Tempest"	500
	"Hornet"	900
	"Tornado"	756
	"Harpoon"	500
	"Infyrno"	500
)

#Objects		;! 48 total

$Name: Alpha 1		;! Object #0
$Display Name: XSTR("Alpha 1", 4855)
$Class: GTF Hercules Mark II
$Team: Friendly
$Location: -2986.755127, 1061.400146, 674.344543
$Orientation:
	0.348581, -0.016750, -0.937129,
	-0.029324, 0.999156, -0.028766,
	0.936820, 0.037508, 0.347796
$AI Behavior: None
$Cargo 1:  XSTR("Nothing", 4856)
+Initial Hull: 100
+Subsystem: Pilot
+Primary Banks: ( "Prometheus S" "Subach HL-7" )
$Arrival Location: Hyperspace
$Arrival Cue: ( false ) 
$Departure Location: Hyperspace
$Departure Cue: ( false ) 
$Determination: 10
+Flags: ( "cargo-known" "player-start" )
+Flags2: ( )
+Respawn priority: 0
+Orders Accepted: 33023		;! note that this is a bitfield!!!
+Group: 0
+Score: 8

$Name: Alpha 2		;! Object #1
$Display Name: XSTR("Alpha 2", 4857)
$Class: GTF Hercules Mark II
$Team: Friendly
$Location: -2948.278076, 1060.053101, 605.621094
$Orientation:
	0.360124, -0.016781, -0.932754,
	-0.029020, 0.999153, -0.029179,
	0.932453, 0.037577, 0.359332
$AI Behavior: None
+AI Class: General
$Cargo 1:  XSTR("Nothing", 4856)
+Initial Velocity: 33
+Initial Hull: 100
+Subsystem: Pilot
+Primary Banks: ( "Prometheus S" "Subach HL-7" )
$Arrival Location: Hyperspace
$Arrival Cue: ( false ) 
$Departure Location: Hyperspace
$Departure Cue: ( false ) 
$Determination: 10
+Flags: ( "cargo-known" )
+Flags2: ( )
+Respawn priority: 0
+Orders Accepted: 33023		;! note that this is a bitfield!!!
+Group: 0
+Use Table Score:
+Score: 12

$Name: Alpha 3		;! Object #2
$Display Name: XSTR("Alpha 3", 4858)
$Class: GTF Hercules Mark II
$Team: Friendly
$Location: -3064.646240, 1061.831909, 654.732361
$Orientation:
	0.347288, -0.016541, -0.937613,
	-0.028998, 0.999177, -0.028368,
	0.937310, 0.037040, 0.346523
$AI Behavior: None
+AI Class: General
$Cargo 1:  XSTR("Nothing", 4856)
+Initial Velocity: 33
+Initial Hull: 100
+Subsystem: Pilot
+Primary Banks: ( "Prometheus S" "Subach HL-7" )
$Arrival Location: Hyperspace
$Arrival Cue: ( false ) 
$Departure Location: Hyperspace
$Departure Cue: ( false ) 
$Determination: 10
+Flags: ( "cargo-known" )
+Flags2: ( )
+Respawn priority: 0
+Orders Accepted: 33023		;! note that this is a bitfield!!!
+Group: 0
+Use Table Score:
+Score: 12

$Name: Alpha 4		;! Object #3
$Display Name: XSTR("Alpha 4", 4859)
$Class: GTF Hercules Mark II
$Team: Friendly
$Location: -3024.321289, 1060.407471, 581.794312
$Orientation:
	0.359363, -0.016572, -0.933051,
	-0.028682, 0.999174, -0.028793,
	0.932757, 0.037109, 0.358591
$AI Behavior: None
+AI Class: General
$Cargo 1:  XSTR("Nothing", 4856)
+Initial Velocity: 33
+Initial Hull: 100
+Subsystem: Pilot
+Primary Banks: ( "Prometheus S" "Subach HL-7" )
$Arrival Location: Hyperspace
$Arrival Cue: ( false ) 
$Departure Location: Hyperspace
$Departure Cue: ( false ) 
$Determination: 10
+Flags: ( "cargo-known" )
+Flags2: ( )
+Respawn priority: 0
+Orders Accepted: 33023		;! note that this is a bitfield!!!
+Group: 0
+Use Table Score:
+Score: 12

$Name: Athens		;! Object #4
$Display Name: XSTR("Athens", 7236)
$Class: GTCv Deimos
$Team: Friendly
$Location: 1149.783325, 644.861084, 30.160433
$Orientation:
	0.955303, -0.255880, 0.148065,
	0.280587, 0.942508, -0.181522,
	-0.093104, 0.214954, 0.972176
$AI Behavior: None
$Cargo 1:  XSTR("Nothing", 4856)
+Initial Velocity: 33
+Initial Hull: 87
+Initial Shields: 100
+Subsystem: Pilot
+Subsystem: turret01
+Subsystem: turret02
+Subsystem: turret03
+Subsystem: turret04
+Subsystem: turret05
+Subsystem: turret06
+Subsystem: turret07
+Subsystem: turret08
+Subsystem: turret09
+Subsystem: turret10
+Subsystem: turret11
+Subsystem: turret12
+Subsystem: turret13
+Subsystem: turret14
+Subsystem: turret15
+Subsystem: turret16
$Damage: 100
+Subsystem: turret17
+Subsystem: turret18
+Subsystem: turret19
+Subsystem: turret20
+Subsystem: turret21
+Subsystem: turret22
+Subsystem: turret23
+Subsystem: turret24
+Subsystem: turret25
+Subsystem: turret26
+Subsystem: engine02
$Damage: 100
$Arrival Location: Hyperspace
$Arrival Cue: ( true ) 
$Departure Location: Hyperspace
$Departure Cue: ( false ) 
$Determination: 10
+Flags: ( "cargo-known" "no-shields" "escort" )
+Flags2: ( )
+Respawn priority: 0
+Escort priority: 85
+Orders Accepted: 0		;! note that this is a bitfield!!!
+Group: 0
+Use Table Score:
+Score: 800
$Texture Replace:
+old: nameplate
+new: gtcv_athens

$Name: Scimitar		;! Object #5
$Display Name: XSTR("Scimitar", 7237)
$Class: GTC Fenris
$Team: Friendly
$Location: -1040.557983, 386.084320, -562.495972
$Orientation:
	0.968913, 0.068371, 0.237769,
	0.000000, 0.961056, -0.276356,
	-0.247404, 0.267764, 0.931179
$AI Behavior: None
$Cargo 1:  XSTR("Nothing", 4856)
+Initial Hull: 62
+Initial Shields: 100
+Subsystem: Pilot
+Subsystem: turret01
+Subsystem: turret02
+Subsystem: turret03
+Subsystem: turret04
$Damage: 88
+Subsystem: turret05
+Subsystem: turret06
$Damage: 100
+Subsystem: turret07
+Subsystem: turret08
+Subsystem: turret09a-01-main
+Sbank Ammo: ( 0 )
$Arrival Location: Hyperspace
$Arrival Cue: ( true ) 
$Departure Location: Hyperspace
$Departure Cue: ( false ) 
$Determination: 10
+Flags: ( "cargo-known" "no-shields" "escort" )
+Flags2: ( )
+Respawn priority: 0
+Escort priority: 70
+Orders Accepted: 0		;! note that this is a bitfield!!!
+Group: 0
+Score: 200
$Texture Replace:
+old: nameplate
+new: gtc_scimitar

$Name: LoneWolf		;! Object #6
$Display Name: XSTR("LoneWolf", 4841)
$Class: GTC Leviathan
$Team: Friendly
$Location: -320.815186, -980.800842, -245.501877
$Orientation:
	1.000000, 0.000000, 0.000000,
	0.000000, 0.975898, -0.218230,
	0.000000, 0.218230, 0.975898
$AI Behavior: None
$Cargo 1:  XSTR("Nothing", 4856)
+Initial Hull: 64
+Initial Shields: 100
+Subsystem: Pilot
+Subsystem: turret01
+Subsystem: turret02
+Subsystem: turret03
$Damage: 100
+Subsystem: turret04
+Subsystem: turret05
+Subsystem: turret06
+Subsystem: turret07
+Subsystem: turret08
+Subsystem: turret09a-01-main
$Arrival Location: Hyperspace
$Arrival Cue: ( true ) 
$Departure Location: Hyperspace
$Departure Cue: ( false ) 
$Determination: 10
+Flags: ( "cargo-known" "no-shields" "escort" )
+Flags2: ( )
+Respawn priority: 0
+Escort priority: 65
+Orders Accepted: 0		;! note that this is a bitfield!!!
+Group: 0
+Score: 100
$Texture Replace:
+old: nameplate
+new: gtc_lonewolf

$Name: Cyaegha		;! Object #7
$Display Name: XSTR("Cyaegha", 6926)
$Class: SCv Moloch
$Team: Neutral
$Location: 2627.548584, 1936.602295, -2165.342529
$Orientation:
	0.267651, 0.084993, 0.959760,
	-0.068851, 0.995243, -0.068934,
	-0.961053, -0.047630, 0.272230
$AI Behavior: None
$AI Goals: ( goals ( ai-waypoints-once "Cyaeghaclose" 70 ) ( ai-chase "Athens" 50 ) )
$Cargo 1:  XSTR("Nothing", 4856)
+Initial Velocity: 33
+Initial Hull: 100
+Initial Shields: 100
+Subsystem: Pilot
+Subsystem: turret01
+Subsystem: turret02
+Subsystem: turret03
+Subsystem: turret04
+Sbank Ammo: ( 0 )
+Subsystem: turret05
+Subsystem: turret06
+Subsystem: turret07
+Subsystem: turret08
+Subsystem: turret09
+Subsystem: turret10
+Subsystem: turret11
+Primary Banks: ( "Shivan Turret Laser" )
+Subsystem: turret12
+Subsystem: turret13
+Sbank Ammo: ( 0 )
+Subsystem: turret14
+Subsystem: turret15
+Subsystem: turret16
+Sbank Ammo: ( 0 )
$Arrival Location: Hyperspace
$Arrival Cue: ( percent-ships-destroyed 
   70 
   "Virgo" 
   "Gemini" 
)
$Departure Location: Hyperspace
$Departure Cue: ( false ) 
$Determination: 10
+Flags: ( "no-shields" "escort" )
+Flags2: ( )
+Respawn priority: 0
+Escort priority: 55
+Orders Accepted: 0		;! note that this is a bitfield!!!
+Group: 0
+Use Table Score:
+Score: 440

$Name: Byakhee		;! Object #8
$Display Name: XSTR("Byakhee", 7178)
$Class: SC Rakshasa
$Team: Neutral
$Location: 2207.800049, 624.599976, 1694.800049
$Orientation:
	-0.798547, 0.000000, 0.601932,
	-0.069210, 0.993368, -0.091817,
	-0.597940, -0.114980, -0.793251
$AI Behavior: None
$AI Goals: ( goals ( ai-waypoints-once "Bypath" 60 ) )
$Cargo 1:  XSTR("Nothing", 4856)
+Initial Velocity: 33
+Initial Hull: 100
+Initial Shields: 100
+Subsystem: Pilot
+Subsystem: turret01
+Subsystem: turret02
+Subsystem: turret03
+Subsystem: turret04
+Subsystem: turret05
+Subsystem: turret06
+Subsystem: turret07
+Subsystem: turret08
+Subsystem: turret09
+Subsystem: turret10
+Subsystem: turret11
+Subsystem: turret12
+Subsystem: turret13
+Subsystem: turret14
$Arrival Location: Hyperspace
$Arrival Cue: ( has-arrived-delay 11 "Cyaegha" ) 
$Departure Location: Hyperspace
$Departure Cue: ( are-waypoints-done-delay 
   "Byakhee" 
   "Bypath" 
   0 
)
$Determination: 10
+Flags: ( "no-shields" "escort" )
+Flags2: ( )
+Respawn priority: 0
+Escort priority: 50
+Orders Accepted: 0		;! note that this is a bitfield!!!
+Group: 0
+Use Table Score:
+Score: 300

$Name: Auriga		;! Object #9
$Display Name: XSTR("Auriga", 6492)
$Class: GTD Orion
$Team: Hostile
$Location: -5796.700195, 1021.799988, 3703.600098
$Orientation:
	-0.612377, 0.177695, -0.770337,
	0.206700, 0.976505, 0.060935,
	0.763066, -0.121914, -0.634718
$AI Behavior: None
+AI Class: Colonel
$AI Goals: ( goals ( ai-waypoints-once "Smashthrough" 89 ) )
$Cargo 1:  XSTR("Nothing", 4856)
+Initial Velocity: 33
+Initial Hull: 100
+Initial Shields: 100
+Subsystem: Pilot
+Subsystem: turret01a
+Primary Banks: ( "BFGreen" )
+Subsystem: turret02a
+Primary Banks: ( "Heavy Flak" "Long Range Flak" "Heavy Flak" )
+Subsystem: turret03a
+Subsystem: turret04a
+Primary Banks: ( "Heavy Flak" "Long Range Flak" "Heavy Flak" )
+Subsystem: turret05a
+Primary Banks: ( "Long Range Flak" "Heavy Flak" "Long Range Flak" )
+Subsystem: turret06
+Primary Banks: ( "BGreen" )
+Subsystem: turret07
+Primary Banks: ( "BGreen" )
+Subsystem: turret08
+Subsystem: turret09
+Subsystem: turret10
+Subsystem: turret11
+Subsystem: turret12
+Subsystem: turret13
+Subsystem: turret14
+Primary Banks: ( "LTerSlash" )
+Subsystem: turret15
+Subsystem: turret16
+Subsystem: sensors
+Cargo Name: XSTR("Beam Inhibitor", 7252)
+Subsystem: engines
+Cargo Name: XSTR("Enhanced Reactor", 7253)
$Arrival Location: Hyperspace
$Arrival Cue: ( has-arrived-delay 60 "Cyaegha" ) 
$Departure Location: Hyperspace
$Departure Cue: ( is-event-true-delay 
   "Blockade breaks up" 
   30 
)
$Determination: 10
+Flags: ( "no-shields" "escort" "scannable" )
+Flags2: ( )
+Respawn priority: 0
+Escort priority: 80
+Orders Accepted: 0		;! note that this is a bitfield!!!
+Group: 0
+Use Table Score:
+Score: 1000
$Texture Replace:
+old: capital01-01
+new: chg-capital01-01
+old: capital01-01-shine
+new: chg-capital01-01-glow
+old: capital01-01c
+new: chg-capital01-01-normal
+old: capital01-01c-shine
+new: chg-capital01-01-shine
+old: capital01-02
+new: chg-capital01-02
+old: capital01-02-normal
+new: chg-capital01-02-normal
+old: capital01-02-shine
+new: chg-capital01-02-shine
+old: capital01-03
+new: chg-capital01-03
+old: capital01-03-glow
+new: chg-capital01-03-glow
+old: capital01-03-normal
+new: chg-capital01-03-normal
+old: capital01-03-shine
+new: chg-capital01-03-shine
+old: capital01-04
+new: chg-capital01-04
+old: capital01-04-glow
+new: chg-capital01-04-glow
+old: capital01-04-normal
+new: chg-capital01-04-normal
+old: capital01-04-shine
+new: chg-capital01-04-shine
+old: capital01-05
+new: mtd_auriga_old
+old: capital01-05-shine
+new: chg-capital01-05-shine
+old: capital01-06
+new: chg-capital01-06
+old: capital01-06-normal
+new: chg-capital01-06-normal
+old: capital01-06-shine
+new: chg-capital01-06-shine
+old: getile1
+new: chg-getile1
+old: getile1-normal
+new: chg-getile1-normal
+old: getile1-shine
+new: chg-getile1-shine
+old: install01-01
+new: chg-install01-01
+old: install01-01-glow
+new: chg-install01-01-glow
+old: install01-01-normal
+new: chg-install01-01-normal
+old: install01-01-shine
+new: chg-install01-01-shine
+old: OrionComb01
+new: Auriga01
+old: OrionComb01-glow
+new: Auriga01-glow
+old: OrionComb01-reflect
+new: Auriga01-reflect
+old: OrionComb02
+new: Auriga02
+old: OrionComb02-glow
+new: Auriga02-glow
+old: OrionComb02-reflect
+new: Auriga02-reflect
+old: OrionDet
+new: AurigaDet
+old: OrionDet-glow
+new: AurigaDet-glow
+old: OrionDet-reflect
+new: AurigaDet-reflect
+old: nameplate
+new: mtd_auriga

$Name: Taurus 1		;! Object #10
$Display Name: XSTR("Taurus 1", 6577)
$Class: SB Nahema
$Team: Neutral
$Location: 1885.763672, 1321.100342, 3027.410889
$Orientation:
	-0.994511, 0.000000, 0.104631,
	-0.008709, 0.996530, -0.082778,
	-0.104268, -0.083235, -0.991060
$AI Behavior: None
$Cargo 1:  XSTR("Nothing", 4856)
+Initial Velocity: 33
+Initial Hull: 100
+Subsystem: Pilot
+Secondary Banks: ( "Shivan Bomb#Short" "Shivan Bomb#Short" "Trebuchet#Shivan" )
$Arrival Location: Hyperspace
$Arrival Cue: ( false ) 
$Departure Location: Hyperspace
$Departure Cue: ( false ) 
$Determination: 10
+Flags: ( )
+Flags2: ( )
+Respawn priority: 0
+Orders Accepted: 0		;! note that this is a bitfield!!!
+Group: 0
+Use Table Score:
+Score: 14

$Name: Taurus 2		;! Object #11
$Display Name: XSTR("Taurus 2", 6578)
$Class: SB Nahema
$Team: Neutral
$Location: 2020.181396, 1321.100342, 3136.149170
$Orientation:
	-0.991726, 0.000000, 0.128376,
	-0.010429, 0.996695, -0.080564,
	-0.127952, -0.081236, -0.988448
$AI Behavior: None
$Cargo 1:  XSTR("Nothing", 4856)
+Initial Velocity: 33
+Initial Hull: 100
+Subsystem: Pilot
+Secondary Banks: ( "Shivan Bomb#Short" "Shivan Bomb#Short" "Trebuchet#Shivan" )
$Arrival Location: Hyperspace
$Arrival Cue: ( false ) 
$Departure Location: Hyperspace
$Departure Cue: ( false ) 
$Determination: 10
+Flags: ( )
+Flags2: ( )
+Respawn priority: 0
+Orders Accepted: 0		;! note that this is a bitfield!!!
+Group: 0
+Use Table Score:
+Score: 14

$Name: Taurus 3		;! Object #12
$Display Name: XSTR("Taurus 3", 6579)
$Class: SB Nahema
$Team: Neutral
$Location: 1756.539551, 1321.100464, 3204.759277
$Orientation:
	-0.997090, 0.000000, 0.076227,
	-0.006143, 0.996747, -0.080356,
	-0.075979, -0.080590, -0.993847
$AI Behavior: None
$Cargo 1:  XSTR("Nothing", 4856)
+Initial Velocity: 33
+Initial Hull: 100
+Subsystem: Pilot
+Secondary Banks: ( "Shivan Bomb#Short" "Shivan Bomb#Short" "Trebuchet#Shivan" )
$Arrival Location: Hyperspace
$Arrival Cue: ( false ) 
$Departure Location: Hyperspace
$Departure Cue: ( false ) 
$Determination: 10
+Flags: ( )
+Flags2: ( )
+Respawn priority: 0
+Orders Accepted: 0		;! note that this is a bitfield!!!
+Group: 0
+Use Table Score:
+Score: 14

$Name: Taurus 4		;! Object #13
$Display Name: XSTR("Taurus 4", 6580)
$Class: SB Nahema
$Team: Neutral
$Location: 1895.833740, 1321.100220, 3305.040771
$Orientation:
	-0.994883, 0.000000, 0.101038,
	-0.007970, 0.996884, -0.078481,
	-0.100723, -0.078885, -0.991782
$AI Behavior: None
$Cargo 1:  XSTR("Nothing", 4856)
+Initial Velocity: 33
+Initial Hull: 100
+Subsystem: Pilot
+Secondary Banks: ( "Shivan Bomb#Short" "Shivan Bomb#Short" "Trebuchet#Shivan" )
$Arrival Location: Hyperspace
$Arrival Cue: ( false ) 
$Departure Location: Hyperspace
$Departure Cue: ( false ) 
$Determination: 10
+Flags: ( )
+Flags2: ( )
+Respawn priority: 0
+Orders Accepted: 0		;! note that this is a bitfield!!!
+Group: 0
+Use Table Score:
+Score: 14

$Name: Delta 1		;! Object #14
$Display Name: XSTR("Delta 1", 5398)
$Class: GVF Tauret
$Team: Friendly
$Location: -743.726013, 1426.385254, 386.094208
$Orientation:
	0.764842, 0.000000, -0.644218,
	0.262687, 0.913089, 0.311872,
	0.588228, -0.407760, 0.698369
$AI Behavior: None
+AI Class: Major
$Cargo 1:  XSTR("Nothing", 4856)
+Initial Hull: 72
+Subsystem: Pilot
+Primary Banks: ( "Mekhu HL-7" "Prometheus S" )
+Secondary Banks: ( "Hornet" "Hornet" )
$Arrival Location: Hyperspace
$Arrival Cue: ( false ) 
$Departure Location: Hyperspace
$Departure Cue: ( false ) 
$Determination: 10
+Flags: ( "cargo-known" )
+Flags2: ( )
+Respawn priority: 0
+Orders Accepted: 33023		;! note that this is a bitfield!!!
+Group: 0
+Use Table Score:
+Score: 10

$Name: Delta 2		;! Object #15
$Display Name: XSTR("Delta 2", 5399)
$Class: GVF Tauret
$Team: Friendly
$Location: -885.474976, 1456.707397, 416.710785
$Orientation:
	0.764842, 0.000000, -0.644218,
	0.262686, 0.913089, 0.311872,
	0.588228, -0.407760, 0.698369
$AI Behavior: None
+AI Class: Major
$Cargo 1:  XSTR("Nothing", 4856)
+Initial Hull: 41
+Subsystem: Pilot
+Primary Banks: ( "Mekhu HL-7" "Prometheus S" )
+Secondary Banks: ( "Hornet" "Hornet" )
$Arrival Location: Hyperspace
$Arrival Cue: ( false ) 
$Departure Location: Hyperspace
$Departure Cue: ( false ) 
$Determination: 10
+Flags: ( "cargo-known" )
+Flags2: ( )
+Respawn priority: 0
+Orders Accepted: 33023		;! note that this is a bitfield!!!
+Group: 0
+Use Table Score:
+Score: 10

$Name: Delta 3		;! Object #16
$Display Name: XSTR("Delta 3", 5400)
$Class: GVF Tauret
$Team: Friendly
$Location: -712.714111, 1469.896729, 232.581055
$Orientation:
	0.764842, 0.000000, -0.644218,
	0.262686, 0.913089, 0.311872,
	0.588228, -0.407760, 0.698369
$AI Behavior: None
+AI Class: Major
$Cargo 1:  XSTR("Nothing", 4856)
+Initial Hull: 55
+Subsystem: Pilot
+Primary Banks: ( "Mekhu HL-7" "Prometheus S" )
+Secondary Banks: ( "Hornet" "Hornet" )
$Arrival Location: Hyperspace
$Arrival Cue: ( false ) 
$Departure Location: Hyperspace
$Departure Cue: ( false ) 
$Determination: 10
+Flags: ( "cargo-known" )
+Flags2: ( )
+Respawn priority: 0
+Orders Accepted: 33023		;! note that this is a bitfield!!!
+Group: 0
+Use Table Score:
+Score: 10

$Name: Aries 1		;! Object #17
$Display Name: XSTR("Aries 1", 6588)
$Class: SF Manticore
$Team: Neutral
$Location: -688.364502, 395.505707, 2731.056885
$Orientation:
	-0.983557, 0.000000, -0.180596,
	0.000000, 1.000000, 0.000000,
	0.180596, 0.000000, -0.983557
$AI Behavior: None
$Cargo 1:  XSTR("Nothing", 4856)
+Initial Velocity: 33
+Subsystem: Pilot
$Arrival Location: Hyperspace
$Arrival Cue: ( false ) 
$Departure Location: Hyperspace
$Departure Cue: ( false ) 
$Determination: 10
+Flags: ( )
+Flags2: ( )
+Respawn priority: 0
+Orders Accepted: 0		;! note that this is a bitfield!!!
+Group: 0
+Use Table Score:
+Score: 12

$Name: Aries 2		;! Object #18
$Display Name: XSTR("Aries 2", 6589)
$Class: SF Manticore
$Team: Neutral
$Location: -593.109558, 395.505768, 2847.187012
$Orientation:
	-0.983557, 0.000000, -0.180596,
	0.000000, 1.000000, 0.000000,
	0.180596, 0.000000, -0.983557
$AI Behavior: None
$Cargo 1:  XSTR("Nothing", 4856)
+Initial Velocity: 33
+Subsystem: Pilot
$Arrival Location: Hyperspace
$Arrival Cue: ( false ) 
$Departure Location: Hyperspace
$Departure Cue: ( false ) 
$Determination: 10
+Flags: ( )
+Flags2: ( )
+Respawn priority: 0
+Orders Accepted: 0		;! note that this is a bitfield!!!
+Group: 0
+Use Table Score:
+Score: 12

$Name: Aries 3		;! Object #19
$Display Name: XSTR("Aries 3", 6590)
$Class: SF Manticore
$Team: Neutral
$Location: -836.524231, 395.505707, 2827.857422
$Orientation:
	-0.983557, 0.000000, -0.180596,
	0.000000, 1.000000, 0.000000,
	0.180596, 0.000000, -0.983557
$AI Behavior: None
$Cargo 1:  XSTR("Nothing", 4856)
+Initial Velocity: 33
+Subsystem: Pilot
$Arrival Location: Hyperspace
$Arrival Cue: ( false ) 
$Departure Location: Hyperspace
$Departure Cue: ( false ) 
$Determination: 10
+Flags: ( )
+Flags2: ( )
+Respawn priority: 0
+Orders Accepted: 0		;! note that this is a bitfield!!!
+Group: 0
+Use Table Score:
+Score: 12

$Name: Aries 4		;! Object #20
$Display Name: XSTR("Aries 4", 6591)
$Class: SF Manticore
$Team: Neutral
$Location: -728.358154, 395.505615, 3100.954346
$Orientation:
	-0.983557, 0.000000, -0.180596,
	0.000000, 1.000000, 0.000000,
	0.180596, 0.000000, -0.983557
$AI Behavior: None
$Cargo 1:  XSTR("Nothing", 4856)
+Initial Velocity: 33
+Subsystem: Pilot
$Arrival Location: Hyperspace
$Arrival Cue: ( false ) 
$Departure Location: Hyperspace
$Departure Cue: ( false ) 
$Determination: 10
+Flags: ( )
+Flags2: ( )
+Respawn priority: 0
+Orders Accepted: 0		;! note that this is a bitfield!!!
+Group: 0
+Use Table Score:
+Score: 12

$Name: Aries 5		;! Object #21
$Display Name: XSTR("Aries 5", 7254)
$Class: SF Manticore
$Team: Neutral
$Location: -865.834473, 395.505768, 3039.041504
$Orientation:
	-0.983557, 0.000000, -0.180596,
	0.000000, 1.000000, 0.000000,
	0.180596, 0.000000, -0.983557
$AI Behavior: None
$Cargo 1:  XSTR("Nothing", 4856)
+Initial Velocity: 33
+Subsystem: Pilot
$Arrival Location: Hyperspace
$Arrival Cue: ( false ) 
$Departure Location: Hyperspace
$Departure Cue: ( false ) 
$Determination: 10
+Flags: ( )
+Flags2: ( )
+Respawn priority: 0
+Orders Accepted: 0		;! note that this is a bitfield!!!
+Group: 0
+Use Table Score:
+Score: 12

$Name: Scorpio 1		;! Object #22
$Display Name: XSTR("Scorpio 1", 7087)
$Class: SB Taurvi
$Team: Neutral
$Location: -4124.239746, 701.400024, 2616.054199
$Orientation:
	-0.717737, 0.000000, -0.696315,
	-0.059633, 0.996326, 0.061468,
	0.693756, 0.085641, -0.715100
$AI Behavior: None
$Cargo 1:  XSTR("Nothing", 4856)
+Initial Velocity: 33
+Initial Hull: 100
+Subsystem: Pilot
+Secondary Banks: ( "Shivan Bomb#Short" "Hornet#Shivan" )
$Arrival Location: Hyperspace
$Arrival Cue: ( false ) 
$Departure Location: Hyperspace
$Departure Cue: ( false ) 
$Determination: 10
+Flags: ( )
+Flags2: ( )
+Respawn priority: 0
+Orders Accepted: 0		;! note that this is a bitfield!!!
+Group: 0
+Use Table Score:
+Score: 10

$Name: Scorpio 2		;! Object #23
$Display Name: XSTR("Scorpio 2", 7088)
$Class: SB Taurvi
$Team: Neutral
$Location: -3947.440430, 701.399963, 2979.979248
$Orientation:
	-0.773048, 0.000000, -0.634347,
	-0.052514, 0.996567, 0.063997,
