#Mission Info

$Version: 0.10
$Name:  XSTR("A Waiting Game", 6958)
$Author: Kellan
$Created: 04/27/00 at 15:09:25
$Modified: 06/14/14 at 16:11:22
$Notes:
Created by Kellan, buffed up by BR five years later
$End Notes:

$Mission Desc:
 XSTR("Alpha must defend civilians fleeing their homes to places of safety in Tau Sigma and Altair from Shivan attackers.", 6959)
$end_multi_text
+Game Type Flags: 1
+Flags: 8
+Fog Near Mult: 1.000000

+Fog Far Mult: 1.000000

+Disallow Support: 0
+Hull Repair Ceiling: 0.000000
+Subsystem Repair Ceiling: 100.000000

+Player Entry Delay:
1.000000

+Viewer pos: 321.512665, 10132.509766, -3035.779053
+Viewer orient:
	0.733925, -0.000000, -0.679231,
	0.643706, 0.319167, 0.695539,
	0.216788, -0.947698, 0.234245


$Load Screen 640:	dl8.pcx
$Load Screen 1024:	2_dl8.pcx

$Skybox Model: starfield.pof

$AI Profile: FS2 RETAIL

#Sexp_variables

$Variables:
(
		0		"autoGenVar1"		"Pirate Cruiser"		"string"
		1		"autoGenVar2"		"#Ankular"		"string"
		2		"autoGenVar3"		"#Command"		"string"
		3		"autoGenVar4"		"#Khefrem"		"string"
)

#Command Briefing

#Briefing
$start_briefing
$num_stages: 4
$start_stage
$multi_text
 XSTR("After the $r Shivans smashed through our unprepared defences at the $b Phi $b Eridani jump node, all forces in $b Tau $b Sigma have been on full alert. $r Shivan forces, spearheaded by the $h SD $h Azathoth, have entered the system, and although they haven't struck anything larger than a stray freighter yet, we can't take any chances with the lives of civilians.", 6960)
$end_multi_text
$voice: dl31_b1.ogg
$camera_pos: -3086.651367, 11268.413086, 2847.485596
$camera_orient:
	0.626794, 0.000000, -0.779185,
	0.775572, 0.096189, 0.623888,
	0.074949, -0.995363, 0.060291
$camera_time: 1000
$num_lines: 0
$num_icons: 5
$Flags: 0
$Formula: ( true ) 
$start_icon
$type: 33
$team: Hostile
$class: GTC Aeolus
$pos: -518.073242, 371.344666, 1192.728027
$label: XSTR("Phi Eridani", 6961)
+id: 1
$hlight: 0
$mirror: 0
$multi_text
$end_multi_text
$end_icon
$start_icon
$type: 6
$team: Hostile
$class: SD Ravana
$pos: -4519.076660, 0.000018, 6003.707520
$label: XSTR("Azathoth", 6738)
+id: 2
$hlight: 0
$mirror: 0
$multi_text
$end_multi_text
$end_icon
$start_icon
$type: 1
$team: Hostile
$class: SF Manticore
$pos: -1139.197876, 41.186993, 4683.763672
+id: 3
$hlight: 0
$mirror: 0
$multi_text
$end_multi_text
$end_icon
$start_icon
$type: 1
$team: Hostile
$class: SF Astaroth
$pos: -3684.231445, 275.169250, 2623.556396
+id: 4
$hlight: 0
$mirror: 0
$multi_text
$end_multi_text
$end_icon
$start_icon
$type: 19
$team: Hostile
$class: SC Rakshasa
$pos: -2469.752441, -2.810555, 3681.062988
$label: XSTR("Shivan forces", 6962)
+id: 5
$hlight: 0
$mirror: 0
$multi_text
$end_multi_text
$end_icon
$end_stage
$start_stage
$multi_text
 XSTR("To this end, all civilians in $b Tau $b Sigma are being evacuated to safe zones. In $b Tau $b Sigma the only area that we can easily defend is $f Tau $f Sigma $f Station itself. The $f GTD $f Malachi and $f GVD $f Khefrem are currently guarding this area. The other safe zones are all in $b Altair, and are guarded by other Vasudan forces. The $f GVD $f Luxor is being refitted and returned to active combat duty as we speak.", 6963)
$end_multi_text
$voice: dl31_b2.ogg
$camera_pos: 3938.810791, 8616.225586, -2771.974854
$camera_orient:
	-0.654467, -0.000001, -0.756091,
	0.748993, 0.136701, -0.648323,
	0.103359, -0.990612, -0.089466
$camera_time: 1000
$num_lines: 2
$line_start: 4
$line_end: 6
$line_start: 5
$line_end: 7
$num_icons: 8
$Flags: 0
$Formula: ( true ) 
$start_icon
$type: 6
$team: Hostile
$class: SD Ravana
$pos: -4519.076660, 0.000018, 6003.707520
$label: XSTR("Azathoth", 6738)
+id: 2
$hlight: 0
$mirror: 0
$multi_text
$end_multi_text
$end_icon
$start_icon
$type: 1
$team: Hostile
$class: SF Manticore
$pos: -1139.197876, 41.186993, 4683.763672
+id: 3
$hlight: 0
$mirror: 0
$multi_text
$end_multi_text
$end_icon
$start_icon
$type: 1
$team: Hostile
$class: SF Astaroth
$pos: -3684.231445, 275.169250, 2623.556396
+id: 4
$hlight: 0
$mirror: 0
$multi_text
$end_multi_text
$end_icon
$start_icon
$type: 19
$team: Hostile
$class: SC Rakshasa
$pos: -2469.752441, -2.810555, 3681.062988
$label: XSTR("Shivan forces", 6962)
+id: 5
$hlight: 0
$mirror: 0
$multi_text
$end_multi_text
$end_icon
$start_icon
$type: 15
$team: Friendly
$class: GTI Arcadia
$pos: 7017.326172, -228.269669, -2115.204834
$label: XSTR("Tau Sigma Station", 4500)
+id: 6
$hlight: 0
$mirror: 0
$multi_text
$end_multi_text
$end_icon
$start_icon
$type: 33
$team: Friendly
$class: GVD Hatshepsut
$pos: 3505.281250, -228.269226, -6024.850586
$label: XSTR("Altair", 4548)
+id: 7
$hlight: 0
$mirror: 0
$multi_text
$end_multi_text
$end_icon
$start_icon
$type: 12
$team: Friendly
$class: GVFr Bes
$pos: 4392.846191, -0.000094, -1964.957275
$label: XSTR("Civilians", 5420)
+id: 8
$hlight: 0
$mirror: 0
$multi_text
$end_multi_text
$end_icon
$start_icon
$type: 27
$team: Friendly
$class: GTT Argo
$pos: 3297.682373, -0.000397, -3419.416504
$label: XSTR("Civilians", 5420)
+id: 9
$hlight: 0
$mirror: 0
$multi_text
$end_multi_text
$end_icon
$end_stage
$start_stage
$multi_text
 XSTR("$f Alpha, you will be taking up the escort of ships travelling to the $b Altair jump node. $f Delta is currently guarding these vessels, and you will relieve them. The civilian transports and freighters, most of which are from the $b Denemed $b Mining $b Platform, will jump in, plot exit coordinates and depart. They shouldn't be in the area for more than a few minutes each, but the volume of traffic may be quite high.", 6964)
$end_multi_text
$voice: dl31_b3.ogg
$camera_pos: 1876.660156, 3658.166748, -2946.429688
$camera_orient:
	0.620552, -0.000001, -0.784165,
	0.766475, 0.211212, 0.606553,
	0.165625, -0.977440, 0.131069
$camera_time: 1000
$num_lines: 0
$num_icons: 10
$Flags: 0
$Formula: ( true ) 
$start_icon
$type: 6
$team: Hostile
$class: SD Ravana
$pos: -4519.076660, 0.000018, 6003.707520
$label: XSTR("Azathoth", 6738)
+id: 2
$hlight: 0
$mirror: 0
$multi_text
$end_multi_text
$end_icon
$start_icon
$type: 1
$team: Hostile
$class: SF Manticore
$pos: -1139.197876, 41.186993, 4683.763672
+id: 3
$hlight: 0
$mirror: 0
$multi_text
$end_multi_text
$end_icon
$start_icon
$type: 1
$team: Hostile
$class: SF Astaroth
$pos: -3684.231445, 275.169250, 2623.556396
+id: 4
$hlight: 0
$mirror: 0
$multi_text
$end_multi_text
$end_icon
$start_icon
$type: 19
$team: Hostile
$class: SC Rakshasa
$pos: -2469.752441, -2.810555, 3681.062988
$label: XSTR("Shivan forces", 6962)
+id: 5
$hlight: 0
$mirror: 0
$multi_text
$end_multi_text
$end_icon
$start_icon
$type: 12
$team: Friendly
$class: GTFR Poseidon
$pos: 2822.578125, 17.397205, -2817.539063
+id: 10
$hlight: 0
$mirror: 0
$multi_text
$end_multi_text
$end_icon
$start_icon
$type: 12
$team: Friendly
$class: GTFR Poseidon
$pos: 2402.172119, 8.737033, -3118.283936
+id: 11
$hlight: 0
$mirror: 0
$multi_text
$end_multi_text
$end_icon
$start_icon
$type: 9
$team: Friendly
$class: GTNB Pharos
$pos: 1444.633789, -0.003228, -1468.539795
$label: XSTR("Warpout Point", 6965)
+id: 12
$hlight: 0
$mirror: 0
$multi_text
$end_multi_text
$end_icon
$start_icon
$type: 14
$team: Friendly
$class: GVFr Satis
$pos: 1984.857422, 17.397730, -2146.352295
$label: XSTR("Freighters", 5390)
+id: 13
$hlight: 0
$mirror: 0
$multi_text
$end_multi_text
$end_icon
$start_icon
$type: 1
$team: Friendly
$class: GTF Hercules Mark II
$pos: 2107.080322, -78.231255, -1163.543335
$label: XSTR("Alpha", 4501)
+id: 14
$hlight: 0
$mirror: 0
$multi_text
$end_multi_text
$end_icon
$start_icon
$type: 1
$team: Friendly
$class: GVF Serapis
$pos: 3179.897705, -78.231873, -3658.263672
$label: XSTR("Delta", 5021)
+id: 15
$hlight: 0
$mirror: 0
$multi_text
$end_multi_text
$end_icon
$end_stage
$start_stage
$multi_text
 XSTR("The $r Shivans shouldn't have any interest in the vessels travelling along this route, but you can never truly tell where or when they'll strike, and they've already got the better of us on several occasions. Be aware that you may encounter a $r Shivan scouting wing or two. Should you encounter anything larger, the $f GVD $f Khefrem is ready to reinforce your position.

Get out there, $f Alpha.", 6966)
$end_multi_text
$voice: dl31_b4.ogg
$camera_pos: 2836.339844, 4396.268066, -2375.436768
$camera_orient:
	0.620552, -0.000001, -0.784165,
	0.766475, 0.211212, 0.606553,
	0.165625, -0.977440, 0.131069
$camera_time: 1000
$num_lines: 0
$num_icons: 14
$Flags: 0
$Formula: ( true ) 
$start_icon
$type: 6
$team: Hostile
$class: SD Ravana
$pos: -4519.076660, 0.000018, 6003.707520
$label: XSTR("Azathoth", 6738)
+id: 2
$hlight: 0
$mirror: 0
$multi_text
$end_multi_text
$end_icon
$start_icon
$type: 1
$team: Hostile
$class: SF Manticore
$pos: -1139.197876, 41.186993, 4683.763672
+id: 3
$hlight: 0
$mirror: 0
$multi_text
$end_multi_text
$end_icon
$start_icon
$type: 1
$team: Hostile
$class: SF Astaroth
$pos: -3684.231445, 275.169250, 2623.556396
+id: 4
$hlight: 0
$mirror: 0
$multi_text
$end_multi_text
$end_icon
$start_icon
$type: 19
$team: Hostile
$class: SC Rakshasa
$pos: -2469.752441, -2.810555, 3681.062988
$label: XSTR("Shivan forces", 6962)
+id: 5
$hlight: 0
$mirror: 0
$multi_text
$end_multi_text
$end_icon
$start_icon
$type: 12
$team: Friendly
$class: GTFR Poseidon
$pos: 2822.578125, 17.397205, -2817.539063
+id: 10
$hlight: 0
$mirror: 0
$multi_text
$end_multi_text
$end_icon
$start_icon
$type: 12
$team: Friendly
$class: GTFR Poseidon
$pos: 2402.172119, 8.737033, -3118.283936
+id: 11
$hlight: 0
$mirror: 0
$multi_text
$end_multi_text
$end_icon
$start_icon
$type: 9
$team: Friendly
$class: GTNB Pharos
$pos: 1444.633789, -0.003228, -1468.539795
$label: XSTR("Warpout Point", 6965)
+id: 12
$hlight: 0
$mirror: 0
$multi_text
$end_multi_text
$end_icon
$start_icon
$type: 14
$team: Friendly
$class: GVFr Satis
$pos: 1984.857422, 17.397730, -2146.352295
$label: XSTR("Freighters", 5390)
+id: 13
$hlight: 0
$mirror: 0
$multi_text
$end_multi_text
$end_icon
$start_icon
$type: 1
$team: Friendly
$class: GTF Hercules Mark II
$pos: 2362.384033, -78.231400, -898.590820
$label: XSTR("Alpha", 4501)
+id: 14
$hlight: 0
$mirror: 0
$multi_text
$end_multi_text
$end_icon
$start_icon
$type: 1
$team: Friendly
$class: GVF Serapis
$pos: 3179.897705, -78.231873, -3658.263672
$label: XSTR("Delta", 5021)
+id: 15
$hlight: 0
$mirror: 0
$multi_text
$end_multi_text
$end_icon
$start_icon
$type: 1
$team: Hostile
$class: SF Basilisk
$pos: 3560.802490, 225.849258, -1043.914551
$label: XSTR("Shivans", 6579)
+id: 16
$hlight: 0
$mirror: 0
$multi_text
$end_multi_text
$end_icon
$start_icon
$type: 1
$team: Hostile
$class: SF Aeshma
$pos: 3713.870605, 148.035370, -1752.857544
$label: XSTR("Shivans", 6579)
+id: 17
$hlight: 0
$mirror: 0
$multi_text
$end_multi_text
$end_icon
$start_icon
$type: 6
$team: Friendly
$class: GVD Hatshepsut
$pos: 3979.760742, 75.014282, -3177.296387
$label: XSTR("Khefrem", 6967)
+id: 18
$hlight: 0
$mirror: 0
$multi_text
$end_multi_text
$end_icon
$start_icon
$type: 28
$team: Hostile
$class: SCv Moloch
$pos: 4227.378418, 717.725952, -2282.334229
+id: 20
$hlight: 0
$mirror: 0
$multi_text
$end_multi_text
$end_icon
$end_stage
$end_briefing

#Debriefing_info

$Num stages: 3

$Formula: ( and 
   ( percent-ships-departed 
      50 
      "Ankular" 
      "Phi 1" 
      "Phi 2" 
      "Vuk" 
      "Yenya" 
      "Ballard" 
      "Daniel" 
   )
   ( is-event-true-delay 
      "Shivan threat eliminated" 
      0 
   )
)
$Multi text
    XSTR("A good performance, Alpha. Your escort of the civilian transports and freighters - whilst under considerable pressure from Shivan attack wings - was done well, all things considered. The civilians you escorted, now safe and sound and well away from the Shivan presence, are no doubt thankful that you were there to help them in their hour of need.

Unfortunately, things have not gone so well elsewhere. As you already know, the GTVA blockade at the Tania Australis node fell apart earlier today, and the Nyarlathotep fleet gained complete access to both Tania Australis and the systems beyond.

Well, during your most recent sortie, Shivan forces attacked the Altair jump node. Thankfully, they bypassed Tau Sigma Station altogether, but we no longer have the resources to guard both the installation and the jump node. The Nyarlathotep now has three escape routes available to it - the Eridani cloud, the Australis outer colonies, and the very heart of GTVA space.

Things are looking grim, pilot. Be prepared to be called out at a moment's notice. If not... well, see you in six hours.", 6968)
$end_multi_text
$Voice: dl31_db1.ogg
$Recommendation text:
    XSTR("", 3307)
$end_multi_text

$Formula: ( and 
   ( percent-ships-destroyed 
      51 
      "Ankular" 
      "Phi 1" 
      "Phi 2" 
      "Vuk" 
      "Yenya" 
      "Ballard" 
      "Daniel" 
   )
   ( is-event-true-delay 
      "Shivan threat eliminated" 
      0 
   )
)
$Multi text
    XSTR("A sadly subpar performance, Alpha. Your escort of the civilian transports and freighters, while resulting in the destruction of many Shivan craft, was marred by the deaths of so many innocents at the hands of said Shivans. We recognise that the flood of Shivans into Tau Sigma has made many operations far more difficult than they ought to be, but nevertheless...

Sadly, things have not been any better elsewhere. As you already know, the GTVA blockade at the Tania Australis node fell apart earlier today, and the Nyarlathotep fleet gained complete access to both Tania Australis and the systems beyond.

Well, during your most recent sortie, Shivan forces attacked the Altair jump node. Thankfully, they bypassed Tau Sigma Station altogether, but we no longer have the resources to guard both the installation and the jump node. The Nyarlathotep now has three escape routes available to it - the Eridani cloud, the Australis outer colonies, and the very heart of GTVA space.

Things are looking grim, pilot. Be prepared to be called out at a moment's notice. If not... well, see you in six hours.", 6969)
$end_multi_text
$Voice: dl31_db2.ogg
$Recommendation text:
    XSTR("Bombers form your greatest priority. Damage them slightly to distract them from their targets, then destroy them once the civilians are safe.", 6970)
$end_multi_text

$Formula: ( is-event-false-delay 
   "Shivan threat eliminated" 
   0 
)
$Multi text
    XSTR("You did not have authorisation to return to base, pilot. Your actions jeopardised the lives of those involved in this mission and the GTVA's objectives in this theatre. Desertion is grounds for a court martial, and you are confined to quarters pending your preliminary hearing. Until a military court decides otherwise, you are hereby stripped of your wings and all privileges bestowed upon you as an officer of the Galactic Terran-Vasudan Alliance.", 4516)
$end_multi_text
$Voice: dl_des4.ogg
$Recommendation text:
    XSTR("Do not depart until you are told to do so.", 6971)
$end_multi_text


#Players		;! 1 total

$Starting Shipname: Alpha 1
$Ship Choices: (
	"GTF Ulysses"	5
	"GTF Hercules"	5
	"GTF Hercules Mark II"	5
	"GTF Loki"	5
	"GTF Perseus"	5
)

+Weaponry Pool: (
	"Subach HL-7"	16
	"Morning Star"	16
	"Prometheus R"	16
	"Prometheus S"	24
	"Maxim"	16
	"Circe"	16
	"Lamprey"	16
	"Rockeye"	500
	"Tempest"	500
	"Hornet"	900
	"Tornado"	500
	"Harpoon"	628
	"Infyrno"	500
)

#Objects		;! 37 total

$Name: Alpha 1		;! Object #0
$Display Name: XSTR("Alpha 1", 4518)
$Class: GTF Hercules Mark II
$Team: Friendly
$Location: 1717.967896, -78.231766, -2835.015137
$Orientation:
	0.597834, 0.000000, -0.801620,
	0.000000, 1.000000, 0.000000,
	0.801620, 0.000000, 0.597834
$AI Behavior: None
$Cargo 1:  XSTR("Nothing", 4519)
+Initial Hull: 100
+Subsystem: Pilot
+Primary Banks: ( "Prometheus S" "Prometheus S" )
$Arrival Location: Hyperspace
$Arrival Cue: ( false ) 
$Departure Location: Hyperspace
$Departure Cue: ( false ) 
$Determination: 10
+Flags: ( "cargo-known" "player-start" )
+Flags2: ( )
+Respawn priority: 0
+Orders Accepted: 33023		;! note that this is a bitfield!!!
+Group: 0
+Score: 8

$Name: Alpha 2		;! Object #1
$Display Name: XSTR("Alpha 2", 4520)
$Class: GTF Hercules Mark II
$Team: Friendly
$Location: 1695.595703, -78.236160, -3039.973145
$Orientation:
	0.597834, 0.000000, -0.801620,
	0.000000, 1.000000, 0.000000,
	0.801620, 0.000000, 0.597834
$AI Behavior: None
+AI Class: Major
$AI Goals: ( goals ( ai-guard "Vuk" 70 ) ( ai-guard-wing "Phi" 70 ) ( ai-guard "Pandora" 50 ) )
$Cargo 1:  XSTR("Nothing", 4519)
+Initial Velocity: 33
+Initial Hull: 100
+Subsystem: Pilot
+Primary Banks: ( "Prometheus S" "Prometheus S" )
$Arrival Location: Hyperspace
$Arrival Cue: ( false ) 
$Departure Location: Hyperspace
$Departure Cue: ( false ) 
$Determination: 10
+Flags: ( "cargo-known" )
+Flags2: ( )
+Respawn priority: 0
+Orders Accepted: 33023		;! note that this is a bitfield!!!
+Group: 0
+Use Table Score:
+Score: 12

$Name: Alpha 3		;! Object #2
$Display Name: XSTR("Alpha 3", 4521)
$Class: GTF Hercules Mark II
$Team: Friendly
$Location: 1532.075195, -78.236954, -2821.577393
$Orientation:
	0.597834, 0.000000, -0.801620,
	0.000000, 1.000000, 0.000000,
	0.801620, 0.000000, 0.597834
$AI Behavior: None
+AI Class: Major
$AI Goals: ( goals ( ai-guard "Vuk" 70 ) ( ai-guard-wing "Phi" 70 ) ( ai-guard "Pandora" 50 ) )
$Cargo 1:  XSTR("Nothing", 4519)
+Initial Velocity: 33
+Initial Hull: 100
+Subsystem: Pilot
+Primary Banks: ( "Prometheus S" "Prometheus S" )
$Arrival Location: Hyperspace
$Arrival Cue: ( false ) 
$Departure Location: Hyperspace
$Departure Cue: ( false ) 
$Determination: 10
+Flags: ( "cargo-known" )
+Flags2: ( )
+Respawn priority: 0
+Orders Accepted: 33023		;! note that this is a bitfield!!!
+Group: 0
+Use Table Score:
+Score: 12

$Name: Alpha 4		;! Object #3
$Display Name: XSTR("Alpha 4", 4522)
$Class: GTF Hercules Mark II
$Team: Friendly
$Location: 1508.128296, -78.234573, -3034.152832
$Orientation:
	0.597834, 0.000000, -0.801620,
	0.000000, 1.000000, 0.000000,
	0.801620, 0.000000, 0.597834
$AI Behavior: None
+AI Class: Major
$AI Goals: ( goals ( ai-guard "Vuk" 70 ) ( ai-guard-wing "Phi" 70 ) ( ai-guard "Pandora" 50 ) )
$Cargo 1:  XSTR("Nothing", 4519)
+Initial Velocity: 33
+Initial Hull: 100
+Subsystem: Pilot
+Primary Banks: ( "Prometheus S" "Prometheus S" )
$Arrival Location: Hyperspace
$Arrival Cue: ( false ) 
$Departure Location: Hyperspace
$Departure Cue: ( false ) 
$Determination: 10
+Flags: ( "cargo-known" )
+Flags2: ( )
+Respawn priority: 0
+Orders Accepted: 33023		;! note that this is a bitfield!!!
+Group: 0
+Use Table Score:
+Score: 12

$Name: Khefrem		;! Object #4
$Display Name: XSTR("Khefrem", 6967)
$Class: GVD Hatshepsut
$Team: Friendly
$Location: 6681.184570, -228.269592, -4039.371826
$Orientation:
	0.689498, 0.000000, 0.724287,
	-0.072308, 0.995004, 0.068835,
	-0.720669, -0.099833, 0.686054
$AI Behavior: None
$Cargo 1:  XSTR("Nothing", 4519)
+Initial Velocity: 33
+Initial Hull: 100
+Initial Shields: 100
+Subsystem: Pilot
+Subsystem: turret01
+Subsystem: turret02
+Subsystem: turret03
+Subsystem: turret04
+Subsystem: turret05
+Sbank Ammo: ( 0 )
+Subsystem: turret06
+Sbank Ammo: ( 0 )
+Subsystem: turret07
+Sbank Ammo: ( 0 )
+Subsystem: turret08
+Sbank Ammo: ( 0 )
+Subsystem: turret09
+Sbank Ammo: ( 0 )
+Subsystem: turret10
+Secondary Banks: ( "Fusion Mortar" )
+Sbank Ammo: ( 0 )
+Subsystem: turret11
+Subsystem: turret12
+Subsystem: turret13
+Subsystem: turret14
+Subsystem: turret15
+Subsystem: turret16
+Subsystem: turret17
+Subsystem: turret18
+Subsystem: turret19
+Subsystem: turret20
+Subsystem: turret21
+Subsystem: turret22
+Subsystem: turret23
+Subsystem: turret24
+Subsystem: turret25
+Subsystem: turret26
+Subsystem: turret27
+Subsystem: turret28
+Subsystem: turret29
+Subsystem: turret30
$Arrival Location: Hyperspace
$Arrival Cue: ( has-arrived-delay 54 "Byakhee" ) 
$Departure Location: Hyperspace
$Departure Cue: ( false ) 
$Determination: 10
+Flags: ( "cargo-known" "no-shields" "escort" )
+Flags2: ( )
+Respawn priority: 0
+Escort priority: 90
+Orders Accepted: 0		;! note that this is a bitfield!!!
+Group: 0
+Use Table Score:
+Score: 1400

$Name: Byakhee		;! Object #5
$Display Name: XSTR("Byakhee", 6843)
$Class: SC Rakshasa
$Team: Hostile
$Location: 3027.475830, 380.168304, 1104.095459
$Orientation:
	-0.869112, -0.071038, 0.489489,
	0.021684, 0.983209, 0.181193,
	-0.494142, 0.168091, -0.852977
$AI Behavior: None
$Cargo 1:  XSTR("Nothing", 4519)
+Initial Velocity: 33
+Initial Hull: 67
+Initial Shields: 100
+Subsystem: Pilot
+Subsystem: turret01
+Subsystem: turret02
+Subsystem: turret03
+Subsystem: turret04
+Subsystem: turret05
+Subsystem: turret06
+Subsystem: turret07
+Subsystem: turret08
+Subsystem: turret09
+Subsystem: turret10
+Subsystem: turret11
+Subsystem: turret12
+Subsystem: turret13
+Subsystem: turret14
$Arrival Location: Hyperspace
$Arrival Cue: ( has-arrived-delay 62 "Pandora" ) 
$Departure Location: Hyperspace
$Departure Cue: ( false ) 
$Determination: 10
+Flags: ( "no-shields" "escort" )
+Flags2: ( )
+Respawn priority: 0
+Escort priority: 75
+Orders Accepted: 0		;! note that this is a bitfield!!!
+Group: 0
+Use Table Score:
+Score: 300

$Name: Taurus 1		;! Object #6
$Display Name: XSTR("Taurus 1", 6242)
$Class: SF Manticore
$Team: Hostile
$Location: 993.614868, 1142.676392, 1776.876587
$Orientation:
	-0.688344, 0.000000, 0.725385,
	0.000000, 1.000000, 0.000000,
	-0.725385, 0.000000, -0.688344
$AI Behavior: None
$Cargo 1:  XSTR("Nothing", 4519)
+Initial Velocity: 33
+Subsystem: Pilot
+Secondary Banks: ( "Hornet#Weak#Shivan" "Hornet#Weak#Shivan" )
$Arrival Location: Hyperspace
$Arrival Cue: ( false ) 
$Departure Location: Hyperspace
$Departure Cue: ( false ) 
$Determination: 10
+Flags: ( )
+Flags2: ( )
+Respawn priority: 0
+Orders Accepted: 0		;! note that this is a bitfield!!!
+Group: 0
+Use Table Score:
+Score: 12

$Name: Taurus 2		;! Object #7
$Display Name: XSTR("Taurus 2", 6243)
$Class: SF Manticore
$Team: Hostile
$Location: 1159.676392, 1142.675903, 1759.253296
$Orientation:
	-0.688344, 0.000000, 0.725384,
	0.000000, 1.000000, 0.000000,
	-0.725384, 0.000000, -0.688344
$AI Behavior: None
$Cargo 1:  XSTR("Nothing", 4519)
+Initial Velocity: 33
+Subsystem: Pilot
+Secondary Banks: ( "Hornet#Weak#Shivan" "Hornet#Weak#Shivan" )
$Arrival Location: Hyperspace
$Arrival Cue: ( false ) 
$Departure Location: Hyperspace
$Departure Cue: ( false ) 
$Determination: 10
+Flags: ( )
+Flags2: ( )
+Respawn priority: 0
+Orders Accepted: 0		;! note that this is a bitfield!!!
+Group: 0
+Use Table Score:
+Score: 12

$Name: Taurus 3		;! Object #8
$Display Name: XSTR("Taurus 3", 6244)
$Class: SF Manticore
$Team: Hostile
$Location: 969.377319, 1142.674927, 1965.808350
$Orientation:
	-0.688344, 0.000000, 0.725384,
	0.000000, 1.000000, 0.000000,
	-0.725384, 0.000000, -0.688344
$AI Behavior: None
$Cargo 1:  XSTR("Nothing", 4519)
+Initial Velocity: 33
+Subsystem: Pilot
+Secondary Banks: ( "Hornet#Weak#Shivan" "Hornet#Weak#Shivan" )
$Arrival Location: Hyperspace
$Arrival Cue: ( false ) 
$Departure Location: Hyperspace
$Departure Cue: ( false ) 
$Determination: 10
+Flags: ( )
+Flags2: ( )
+Respawn priority: 0
+Orders Accepted: 0		;! note that this is a bitfield!!!
+Group: 0
+Use Table Score:
+Score: 12

$Name: Taurus 4		;! Object #9
$Display Name: XSTR("Taurus 4", 6245)
$Class: SF Manticore
$Team: Hostile
$Location: 1194.206055, 1142.676392, 1981.853882
$Orientation:
	-0.688344, 0.000000, 0.725384,
	0.000000, 1.000000, 0.000000,
	-0.725384, 0.000000, -0.688344
$AI Behavior: None
$Cargo 1:  XSTR("Nothing", 4519)
+Initial Velocity: 33
+Subsystem: Pilot
+Secondary Banks: ( "Hornet#Weak#Shivan" "Hornet#Weak#Shivan" )
$Arrival Location: Hyperspace
$Arrival Cue: ( false ) 
$Departure Location: Hyperspace
$Departure Cue: ( false ) 
$Determination: 10
+Flags: ( )
+Flags2: ( )
+Respawn priority: 0
+Orders Accepted: 0		;! note that this is a bitfield!!!
+Group: 0
+Use Table Score:
+Score: 12

$Name: Phi 1		;! Object #10
$Display Name: XSTR("Phi 1", 6972)
$Class: GVFr Satis
$Team: Friendly
$Location: -1272.541870, -0.002582, 1905.945557
$Orientation:
	-0.807088, 0.000000, -0.590431,
	0.000000, 1.000000, 0.000000,
	0.590431, 0.000000, -0.807088
$AI Behavior: None
$Cargo 1:  XSTR("Nothing", 4519)
+Initial Velocity: 33
+Initial Hull: 67
+Initial Shields: 100
+Subsystem: Pilot
+Subsystem: turret01-main
+Subsystem: turret02
+Subsystem: turret03
+Subsystem: turret04
+Subsystem: turret05
$Arrival Location: Hyperspace
$Arrival Cue: ( false ) 
$Departure Location: Hyperspace
$Departure Cue: ( false ) 
$Determination: 10
+Flags: ( "cargo-known" "no-shields" "escort" )
+Flags2: ( )
+Respawn priority: 0
+Escort priority: 50
+Orders Accepted: 0		;! note that this is a bitfield!!!
+Group: 0
+Use Table Score:
+Score: 16

$Name: Phi 2		;! Object #11
$Display Name: XSTR("Phi 2", 6973)
$Class: GVFr Satis
$Team: Friendly
$Location: -1265.992920, -0.004115, 2126.835205
$Orientation:
	-0.807088, 0.000000, -0.590431,
	0.000000, 1.000000, 0.000000,
	0.590431, 0.000000, -0.807088
$AI Behavior: None
$Cargo 1:  XSTR("Nothing", 4519)
+Initial Velocity: 33
+Initial Hull: 89
+Initial Shields: 100
+Subsystem: Pilot
+Subsystem: turret01-main
+Subsystem: turret02
+Subsystem: turret03
+Subsystem: turret04
+Subsystem: turret05
$Arrival Location: Hyperspace
$Arrival Cue: ( false ) 
$Departure Location: Hyperspace
$Departure Cue: ( false ) 
$Determination: 10
+Flags: ( "cargo-known" "no-shields" "escort" )
+Flags2: ( )
+Respawn priority: 0
+Escort priority: 50
+Orders Accepted: 0		;! note that this is a bitfield!!!
+Group: 0
+Use Table Score:
+Score: 16

$Name: Vuk		;! Object #12
$Display Name: XSTR("Vuk", 6974)
$Class: GVFr Bes
$Team: Friendly
$Location: -1641.860352, 9.231837, 2159.841553
$Orientation:
	-0.807019, -0.011193, 0.590420,
	0.012967, 0.999243, 0.036668,
	-0.590384, 0.037248, -0.806263
$AI Behavior: None
$AI Goals: ( goals ( ai-waypoints-once "Evac path" 50 ) )
$Cargo 1:  XSTR("Nothing", 4519)
+Initial Velocity: 33
+Initial Hull: 74
+Initial Shields: 100
+Subsystem: Pilot
+Subsystem: turret01
+Subsystem: turret02
$Arrival Location: Hyperspace
$Arrival Cue: ( has-departed-delay 
   21 
   "Ankular" 
   "Yenya" 
)
$Departure Location: Hyperspace
$Departure Cue: ( are-waypoints-done-delay 
   "Vuk" 
   "Evac path" 
   0 
)
$Determination: 10
+Flags: ( "cargo-known" "no-shields" "escort" )
+Flags2: ( )
+Respawn priority: 0
+Escort priority: 50
+Orders Accepted: 0		;! note that this is a bitfield!!!
+Group: 0
+Use Table Score:
+Score: 13

$Name: VAC 5-OV		;! Object #13
$Display Name: XSTR("VAC 5-OV", 6975)
$Class: VAC 5
$Team: Friendly
$Location: -1642.255737, 0.362051, 2159.132813
$Orientation:
	-0.807088, -0.011189, 0.590325,
	0.011190, 0.999351, 0.034241,
	-0.590326, 0.034241, -0.806439
$AI Behavior: None
$Cargo 1:  XSTR("Foodstuffs", 6976)
+Initial Hull: 100
+Initial Shields: 100
+Subsystem: Pilot
$Arrival Location: Hyperspace
$Arrival Cue: ( false ) 
$Departure Location: Hyperspace
$Departure Cue: ( false ) 
$Determination: 10
+Flags: ( "cargo-known" "no-shields" )
+Flags2: ( )
+Respawn priority: 0
+Docked With: Vuk
$Docker Point: cargo dock01
$Dockee Point: cargo dock
+Group: 0
+Use Table Score:
+Score: 3

$Name: Ballard		;! Object #14
$Display Name: XSTR("Ballard", 6977)
$Class: GTFR Poseidon
$Team: Friendly
$Location: 2133.356689, 17.397684, -2302.359375
$Orientation:
	-0.833384, -0.000002, -0.552695,
	0.006644, 0.999928, -0.010020,
	0.552655, -0.012023, -0.833324
$AI Behavior: None
$AI Goals: ( goals ( ai-waypoints-once "Mover" 50 ) )
$Cargo 1:  XSTR("Nothing", 4519)
+Initial Velocity: 33
+Initial Hull: 100
+Initial Shields: 100
+Subsystem: Pilot
+Subsystem: turret01
+Subsystem: turret02
+Subsystem: turret03
+Subsystem: turret04
$Arrival Location: Hyperspace
$Arrival Cue: ( true ) 
$Departure Location: Hyperspace
$Departure Cue: ( has-time-elapsed 15 ) 
$Determination: 10
+Flags: ( "cargo-known" "no-shields" "escort" )
+Flags2: ( )
+Respawn priority: 0
+Escort priority: 50
+Orders Accepted: 0		;! note that this is a bitfield!!!
+Group: 0
+Use Table Score:
+Score: 15

$Name: TSC 2 16		;! Object #15
$Display Name: XSTR("TSC 2 16", 6978)
$Class: TSC 2
$Team: Friendly
$Location: 2130.524658, 0.076662, -2298.081787
$Orientation:
	-0.833430, -0.000001, -0.552626,
	0.006645, 0.999928, -0.010021,
	0.552586, -0.012025, -0.833370
$AI Behavior: None
$Cargo 1:  XSTR("FTL Array", 6979)
+Initial Velocity: 33
+Initial Hull: 100
+Initial Shields: 100
+Subsystem: Pilot
$Arrival Location: Hyperspace
$Arrival Cue: ( false ) 
$Departure Location: Hyperspace
$Departure Cue: ( false ) 
$Determination: 10
+Flags: ( "cargo-known" "no-shields" )
+Flags2: ( )
+Respawn priority: 0
+Docked With: Ballard
$Docker Point: cargo dock
$Dockee Point: cargo dock
+Group: 0
+Use Table Score:
+Score: 0

$Name: Daniel		;! Object #16
$Display Name: XSTR("Daniel", 6980)
$Class: GTFR Poseidon
$Team: Friendly
$Location: 2338.764404, 17.396973, -2566.782959
$Orientation:
	-0.845666, 0.000000, -0.533713,
	0.008339, 0.999878, -0.013213,
	0.533647, -0.015624, -0.845563
$AI Behavior: None
$AI Goals: ( goals ( ai-waypoints-once "Mover" 50 ) )
$Cargo 1:  XSTR("Nothing", 4519)
+Initial Velocity: 33
+Initial Hull: 100
+Initial Shields: 100
+Subsystem: Pilot
+Subsystem: turret01
+Subsystem: turret02
+Subsystem: turret03
+Subsystem: turret04
$Arrival Location: Hyperspace
$Arrival Cue: ( true ) 
$Departure Location: Hyperspace
$Departure Cue: ( has-time-elapsed 14 ) 
$Determination: 10
+Flags: ( "cargo-known" "no-shields" "escort" )
+Flags2: ( )
+Respawn priority: 0
+Escort priority: 50
+Orders Accepted: 0		;! note that this is a bitfield!!!
+Group: 0
+Use Table Score:
+Score: 15

$Name: TSC 2 17		;! Object #17
$Display Name: XSTR("TSC 2 17", 6981)
$Class: TSC 2
$Team: Friendly
$Location: 2335.996582, 0.094546, -2562.389648
$Orientation:
	-0.845666, 0.000000, -0.533713,
	0.008340, 0.999878, -0.013214,
	0.533647, -0.015626, -0.845563
$AI Behavior: None
$Cargo 1:  XSTR("Processed Molybdenum", 6982)
+Initial Velocity: 33
+Initial Hull: 100
+Initial Shields: 100
+Subsystem: Pilot
$Arrival Location: Hyperspace
$Arrival Cue: ( false ) 
$Departure Location: Hyperspace
$Departure Cue: ( false ) 
$Determination: 10
+Flags: ( "cargo-known" "no-shields" )
+Flags2: ( )
+Respawn priority: 0
+Docked With: Daniel
$Docker Point: cargo dock
$Dockee Point: cargo dock
+Group: 0
+Use Table Score:
+Score: 0

$Name: Pandora		;! Object #18
$Display Name: XSTR("Pandora", 6983)
$Class: GTC Aeolus

$Team: Friendly
$Location: -79.598450, 371.345062, 802.640259
$Orientation:
	-0.801144, 0.000000, -0.598472,
	0.000000, 1.000000, 0.000000,
	0.598472, 0.000000, -0.801144
$AI Behavior: None
$AI Goals: ( goals ( ai-waypoints-once "Evac path" 60 ) )
$Cargo 1:  XSTR("Nothing", 4519)
+Initial Velocity: 23
+Initial Hull: 42
+Initial Shields: 100
+Subsystem: Pilot
+Subsystem: turret01
+Subsystem: turret02
+Subsystem: turret03
+Subsystem: turret04
+Subsystem: turret05
+Subsystem: turret06
+Subsystem: turret07
+Subsystem: turret08
+Subsystem: turret09
+Subsystem: turret10
+Subsystem: turret11
+Subsystem: turret12
+Subsystem: engine
$Damage: 39
$Arrival Location: Hyperspace
$Arrival Cue: ( destroyed-or-departed-delay 
   11 
   "Phi" 
   "Vuk" 
)
$Departure Location: Hyperspace
$Departure Cue: ( are-waypoints-done-delay 
   "Pandora" 
   "Evac path" 
   0 
)
$Determination: 10
+Flags: ( "cargo-known" "no-shields" "escort" )
+Flags2: ( )
+Respawn priority: 0
+Escort priority: 60
+Orders Accepted: 1		;! note that this is a bitfield!!!
+Group: 0
+Use Table Score:
+Score: 500
$Texture Replace:
+old: nameplate
+new: gtc_pandora

$Name: Virgo 1		;! Object #19
$Display Name: XSTR("Virgo 1", 6354)
$Class: SB Seraphim
$Team: Hostile
$Location: 2617.812012, -672.443359, -171.716415
$Orientation:
	0.120503, 0.000000, 0.992713,
	0.000000, 1.000000, 0.000000,
	-0.992713, 0.000000, 0.120503
$AI Behavior: None
$Cargo 1:  XSTR("Nothing", 4519)
+Initial Velocity: 33
+Initial Hull: 100
+Subsystem: Pilot
+Secondary Banks: ( "Rockeye#Shivan" "Shivan Bomb#Short" "Trebuchet#Shivan" "Shivan Bomb#Short" )
+Subsystem: turret01
+Subsystem: turret02
$Arrival Location: Hyperspace
$Arrival Cue: ( false ) 
$Departure Location: Hyperspace
$Departure Cue: ( false ) 
$Determination: 10
+Flags: ( )
+Flags2: ( )
+Respawn priority: 0
+Orders Accepted: 0		;! note that this is a bitfield!!!
+Group: 0
+Use Table Score:
+Score: 16

$Name: Virgo 2		;! Object #20
$Display Name: XSTR("Virgo 2", 6355)
$Class: SB Seraphim
$Team: Hostile
$Location: 2791.712891, -672.443298, -447.057129
$Orientation:
	0.120503, 0.000000, 0.992713,
	0.000000, 1.000000, 0.000000,
	-0.992713, 0.000000, 0.120503
$AI Behavior: None
$Cargo 1:  XSTR("Nothing", 4519)
+Initial Velocity: 33
+Initial Hull: 100
+Subsystem: Pilot
+Secondary Banks: ( "Rockeye#Shivan" "Shivan Bomb#Short" "Trebuchet#Shivan" "Shivan Bomb#Short" )
+Subsystem: turret01
+Subsystem: turret02
$Arrival Location: Hyperspace
$Arrival Cue: ( false ) 
$Departure Location: Hyperspace
$Departure Cue: ( false ) 
$Determination: 10
+Flags: ( )
+Flags2: ( )
+Respawn priority: 0
+Orders Accepted: 0		;! note that this is a bitfield!!!
+Group: 0
+Use Table Score:
+Score: 16

$Name: Leo 1		;! Object #21
$Display Name: XSTR("Leo 1", 6517)
$Class: SB Seraphim
$Team: Hostile
$Location: -1949.840576, 893.607666, -185.929367
$Orientation:
	0.238476, 0.000000, -0.971149,
	0.000000, 1.000000, 0.000000,
	0.971149, 0.000000, 0.238476
$AI Behavior: None
$Cargo 1:  XSTR("Nothing", 4519)
+Initial Velocity: 33
+Initial Hull: 100
+Subsystem: Pilot
+Secondary Banks: ( "Rockeye#Shivan" "Shivan Bomb#Short" "Trebuchet#Shivan" "Shivan Bomb#Short" )
+Subsystem: turret01
+Subsystem: turret02
$Arrival Location: Hyperspace
$Arrival Cue: ( false ) 
$Departure Location: Hyperspace
$Departure Cue: ( false ) 
$Determination: 10
+Flags: ( )
+Flags2: ( )
+Respawn priority: 0
+Orders Accepted: 0		;! note that this is a bitfield!!!
+Group: 0
+Use Table Score:
+Score: 16

$Name: Leo 2		;! Object #22
$Display Name: XSTR("Leo 2", 6518)
$Class: SB Seraphim
$Team: Hostile
$Location: -2159.593262, 893.607239, -36.506790
$Orientation:
	0.238476, 0.000000, -0.971148,
	0.000000, 1.000000, 0.000000,
	0.971148, 0.000000, 0.238476
$AI Behavior: None
$Cargo 1:  XSTR("Nothing", 4519)
+Initial Velocity: 33
+Initial Hull: 100
+Subsystem: Pilot
+Secondary Banks: ( "Rockeye#Shivan" "Shivan Bomb#Short" "Trebuchet#Shivan" "Shivan Bomb#Short" )
+Subsystem: turret01
+Subsystem: turret02
$Arrival Location: Hyperspace
$Arrival Cue: ( false ) 
$Departure Location: Hyperspace
$Departure Cue: ( false ) 
$Determination: 10
+Flags: ( )
+Flags2: ( )
+Respawn priority: 0
+Orders Accepted: 0		;! note that this is a bitfield!!!
+Group: 0
+Use Table Score:
+Score: 16

$Name: Cancer 1		;! Object #23
$Display Name: XSTR("Cancer 1", 6238)
$Class: SF Basilisk
$Team: Hostile
$Location: 3708.232422, 1089.835693, -1357.624146
$Orientation:
	0.257850, 0.000000, 0.966185,
	0.000000, 1.000000, 0.000000,
	-0.966185, 0.000000, 0.257850
$AI Behavior: None
$Cargo 1:  XSTR("Nothing", 4519)
+Initial Velocity: 33
+Subsystem: Pilot
+Secondary Banks: ( "Trebuchet#Shivan" "Harpoon#Weak#Shivan" )
$Arrival Location: Hyperspace
$Arrival Cue: ( false ) 
$Departure Location: Hyperspace
$Departure Cue: ( false ) 
$Determination: 10
+Flags: ( )
+Flags2: ( )
+Respawn priority: 0
+Orders Accepted: 0		;! note that this is a bitfield!!!
+Group: 0
+Use Table Score:
+Score: 12

$Name: Cancer 2		;! Object #24
$Display Name: XSTR("Cancer 2", 6239)
$Class: SF Basilisk
$Team: Hostile
$Location: 3834.235596, 1089.835693, -1601.350464
$Orientation:
	0.257850, 0.000000, 0.966185,
	0.000000, 1.000000, 0.000000,
	-0.966185, 0.000000, 0.257850
$AI Behavior: None
$Cargo 1:  XSTR("Nothing", 4519)
+Initial Velocity: 33
+Subsystem: Pilot
+Secondary Banks: ( "Trebuchet#Shivan" "Harpoon#Weak#Shivan" )
$Arrival Location: Hyperspace
$Arrival Cue: ( false ) 
$Departure Location: Hyperspace
$Departure Cue: ( false ) 
$Determination: 10
+Flags: ( )
+Flags2: ( )
+Respawn priority: 0
+Orders Accepted: 0		;! note that this is a bitfield!!!
+Group: 0
+Use Table Score:
+Score: 12

$Name: Cancer 3		;! Object #25
$Display Name: XSTR("Cancer 3", 6240)
$Class: SF Basilisk
$Team: Hostile
$Location: 3971.307617, 1089.835449, -1226.453613
$Orientation:
	0.257850, 0.000000, 0.966185,
	0.000000, 1.000000, 0.000000,
	-0.966185, 0.000000, 0.257850
$AI Behavior: None
$Cargo 1:  XSTR("Nothing", 4519)
+Initial Velocity: 33
+Subsystem: Pilot
+Secondary Banks: ( "Trebuchet#Shivan" "Harpoon#Weak#Shivan" )
$Arrival Location: Hyperspace
$Arrival Cue: ( false ) 
$Departure Location: Hyperspace
$Departure Cue: ( false ) 
$Determination: 10
+Flags: ( )
+Flags2: ( )
+Respawn priority: 0
+Orders Accepted: 0		;! note that this is a bitfield!!!
+Group: 0
+Use Table Score:
+Score: 12

$Name: Cancer 4		;! Object #26
$Display Name: XSTR("Cancer 4", 6241)
$Class: SF Basilisk
$Team: Hostile
$Location: 4174.938477, 1089.835205, -1496.506714
$Orientation:
	0.257850, 0.000000, 0.966185,
	0.000000, 1.000000, 0.000000,
	-0.966185, 0.000000, 0.257850
$AI Behavior: None
$Cargo 1:  XSTR("Nothing", 4519)
+Initial Velocity: 33
+Subsystem: Pilot
+Secondary Banks: ( "Trebuchet#Shivan" "Harpoon#Weak#Shivan" )
$Arrival Location: Hyperspace
$Arrival Cue: ( false ) 
$Departure Location: Hyperspace
$Departure Cue: ( false ) 
$Determination: 10
+Flags: ( )
+Flags2: ( )
+Respawn priority: 0
+Orders Accepted: 0		;! note that this is a bitfield!!!
+Group: 0
+Use Table Score:
+Score: 12

$Name: Aries 1		;! Object #27
$Display Name: XSTR("Aries 1", 6253)
$Class: SF Manticore
$Team: Hostile
$Location: 195.189255, 3979.775146, -2080.712402
$Orientation:
	1.000000, 0.000000, 0.000000,
	0.000000, 1.000000, 0.000000,
	0.000000, 0.000000, 1.000000
$AI Behavior: None
$Cargo 1:  XSTR("Nothing", 4519)
+Initial Velocity: 33
+Subsystem: Pilot
+Secondary Banks: ( "Hornet#Weak#Shivan" "Tempest#Shivan" )
$Arrival Location: Hyperspace
$Arrival Cue: ( false ) 
$Departure Location: Hyperspace
$Departure Cue: ( false ) 
$Determination: 10
+Flags: ( )
+Flags2: ( )
+Respawn priority: 0
+Orders Accepted: 0		;! note that this is a bitfield!!!
+Group: 0
+Use Table Score:
+Score: 12

$Name: Aries 2		;! Object #28
$Display Name: XSTR("Aries 2", 6254)
$Class: SF Manticore
$Team: Hostile
$Location: -43.834621, 3979.775146, -2347.212158
$Orientation:
	1.000000, 0.000000, 0.000000,
	0.000000, 1.000000, 0.000000,
	0.000000, 0.000000, 1.000000
$AI Behavior: None
$Cargo 1:  XSTR("Nothing", 4519)
+Initial Velocity: 33
+Subsystem: Pilot
+Secondary Banks: ( "Hornet#Weak#Shivan" "Tempest#Shivan" )
$Arrival Location: Hyperspace
$Arrival Cue: ( false ) 
$Departure Location: Hyperspace
$Departure Cue: ( false ) 
$Determination: 10
+Flags: ( )
+Flags2: ( )
+Respawn priority: 0
+Orders Accepted: 0		;! note that this is a bitfield!!!
+Group: 0
+Use Table Score:
+Score: 12

$Name: Aries 3		;! Object #29
$Display Name: XSTR("Aries 3", 6255)
$Class: SF Manticore
$Team: Hostile
$Location: 421.549408, 3979.775146, -2473.311279
$Orientation:
	1.000000, 0.000000, 0.000000,
	0.000000, 1.000000, 0.000000,
	0.000000, 0.000000, 1.000000
$AI Behavior: None
$Cargo 1:  XSTR("Nothing", 4519)
+Initial Velocity: 33
+Subsystem: Pilot
+Secondary Banks: ( "Hornet#Weak#Shivan" "Tempest#Shivan" )
$Arrival Location: Hyperspace
$Arrival Cue: ( false ) 
$Departure Location: Hyperspace
$Departure Cue: ( false ) 
$Determination: 10
+Flags: ( )
+Flags2: ( )
+Respawn priority: 0
+Orders Accepted: 0		;! note that this is a bitfield!!!
+Group: 0
+Use Table Score:
+Score: 12

$Name: Libra 1		;! Object #30
$Display Name: XSTR("Libra 1", 6507)
$Class: SB Nahema
$Team: Hostile
$Location: 2920.603516, 717.726196, -2524.709717
$Orientation:
	0.724836, 0.000000, 0.688922,
	0.000000, 1.000000, 0.000000,
	-0.688922, 0.000000, 0.724836
$AI Behavior: None
$Cargo 1:  XSTR("Nothing", 4519)
+Initial Velocity: 33
+Initial Hull: 100
+Subsystem: Pilot
+Secondary Banks: ( "Shivan Bomb#Short" "Shivan Bomb#Short" "Hornet#Weak#Shivan" )
$Arrival Location: Hyperspace
$Arrival Cue: ( false ) 
$Departure Location: Hyperspace
