#Mission Info

$Version: 0.10
$Name:  XSTR("And Stars Shall Fall", 7059)
$Author: Kellan/Agatheron (soon :)
$Created: 03/27/00 at 21:59:45
$Modified: 10/18/13 at 14:55:20
$Notes:
This is an FS2: Derelict mission.
$End Notes:

$Mission Desc:
 XSTR("", 3307)
$end_multi_text
+Game Type Flags: 1
+Flags: 8
+Fog Near Mult: 1.000000

+Fog Far Mult: 1.000000

+Disallow Support: 0
+Hull Repair Ceiling: 0.000000
+Subsystem Repair Ceiling: 0.000000

+Player Entry Delay:
1.000000

+Viewer pos: 1602.123047, 17688.488281, 8327.383789
+Viewer orient:
	-0.999993, 0.000000, 0.003873,
	-0.003564, 0.391393, -0.920217,
	-0.001516, -0.920224, -0.391390


$Load Screen 640:	dl7.pcx
$Load Screen 1024:	2_dl7.pcx

$Skybox Model: starfield.pof

$AI Profile: FS2 RETAIL

#Sexp_variables

$Variables:
(
		0		"autoGenVar1"		"Escape Pod"		"string"
		1		"autoGenVar2"		"#Command"		"string"
)

#Command Briefing

$Stage Text:
 XSTR("Phi Eridani 2372
GTD Valhalla
The Failure of Subterfuge

Since we were unable to gain any significant information about the Nyarlathotep and the Tulzscha before the Shivans were alerted to your presence, the GTD Valhalla called off her pre-emptive strike. Instead, we are now engaging in search and destroy operations within the Phi Eridani system. Hopefully we will be able to prevent the Shivans from establishing any kind of foothold in this system. Their resources are limited, and the Nyaralthotep will need to establish supply chains to sustain any kind of territorial operations. If we can prevent those chains from ever forming, then we can ensure that this new problem will be nothing more than a footnote in the GTVA's history with the Shivans.", 7060)
$end_multi_text
$Ani Filename: <default>
+Wave Filename: dl28_cb1.ogg

$Stage Text:
 XSTR("Scouring of Eridani

Alpha, you will assist the GTD Valhalla and the GTCv Escher in their search and destroy operations. Presently, they are following another lead in locating the SC Tulzscha. The Tulzscha may be attempting to establish a supply line. If we intercept this cruiser, then we'll be able to starve the Nyarlathotep and force it into making a hasty move.

At 2326 hours, we intercepted a transmission that originates within the Tulzscha. She appears to be stationary and may be vulnerable to a strike. Report to briefing.", 7061)
$end_multi_text
$Ani Filename: <default>
+Wave Filename: dl28_cb2.ogg

#Briefing
$start_briefing
$num_stages: 4
$start_stage
$multi_text
 XSTR("Okay, pilots, we're going in. We have located the $r Shivan cruiser $h Tulzscha establishing a supply depot outside of the stellar gas cloud. From what intelligence we have, there is also an $b Asmodeus class freighter and a $b Rahu class gas miner tending the depot. The $f GTCv $f Escher made the initial contact, and is pursuing the cruiser now.", 7062)
$end_multi_text
$voice: dl28_b1.ogg
$camera_pos: 3684.457520, 14122.845703, 4566.512207
$camera_orient:
	-0.999994, 0.000000, 0.003518,
	-0.003291, 0.353049, -0.935599,
	-0.001242, -0.935605, -0.353047
$camera_time: 1500
$num_lines: 0
$num_icons: 7
$Flags: 0
$Formula: ( true ) 
$start_icon
$type: 28
$team: Friendly
$class: GTCv Deimos
$pos: -1311.105835, 0.003720, -597.413208
$label: XSTR("Escher", 5558)
+id: 1
$hlight: 0
$mirror: 0
$multi_text
$end_multi_text
$end_icon
$start_icon
$type: 18
$team: Hostile
$class: SC Lilith
$pos: 5300.770020, -0.000094, -709.213928
$label: XSTR("Tulzscha", 6841)
+id: 2
$hlight: 1
$mirror: 0
$multi_text
$end_multi_text
$end_icon
$start_icon
$type: 29
$team: Hostile
$class: SSG Rahu
$pos: 9594.179688, -0.005737, -2415.416260
$label: XSTR("Rahu", 7063)
+id: 3
$hlight: 0
$mirror: 0
$multi_text
$end_multi_text
$end_icon
$start_icon
$type: 11
$team: Hostile
$class: SFr Asmodeus
$pos: 9023.424805, -13.914457, 1195.079102
$label: XSTR("Asmodeus", 7064)
+id: 4
$hlight: 0
$mirror: 0
$multi_text
$end_multi_text
$end_icon
$start_icon
$type: 1
$team: Friendly
$class: GTF Myrmidon
$pos: -4540.943848, 120.571938, 90.999054
$label: XSTR("Alpha", 4838)
+id: 5
$hlight: 0
$mirror: 0
$multi_text
$end_multi_text
$end_icon
$start_icon
$type: 3
$team: Hostile
$class: SAC 2
$pos: 7819.694824, -66.759369, -506.564758
$label: XSTR("Supply Depot", 7065)
+id: 6
$hlight: 0
$mirror: 0
$multi_text
$end_multi_text
$end_icon
$start_icon
$type: 1
$team: Hostile
$class: SF Basilisk
$pos: 5741.299805, 0.002581, -3248.803467
$label: XSTR("Shivan Fighters", 7066)
+id: 7
$hlight: 0
$mirror: 0
$multi_text
$end_multi_text
$end_icon
$end_stage
$start_stage
$multi_text
 XSTR("$f Alpha, you will jump into the area to help in a operation to capture the $h Tulzscha. Shortly after your arrival, the $f GTD $f Valhalla and $f Beta wing will enter the area, assisting the $f Escher's efforts to intercept the $r Shivan cruiser.", 7067)
$end_multi_text
$voice: dl28_b2.ogg
$camera_pos: 3690.211914, 14220.165039, 4730.605957
$camera_orient:
	-0.999992, 0.000000, 0.003873,
	-0.003564, 0.391392, -0.920217,
	-0.001516, -0.920224, -0.391390
$camera_time: 1500
$num_lines: 0
$num_icons: 9
$Flags: 0
$Formula: ( true ) 
$start_icon
$type: 28
$team: Friendly
$class: GTCv Deimos
$pos: -1152.211792, 0.004040, -931.865173
$label: XSTR("Escher", 5558)
+id: 1
$hlight: 0
$mirror: 0
$multi_text
$end_multi_text
$end_icon
$start_icon
$type: 18
$team: Hostile
$class: SC Lilith
$pos: 5449.968262, -0.000273, -656.788879
$label: XSTR("Tulzscha", 6841)
+id: 2
$hlight: 0
$mirror: 0
$multi_text
$end_multi_text
$end_icon
$start_icon
$type: 29
$team: Hostile
$class: SSG Rahu
$pos: 9645.507813, 0.000972, -2747.294434
$label: XSTR("Rahu", 7063)
+id: 3
$hlight: 0
$mirror: 0
$multi_text
$end_multi_text
$end_icon
$start_icon
$type: 11
$team: Hostile
$class: SFr Asmodeus
$pos: 9354.335938, -13.917929, 953.569458
$label: XSTR("Asmodeus", 7064)
+id: 4
$hlight: 0
$mirror: 0
$multi_text
$end_multi_text
$end_icon
$start_icon
$type: 1
$team: Friendly
$class: GTF Perseus
$pos: 1398.865723, 120.572151, -2165.651123
$label: XSTR("Alpha", 4838)
+id: 5
$hlight: 0
$mirror: 0
$multi_text
$end_multi_text
$end_icon
$start_icon
$type: 1
$team: Hostile
$class: SF Basilisk
$pos: 5672.971191, 0.001865, -3439.195557
$label: XSTR("Shivan Fighters", 7066)
+id: 7
$hlight: 0
$mirror: 0
$multi_text
$end_multi_text
$end_icon
$start_icon
$type: 3
$team: Hostile
$class: SAC 2
$pos: 7746.501465, -66.759521, -571.415710
$label: XSTR("Supply Depot", 7065)
+id: 6
$hlight: 0
$mirror: 0
$multi_text
$end_multi_text
$end_icon
$start_icon
$type: 6
$team: Friendly
$class: GTD Orion
$pos: -1420.911743, 0.004462, -3826.977783
$label: XSTR("Valhalla", 6832)
+id: 8
$hlight: 0
$mirror: 0
$multi_text
$end_multi_text
$end_icon
$start_icon
$type: 1
$team: Friendly
$class: GTF Perseus
$pos: -1550.012329, 191.422455, 1049.976440
$label: XSTR("Beta", 5366)
+id: 9
$hlight: 0
$mirror: 0
$multi_text
$end_multi_text
$end_icon
$end_stage
$start_stage
$multi_text
 XSTR("$f Alpha, your task is to eliminate the fighter escort and help the $f Escher destroy the $h Tulzscha's engines and communication systems. We want to prevent her from leaving the area, or calling for help. Once disabled, the Valhalla will deploy recovery vessels to launch a capture assault on the $h Tulzscha. She may not have the same value as the $h Nyarlathotep, but she is much more of an asset to us intact.", 7068)
$end_multi_text
$voice: dl28_b3.ogg
$camera_pos: 3690.211914, 14220.165039, 4730.605957
$camera_orient:
	-0.999992, 0.000000, 0.003873,
	-0.003564, 0.391392, -0.920217,
	-0.001516, -0.920224, -0.391390
$camera_time: 1500
$num_lines: 0
$num_icons: 8
$Flags: 0
$Formula: ( true ) 
$start_icon
$type: 28
$team: Friendly
$class: GTCv Deimos
$pos: 2348.949219, 0.003755, -854.741211
$label: XSTR("Escher", 5558)
+id: 1
$hlight: 0
$mirror: 0
$multi_text
$end_multi_text
$end_icon
$start_icon
$type: 18
$team: Hostile
$class: SC Lilith
$pos: 5449.968262, -0.000273, -656.788879
$label: XSTR("Tulzscha", 6841)
+id: 2
$hlight: 0
$mirror: 0
$multi_text
$end_multi_text
$end_icon
$start_icon
$type: 29
$team: Hostile
$class: SSG Rahu
$pos: 9645.507813, 0.000972, -2747.294434
$label: XSTR("Rahu", 7063)
+id: 3
$hlight: 0
$mirror: 0
$multi_text
$end_multi_text
$end_icon
$start_icon
$type: 11
$team: Hostile
$class: SFr Asmodeus
$pos: 9354.335938, -13.917929, 953.569458
$label: XSTR("Asmodeus", 7064)
+id: 4
$hlight: 0
$mirror: 0
$multi_text
$end_multi_text
$end_icon
$start_icon
$type: 1
$team: Friendly
$class: GTF Perseus
$pos: 5826.645020, 120.579216, -3404.580322
$label: XSTR("Alpha", 4838)
+id: 5
$hlight: 0
$mirror: 0
$multi_text
$end_multi_text
$end_icon
$start_icon
$type: 3
$team: Hostile
$class: SAC 2
$pos: 7746.501465, -66.759521, -571.415710
$label: XSTR("Supply Depot", 7065)
+id: 6
$hlight: 0
$mirror: 0
$multi_text
$end_multi_text
$end_icon
$start_icon
$type: 6
$team: Friendly
$class: GTD Orion
$pos: -1420.911743, 0.004462, -3826.977783
$label: XSTR("Valhalla", 6832)
+id: 8
$hlight: 0
$mirror: 0
$multi_text
$end_multi_text
$end_icon
$start_icon
$type: 1
$team: Friendly
$class: GTF Perseus
$pos: 5470.618164, 191.422928, 1022.784302
$label: XSTR("Beta", 5366)
+id: 9
$hlight: 0
$mirror: 0
$multi_text
$end_multi_text
$end_icon
$end_stage
$start_stage
$multi_text
 XSTR("While the $b Asmodeus freighter and $b Rahu gas miner are a secondary priority, consider them targets of opportunity and eliminate them along with the fighter escort. The $h Nyarlathotep's resources are limited - furthermore, our objective and strategy is to starve the superdestroyer into a trap.

Good hunting, pilot.", 7069)
$end_multi_text
$voice: dl28_b4.ogg
$camera_pos: 3690.211914, 14220.165039, 4730.605957
$camera_orient:
	-0.999992, 0.000000, 0.003873,
	-0.003564, 0.391392, -0.920217,
	-0.001516, -0.920224, -0.391390
$camera_time: 1500
$num_lines: 0
$num_icons: 7
$Flags: 0
$Formula: ( true ) 
$start_icon
$type: 28
$team: Friendly
$class: GTCv Deimos
$pos: 2488.923584, 0.004004, -2587.570801
$label: XSTR("Escher", 5558)
+id: 1
$hlight: 0
$mirror: 0
$multi_text
$end_multi_text
$end_icon
$start_icon
$type: 18
$team: Hostile
$class: SC Lilith
$pos: 2593.107666, 0.000179, -1129.006104
$label: XSTR("Tulzscha", 6841)
+id: 2
$hlight: 0
$mirror: 0
$multi_text
$end_multi_text
$end_icon
$start_icon
$type: 29
$team: Hostile
$class: SSG Rahu
$pos: 9645.507813, 0.000972, -2747.294434
$label: XSTR("Rahu", 7063)
+id: 3
$hlight: 1
$mirror: 0
$multi_text
$end_multi_text
$end_icon
$start_icon
$type: 11
$team: Hostile
$class: SFr Asmodeus
$pos: 9354.335938, -13.917929, 953.569458
$label: XSTR("Asmodeus", 7064)
+id: 4
$hlight: 1
$mirror: 0
$multi_text
$end_multi_text
$end_icon
$start_icon
$type: 1
$team: Friendly
$class: GTF Perseus
$pos: 8036.275879, 120.578293, -3080.807129
$label: XSTR("Alpha", 4838)
+id: 5
$hlight: 0
$mirror: 0
$multi_text
$end_multi_text
$end_icon
$start_icon
$type: 6
$team: Friendly
$class: GTD Orion
$pos: 2566.081543, 0.005430, 405.817139
$label: XSTR("Valhalla", 6832)
+id: 8
$hlight: 0
$mirror: 0
$multi_text
$end_multi_text
$end_icon
$start_icon
$type: 1
$team: Friendly
$class: GTF Perseus
$pos: 7700.851074, 191.423141, -681.575500
$label: XSTR("Beta", 5366)
+id: 9
$hlight: 0
$mirror: 0
$multi_text
$end_multi_text
$end_icon
$end_stage
$end_briefing

#Debriefing_info

$Num stages: 3

$Formula: ( is-event-true-delay 
   "We're outta here." 
   0 
)
$Multi text
    XSTR("The GTD Valhalla was destroyed in an ambush by two Shivan class destroyers, the SD Azathoth and the SD Cthon. We had no information that these two ships were in the system. Perhaps if we had gained more information in the nebula, things would have worked out differently. Less than a quarter of the Valhalla's crew managed to make it to the escape pods.

Things are far worse than we first imagined, pilot. We are moving to evacuate Phi Eridani, and consolidate our forces in Tau Sigma.

You are dismissed.", 7070)
$end_multi_text
$Voice: dl28_db1.ogg
$Recommendation text:
    XSTR("", 3307)
$end_multi_text

$Formula: ( is-event-true-delay 
   "Mission Failed Criteria" 
   0 
)
$Multi text
    XSTR("The GTD Valhalla was destroyed in an ambush by two Shivan class destroyers, the SD Azathoth and the SD Cthon. We had no information that these two ships were in the system. Perhaps if we had gained more information in the nebula, we would have worked out differently. Less than a quarter of the Valhalla's crew managed to make it to the escape pods.

Also saddening is the destruction of the GTCv Escher. While there was no way that you could have saved the Valhalla, the survival of the Escher was within your grasp. It is a shame that the corvette did not escape this ambush.

These twin losses have blasted a vast hole in our Eridani expeditionary force, and any hope of withdrawing and living to fight another day has gone. Others shall have to take the brunt of the Shivan's wrath - this entire group has been reassigned to logistical support and backup duties. You yourself will be flying support for the Fleet in Wolf 359...", 7071)
$end_multi_text
$Voice: dl28_db2.ogg
$Recommendation text:
    XSTR("Scorpio and Gemini are your primary targets, if you want to save the Escher.", 7072)
$end_multi_text

$Formula: ( and 
   ( is-event-false-delay 
      "We're outta here." 
      0 
   )
   ( is-event-false-delay 
      "Mission Failed Criteria" 
      0 
   )
)
$Multi text
    XSTR("You did not have authorisation to return to base, pilot. Your actions jeopardised the lives of those involved in this mission and the GTVA's objectives in this theatre. Desertion is grounds for a court martial, and you are confined to quarters pending your preliminary hearing. Until a military court decides otherwise, you are hereby stripped of your wings and all privileges bestowed upon you as an officer of the Galactic Terran-Vasudan Alliance.", 4853)
$end_multi_text
$Voice: dl_des4.ogg
$Recommendation text:
    XSTR("Do not depart until told to do so.", 4854)
$end_multi_text


#Players		;! 1 total

$Starting Shipname: Alpha 1
$Ship Choices: (
	"GTF Hercules Mark II"	5
	"GTF Loki"	5
	"GTF Myrmidon"	5
)

+Weaponry Pool: (
	"Subach HL-7"	16
	"Morning Star"	16
	"Prometheus S"	32
	"Maxim"	16
	"Rockeye"	500
	"Tempest"	500
	"Hornet"	500
	"Tornado"	500
	"Harpoon"	756
	"Trebuchet"	500
)

#Objects		;! 60 total

$Name: Alpha 1		;! Object #0
$Display Name: XSTR("Alpha 1", 4855)
$Class: GTF Perseus
$Team: Friendly
$Location: -561.599976, 137.399994, -291.600006
$Orientation:
	0.048605, 0.613032, -0.788562,
	-0.016623, 0.789882, 0.613033,
	0.998680, -0.016688, 0.048583
$AI Behavior: None
$Cargo 1:  XSTR("Nothing", 4856)
+Initial Hull: 100
+Subsystem: Pilot
+Primary Banks: ( "Prometheus S" "Prometheus S" )
+Secondary Banks: ( "Harpoon" "Harpoon" )
$Arrival Location: Hyperspace
$Arrival Cue: ( false ) 
$Departure Location: Hyperspace
$Departure Cue: ( false ) 
$Determination: 10
+Flags: ( "cargo-known" "player-start" )
+Flags2: ( )
+Respawn priority: 0
+Orders Accepted: 33023		;! note that this is a bitfield!!!
+Group: 0
+Score: 8

$Name: Alpha 2		;! Object #1
$Display Name: XSTR("Alpha 2", 4857)
$Class: GTF Perseus
$Team: Friendly
$Location: -598.753296, 191.422882, -335.261810
$Orientation:
	0.056496, 0.612951, -0.788099,
	-0.014476, 0.789779, 0.613221,
	0.998298, -0.023236, 0.053493
$AI Behavior: None
+AI Class: Colonel
$Cargo 1:  XSTR("Nothing", 4856)
+Initial Hull: 100
+Subsystem: Pilot
+Primary Banks: ( "Prometheus S" "Prometheus S" )
+Secondary Banks: ( "Harpoon" "Harpoon" )
$Arrival Location: Hyperspace
$Arrival Cue: ( false ) 
$Departure Location: Hyperspace
$Departure Cue: ( false ) 
$Determination: 10
+Flags: ( "cargo-known" )
+Flags2: ( )
+Respawn priority: 0
+Orders Accepted: 33023		;! note that this is a bitfield!!!
+Group: 0
+Score: 12

$Name: Alpha 3		;! Object #2
$Display Name: XSTR("Alpha 3", 4858)
$Class: GTF Perseus
$Team: Friendly
$Location: -612.231201, 120.571625, -231.551971
$Orientation:
	0.041296, 0.613053, -0.788962,
	-0.013825, 0.789910, 0.613067,
	0.999051, -0.014410, 0.041096
$AI Behavior: None
+AI Class: Colonel
$Cargo 1:  XSTR("Nothing", 4856)
+Initial Hull: 100
+Subsystem: Pilot
+Primary Banks: ( "Prometheus S" "Prometheus S" )
+Secondary Banks: ( "Harpoon" "Harpoon" )
$Arrival Location: Hyperspace
$Arrival Cue: ( false ) 
$Departure Location: Hyperspace
$Departure Cue: ( false ) 
$Determination: 10
+Flags: ( "cargo-known" )
+Flags2: ( )
+Respawn priority: 0
+Orders Accepted: 33023		;! note that this is a bitfield!!!
+Group: 0
+Score: 12

$Name: Alpha 4		;! Object #3
$Display Name: XSTR("Alpha 4", 4859)
$Class: GTF Perseus
$Team: Friendly
$Location: -651.894043, 177.722595, -277.474426
$Orientation:
	0.049607, 0.612978, -0.788541,
	-0.011559, 0.789813, 0.613239,
	0.998702, -0.021306, 0.046266
$AI Behavior: None
+AI Class: Colonel
$Cargo 1:  XSTR("Nothing", 4856)
+Initial Hull: 100
+Subsystem: Pilot
+Primary Banks: ( "Prometheus S" "Prometheus S" )
+Secondary Banks: ( "Harpoon" "Harpoon" )
$Arrival Location: Hyperspace
$Arrival Cue: ( false ) 
$Departure Location: Hyperspace
$Departure Cue: ( false ) 
$Determination: 10
+Flags: ( "cargo-known" )
+Flags2: ( )
+Respawn priority: 0
+Orders Accepted: 33023		;! note that this is a bitfield!!!
+Group: 0
+Score: 12

$Name: Azathoth		;! Object #4
$Display Name: XSTR("Azathoth", 7073)
$Class: SD Ravana
$Team: Hostile
$Location: -6056.175781, 1000.000183, 6207.154297
$Orientation:
	-0.230270, -0.961138, -0.152282,
	-0.547808, 0.257367, -0.796034,
	0.804290, -0.099881, -0.585783
$AI Behavior: None
$AI Goals: ( goals ( ai-chase "Valhalla" 50 ) )
$Cargo 1:  XSTR("Nothing", 4856)
+Initial Velocity: 33
+Initial Hull: 100
+Initial Shields: 100
+Subsystem: Pilot
+Subsystem: turret01
+Subsystem: turret02
+Subsystem: turret03
+Subsystem: turret04
+Subsystem: turret05
+Subsystem: turret06
+Subsystem: turret07
+Subsystem: turret08
+Subsystem: turret09
+Subsystem: turret10
+Subsystem: turret11
+Subsystem: turret12
+Subsystem: turret13
+Subsystem: turret14
+Subsystem: turret15
+Subsystem: turret16
+Subsystem: turret17
+Subsystem: turret18
+Subsystem: turret19
+Subsystem: turret20
+Subsystem: turret21
+Subsystem: turret22
+Subsystem: turret23
+Subsystem: turret24
+Subsystem: turret25
+Subsystem: turret26
+Subsystem: turret27
+Subsystem: turret28
+Subsystem: turret29
+Subsystem: turret30
$Arrival Location: Hyperspace
$Arrival Cue: ( has-departed-delay 7 "Tulzscha" ) 
$Departure Location: Hyperspace
$Departure Cue: ( false ) 
$Determination: 10
+Flags: ( "no-shields" "escort" )
+Flags2: ( )
+Respawn priority: 0
+Escort priority: 70
+Orders Accepted: 0		;! note that this is a bitfield!!!
+Group: 0
+Use Table Score:
+Score: 670

$Name: Valhalla		;! Object #5
$Display Name: XSTR("Valhalla", 6832)
$Class: GTD Orion
$Team: Friendly
$Location: -3655.699951, 0.000000, 225.100006
$Orientation:
	-0.025387, 0.695619, -0.717963,
	-0.030910, 0.717305, 0.696074,
	0.999200, 0.039863, 0.003292
$AI Behavior: None
$AI Goals: ( goals ( ai-chase "Tulzscha" 50 ) )
$Cargo 1:  XSTR("Nothing", 4856)
+Initial Velocity: 33
+Initial Hull: 100
+Initial Shields: 100
+Subsystem: Pilot
+Subsystem: turret01a
+Subsystem: turret02a
+Subsystem: turret03a
+Subsystem: turret04a
+Subsystem: turret05a
+Subsystem: turret06
+Subsystem: turret07
+Subsystem: turret08
+Subsystem: turret09
+Subsystem: turret10
+Subsystem: turret11
+Subsystem: turret12
+Subsystem: turret13
+Subsystem: turret14
+Subsystem: turret15
+Subsystem: turret16
$Arrival Location: Hyperspace
+Arrival Delay: 4
$Arrival Cue: ( true ) 
$Departure Location: Hyperspace
$Departure Cue: ( false ) 
$Determination: 10
+Flags: ( "cargo-known" "no-shields" "escort" )
+Flags2: ( )
+Respawn priority: 0
+Escort priority: 80
+Orders Accepted: 0		;! note that this is a bitfield!!!
+Group: 0
+Use Table Score:
+Score: 1000
$Texture Replace:
+old: capital01-05
+new: gtd_valhalla_old
+old: nameplate
+new: gtd_valhalla

$Name: Cthon		;! Object #6
$Display Name: XSTR("Cthon", 7014)
$Class: SD Demon
$Team: Hostile
$Location: -5646.058105, 2000.000000, -26.500000
$Orientation:
	0.461210, 0.438735, 0.771231,
	0.060291, -0.882684, 0.466084,
	0.885241, -0.168464, -0.433554
$AI Behavior: None
$Cargo 1:  XSTR("Nothing", 4856)
+Initial Velocity: 33
+Initial Hull: 100
+Initial Shields: 100
+Subsystem: Pilot
+Subsystem: turret01-base
+Subsystem: turret02-base
+Subsystem: turret03a-base
+Subsystem: turret04-base
+Subsystem: turret05-base
+Subsystem: turret06a-base
+Subsystem: turret07a-base
+Subsystem: turret08-base
+Subsystem: turret09-base
+Subsystem: turret10-base
+Subsystem: turret11-base
+Subsystem: turret12-base
+Subsystem: turret13-base
+Subsystem: turret14-base
+Subsystem: turret15-base
+Subsystem: turret16-base
+Subsystem: turret17-base
+Subsystem: turret18-base
+Subsystem: turret19-base
+Subsystem: turret20-base
+Subsystem: turret21-base
+Subsystem: turret22
+Subsystem: turret23
+Subsystem: turret24
+Subsystem: turret25
+Subsystem: turret26
$Arrival Location: Hyperspace
+Arrival Delay: 7
$Arrival Cue: ( has-arrived-delay 0 "Azathoth" ) 
$Departure Location: Hyperspace
$Departure Cue: ( false ) 
$Determination: 10
+Flags: ( "no-shields" "escort" )
+Flags2: ( )
+Respawn priority: 0
+Escort priority: 60
+Orders Accepted: 0		;! note that this is a bitfield!!!
+Group: 0
+Use Table Score:
+Score: 840

$Name: Tulzscha		;! Object #7
$Display Name: XSTR("Tulzscha", 6841)
$Class: SC Lilith
$Team: Hostile
$Location: 7660.899902, 0.000000, 108.400002
$Orientation:
	0.933936, 0.000000, -0.357439,
	0.221031, 0.785885, 0.577521,
	0.280906, -0.618372, 0.733967
$AI Behavior: None
$AI Goals: ( goals ( ai-waypoints-once "Tulzcha departure point" 50 ) )
$Cargo 1:  XSTR("Nothing", 4856)
+Initial Velocity: 100
+Initial Hull: 100
+Initial Shields: 100
+Subsystem: Pilot
+Subsystem: turret01
+Primary Banks: ( "SRed" )
+Subsystem: turret02
+Subsystem: turret03
+Subsystem: turret04
+Subsystem: turret05
+Subsystem: turret06
+Subsystem: turret07
+Primary Banks: ( "SRed" )
+Subsystem: turret08
+Sbank Ammo: ( 0 )
+Subsystem: turret09
$Arrival Location: Hyperspace
$Arrival Cue: ( true ) 
$Departure Location: Hyperspace
$Departure Cue: ( are-waypoints-done-delay 
   "Tulzscha" 
   "Tulzcha departure point" 
   0 
)
$Determination: 10
+Flags: ( "no-shields" "escort" )
+Flags2: ( )
+Respawn priority: 0
+Escort priority: 10
+Orders Accepted: 0		;! note that this is a bitfield!!!
+Group: 0
+Use Table Score:
+Score: 210

$Name: Leo 1		;! Object #8
$Display Name: XSTR("Leo 1", 6852)
$Class: SF Basilisk
$Team: Hostile
$Location: 7237.687500, 0.002947, -239.896652
$Orientation:
	0.399340, 0.000000, 0.916803,
	0.000000, 1.000000, 0.000000,
	-0.916803, 0.000000, 0.399340
$AI Behavior: None
$Cargo 1:  XSTR("Nothing", 4856)
+Initial Velocity: 33
+Subsystem: Pilot
$Arrival Location: Hyperspace
$Arrival Cue: ( false ) 
$Departure Location: Hyperspace
$Departure Cue: ( false ) 
$Determination: 10
+Flags: ( )
+Flags2: ( )
+Respawn priority: 0
+Orders Accepted: 0		;! note that this is a bitfield!!!
+Group: 0
+Use Table Score:
+Score: 12

$Name: Leo 2		;! Object #9
$Display Name: XSTR("Leo 2", 6853)
$Class: SF Basilisk
$Team: Hostile
$Location: 7261.418457, 3.607025, -293.269409
$Orientation:
	0.399339, 0.000000, 0.916803,
	0.000000, 1.000000, 0.000000,
	-0.916803, 0.000000, 0.399339
$AI Behavior: None
$Cargo 1:  XSTR("Nothing", 4856)
+Initial Velocity: 33
+Subsystem: Pilot
$Arrival Location: Hyperspace
$Arrival Cue: ( false ) 
$Departure Location: Hyperspace
$Departure Cue: ( false ) 
$Determination: 10
+Flags: ( )
+Flags2: ( )
+Respawn priority: 0
+Orders Accepted: 0		;! note that this is a bitfield!!!
+Group: 0
+Use Table Score:
+Score: 12

$Name: Leo 3		;! Object #10
$Display Name: XSTR("Leo 3", 6854)
$Class: SF Basilisk
$Team: Hostile
$Location: 7291.719238, 0.002932, -221.086136
$Orientation:
	0.399339, 0.000000, 0.916803,
	0.000000, 1.000000, 0.000000,
	-0.916803, 0.000000, 0.399339
$AI Behavior: None
$Cargo 1:  XSTR("Nothing", 4856)
+Initial Velocity: 33
+Subsystem: Pilot
$Arrival Location: Hyperspace
$Arrival Cue: ( false ) 
$Departure Location: Hyperspace
$Departure Cue: ( false ) 
$Determination: 10
+Flags: ( )
+Flags2: ( )
+Respawn priority: 0
+Orders Accepted: 0		;! note that this is a bitfield!!!
+Group: 0
+Use Table Score:
+Score: 12

$Name: Leo 4		;! Object #11
$Display Name: XSTR("Leo 4", 6855)
$Class: SF Basilisk
$Team: Hostile
$Location: 7343.855957, 0.002998, -191.691101
$Orientation:
	0.399339, 0.000000, 0.916803,
	0.000000, 1.000000, 0.000000,
	-0.916803, 0.000000, 0.399339
$AI Behavior: None
$Cargo 1:  XSTR("Nothing", 4856)
+Initial Velocity: 33
+Subsystem: Pilot
$Arrival Location: Hyperspace
$Arrival Cue: ( false ) 
$Departure Location: Hyperspace
$Departure Cue: ( false ) 
$Determination: 10
+Flags: ( )
+Flags2: ( )
+Respawn priority: 0
+Orders Accepted: 0		;! note that this is a bitfield!!!
+Group: 0
+Use Table Score:
+Score: 12

$Name: Escher		;! Object #12
$Display Name: XSTR("Escher", 5558)
$Class: GTCv Deimos
$Team: Friendly
$Location: 770.000000, 0.000000, -989.500000
$Orientation:
	0.000891, 0.764329, -0.644826,
	-0.001055, 0.644827, 0.764328,
	0.999999, -0.000001, 0.001380
$AI Behavior: None
$AI Goals: ( goals ( ai-waypoints-once "Escher Departure point" 50 ) )
$Cargo 1:  XSTR("Nothing", 4856)
+Initial Velocity: 33
+Initial Hull: 100
+Initial Shields: 100
+Subsystem: Pilot
+Subsystem: turret01
+Subsystem: turret02
+Subsystem: turret03
+Subsystem: turret04
+Subsystem: turret05
+Subsystem: turret06
+Subsystem: turret07
+Subsystem: turret08
+Subsystem: turret09
+Subsystem: turret10
+Subsystem: turret11
+Subsystem: turret12
+Subsystem: turret13
+Subsystem: turret14
+Subsystem: turret15
+Subsystem: turret16
+Subsystem: turret17
+Subsystem: turret18
+Subsystem: turret19
+Subsystem: turret20
+Subsystem: turret21
+Subsystem: turret22
+Subsystem: turret23
+Subsystem: turret24
+Subsystem: turret25
+Subsystem: turret26
$Arrival Location: Hyperspace
$Arrival Cue: ( true ) 
$Departure Location: Hyperspace
$Departure Cue: ( are-waypoints-done-delay 
   "Escher" 
   "Escher Departure point" 
   0 
)
$Determination: 10
+Flags: ( "cargo-known" "no-shields" "escort" )
+Flags2: ( )
+Respawn priority: 0
+Escort priority: 75
+Orders Accepted: 0		;! note that this is a bitfield!!!
+Group: 0
+Use Table Score:
+Score: 800
$Texture Replace:
+old: nameplate
+new: gtcv_escher
+old: nameplate
+new: gtcv_escher
+old: nameplate
+new: gtcv_escher

$Name: Target		;! Object #13
$Display Name: XSTR("Target", 7074)
$Class: SJD Sathanas
$Team: Hostile
$Location: 4051.235107, 0.000020, -1783.580688
$Orientation:
	1.000000, 0.000000, 0.000000,
	0.000000, 1.000000, 0.000000,
	0.000000, 0.000000, 1.000000
$AI Behavior: None
$Cargo 1:  XSTR("Nothing", 4856)
+Initial Velocity: 33
+Initial Hull: 100
+Initial Shields: 100
+Subsystem: Pilot
$Arrival Location: Near Ship
+Arrival Distance: 100
$Arrival Anchor: Tulzscha
+Arrival Delay: 15
$Arrival Cue: ( true ) 
$Departure Location: Hyperspace
$Departure Cue: ( has-departed-delay 0 "Tulzscha" ) 
$Determination: 10
+Flags: ( "no-shields" "no-arrival-warp" "no-departure-warp" "hidden-from-sensors" )
+Flags2: ( )
+Respawn priority: 0
+Group: 0
+Use Table Score:
+Score: 1

$Name: SAC 2 14		;! Object #14
$Display Name: XSTR("SAC 2 14", 7075)
$Class: SAC 2
$Team: Hostile
$Location: 7827.856934, -0.000996, -136.811951
$Orientation:
	0.324185, 0.346827, -0.880123,
	-0.873457, 0.467029, -0.137689,
	0.363289, 0.813386, 0.454342
$AI Behavior: None
$Cargo 1:  XSTR("Nothing", 4856)
+Initial Velocity: 33
+Initial Hull: 100
+Initial Shields: 100
+Subsystem: Pilot
$Arrival Location: Hyperspace
$Arrival Cue: ( true ) 
$Departure Location: Hyperspace
$Departure Cue: ( false ) 
$Determination: 10
+Flags: ( "no-shields" )
+Flags2: ( )
+Respawn priority: 0
$Special Explosion:
+Special Exp Damage: 1000
+Special Exp Blast: 1000
+Special Exp Inner Radius: 400
+Special Exp Outer Radius: 800
+Special Exp Shockwave Speed: 200
+Group: 0
+Use Table Score:
+Score: 0

$Name: SAC 2 15		;! Object #15
$Display Name: XSTR("SAC 2 15", 7076)
$Class: SAC 2
$Team: Hostile
$Location: 7827.203125, 24.332857, -50.124245
$Orientation:
	0.324185, 0.346826, -0.880122,
	-0.873456, 0.467029, -0.137689,
	0.363288, 0.813385, 0.454341
$AI Behavior: None
$Cargo 1:  XSTR("Nothing", 4856)
+Initial Velocity: 33
+Initial Hull: 100
+Initial Shields: 100
+Subsystem: Pilot
$Arrival Location: Hyperspace
$Arrival Cue: ( true ) 
$Departure Location: Hyperspace
$Departure Cue: ( false ) 
$Determination: 10
+Flags: ( "no-shields" )
+Flags2: ( )
+Respawn priority: 0
+Group: 0
+Use Table Score:
+Score: 0

$Name: SAC 2 16		;! Object #16
$Display Name: XSTR("SAC 2 16", 7077)
$Class: SAC 2
$Team: Hostile
$Location: 7787.096680, -44.987240, -30.827026
$Orientation:
	0.324185, 0.346826, -0.880122,
	-0.873456, 0.467029, -0.137689,
	0.363288, 0.813385, 0.454341
$AI Behavior: None
$Cargo 1:  XSTR("Nothing", 4856)
+Initial Velocity: 33
+Initial Hull: 100
+Initial Shields: 100
+Subsystem: Pilot
$Arrival Location: Hyperspace
$Arrival Cue: ( true ) 
$Departure Location: Hyperspace
$Departure Cue: ( false ) 
$Determination: 10
+Flags: ( "no-shields" )
+Flags2: ( )
+Respawn priority: 0
+Group: 0
+Use Table Score:
+Score: 0

$Name: SAC 2 17		;! Object #17
$Display Name: XSTR("SAC 2 17", 7078)
$Class: SAC 2
$Team: Hostile
$Location: 7786.268066, -66.760193, -99.421143
$Orientation:
	0.324185, 0.346826, -0.880122,
	-0.873456, 0.467029, -0.137689,
	0.363288, 0.813385, 0.454341
$AI Behavior: None
$Cargo 1:  XSTR("Nothing", 4856)
+Initial Velocity: 33
+Initial Hull: 100
+Initial Shields: 100
+Subsystem: Pilot
$Arrival Location: Hyperspace
$Arrival Cue: ( true ) 
$Departure Location: Hyperspace
$Departure Cue: ( false ) 
$Determination: 10
+Flags: ( "no-shields" )
+Flags2: ( )
+Respawn priority: 0
+Group: 0
+Use Table Score:
+Score: 0

$Name: Virgo 1		;! Object #18
$Display Name: XSTR("Virgo 1", 6689)
$Class: SF Manticore
$Team: Hostile
$Location: 7204.500000, 0.000000, -15.500000
$Orientation:
	-0.035530, 0.000000, 0.999369,
	0.017667, 0.999844, 0.000628,
	-0.999212, 0.017678, -0.035524
$AI Behavior: None
$Cargo 1:  XSTR("Nothing", 4856)
+Initial Velocity: 33
+Subsystem: Pilot
$Arrival Location: Hyperspace
$Arrival Cue: ( false ) 
$Departure Location: Hyperspace
$Departure Cue: ( false ) 
$Determination: 10
+Flags: ( )
+Flags2: ( )
+Respawn priority: 0
+Orders Accepted: 0		;! note that this is a bitfield!!!
+Group: 0
+Use Table Score:
+Score: 12

$Name: Virgo 2		;! Object #19
$Display Name: XSTR("Virgo 2", 6690)
$Class: SF Manticore
$Team: Hostile
$Location: 7236.457520, 0.000030, -30.689007
$Orientation:
	-0.033440, 0.000000, 0.999441,
	0.017597, 0.999845, 0.000589,
	-0.999286, 0.017607, -0.033435
$AI Behavior: None
$Cargo 1:  XSTR("Nothing", 4856)
+Initial Velocity: 33
+Subsystem: Pilot
$Arrival Location: Hyperspace
$Arrival Cue: ( false ) 
$Departure Location: Hyperspace
$Departure Cue: ( false ) 
$Determination: 10
+Flags: ( )
+Flags2: ( )
+Respawn priority: 0
+Orders Accepted: 0		;! note that this is a bitfield!!!
+Group: 0
+Use Table Score:
+Score: 12

$Name: Virgo 3		;! Object #20
$Display Name: XSTR("Virgo 3", 6691)
$Class: SF Manticore
$Team: Hostile
$Location: 7181.791992, 0.000022, -56.689411
$Orientation:
	-0.030323, 0.000000, 0.999540,
	0.017725, 0.999843, 0.000538,
	-0.999383, 0.017733, -0.030318
$AI Behavior: None
$Cargo 1:  XSTR("Nothing", 4856)
+Initial Velocity: 33
+Subsystem: Pilot
$Arrival Location: Hyperspace
$Arrival Cue: ( false ) 
$Departure Location: Hyperspace
$Departure Cue: ( false ) 
$Determination: 10
+Flags: ( )
+Flags2: ( )
+Respawn priority: 0
+Orders Accepted: 0		;! note that this is a bitfield!!!
+Group: 0
+Use Table Score:
+Score: 12

$Name: Gemini 1		;! Object #21
$Display Name: XSTR("Gemini 1", 6846)
$Class: SB Taurvi
$Team: Hostile
$Location: 5005.228516, -0.000251, -3964.869141
$Orientation:
	1.000000, 0.000000, 0.000000,
	0.000000, 1.000000, 0.000000,
	0.000000, 0.000000, 1.000000
$AI Behavior: None
$Cargo 1:  XSTR("Nothing", 4856)
+Initial Velocity: 33
+Initial Hull: 100
+Subsystem: Pilot
+Secondary Banks: ( "Hornet#Shivan" "Shivan Bomb" )
$Arrival Location: Hyperspace
$Arrival Cue: ( false ) 
$Departure Location: Hyperspace
$Departure Cue: ( false ) 
$Determination: 10
+Flags: ( )
+Flags2: ( )
+Respawn priority: 0
+Orders Accepted: 0		;! note that this is a bitfield!!!
+Group: 0
+Use Table Score:
+Score: 10

$Name: Gemini 2		;! Object #22
$Display Name: XSTR("Gemini 2", 6847)
$Class: SB Taurvi
$Team: Hostile
$Location: 4956.215820, 0.000348, -4004.832275
$Orientation:
	1.000000, 0.000000, 0.000000,
	0.000000, 1.000000, 0.000000,
	0.000000, 0.000000, 1.000000
$AI Behavior: None
$Cargo 1:  XSTR("Nothing", 4856)
+Initial Velocity: 33
+Initial Hull: 100
+Subsystem: Pilot
+Secondary Banks: ( "Hornet#Shivan" "Shivan Bomb" )
$Arrival Location: Hyperspace
$Arrival Cue: ( false ) 
$Departure Location: Hyperspace
$Departure Cue: ( false ) 
$Determination: 10
+Flags: ( )
+Flags2: ( )
+Respawn priority: 0
+Orders Accepted: 0		;! note that this is a bitfield!!!
+Group: 0
+Use Table Score:
+Score: 10

$Name: Gemini 3		;! Object #23
$Display Name: XSTR("Gemini 3", 6848)
$Class: SB Taurvi
$Team: Hostile
$Location: 5053.520020, 0.000322, -3994.698486
$Orientation:
	1.000000, 0.000000, 0.000000,
	0.000000, 1.000000, 0.000000,
	0.000000, 0.000000, 1.000000
$AI Behavior: None
$Cargo 1:  XSTR("Nothing", 4856)
+Initial Velocity: 33
+Initial Hull: 100
+Subsystem: Pilot
+Secondary Banks: ( "Hornet#Shivan" "Shivan Bomb" )
$Arrival Location: Hyperspace
$Arrival Cue: ( false ) 
$Departure Location: Hyperspace
$Departure Cue: ( false ) 
$Determination: 10
+Flags: ( )
+Flags2: ( )
+Respawn priority: 0
+Orders Accepted: 0		;! note that this is a bitfield!!!
+Group: 0
+Use Table Score:
+Score: 10

$Name: Gemini 4		;! Object #24
$Display Name: XSTR("Gemini 4", 6849)
$Class: SB Taurvi
$Team: Hostile
$Location: 5092.468262, 0.000324, -4067.285156
$Orientation:
	1.000000, 0.000000, 0.000000,
	0.000000, 1.000000, 0.000000,
	0.000000, 0.000000, 1.000000
$AI Behavior: None
$Cargo 1:  XSTR("Nothing", 4856)
+Initial Velocity: 33
+Initial Hull: 100
+Subsystem: Pilot
+Secondary Banks: ( "Hornet#Shivan" "Shivan Bomb" )
$Arrival Location: Hyperspace
$Arrival Cue: ( false ) 
$Departure Location: Hyperspace
$Departure Cue: ( false ) 
$Determination: 10
+Flags: ( )
+Flags2: ( )
+Respawn priority: 0
+Orders Accepted: 0		;! note that this is a bitfield!!!
+Group: 0
+Use Table Score:
+Score: 10

$Name: Tintaglia		;! Object #25
$Display Name: XSTR("Tintaglia", 7079)
$Class: SFr Asmodeus
$Team: Hostile
$Location: 8175.874023, -13.914159, -133.876160
$Orientation:
	-0.888922, -0.452930, -0.068360,
	-0.453992, 0.891006, -0.000002,
	0.060910, 0.031033, -0.997661
$AI Behavior: None
$Cargo 1:  XSTR("Nothing", 4856)
+Initial Velocity: 33
+Initial Hull: 100
+Initial Shields: 100
+Subsystem: Pilot
+Subsystem: a-turret01
+Subsystem: a-turret02
+Subsystem: a-turret03
+Subsystem: a-turret04
$Arrival Location: Hyperspace
$Arrival Cue: ( true ) 
$Departure Location: Hyperspace
$Departure Cue: ( has-departed-delay 0 "Tulzscha" ) 
$Determination: 10
+Flags: ( "no-shields" )
+Flags2: ( )
+Respawn priority: 0
+Orders Accepted: 0		;! note that this is a bitfield!!!
+Group: 0
+Use Table Score:
+Score: 30

$Name: Beta 1		;! Object #26
$Display Name: XSTR("Beta 1", 5023)
$Class: GTF Perseus
$Team: Friendly
$Location: 5101.106445, -0.000491, 2970.710938
$Orientation:
	1.000000, 0.000000, 0.000000,
	0.000000, 1.000000, 0.000000,
	0.000000, 0.000000, 1.000000
$AI Behavior: None
+AI Class: Colonel
$Cargo 1:  XSTR("Nothing", 4856)
+Initial Velocity: 33
+Initial Hull: 100
+Subsystem: Pilot
+Primary Banks: ( "Prometheus S" "Prometheus S" )
+Secondary Banks: ( "Harpoon" "Harpoon" )
$Arrival Location: Hyperspace
$Arrival Cue: ( false ) 
$Departure Location: Hyperspace
$Departure Cue: ( false ) 
$Determination: 10
+Flags: ( "cargo-known" )
+Flags2: ( )
+Respawn priority: 0
+Orders Accepted: 33023		;! note that this is a bitfield!!!
+Group: 0
+Use Table Score:
+Score: 14

$Name: Beta 2		;! Object #27
$Display Name: XSTR("Beta 2", 5413)
$Class: GTF Perseus
$Team: Friendly
$Location: 5196.951660, 0.000336, 2884.590332
$Orientation:
	1.000000, 0.000000, 0.000000,
	0.000000, 1.000000, 0.000000,
	0.000000, 0.000000, 1.000000
$AI Behavior: None
+AI Class: Colonel
$Cargo 1:  XSTR("Nothing", 4856)
+Initial Velocity: 33
+Initial Hull: 100
+Subsystem: Pilot
+Primary Banks: ( "Prometheus S" "Prometheus S" )
+Secondary Banks: ( "Harpoon" "Harpoon" )
$Arrival Location: Hyperspace
$Arrival Cue: ( false ) 
$Departure Location: Hyperspace
$Departure Cue: ( false ) 
$Determination: 10
+Flags: ( "cargo-known" )
+Flags2: ( )
+Respawn priority: 0
+Orders Accepted: 33023		;! note that this is a bitfield!!!
+Group: 0
+Use Table Score:
+Score: 14

$Name: Beta 3		;! Object #28
$Display Name: XSTR("Beta 3", 5414)
$Class: GTF Perseus
$Team: Friendly
$Location: 5108.723633, -0.000025, 2812.704590
$Orientation:
	1.000000, 0.000000, 0.000000,
	0.000000, 1.000000, 0.000000,
	0.000000, 0.000000, 1.000000
$AI Behavior: None
+AI Class: Colonel
$Cargo 1:  XSTR("Nothing", 4856)
+Initial Velocity: 33
+Initial Hull: 100
+Subsystem: Pilot
+Primary Banks: ( "Prometheus S" "Prometheus S" )
+Secondary Banks: ( "Harpoon" "Harpoon" )
$Arrival Location: Hyperspace
$Arrival Cue: ( false ) 
$Departure Location: Hyperspace
$Departure Cue: ( false ) 
$Determination: 10
+Flags: ( "cargo-known" )
+Flags2: ( )
+Respawn priority: 0
+Orders Accepted: 33023		;! note that this is a bitfield!!!
+Group: 0
+Use Table Score:
+Score: 14

$Name: Beta 4		;! Object #29
$Display Name: XSTR("Beta 4", 5415)
$Class: GTF Perseus
$Team: Friendly
$Location: 5023.136230, -0.000228, 2696.176514
$Orientation:
	1.000000, 0.000000, 0.000000,
	0.000000, 1.000000, 0.000000,
	0.000000, 0.000000, 1.000000
$AI Behavior: None
+AI Class: Colonel
$Cargo 1:  XSTR("Nothing", 4856)
+Initial Velocity: 33
+Initial Hull: 100
+Subsystem: Pilot
+Primary Banks: ( "Prometheus S" "Prometheus S" )
+Secondary Banks: ( "Harpoon" "Harpoon" )
$Arrival Location: Hyperspace
$Arrival Cue: ( false ) 
$Departure Location: Hyperspace
$Departure Cue: ( false ) 
$Determination: 10
+Flags: ( "cargo-known" )
+Flags2: ( )
+Respawn priority: 0
+Orders Accepted: 33023		;! note that this is a bitfield!!!
+Group: 0
+Use Table Score:
+Score: 14

$Name: Pisces 1		;! Object #30
$Display Name: XSTR("Pisces 1", 6693)
$Class: SF Basilisk
$Team: Hostile
$Location: 7296.803223, -0.000760, -626.039490
$Orientation:
	0.110570, 0.000000, 0.993868,
	0.000000, 1.000000, 0.000000,
	-0.993868, 0.000000, 0.110570
$AI Behavior: None
$Cargo 1:  XSTR("Nothing", 4856)
+Initial Velocity: 33
+Subsystem: Pilot
$Arrival Location: Hyperspace
$Arrival Cue: ( false ) 
$Departure Location: Hyperspace
$Departure Cue: ( false ) 
$Determination: 10
+Flags: ( )
+Flags2: ( )
+Respawn priority: 0
+Orders Accepted: 0		;! note that this is a bitfield!!!
+Group: 0
+Use Table Score:
+Score: 12

$Name: Pisces 2		;! Object #31
$Display Name: XSTR("Pisces 2", 6694)
$Class: SF Basilisk
$Team: Hostile
$Location: 7240.979004, -0.000728, -661.113342
$Orientation:
	0.110570, 0.000000, 0.993868,
	0.000000, 1.000000, 0.000000,
	-0.993868, 0.000000, 0.110570
$AI Behavior: None
$Cargo 1:  XSTR("Nothing", 4856)
+Initial Velocity: 33
+Subsystem: Pilot
$Arrival Location: Hyperspace
$Arrival Cue: ( false ) 
$Departure Location: Hyperspace
$Departure Cue: ( false ) 
$Determination: 10
+Flags: ( )
+Flags2: ( )
+Respawn priority: 0
+Orders Accepted: 0		;! note that this is a bitfield!!!
+Group: 0
+Use Table Score:
+Score: 12

$Name: Pisces 3		;! Object #32
$Display Name: XSTR("Pisces 3", 6695)
$Class: SF Basilisk
$Team: Hostile
$Location: 7210.945801, -0.000792, -596.555847
$Orientation:
	0.110570, 0.000000, 0.993868,
	0.000000, 1.000000, 0.000000,
	-0.993868, 0.000000, 0.110570
$AI Behavior: None
$Cargo 1:  XSTR("Nothing", 4856)
+Initial Velocity: 33
+Subsystem: Pilot
$Arrival Location: Hyperspace
$Arrival Cue: ( false ) 
$Departure Location: Hyperspace
$Departure Cue: ( false ) 
$Determination: 10
+Flags: ( )
+Flags2: ( )
+Respawn priority: 0
