#Mission Info

$Version: 0.10
$Name:  XSTR("Swimming with Sharks", 6529)
$Author: Kellan
$Created: 08/07/00 at 17:04:35
$Modified: 10/18/13 at 14:43:56
$Notes:
This is a FRED created mission
$End Notes:

$Mission Desc:
 XSTR("Put mission description here
", 4965)
$end_multi_text
+Game Type Flags: 1
+Flags: 8
+Fog Near Mult: 1.000000

+Fog Far Mult: 1.000000

+Disallow Support: 0
+Hull Repair Ceiling: 0.000000
+Subsystem Repair Ceiling: 100.000000

+Player Entry Delay:
1.000000

+Viewer pos: 5284.972168, 17915.375000, 3842.633057
+Viewer orient:
	0.008114, -0.000002, 0.999967,
	-0.982760, 0.184715, 0.007975,
	-0.184709, -0.982792, 0.001497


$Load Screen 640:	dl7.pcx
$Load Screen 1024:	2_dl7.pcx

$Skybox Model: starfield.pof

$AI Profile: FS2 RETAIL

#Sexp_variables

$Variables:
(
		0		"autoGenVar1"		"#Command"		"string"
)

#Command Briefing

#Briefing
$start_briefing
$num_stages: 4
$start_stage
$multi_text
 XSTR("With the data gathered from our recent engagements with the $r Shivans, the $f GTA $f Spectre was able to lock on to numerous $r Shivan communications signals in the $b Phi $b Eridani system. A $g GTVA task force led by the $f GTD $f Valhalla will arrive in $b Tau $b Sigma within the hour and will move onto $b Phi $b Eridani from there. In the meantime, we will be ensuring that the task force isn't in for any nasty surprises when they enter the system by performing a recon-in-force mission.", 6530)
$end_multi_text
$voice: dl25_b1.ogg
$camera_pos: 3842.290527, 4114.890625, 20.528950
$camera_orient:
	0.008115, -0.000002, 0.999967,
	-0.727402, 0.686186, 0.005904,
	-0.686164, -0.727426, 0.005567
$camera_time: 1000
$num_lines: 0
$num_icons: 2
$Flags: 0
$Formula: ( true ) 
$start_icon
$type: 33
$team: Friendly
$class: GTF Ulysses
$pos: -1.869168, 0.000440, 1139.821777
$label: XSTR("Tau Sigma", 4967)
+id: 1
$hlight: 0
$mirror: 0
$multi_text
$end_multi_text
$end_icon
$start_icon
$type: 1
$team: Friendly
$class: GTF Hercules Mark II
$pos: -12.467316, -0.000421, -165.817673
$label: XSTR("Recon Forces", 6531)
+id: 2
$hlight: 0
$mirror: 0
$multi_text
$end_multi_text
$end_icon
$end_stage
$start_stage
$multi_text
 XSTR("$f Alpha, your wing and the $f GVCv $f Andrasta will enter the $b Phi $b Eridani system and eliminate all hostile targets in the vicinity of the jump node back to $b Tau $b Sigma. The area around the node must remain secure until the task force can arrive in $b Phi $b Eridani. The defence of the $f Andrasta is critical to the success of the operation itself.", 6532)
$end_multi_text
$voice: dl25_b2.ogg
$camera_pos: 331.193939, 1482.690796, -501.293976
$camera_orient:
	0.008115, -0.000002, 0.999967,
	-0.982760, 0.184716, 0.007975,
	-0.184709, -0.982792, 0.001497
$camera_time: 1000
$num_lines: 0
$num_icons: 3
$Flags: 0
$Formula: ( true ) 
$start_icon
$type: 33
$team: Friendly
$class: GTF Ulysses
$pos: -1.869168, 0.000440, 1139.821777
$label: XSTR("Tau Sigma", 4967)
+id: 1
$hlight: 0
$mirror: 0
$multi_text
$end_multi_text
$end_icon
$start_icon
$type: 1
$team: Friendly
$class: GTF Hercules Mark II
$pos: -12.467316, -0.000421, -165.817673
$label: XSTR("Alpha", 4541)
+id: 2
$hlight: 0
$mirror: 0
$multi_text
$end_multi_text
$end_icon
$start_icon
$type: 28
$team: Friendly
$class: GVCv Sobek
$pos: -13.568396, -0.000594, -582.365601
$label: XSTR("Andrasta", 6533)
+id: 3
$hlight: 0
$mirror: 0
$multi_text
$end_multi_text
$end_icon
$end_stage
$start_stage
$multi_text
 XSTR("The $f GTA $f Spectre detected the transmissions from several vessels of capital-ship class emanating from $b Phi $b Eridani. One of these must be the $h Tsathoggua, and the $h Nyarlathotep is believed to be somewhere in this system as well. Be prepared to engage enemy capital-class vessels. We've made the $b Maxim cannon available to you in case of this eventuality.", 6534)
$end_multi_text
$voice: dl25_b3.ogg
$camera_pos: 682.397827, 3605.695313, 2134.139893
$camera_orient:
	0.008115, -0.000002, 0.999967,
	-0.982760, 0.184716, 0.007975,
	-0.184709, -0.982792, 0.001497
$camera_time: 1000
$num_lines: 0
$num_icons: 5
$Flags: 0
$Formula: ( true ) 
$start_icon
$type: 33
$team: Friendly
$class: GTF Ulysses
$pos: -1.869168, 0.000440, 1139.821777
$label: XSTR("Tau Sigma", 4967)
+id: 1
$hlight: 0
$mirror: 0
$multi_text
$end_multi_text
$end_icon
$start_icon
$type: 1
$team: Friendly
$class: GTF Hercules Mark II
$pos: -12.467316, -0.000421, -165.817673
$label: XSTR("Alpha", 4541)
+id: 2
$hlight: 0
$mirror: 0
$multi_text
$end_multi_text
$end_icon
$start_icon
$type: 28
$team: Friendly
$class: GVCv Sobek
$pos: -13.568396, -0.000594, -582.365601
$label: XSTR("Andrasta", 6533)
+id: 3
$hlight: 0
$mirror: 0
$multi_text
$end_multi_text
$end_icon
$start_icon
$type: 28
$team: Hostile
$class: SCv Moloch
$pos: -422.300140, -400.780243, 2721.843018
$label: XSTR("Shivans?", 6535)
+id: 4
$hlight: 0
$mirror: 0
$multi_text
$end_multi_text
$end_icon
$start_icon
$type: 19
$team: Hostile
$class: SC Rakshasa
$pos: 325.745178, -400.779572, 2762.728027
$label: XSTR("Shivans?", 6535)
+id: 5
$hlight: 0
$mirror: 0
$multi_text
$end_multi_text
$end_icon
$end_stage
$start_stage
$multi_text
 XSTR("The $f Valhalla and the advance elements of the task force will relieve you. $g Command will be monitoring your situation closely out there, and though it'll be difficult to get reinforcements through to you, they'll do their best. Be careful out there, and don't take unnecessary risks.

Remember that this mission's primary objectives are to size up the $r Shivan force in $b Phi $b Eridani and defend our vessels, not destroy as many $r Shivans as possible.", 6536)
$end_multi_text
$voice: dl25_b4.ogg
$camera_pos: 684.167725, 3605.695313, 2352.210938
$camera_orient:
	0.008115, -0.000002, 0.999967,
	-0.982760, 0.184716, 0.007975,
	-0.184709, -0.982792, 0.001497
$camera_time: 1000
$num_lines: 0
$num_icons: 4
$Flags: 0
$Formula: ( true ) 
$start_icon
$type: 33
$team: Friendly
$class: GTF Ulysses
$pos: -1.869168, 0.000440, 1139.821777
$label: XSTR("Tau Sigma", 4967)
+id: 1
$hlight: 0
$mirror: 0
$multi_text
$end_multi_text
$end_icon
$start_icon
$type: 1
$team: Friendly
$class: GTF Hercules Mark II
$pos: 271.097717, -0.000529, 3245.213623
$label: XSTR("Alpha", 4541)
+id: 2
$hlight: 0
$mirror: 0
$multi_text
$end_multi_text
$end_icon
$start_icon
$type: 28
$team: Friendly
$class: GVCv Sobek
$pos: -229.185516, -0.000761, 3274.596191
$label: XSTR("Andrasta", 6533)
+id: 3
$hlight: 0
$mirror: 0
$multi_text
$end_multi_text
$end_icon
$start_icon
$type: 6
$team: Friendly
$class: GTD Orion
$pos: -37.344376, -339.645508, 2048.433105
$label: XSTR("Valhalla", 6537)
+id: 6
$hlight: 0
$mirror: 0
$multi_text
$end_multi_text
$end_icon
$end_stage
$end_briefing

#Debriefing_info

$Num stages: 5

$Formula: ( is-event-true-delay 
   "Theta and Zeta wings deployed" 
   0 
)
$Multi text
    XSTR("Welcome to the Valhalla, pilot.

In a chaotic situation, you kept your cool and were able to prevent the Andrasta from coming to any harm. Good work. The Shivans tried to ambush us, and it was only thanks to the appearance of the Valhalla and the advance elements of the task force that we got you and the Andrasta out alive. Nevertheless, your work defending the Andrasta until help could arrive was essential.", 6538)
$end_multi_text
$Voice: dl25_db1.ogg
$Recommendation text:
    XSTR("", 3307)
$end_multi_text

$Formula: ( is-event-true-delay 
   "Theta and Zeta wings deployed" 
   0 
)
$Multi text
    XSTR("The appearance of two more Shivan vessels with the Tsathoggua, along with considerable numbers of fighters and bombers suggests something larger than we'd initially hoped for. The Shivans also seem to possess far greater situational awareness than anticipated. The GTVA Task Force has now arrived in system and has begun to secure the area around the Phi Eridani jump node. Clearly accurate reconnaissance on the Shivan presence will be required before any action is taken if we don't want to be ambushed again. We will exercise caution in our future attacks.", 6539)
$end_multi_text
$Voice: dl25_db2.ogg
$Recommendation text:
    XSTR("", 3307)
$end_multi_text

$Formula: ( is-event-true-delay 
   "Theta and Zeta wings deployed" 
   0 
)
$Multi text
    XSTR("In addition to achieving our primary objective of sizing up the Shivan presence, we were able to destroy the SC Nightgaunt and the Tsathoggua. This is excellent news. If we can continue to defeat the Shivan vessels in this manner, victory will come swiftly and decisively.", 6540)
$end_multi_text
$Voice: dl25_db3.ogg
$Recommendation text:
    XSTR("", 3307)
$end_multi_text

$Formula: ( is-event-true-delay 
   "Andrasta Snuffs It" 
   0 
)
$Multi text
    XSTR("Your inability to defend the Andrasta from the Shivan ambush was disappointing, pilot. While we would not have been able to garner much information about Phi Eridani however this engagement had turned out, the loss of a corvette is a blow that we shouldn't have had to take. Furthermore, the Shivans that destroyed the Andrasta continue to guard the Tau Sigma jump node, making any incursion into Phi Eridani far, far more difficult than expected.

While the Valhalla and its escort are ready and willing to enter Shivan space, this failure is not an auspicious start to the operation. Luckily for you, you will not be present - Command has decided that you'd be better off elsewhere, back flying deep space patrols for Tau Sigma Station.

Have fun, pilot.", 6541)
$end_multi_text
$Voice: dl25_db4.ogg
$Recommendation text:
    XSTR("Make good use of your Maxim cannons in regards to the Shivan beam cannons. Also, remember the importance of the bombers - Aquarius, Gemini, and so on.", 6542)
$end_multi_text

$Formula: ( and 
   ( is-event-false-delay 
      "Theta and Zeta wings deployed" 
      0 
   )
   ( is-event-false-delay 
      "Andrasta Snuffs It" 
      0 
   )
)
$Multi text
    XSTR("You did not have authorisation to return to base, pilot. Your actions jeopardised the lives of those involved in this mission and the GTVA's objectives in this theatre. Desertion is grounds for a court martial, and you are confined to quarters pending your preliminary hearing. Until a military court decides otherwise, you are hereby stripped of your wings and all privileges bestowed upon you as an officer of the Galactic Terran-Vasudan Alliance.", 4556)
$end_multi_text
$Voice: dl_des1.ogg
$Recommendation text:
    XSTR("Do not depart until told to do so.", 4557)
$end_multi_text

#Players		;! 1 total

$Starting Shipname: Alpha 1
$Ship Choices: (
	"GTF Hercules"	5
	"GTF Hercules Mark II"	5
	"GTF Myrmidon"	5
)

+Weaponry Pool: (
	"Subach HL-7"	16
	"Akheton SDG"	16
	"Morning Star"	16
	"Prometheus S"	20
	"Maxim"	20
	"Circe"	16
	"Lamprey"	16
	"Rockeye"	100
	"Tempest"	800
	"Hornet"	900
	"Tornado"	500
	"Harpoon"	628
	"Piranha"	500
)

#Objects		;! 42 total

$Name: Alpha 1		;! Object #0
$Display Name: XSTR("Alpha 1", 4558)
$Class: GTF Hercules Mark II
$Team: Friendly
$Location: -20.783089, -0.000630, 152.611450
$Orientation:
	1.000000, 0.000000, 0.000000,
	0.000000, 1.000000, 0.000000,
	0.000000, 0.000000, 1.000000
$AI Behavior: None
$Cargo 1:  XSTR("Nothing", 4559)
+Initial Hull: 100
+Subsystem: Pilot
+Primary Banks: ( "Prometheus S" "Maxim" )
$Arrival Location: Hyperspace
$Arrival Cue: ( false ) 
$Departure Location: Hyperspace
$Departure Cue: ( false ) 
$Determination: 10
+Flags: ( "cargo-known" "player-start" )
+Flags2: ( )
+Respawn priority: 0
+Orders Accepted: 33023		;! note that this is a bitfield!!!
+Group: 0
+Score: 8

$Name: Alpha 2		;! Object #1
$Display Name: XSTR("Alpha 2", 4560)
$Class: GTF Hercules Mark II
$Team: Friendly
$Location: 62.509853, -0.000597, 70.326065
$Orientation:
	1.000000, 0.000000, 0.000000,
	0.000000, 1.000000, 0.000000,
	0.000000, 0.000000, 1.000000
$AI Behavior: None
+AI Class: General
$Cargo 1:  XSTR("Nothing", 4559)
+Initial Velocity: 33
+Initial Hull: 100
+Subsystem: Pilot
+Primary Banks: ( "Prometheus S" "Maxim" )
$Arrival Location: Hyperspace
$Arrival Cue: ( false ) 
$Departure Location: Hyperspace
$Departure Cue: ( false ) 
$Determination: 10
+Flags: ( "cargo-known" )
+Flags2: ( )
+Respawn priority: 0
+Orders Accepted: 33023		;! note that this is a bitfield!!!
+Group: 0
+Use Table Score:
+Score: 12

$Name: Alpha 3		;! Object #2
$Display Name: XSTR("Alpha 3", 4561)
$Class: GTF Hercules Mark II
$Team: Friendly
$Location: -92.706474, -0.000641, 62.760021
$Orientation:
	1.000000, 0.000000, 0.000000,
	0.000000, 1.000000, 0.000000,
	0.000000, 0.000000, 1.000000
$AI Behavior: None
+AI Class: General
$Cargo 1:  XSTR("Nothing", 4559)
+Initial Velocity: 33
+Initial Hull: 100
+Subsystem: Pilot
+Primary Banks: ( "Prometheus S" "Maxim" )
$Arrival Location: Hyperspace
$Arrival Cue: ( false ) 
$Departure Location: Hyperspace
$Departure Cue: ( false ) 
$Determination: 10
+Flags: ( "cargo-known" )
+Flags2: ( )
+Respawn priority: 0
+Orders Accepted: 33023		;! note that this is a bitfield!!!
+Group: 0
+Use Table Score:
+Score: 12

$Name: Alpha 4		;! Object #3
$Display Name: XSTR("Alpha 4", 4562)
$Class: GTF Hercules Mark II
$Team: Friendly
$Location: -5.662961, -0.000579, -5.226379
$Orientation:
	1.000000, 0.000000, 0.000000,
	0.000000, 1.000000, 0.000000,
	0.000000, 0.000000, 1.000000
$AI Behavior: None
+AI Class: General
$Cargo 1:  XSTR("Nothing", 4559)
+Initial Velocity: 33
+Initial Hull: 100
+Subsystem: Pilot
+Primary Banks: ( "Prometheus S" "Maxim" )
$Arrival Location: Hyperspace
$Arrival Cue: ( false ) 
$Departure Location: Hyperspace
$Departure Cue: ( false ) 
$Determination: 10
+Flags: ( "cargo-known" )
+Flags2: ( )
+Respawn priority: 0
+Orders Accepted: 33023		;! note that this is a bitfield!!!
+Group: 0
+Use Table Score:
+Score: 12

$Name: Andrasta		;! Object #4
$Display Name: XSTR("Andrasta", 6533)
$Class: GVCv Sobek
$Team: Friendly
$Location: -136.071671, -299.999481, -979.353271
$Orientation:
	1.000000, 0.000000, 0.000000,
	0.000000, 0.983844, 0.179029,
	0.000000, -0.179029, 0.983844
$AI Behavior: None
$AI Goals: ( goals ( ai-waypoints-once "Andpath" 65 ) )
$Cargo 1:  XSTR("Nothing", 4559)
+Initial Velocity: 33
+Initial Hull: 100
+Initial Shields: 100
+Subsystem: Pilot
+Subsystem: turret01
+Subsystem: turret02
+Subsystem: turret03
+Subsystem: turret04
+Subsystem: turret05
+Subsystem: turret06
+Subsystem: turret07
+Subsystem: turret08
+Subsystem: turret09
+Subsystem: turret10
+Subsystem: turret11
+Subsystem: turret12
+Subsystem: turret13
+Subsystem: turret14
+Subsystem: turret15
+Subsystem: turret16
+Subsystem: turret17
+Subsystem: turret18
+Subsystem: turret19
+Subsystem: turret20
+Subsystem: turret21
+Subsystem: turret22
$Arrival Location: Hyperspace
$Arrival Cue: ( has-time-elapsed 18 ) 
$Departure Location: Hyperspace
$Departure Cue: ( false ) 
$Determination: 10
+Flags: ( "cargo-known" "no-shields" "escort" )
+Flags2: ( )
+Respawn priority: 0
+Escort priority: 90
+Special Hitpoints: 100000
+Special Shield Points: 0
+Orders Accepted: 0		;! note that this is a bitfield!!!
+Group: 0
+Use Table Score:
+Score: 400

$Name: Valhalla		;! Object #5
$Display Name: XSTR("Valhalla", 6537)
$Class: GTD Orion
$Team: Friendly
$Location: 48.605927, -86.030350, -2193.409180
$Orientation:
	0.952334, -0.305059, 0.000000,
	0.305059, 0.952334, 0.000000,
	0.000000, 0.000000, 1.000000
$AI Behavior: None
$AI Goals: ( goals ( ai-waypoints-once "Valwayp" 60 ) )
$Cargo 1:  XSTR("Nothing", 4559)
+Initial Velocity: 33
+Initial Hull: 100
+Initial Shields: 100
+Subsystem: Pilot
+Subsystem: turret01a
+Subsystem: turret02a
+Subsystem: turret03a
+Subsystem: turret04a
+Subsystem: turret05a
+Subsystem: turret06
+Subsystem: turret07
+Subsystem: turret08
+Subsystem: turret09
+Subsystem: turret10
+Subsystem: turret11
+Subsystem: turret12
+Subsystem: turret13
+Subsystem: turret14
+Subsystem: turret15
+Subsystem: turret16
$Arrival Location: Hyperspace
$Arrival Cue: ( and 
   ( percent-ships-destroyed 65 "Taurus" ) 
   ( is-event-incomplete 
      "Andrasta Snuffs It" 
   )
)
$Departure Location: Hyperspace
$Departure Cue: ( false ) 
$Determination: 10
+Flags: ( "cargo-known" "no-shields" "escort" )
+Flags2: ( )
+Respawn priority: 0
+Escort priority: 90
+Orders Accepted: 0		;! note that this is a bitfield!!!
+Group: 0
+Use Table Score:
+Score: 1000
$Texture Replace:
+old: capital01-05
+new: gtd_valhalla_old
+old: nameplate
+new: gtd_valhalla

$Name: Hellenica		;! Object #6
$Display Name: XSTR("Hellenica", 6543)
$Class: GTC Aeolus
$Team: Friendly
$Location: -556.364990, -360.647400, -1685.314941
$Orientation:
	0.137177, 0.990547, 0.000000,
	-0.990547, 0.137177, 0.000000,
	0.000000, 0.000000, 1.000000
$AI Behavior: None
$AI Goals: ( goals ( ai-waypoints-once "Helwayp" 60 ) )
$Cargo 1:  XSTR("Nothing", 4559)
+Initial Hull: 100
+Initial Shields: 100
+Subsystem: Pilot
+Subsystem: turret01
+Subsystem: turret02
+Subsystem: turret03
+Subsystem: turret04
+Subsystem: turret05
+Subsystem: turret06
+Subsystem: turret07
+Subsystem: turret08
+Subsystem: turret09
+Subsystem: turret10
+Subsystem: turret11
+Subsystem: turret12
$Arrival Location: Hyperspace
$Arrival Cue: ( and 
   ( percent-ships-destroyed 65 "Taurus" ) 
   ( is-event-incomplete 
      "Andrasta Snuffs It" 
   )
)
$Departure Location: Hyperspace
$Departure Cue: ( false ) 
$Determination: 10
+Flags: ( "cargo-known" "no-shields" )
+Flags2: ( )
+Respawn priority: 0
+Orders Accepted: 0		;! note that this is a bitfield!!!
+Group: 0
+Use Table Score:
+Score: 500

$Name: Nefertem		;! Object #7
$Display Name: XSTR("Nefertem", 6544)
$Class: GVCv Sobek
$Team: Friendly
$Location: 596.847778, 578.086365, -1574.476196
$Orientation:
	-0.118922, 0.992904, 0.000000,
	-0.992904, -0.118922, 0.000000,
	0.000000, 0.000000, 1.000000
$AI Behavior: None
$AI Goals: ( goals ( ai-waypoints-once "Nefwayp" 60 ) )
$Cargo 1:  XSTR("Nothing", 4559)
+Initial Velocity: 33
+Initial Hull: 100
+Initial Shields: 100
+Subsystem: Pilot
+Subsystem: turret01
+Subsystem: turret02
+Subsystem: turret03
+Subsystem: turret04
+Subsystem: turret05
+Subsystem: turret06
+Subsystem: turret07
+Subsystem: turret08
+Subsystem: turret09
+Subsystem: turret10
+Subsystem: turret11
+Subsystem: turret12
+Subsystem: turret13
+Subsystem: turret14
+Subsystem: turret15
+Subsystem: turret16
+Subsystem: turret17
+Subsystem: turret18
+Subsystem: turret19
+Subsystem: turret20
+Subsystem: turret21
+Subsystem: turret22
$Arrival Location: Hyperspace
$Arrival Cue: ( and 
   ( percent-ships-destroyed 65 "Taurus" ) 
   ( is-event-incomplete 
      "Andrasta Snuffs It" 
   )
)
$Departure Location: Hyperspace
$Departure Cue: ( false ) 
$Determination: 10
+Flags: ( "cargo-known" "no-shields" "escort" )
+Flags2: ( )
+Respawn priority: 0
+Escort priority: 70
+Orders Accepted: 0		;! note that this is a bitfield!!!
+Group: 0
+Use Table Score:
+Score: 400

$Name: Tsathoggua		;! Object #8
$Display Name: XSTR("Tsathoggua", 6286)
$Class: SCv Moloch
$Team: Hostile
$Location: -1259.527832, 1251.330444, 9002.721680
$Orientation:
	0.580386, 0.814342, -0.000923,
	0.814341, -0.580387, -0.001298,
	-0.001593, 0.000000, -0.999999
$AI Behavior: None
$AI Goals: ( goals ( ai-waypoints-once "Tsathattack" 70 ) )
$Cargo 1:  XSTR("Nothing", 4559)
+Initial Velocity: 33
+Initial Hull: 100
+Initial Shields: 100
+Subsystem: Pilot
+Subsystem: turret01
+Subsystem: turret02
+Subsystem: turret03
+Subsystem: turret04
+Sbank Ammo: ( 0 )
+Subsystem: turret05
+Primary Banks: ( "Shivan Turret Laser" )
+Subsystem: turret06
+Subsystem: turret07
+Subsystem: turret08
+Subsystem: turret09
+Subsystem: turret10
+Subsystem: turret11
+Primary Banks: ( "Shivan Turret Laser" )
+Subsystem: turret12
+Subsystem: turret13
+Sbank Ammo: ( 0 )
+Subsystem: turret14
+Subsystem: turret15
+Subsystem: turret16
+Sbank Ammo: ( 0 )
$Arrival Location: Hyperspace
$Arrival Cue: ( is-destroyed-delay 
   24 
   "Nightgaunt" 
   "Aquarius" 
   "Leo" 
)
$Departure Location: Hyperspace
$Departure Cue: ( false ) 
$Determination: 10
+Flags: ( "protect-ship" "no-shields" "escort" )
+Flags2: ( )
+Respawn priority: 0
+Escort priority: 90
+Orders Accepted: 0		;! note that this is a bitfield!!!
+Group: 0
+Use Table Score:
+Score: 440

$Name: Nightgaunt		;! Object #9
$Display Name: XSTR("Nightgaunt", 6545)
$Class: SC Rakshasa
$Team: Hostile
$Location: 1149.214355, 527.068054, 5575.481445
$Orientation:
	-0.824924, 0.564643, 0.026070,
	0.564361, 0.825336, -0.017836,
	-0.031588, 0.000000, -0.999501
$AI Behavior: None
$AI Goals: ( goals ( ai-waypoints-once "NGAttack" 70 ) ( ai-chase "Andrasta" 65 ) )
$Cargo 1:  XSTR("Nothing", 4559)
+Initial Hull: 100
+Initial Shields: 100
+Subsystem: Pilot
+Subsystem: turret01
+Subsystem: turret02
+Subsystem: turret03
+Subsystem: turret04
+Subsystem: turret05
+Subsystem: turret06
+Subsystem: turret07
+Subsystem: turret08
+Subsystem: turret09
+Subsystem: turret10
+Subsystem: turret11
+Subsystem: turret12
+Subsystem: turret13
+Subsystem: turret14
$Arrival Location: Hyperspace
$Arrival Cue: ( is-destroyed-delay 5 "Virgo" ) 
$Departure Location: Hyperspace
$Departure Cue: ( false ) 
$Determination: 10
+Flags: ( "no-shields" "escort" )
+Flags2: ( )
+Respawn priority: 0
+Escort priority: 70
+Orders Accepted: 0		;! note that this is a bitfield!!!
+Group: 0
+Score: 150

$Name: Tulzscha		;! Object #10
$Display Name: XSTR("Tulzscha", 6546)
$Class: SC Lilith
$Team: Hostile
$Location: -463.072968, -1074.114746, 8753.905273
$Orientation:
	0.970519, 0.219784, -0.098938,
	0.239454, -0.926026, 0.291786,
	-0.027490, -0.306875, -0.951353
$AI Behavior: None
$AI Goals: ( goals ( ai-waypoints-once "Tulzattack" 75 ) )
$Cargo 1:  XSTR("Nothing", 4559)
+Initial Velocity: 33
+Initial Hull: 100
+Initial Shields: 100
+Subsystem: Pilot
+Subsystem: turret01
+Primary Banks: ( "SRed" )
+Subsystem: turret02
+Subsystem: turret03
+Subsystem: turret04
+Subsystem: turret05
+Subsystem: turret06
+Subsystem: turret07
+Primary Banks: ( "S-AAA-Weak" )
+Subsystem: turret08
+Sbank Ammo: ( 0 )
+Subsystem: turret09
+Sbank Ammo: ( 0 )
$Arrival Location: Hyperspace
$Arrival Cue: ( has-arrived-delay 45 "Tsathoggua" ) 
$Departure Location: Hyperspace
$Departure Cue: ( or 
   ( is-destroyed-delay 8 "Tsathoggua" ) 
   ( < ( hits-left "Tulzscha" ) 55 ) 
)
$Determination: 10
+Flags: ( "protect-ship" "no-shields" "escort" )
+Flags2: ( )
+Respawn priority: 0
+Escort priority: 75
+Orders Accepted: 0		;! note that this is a bitfield!!!
+Group: 0
+Use Table Score:
+Score: 210

$Name: Libra 1		;! Object #11
$Display Name: XSTR("Libra 1", 6547)
$Class: SF Mara
$Team: Hostile
$Location: -85.367538, 601.030212, 3366.339600
$Orientation:
	-0.837335, 0.000000, -0.546691,
	0.000000, 1.000000, 0.000000,
	0.546691, 0.000000, -0.837335
$AI Behavior: None
$Cargo 1:  XSTR("Nothing", 4559)
+Initial Velocity: 33
+Initial Hull: 100
+Subsystem: Pilot
+Secondary Banks: ( "Rockeye#Shivan" "Hornet#Weak#Shivan" )
$Arrival Location: Hyperspace
$Arrival Cue: ( false ) 
$Departure Location: Hyperspace
$Departure Cue: ( false ) 
$Determination: 10
+Flags: ( )
+Flags2: ( )
+Respawn priority: 0
+Orders Accepted: 0		;! note that this is a bitfield!!!
+Group: 0
+Use Table Score:
+Score: 12

$Name: Libra 2		;! Object #12
$Display Name: XSTR("Libra 2", 6548)
$Class: SF Mara
$Team: Hostile
$Location: -70.702591, 601.030151, 3457.944824
$Orientation:
	-0.837334, 0.000000, -0.546691,
	0.000000, 1.000000, 0.000000,
	0.546691, 0.000000, -0.837334
$AI Behavior: None
$Cargo 1:  XSTR("Nothing", 4559)
+Initial Velocity: 33
+Initial Hull: 100
+Subsystem: Pilot
+Secondary Banks: ( "Rockeye#Shivan" "Hornet#Weak#Shivan" )
$Arrival Location: Hyperspace
$Arrival Cue: ( false ) 
$Departure Location: Hyperspace
$Departure Cue: ( false ) 
$Determination: 10
+Flags: ( )
+Flags2: ( )
+Respawn priority: 0
+Orders Accepted: 0		;! note that this is a bitfield!!!
+Group: 0
+Use Table Score:
+Score: 12

$Name: Libra 3		;! Object #13
$Display Name: XSTR("Libra 3", 6549)
$Class: SF Mara
$Team: Hostile
$Location: -207.052551, 601.029907, 3364.393311
$Orientation:
	-0.837334, 0.000000, -0.546691,
	0.000000, 1.000000, 0.000000,
	0.546691, 0.000000, -0.837334
$AI Behavior: None
$Cargo 1:  XSTR("Nothing", 4559)
+Initial Velocity: 33
+Initial Hull: 100
+Subsystem: Pilot
+Secondary Banks: ( "Rockeye#Shivan" "Hornet#Weak#Shivan" )
$Arrival Location: Hyperspace
$Arrival Cue: ( false ) 
$Departure Location: Hyperspace
$Departure Cue: ( false ) 
$Determination: 10
+Flags: ( )
+Flags2: ( )
+Respawn priority: 0
+Orders Accepted: 0		;! note that this is a bitfield!!!
+Group: 0
+Use Table Score:
+Score: 12

$Name: Libra 4		;! Object #14
$Display Name: XSTR("Libra 4", 6550)
$Class: SF Mara
$Team: Hostile
$Location: -189.625183, 601.030273, 3472.115723
$Orientation:
	-0.837334, 0.000000, -0.546691,
	0.000000, 1.000000, 0.000000,
	0.546691, 0.000000, -0.837334
$AI Behavior: None
$Cargo 1:  XSTR("Nothing", 4559)
+Initial Velocity: 33
+Initial Hull: 100
+Subsystem: Pilot
+Secondary Banks: ( "Rockeye#Shivan" "Hornet#Weak#Shivan" )
$Arrival Location: Hyperspace
$Arrival Cue: ( false ) 
$Departure Location: Hyperspace
$Departure Cue: ( false ) 
$Determination: 10
+Flags: ( )
+Flags2: ( )
+Respawn priority: 0
+Orders Accepted: 0		;! note that this is a bitfield!!!
+Group: 0
+Use Table Score:
+Score: 12

$Name: Virgo 1		;! Object #15
$Display Name: XSTR("Virgo 1", 6394)
$Class: SF Aeshma
$Team: Hostile
$Location: 2903.288818, 622.748718, 2357.468262
$Orientation:
	-0.604552, 0.000000, 0.796566,
	0.000000, 1.000000, 0.000000,
	-0.796566, 0.000000, -0.604552
$AI Behavior: None
$Cargo 1:  XSTR("Nothing", 4559)
+Initial Velocity: 33
+Initial Hull: 100
+Subsystem: Pilot
$Arrival Location: Hyperspace
$Arrival Cue: ( false ) 
$Departure Location: Hyperspace
$Departure Cue: ( false ) 
$Determination: 10
+Flags: ( )
+Flags2: ( )
+Respawn priority: 0
+Orders Accepted: 0		;! note that this is a bitfield!!!
+Group: 0
+Use Table Score:
+Score: 12

$Name: Virgo 2		;! Object #16
$Display Name: XSTR("Virgo 2", 6395)
$Class: SF Aeshma
$Team: Hostile
$Location: 3019.834473, 622.748596, 2354.913086
$Orientation:
	-0.604552, 0.000000, 0.796565,
	0.000000, 1.000000, 0.000000,
	-0.796565, 0.000000, -0.604552
$AI Behavior: None
$Cargo 1:  XSTR("Nothing", 4559)
+Initial Velocity: 33
+Initial Hull: 100
+Subsystem: Pilot
$Arrival Location: Hyperspace
$Arrival Cue: ( false ) 
$Departure Location: Hyperspace
$Departure Cue: ( false ) 
$Determination: 10
+Flags: ( )
+Flags2: ( )
+Respawn priority: 0
+Orders Accepted: 0		;! note that this is a bitfield!!!
+Group: 0
+Use Table Score:
+Score: 12

$Name: Virgo 3		;! Object #17
$Display Name: XSTR("Virgo 3", 6396)
$Class: SF Aeshma
$Team: Hostile
$Location: 2906.921631, 622.748596, 2526.850830
$Orientation:
	-0.604552, 0.000000, 0.796565,
	0.000000, 1.000000, 0.000000,
	-0.796565, 0.000000, -0.604552
$AI Behavior: None
$Cargo 1:  XSTR("Nothing", 4559)
+Initial Velocity: 33
+Initial Hull: 100
+Subsystem: Pilot
$Arrival Location: Hyperspace
$Arrival Cue: ( false ) 
$Departure Location: Hyperspace
$Departure Cue: ( false ) 
$Determination: 10
+Flags: ( )
+Flags2: ( )
+Respawn priority: 0
+Orders Accepted: 0		;! note that this is a bitfield!!!
+Group: 0
+Use Table Score:
+Score: 12

$Name: Virgo 4		;! Object #18
$Display Name: XSTR("Virgo 4", 6397)
$Class: SF Aeshma
$Team: Hostile
$Location: 3038.209473, 622.748596, 2522.555908
$Orientation:
	-0.604552, 0.000000, 0.796565,
	0.000000, 1.000000, 0.000000,
	-0.796565, 0.000000, -0.604552
$AI Behavior: None
$Cargo 1:  XSTR("Nothing", 4559)
+Initial Velocity: 33
+Initial Hull: 100
+Subsystem: Pilot
$Arrival Location: Hyperspace
$Arrival Cue: ( false ) 
$Departure Location: Hyperspace
$Departure Cue: ( false ) 
$Determination: 10
+Flags: ( )
+Flags2: ( )
+Respawn priority: 0
+Orders Accepted: 0		;! note that this is a bitfield!!!
+Group: 0
+Use Table Score:
+Score: 12

$Name: Gemini 1		;! Object #19
$Display Name: XSTR("Gemini 1", 6551)
$Class: SB Nephilim
$Team: Hostile
$Location: -3306.153320, -590.079468, 6217.446777
$Orientation:
	-0.313811, 0.000000, -0.949486,
	0.000000, 1.000000, 0.000000,
	0.949486, 0.000000, -0.313811
$AI Behavior: None
$Cargo 1:  XSTR("Nothing", 4559)
+Initial Velocity: 33
+Initial Hull: 100
+Subsystem: Pilot
+Secondary Banks: ( "Rockeye#Shivan" "Piranha#Shivan" "Shivan Bomb#Short" "Shivan Bomb#Short" )
+Subsystem: turret01
+Subsystem: turret02
$Arrival Location: Hyperspace
$Arrival Cue: ( false ) 
$Departure Location: Hyperspace
$Departure Cue: ( false ) 
$Determination: 10
+Flags: ( )
+Flags2: ( )
+Respawn priority: 0
+Orders Accepted: 0		;! note that this is a bitfield!!!
+Group: 0
+Use Table Score:
+Score: 11

$Name: Gemini 2		;! Object #20
$Display Name: XSTR("Gemini 2", 6552)
$Class: SB Nephilim
$Team: Hostile
$Location: -3407.764404, -590.079285, 6379.000977
$Orientation:
	-0.313811, 0.000000, -0.949486,
	0.000000, 1.000000, 0.000000,
	0.949486, 0.000000, -0.313811
$AI Behavior: None
$Cargo 1:  XSTR("Nothing", 4559)
+Initial Velocity: 33
+Initial Hull: 100
+Subsystem: Pilot
+Secondary Banks: ( "Rockeye#Shivan" "Piranha#Shivan" "Shivan Bomb#Short" "Shivan Bomb#Short" )
+Subsystem: turret01
+Subsystem: turret02
$Arrival Location: Hyperspace
$Arrival Cue: ( false ) 
$Departure Location: Hyperspace
$Departure Cue: ( false ) 
$Determination: 10
+Flags: ( )
+Flags2: ( )
+Respawn priority: 0
+Orders Accepted: 0		;! note that this is a bitfield!!!
+Group: 0
+Use Table Score:
+Score: 11

$Name: Gemini 3		;! Object #21
$Display Name: XSTR("Gemini 3", 6553)
$Class: SB Nephilim
$Team: Hostile
$Location: -3496.407959, -590.079285, 6117.384766
$Orientation:
	-0.313811, 0.000000, -0.949486,
	0.000000, 1.000000, 0.000000,
	0.949486, 0.000000, -0.313811
$AI Behavior: None
$Cargo 1:  XSTR("Nothing", 4559)
+Initial Velocity: 33
+Initial Hull: 100
+Subsystem: Pilot
+Secondary Banks: ( "Rockeye#Shivan" "Piranha#Shivan" "Shivan Bomb#Short" "Shivan Bomb#Short" )
+Subsystem: turret01
+Subsystem: turret02
$Arrival Location: Hyperspace
$Arrival Cue: ( false ) 
$Departure Location: Hyperspace
$Departure Cue: ( false ) 
$Determination: 10
+Flags: ( )
+Flags2: ( )
+Respawn priority: 0
+Orders Accepted: 0		;! note that this is a bitfield!!!
+Group: 0
+Use Table Score:
+Score: 11

$Name: Gemini 4		;! Object #22
$Display Name: XSTR("Gemini 4", 6554)
$Class: SB Nephilim
$Team: Hostile
$Location: -3605.073975, -590.079529, 6354.860352
$Orientation:
	-0.313811, 0.000000, -0.949486,
	0.000000, 1.000000, 0.000000,
	0.949486, 0.000000, -0.313811
$AI Behavior: None
$Cargo 1:  XSTR("Nothing", 4559)
+Initial Velocity: 33
+Initial Hull: 100
+Subsystem: Pilot
+Secondary Banks: ( "Rockeye#Shivan" "Piranha#Shivan" "Shivan Bomb#Short" "Shivan Bomb#Short" )
+Subsystem: turret01
+Subsystem: turret02
$Arrival Location: Hyperspace
$Arrival Cue: ( false ) 
$Departure Location: Hyperspace
$Departure Cue: ( false ) 
$Determination: 10
+Flags: ( )
+Flags2: ( )
+Respawn priority: 0
+Orders Accepted: 0		;! note that this is a bitfield!!!
+Group: 0
+Use Table Score:
+Score: 11

$Name: Aquarius 1		;! Object #23
$Display Name: XSTR("Aquarius 1", 6555)
$Class: SB Taurvi
$Team: Hostile
$Location: -78.713135, 574.591309, 6500.332520
$Orientation:
	-0.998295, 0.000000, -0.058374,
	0.000000, 1.000000, 0.000000,
	0.058374, 0.000000, -0.998295
$AI Behavior: None
$Cargo 1:  XSTR("Nothing", 4559)
+Initial Velocity: 33
+Initial Hull: 100
+Subsystem: Pilot
+Secondary Banks: ( "Shivan Bomb#Short" "Shivan Bomb#Short" )
$Arrival Location: Hyperspace
$Arrival Cue: ( false ) 
$Departure Location: Hyperspace
$Departure Cue: ( false ) 
$Determination: 10
+Flags: ( )
+Flags2: ( )
+Respawn priority: 0
+Orders Accepted: 0		;! note that this is a bitfield!!!
+Group: 0
+Use Table Score:
+Score: 10

$Name: Aquarius 2		;! Object #24
$Display Name: XSTR("Aquarius 2", 6556)
$Class: SB Taurvi
$Team: Hostile
$Location: 16.875160, 574.591125, 6600.425781
$Orientation:
	-0.998295, 0.000000, -0.058374,
	0.000000, 1.000000, 0.000000,
	0.058374, 0.000000, -0.998295
$AI Behavior: None
$Cargo 1:  XSTR("Nothing", 4559)
+Initial Velocity: 33
+Initial Hull: 100
+Subsystem: Pilot
+Secondary Banks: ( "Shivan Bomb#Short" "Shivan Bomb#Short" )
$Arrival Location: Hyperspace
$Arrival Cue: ( false ) 
$Departure Location: Hyperspace
$Departure Cue: ( false ) 
$Determination: 10
+Flags: ( )
+Flags2: ( )
+Respawn priority: 0
+Orders Accepted: 0		;! note that this is a bitfield!!!
+Group: 0
+Use Table Score:
+Score: 10

$Name: Leo 1		;! Object #25
$Display Name: XSTR("Leo 1", 6557)
$Class: SF Astaroth
$Team: Hostile
$Location: 960.103577, 1390.895508, 7109.704102
$Orientation:
	-0.999263, 0.000000, -0.038398,
	0.000000, 1.000000, 0.000000,
	0.038398, 0.000000, -0.999263
$AI Behavior: None
$Cargo 1:  XSTR("Nothing", 4559)
+Initial Velocity: 33
+Subsystem: Pilot
$Arrival Location: Hyperspace
$Arrival Cue: ( false ) 
$Departure Location: Hyperspace
$Departure Cue: ( false ) 
$Determination: 10
+Flags: ( )
+Flags2: ( )
+Respawn priority: 0
+Orders Accepted: 0		;! note that this is a bitfield!!!
+Group: 0
+Use Table Score:
+Score: 13

$Name: Leo 2		;! Object #26
$Display Name: XSTR("Leo 2", 6558)
$Class: SF Astaroth
$Team: Hostile
$Location: 1047.367920, 1390.895508, 7228.930176
$Orientation:
	-0.999263, 0.000000, -0.038398,
	0.000000, 1.000000, 0.000000,
	0.038398, 0.000000, -0.999263
$AI Behavior: None
$Cargo 1:  XSTR("Nothing", 4559)
+Initial Velocity: 33
+Subsystem: Pilot
$Arrival Location: Hyperspace
$Arrival Cue: ( false ) 
$Departure Location: Hyperspace
$Departure Cue: ( false ) 
$Determination: 10
+Flags: ( )
+Flags2: ( )
+Respawn priority: 0
+Orders Accepted: 0		;! note that this is a bitfield!!!
+Group: 0
+Use Table Score:
+Score: 13

$Name: Leo 3		;! Object #27
$Display Name: XSTR("Leo 3", 6559)
$Class: SF Astaroth
$Team: Hostile
$Location: 825.392151, 1390.895630, 7255.094727
$Orientation:
	-0.999263, 0.000000, -0.038398,
	0.000000, 1.000000, 0.000000,
	0.038398, 0.000000, -0.999263
$AI Behavior: None
$Cargo 1:  XSTR("Nothing", 4559)
+Initial Velocity: 33
+Subsystem: Pilot
$Arrival Location: Hyperspace
$Arrival Cue: ( false ) 
$Departure Location: Hyperspace
$Departure Cue: ( false ) 
$Determination: 10
+Flags: ( )
+Flags2: ( )
+Respawn priority: 0
+Orders Accepted: 0		;! note that this is a bitfield!!!
+Group: 0
+Use Table Score:
+Score: 13

$Name: Leo 4		;! Object #28
$Display Name: XSTR("Leo 4", 6560)
$Class: SF Astaroth
$Team: Hostile
$Location: 903.828308, 1390.895386, 7359.397949
$Orientation:
	-0.999263, 0.000000, -0.038398,
	0.000000, 1.000000, 0.000000,
	0.038398, 0.000000, -0.999263
$AI Behavior: None
$Cargo 1:  XSTR("Nothing", 4559)
+Initial Velocity: 33
+Subsystem: Pilot
$Arrival Location: Hyperspace
$Arrival Cue: ( false ) 
$Departure Location: Hyperspace
$Departure Cue: ( false ) 
$Determination: 10
+Flags: ( )
+Flags2: ( )
+Respawn priority: 0
+Orders Accepted: 0		;! note that this is a bitfield!!!
+Group: 0
+Use Table Score:
+Score: 13

$Name: Taurus 1		;! Object #29
$Display Name: XSTR("Taurus 1", 6282)
$Class: SB Nahema
$Team: Hostile
$Location: 6984.273926, 1511.487671, 8044.699219
$Orientation:
	-0.434248, 0.000000, 0.900793,
	0.000000, 1.000000, 0.000000,
	-0.900793, 0.000000, -0.434248
$AI Behavior: None
$Cargo 1:  XSTR("Nothing", 4559)
+Initial Velocity: 33
+Initial Hull: 100
+Subsystem: Pilot
+Secondary Banks: ( "Shivan Bomb#Short" "Shivan Bomb#Short" "Trebuchet#Shivan" )
$Arrival Location: Hyperspace
$Arrival Cue: ( false ) 
$Departure Location: Hyperspace
$Departure Cue: ( false ) 
$Determination: 10
+Flags: ( )
+Flags2: ( )
+Respawn priority: 0
+Orders Accepted: 0		;! note that this is a bitfield!!!
+Group: 0
+Use Table Score:
+Score: 14

$Name: Taurus 2		;! Object #30
$Display Name: XSTR("Taurus 2", 6283)
$Class: SB Nahema
$Team: Hostile
$Location: 7165.145996, 1511.487793, 8009.217773
$Orientation:
	-0.434248, 0.000000, 0.900793,
	0.000000, 1.000000, 0.000000,
	-0.900793, 0.000000, -0.434248
$AI Behavior: None
$Cargo 1:  XSTR("Nothing", 4559)
+Initial Velocity: 33
+Initial Hull: 100
+Subsystem: Pilot
+Secondary Banks: ( "Shivan Bomb#Short" "Shivan Bomb#Short" "Trebuchet#Shivan" )
$Arrival Location: Hyperspace
$Arrival Cue: ( false ) 
$Departure Location: Hyperspace
$Departure Cue: ( false ) 
$Determination: 10
+Flags: ( )
+Flags2: ( )
+Respawn priority: 0
+Orders Accepted: 0		;! note that this is a bitfield!!!
+Group: 0
+Use Table Score:
+Score: 14

$Name: Taurus 3		;! Object #31
$Display Name: XSTR("Taurus 3", 6284)
$Class: SB Nahema
$Team: Hostile
$Location: 7077.757324, 1511.487793, 8221.722656
$Orientation:
	-0.434248, 0.000000, 0.900793,
	0.000000, 1.000000, 0.000000,
	-0.900793, 0.000000, -0.434248
$AI Behavior: None
$Cargo 1:  XSTR("Nothing", 4559)
+Initial Velocity: 33
+Initial Hull: 100
+Subsystem: Pilot
+Secondary Banks: ( "Shivan Bomb#Short" "Shivan Bomb#Short" "Trebuchet#Shivan" )
$Arrival Location: Hyperspace
$Arrival Cue: ( false ) 
$Departure Location: Hyperspace
$Departure Cue: ( false ) 
$Determination: 10
+Flags: ( )
+Flags2: ( )
+Respawn priority: 0
+Orders Accepted: 0		;! note that this is a bitfield!!!
+Group: 0
+Use Table Score:
+Score: 14

$Name: Pisces 1		;! Object #32
$Display Name: XSTR("Pisces 1", 6398)
$Class: SF Manticore
$Team: Hostile
$Location: 7343.379395, 1398.903076, 7203.538574
$Orientation:
	-0.558345, 0.000000, 0.829610,
	0.000000, 1.000000, 0.000000,
	-0.829610, 0.000000, -0.558345
$AI Behavior: None
$Cargo 1:  XSTR("Nothing", 4559)
+Initial Velocity: 33
+Subsystem: Pilot
$Arrival Location: Hyperspace
$Arrival Cue: ( false ) 
$Departure Location: Hyperspace
$Departure Cue: ( false ) 
$Determination: 10
+Flags: ( )
+Flags2: ( )
+Respawn priority: 0
+Orders Accepted: 0		;! note that this is a bitfield!!!
+Group: 0
+Use Table Score:
+Score: 12

$Name: Pisces 2		;! Object #33
$Display Name: XSTR("Pisces 2", 6399)
$Class: SF Manticore
$Team: Hostile
$Location: 7459.800293, 1398.903076, 7173.295898
$Orientation:
	-0.558344, 0.000000, 0.829609,
	0.000000, 1.000000, 0.000000,
	-0.829609, 0.000000, -0.558344
$AI Behavior: None
$Cargo 1:  XSTR("Nothing", 4559)
+Initial Velocity: 33
+Subsystem: Pilot
$Arrival Location: Hyperspace
$Arrival Cue: ( false ) 
$Departure Location: Hyperspace
$Departure Cue: ( false ) 
$Determination: 10
+Flags: ( )
+Flags2: ( )
+Respawn priority: 0
+Orders Accepted: 0		;! note that this is a bitfield!!!
+Group: 0
+Use Table Score:
+Score: 12

$Name: Pisces 3		;! Object #34
$Display Name: XSTR("Pisces 3", 6400)
$Class: SF Manticore
$Team: Hostile
$Location: 7389.215820, 1398.903198, 7332.070313
$Orientation:
	-0.558344, 0.000000, 0.829609,
	0.000000, 1.000000, 0.000000,
	-0.829609, 0.000000, -0.558344
$AI Behavior: None
$Cargo 1:  XSTR("Nothing", 4559)
+Initial Velocity: 33
+Subsystem: Pilot
$Arrival Location: Hyperspace
$Arrival Cue: ( false ) 
$Departure Location: Hyperspace
$Departure Cue: ( false ) 
$Determination: 10
+Flags: ( )
+Flags2: ( )
+Respawn priority: 0
+Orders Accepted: 0		;! note that this is a bitfield!!!
+Group: 0
+Use Table Score:
+Score: 12

$Name: Theta 1		;! Object #35
$Display Name: XSTR("Theta 1", 5884)
$Class: GTF Perseus
$Team: Friendly
$Location: 999.745789, -0.001211, 2385.720215
$Orientation:
	1.000000, 0.000000, 0.000000,
	0.000000, 1.000000, 0.000000,
	0.000000, 0.000000, 1.000000
$AI Behavior: None
$Cargo 1:  XSTR("Nothing", 4559)
+Initial Velocity: 33
+Initial Hull: 100
+Subsystem: Pilot
+Primary Banks: ( "Prometheus S" "Prometheus S" )
$Arrival Location: Hyperspace
$Arrival Cue: ( false ) 
$Departure Location: Hyperspace
$Departure Cue: ( false ) 
$Determination: 10
+Flags: ( "cargo-known" )
+Flags2: ( )
+Respawn priority: 0
+Orders Accepted: 0		;! note that this is a bitfield!!!
+Group: 0
+Use Table Score:
+Score: 14

$Name: Theta 2		;! Object #36
$Display Name: XSTR("Theta 2", 5885)
$Class: GTF Perseus
$Team: Friendly
$Location: 958.408386, -0.001411, 2312.911621
$Orientation:
	1.000000, 0.000000, 0.000000,
	0.000000, 1.000000, 0.000000,
	0.000000, 0.000000, 1.000000
$AI Behavior: None
$Cargo 1:  XSTR("Nothing", 4559)
+Initial Velocity: 33
+Initial Hull: 100
+Subsystem: Pilot
+Primary Banks: ( "Prometheus S" "Prometheus S" )
$Arrival Location: Hyperspace
