#Mission Info

$Version: 0.10
$Name:  XSTR("Acceptable Losses", 6327)
$Author: Kellan
$Created: 04/02/00 at 11:09:41
$Modified: 10/18/13 at 14:42:37
$Notes:
Created by Kellan, carved up by BR five years later$End Notes:

$Mission Desc:
 XSTR("Desperate pirates have seized a civilian passenger vessel and demanded asylum from the Shivans.  Alpha wing must end the hostage taking, by force is necessary...
", 6328)
$end_multi_text
+Game Type Flags: 1
+Flags: 8
+Fog Near Mult: 1.000000

+Fog Far Mult: 1.000000

+Disallow Support: 0
+Hull Repair Ceiling: 0.000000
+Subsystem Repair Ceiling: 100.000000

+Player Entry Delay:
1.000000

+Viewer pos: -3172.449219, 21078.267578, 1881.062988
+Viewer orient:
	0.649503, -0.000001, -0.760359,
	0.736591, 0.248075, 0.629200,
	0.188625, -0.968741, 0.161126


$Load Screen 640:	dl6.pcx
$Load Screen 1024:	2_dl6.pcx

$Skybox Model: starfield.pof

$AI Profile: FS2 RETAIL

#Sexp_variables

$Variables:
(
		0		"autoGenVar1"		"Passenger Vessel"		"string"
		1		"autoGenVar2"		"Recovery Craft"		"string"
		2		"autoGenVar3"		"#Command"		"string"
		3		"autoGenVar4"		"#Tau Sigma Station"		"string"
)

#Command Briefing

$Stage Text:
 XSTR("Tau Sigma 2372
Tau Sigma Station
The Hunt for the Nyarlathotep

It has been six days since the SD Nyarlathotep sprang to life and carved its way out of its holding docks at Tau Sigma Station. Even with full patrols scouring Tau Sigma, there is no sign of the superdestroyer or the SCv Tsathoggua, the corvette that assisted its escape. Even with the many navigation and scanning beacons added to the system in recent weeks, finding an object 3,000 metres long in a star system many millions of kilometres across is nearly an impossible task.", 6329)
$end_multi_text
$Ani Filename: <default>
+Wave Filename: dl23_cb1.ogg

$Stage Text:
 XSTR("Superdestroyer Assessment

It is difficult to stress the severity of the situation. The Nyarlathotep is a Shivan Lucifer-class destroyer, the same type of vessel that rendered the surface of Vasuda Prime uninhabitable almost forty years ago. While considerably smaller than the Sathanas-class juggernauts, the Nyarlathotep wields only slightly less firepower. In battle simulations from the information we gathered, we now know that the much larger GTVA Colossus would only have had a 22% chance of surviving an encounter with a this vessel. While the point is now moot, the reason for our full alert status is anything but.", 6330)
$end_multi_text
$Ani Filename: <default>
+Wave Filename: dl23_cb2.ogg

$Stage Text:
 XSTR("Tau Sigma Civilians

The GTD Valhalla is moving to Tau Sigma to take command and coordinate the search for the Nyarlathotep and Tsathoggua. In the meantime, we are attempting to evacuate any civilian personnel from the system. This is inclusive of any of the pirate groups that have been causing us problems over the past several months. If they ask for assistance, we are under orders to help them. However, they may not be as willing to believe that as you are.", 6331)
$end_multi_text
$Ani Filename: <default>
+Wave Filename: dl23_cb3.ogg

$Stage Text:
 XSTR("Morgan Technologies

There is also the other variable: The Morgan Technologies destroyer Auriga is also a credible threat in the system, and at present we do not know if she will be willing to cooperate in our efforts against this new Shivan problem. This is a complex fight, pilot. We will be carrying out the evacuation operations while also searching for the Shivans. Get ready pilots, we are going to need all of your skills on this one.", 6332)
$end_multi_text
$Ani Filename: <default>
+Wave Filename: dl23_cb4.ogg

#Briefing
$start_briefing
$num_stages: 6
$start_stage
$multi_text
 XSTR("Alright, $f Alpha, listen up! We have a potentially explosive situation developing near $b Tau $b Sigma $b 3.", 6333)
$end_multi_text
$voice: dl23_b1.ogg
$camera_pos: -364.510742, 4938.601074, 5276.657715
$camera_orient:
	0.649503, -0.000001, -0.760359,
	0.736591, 0.248075, 0.629200,
	0.188625, -0.968741, 0.161126
$camera_time: 1000
$num_lines: 0
$num_icons: 1
$Flags: 0
$Formula: ( true ) 
$start_icon
$type: 7
$team: Friendly
$class: GTF Ulysses
$pos: 609.192200, 0.004257, 5940.637207
$label: XSTR("Tau Sigma 3", 6334)
+id: 1
$hlight: 0
$mirror: 0
$multi_text
$end_multi_text
$end_icon
$end_stage
$start_stage
$multi_text
 XSTR("A small band of $r pirates hijacked a civilian transport, the $b CPV $b Atlantica as it briefly emerged from subspace near $b Tau $b Sigma $b 3 - due to the planet's gravitational interference on subspace motivators. The pirates demanded asylum with the $g GTVA from the $r Shivans and from the $r Morgan forces active in the area.", 6335)
$end_multi_text
$voice: dl23_b2.ogg
$camera_pos: -670.695007, 3179.593262, 6142.283691
$camera_orient:
	0.649503, -0.000001, -0.760359,
	0.736591, 0.248075, 0.629200,
	0.188625, -0.968741, 0.161126
$camera_time: 1000
$num_lines: 0
$num_icons: 3
$Flags: 0
$Formula: ( true ) 
$start_icon
$type: 7
$team: Friendly
$class: GTF Ulysses
$pos: 609.192200, 0.004257, 5940.637207
$label: XSTR("Tau Sigma 3", 6334)
+id: 1
$hlight: 0
$mirror: 0
$multi_text
$end_multi_text
$end_icon
$start_icon
$type: 18
$team: Friendly
$class: GTM Hippocrates
$pos: -81.858871, 0.000329, 6716.159668
$label: XSTR("Atlantica", 6336)
+id: 3
$hlight: 0
$mirror: 0
$multi_text
$end_multi_text
$end_icon
$start_icon
$type: 1
$team: Hostile
$class: GTF Perseus
$pos: -680.183472, 0.000268, 7226.434570
$label: XSTR("Pirates", 4508)
+id: 4
$hlight: 0
$mirror: 0
$multi_text
$end_multi_text
$end_icon
$end_stage
$start_stage
$multi_text
 XSTR("Negotiations with the $r pirates have failed and now $g Command has requested that the best fighter wing on the $f Station be sent to sort out this mess. That's where you come in, $g Alpha.", 6337)
$end_multi_text
$voice: dl23_b3.ogg
$camera_pos: -713.847839, 3340.769043, 6105.420898
$camera_orient:
	0.649503, -0.000001, -0.760359,
	0.736591, 0.248075, 0.629200,
	0.188625, -0.968741, 0.161126
$camera_time: 1000
$num_lines: 0
$num_icons: 4
$Flags: 0
$Formula: ( true ) 
$start_icon
$type: 7
$team: Friendly
$class: GTF Ulysses
$pos: 609.192200, 0.004257, 5940.637207
$label: XSTR("Tau Sigma 3", 6334)
+id: 1
$hlight: 0
$mirror: 0
$multi_text
$end_multi_text
$end_icon
$start_icon
$type: 18
$team: Friendly
$class: GTM Hippocrates
$pos: -185.281418, 0.000165, 6823.972656
$label: XSTR("Atlantica", 6336)
+id: 3
$hlight: 0
$mirror: 0
$multi_text
$end_multi_text
$end_icon
$start_icon
$type: 1
$team: Hostile
$class: GTF Perseus
$pos: -493.984406, 0.000169, 7513.321777
$label: XSTR("Pirates", 4508)
+id: 4
$hlight: 0
$mirror: 0
$multi_text
$end_multi_text
$end_icon
$start_icon
$type: 1
$team: Friendly
$class: GTF Perseus
$pos: -435.081665, 0.000119, 6375.775879
$label: XSTR("Alpha", 4501)
+id: 5
$hlight: 0
$mirror: 0
$multi_text
$end_multi_text
$end_icon
$end_stage
$start_stage
$multi_text
 XSTR("The situation must be resolved as quickly as possible with the minimum of civilian casualties. However, due to the fact that the $r pirates have made no hostile actions beyond stopping the $b Atlantica, and the possibilty of help from the $r pirate groups in $b Tau $b Sigma in combating the $r Shivans, $g Command has requested that the $r pirates be disabled, not destroyed. Your fighters have been equipped with $b Akheton $b SDGs to make this possible.", 6338)
$end_multi_text
$voice: dl23_b4.ogg
$camera_pos: -482.428223, 1809.293945, 6382.448730
$camera_orient:
	0.609211, -0.000001, 0.793008,
	-0.790402, 0.081011, 0.607209,
	-0.064243, -0.996713, 0.049352
$camera_time: 1000
$num_lines: 0
$num_icons: 4
$Flags: 0
$Formula: ( true ) 
$start_icon
$type: 7
$team: Friendly
$class: GTF Ulysses
$pos: 609.192200, 0.004257, 5940.637207
$label: XSTR("Tau Sigma 3", 6334)
+id: 1
$hlight: 0
$mirror: 0
$multi_text
$end_multi_text
$end_icon
$start_icon
$type: 18
$team: Friendly
$class: GTM Hippocrates
$pos: -277.212708, 0.000118, 6782.982422
$label: XSTR("Atlantica", 6336)
+id: 3
$hlight: 0
$mirror: 0
$multi_text
$end_multi_text
$end_icon
$start_icon
$type: 1
$team: Hostile
$class: GTF Perseus
$pos: -605.226563, -0.000125, 6608.735352
$label: XSTR("Gold", 6339)
+id: 4
$hlight: 0
$mirror: 0
$multi_text
$end_multi_text
$end_icon
$start_icon
$type: 1
$team: Friendly
$class: GTF Perseus
$pos: -862.001160, -0.000030, 6081.884766
$label: XSTR("Alpha", 4501)
+id: 5
$hlight: 0
$mirror: 0
$multi_text
$end_multi_text
$end_icon
$end_stage
$start_stage
$multi_text
 XSTR("In the event that further $r pirate reinforcements arrive, you will be notified as to how to deal with them. If in doubt, apply only necessary force.", 6340)
$end_multi_text
$voice: dl23_b5.ogg
$camera_pos: -630.121033, 1824.431274, 6495.909668
$camera_orient:
	0.609211, -0.000001, 0.793008,
	-0.790402, 0.081011, 0.607209,
	-0.064243, -0.996713, 0.049352
$camera_time: 1000
$num_lines: 0
$num_icons: 5
$Flags: 0
$Formula: ( true ) 
$start_icon
$type: 7
$team: Friendly
$class: GTF Ulysses
$pos: 609.192200, 0.004257, 5940.637207
$label: XSTR("Tau Sigma 3", 6334)
+id: 1
$hlight: 0
$mirror: 0
$multi_text
$end_multi_text
$end_icon
$start_icon
$type: 18
$team: Friendly
$class: GTM Hippocrates
$pos: -277.212708, 0.000118, 6782.982422
$label: XSTR("Atlantica", 6336)
+id: 3
$hlight: 0
$mirror: 0
$multi_text
$end_multi_text
$end_icon
$start_icon
$type: 1
$team: Hostile
$class: GTF Perseus
$pos: -605.226563, -0.000125, 6608.735352
$label: XSTR("Gold", 6339)
+id: 4
$hlight: 0
$mirror: 0
$multi_text
$end_multi_text
$end_icon
$start_icon
$type: 1
$team: Friendly
$class: GTF Perseus
$pos: -862.001160, -0.000030, 6081.884766
$label: XSTR("Alpha", 4501)
+id: 5
$hlight: 0
$mirror: 0
$multi_text
$end_multi_text
$end_icon
$start_icon
$type: 1
$team: Hostile
$class: GTF Hercules
$pos: -662.829224, -0.000400, 6987.151855
$label: XSTR("Reinforcements", 6341)
+id: 6
$hlight: 0
$mirror: 0
$multi_text
$end_multi_text
$end_icon
$end_stage
$start_stage
$multi_text
 XSTR("Finally, a word of warning.  The gravitational pull of the planet will pull any vessel in close proximity of the planet out of subspace. This includes $r Shivan, $r Morgan and $r pirate ships, as well as friendly vessels. The $b Atlantica will also have to put some distance between itself and the planet before jumping back to $f Tau $f Sigma $f Station. You will be required to protect the $b Atlantica as she prepares to jump. Watch her, she's a vulnerable vessel, and is carrying approximately one thousand civilians.", 6342)
$end_multi_text
$voice: dl23_b6.ogg
$camera_pos: -646.283569, 4212.995605, 6778.837402
$camera_orient:
	0.694912, -0.000001, -0.719095,
	0.716732, 0.081011, 0.692627,
	0.058254, -0.996713, 0.056296
$camera_time: 1000
$num_lines: 0
$num_icons: 4
$Flags: 0
$Formula: ( true ) 
$start_icon
$type: 7
$team: Friendly
$class: GTF Ulysses
$pos: 609.192200, 0.004257, 5940.637207
$label: XSTR("Tau Sigma 3", 6334)
+id: 1
$hlight: 0
$mirror: 0
$multi_text
$end_multi_text
$end_icon
$start_icon
$type: 18
$team: Friendly
$class: GTM Hippocrates
$pos: -1377.956299, -0.000139, 7916.721191
$label: XSTR("Atlantica", 6336)
+id: 3
$hlight: 0
$mirror: 0
$multi_text
$end_multi_text
$end_icon
$start_icon
$type: 21
$team: Hostile
$class: GTF Perseus
$pos: -253.958694, -0.000141, 7147.127441
$label: XSTR("Other hostiles?", 6343)
+id: 4
$hlight: 0
$mirror: 0
$multi_text
$end_multi_text
$end_icon
$start_icon
$type: 1
$team: Friendly
$class: GTF Perseus
$pos: -1397.336060, -0.000090, 7315.620117
$label: XSTR("Alpha", 4501)
+id: 5
$hlight: 0
$mirror: 0
$multi_text
$end_multi_text
$end_icon
$end_stage
$end_briefing

#Debriefing_info

$Num stages: 7

$Formula: ( is-event-true-delay "GoldDown" 0 ) 
$Multi text
    XSTR("Alpha, you disobeyed direct mission orders and destroyed the pirate fighters! They were inferior to your own and would have stood little chance against you. This act has damaged the truce agreement between the GTVA and pirate factions more than you may realise.

Since it appears that we cannot trust you to stick to your orders, you are hereby grounded until further notice. We're loathe to lose valuable pilots at a time like this, but we'd rather the few and competent than the many and disobedient. Dismissed.", 6344)
$end_multi_text
$Voice: dl23_db1.ogg
$Recommendation text:
    XSTR("", 3307)
$end_multi_text

$Formula: ( and 
   ( is-goal-true-delay 
      "Rescue Atlantica" 
      0 
   )
   ( is-event-true-delay 
      "Alpha requests RTB" 
      0 
   )
)
$Multi text
    XSTR("Excellent work, Alpha wing! The CPV Atlantica escaped the area safely despite attention from additional pirates and from the Shivans. It is a testament to your flying skills that you protected such a vulnerable vessel from an onslaught like that. The crew and passengers of the Atlantica are grateful for your efforts. It seems that this success has improved public support for the GTVA around here a little.", 6345)
$end_multi_text
$Voice: dl23_db2.ogg
$Recommendation text:
    XSTR("", 3307)
$end_multi_text

$Formula: ( and 
   ( is-goal-true-delay "Recovery Op" 0 ) 
   ( is-event-true-delay 
      "Alpha requests RTB" 
      0 
   )
)
$Multi text
    XSTR("The pirates who were saved by Hauler wing also thanked the GTVA forces for saving them from the Station's brig. You can even go visit them if you like. It looks like this little piece of humanitarianism is  going to help the GTVA's efforts to form a truce with the pirates quite a bit.", 6346)
$end_multi_text
$Voice: dl23_db3.ogg
$Recommendation text:
    XSTR("", 3307)
$end_multi_text

$Formula: ( and 
   ( is-goal-false-delay 
      "Rescue Atlantica" 
      0 
   )
   ( is-event-true-delay 
      "Alpha requests RTB" 
      0 
   )
)
$Multi text
    XSTR("The CPV Atlantica and her 1,196 passengers perished during the attack by the Shivans. This is truly a sad loss. The Shivans hit us hard out there, but a pilot of your calibre should have known what to do to fend off such an attack.", 6347)
$end_multi_text
$Voice: dl23_db4.ogg
$Recommendation text:
    XSTR("Don't be distracted by craft that do not threaten mission critical craft directly.  Use your wingmen to assist in your protection efforts.", 6348)
$end_multi_text

$Formula: ( and 
   ( is-goal-false-delay "Recovery Op" 0 ) 
   ( is-event-true-delay 
      "Alpha requests RTB" 
      0 
   )
)
$Multi text
    XSTR("The disabled pirate fighters were destroyed, along with our recovery craft. Command acknowledges that this was not your primary objective, but protecting Hauler group was a seemingly easy task.", 6349)
$end_multi_text
$Voice: dl23_db5.ogg
$Recommendation text:
    XSTR("Pisces wing will attack the Haulers if Alpha and Delta are not threatening them enough.", 6350)
$end_multi_text

$Formula: ( is-event-true-delay 
   "Alpha requests RTB" 
   0 
)
$Multi text
    XSTR("Shivan sightings and engagements are increasing in Tau Sigma. It appears that we will have to begin a concerted effort to track down the Nyarlathotep.", 6351)
$end_multi_text
$Voice: dl23_db6.ogg
$Recommendation text:
    XSTR("", 3307)
$end_multi_text

$Formula: ( and 
   ( is-event-false-delay 
      "Alpha requests RTB" 
      0 
   )
   ( is-event-false-delay "GoldDown" 0 ) 
)
$Multi text
    XSTR("You did not have authorisation to return to base, pilot. Your actions jeopardised the lives of those involved in this mission and the GTVA's objectives in this theatre. Desertion is grounds for a court martial, and you are confined to quarters pending your preliminary hearing. Until a military court decides otherwise, you are hereby stripped of your wings and all privileges bestowed upon you as an officer of the Galactic Terran-Vasudan Alliance.", 4516)
$end_multi_text
$Voice: dl_des1.ogg
$Recommendation text:
    XSTR("Do not depart until told to do so.", 4517)
$end_multi_text


#Players		;! 1 total

$Starting Shipname: Alpha 1
$Ship Choices: (
	"GTF Hercules Mark II"	4
	"GTF Perseus"	1
	"GTF Myrmidon"	5
)

+Weaponry Pool: (
	"Subach HL-7"	16
	"Akheton SDG"	14
	"Morning Star"	8
	"Prometheus R"	12
	"Prometheus S"	12
	"Circe"	2
	"Lamprey"	4
	"Rockeye"	60
	"Tempest"	400
	"Hornet"	200
	"Tornado"	75
	"Harpoon"	168
	"Stiletto II"	26
)

#Objects		;! 34 total

$Name: Alpha 1		;! Object #0
$Display Name: XSTR("Alpha 1", 4518)
$Class: GTF Perseus
$Team: Friendly
$Location: -1919.894043, -908.799988, -758.297729
$Orientation:
	0.938128, 0.000000, -0.346288,
	-0.045995, 0.991140, -0.124604,
	0.343220, 0.132822, 0.929816
$AI Behavior: None
$Cargo 1:  XSTR("Nothing", 4519)
+Initial Hull: 100
+Subsystem: Pilot
+Primary Banks: ( "Prometheus S" "Akheton SDG" )
+Secondary Banks: ( "Harpoon" "Harpoon" )
$Arrival Location: Hyperspace
$Arrival Cue: ( false ) 
$Departure Location: Hyperspace
$Departure Cue: ( false ) 
$Determination: 10
+Flags: ( "cargo-known" "player-start" )
+Flags2: ( )
+Respawn priority: 0
+Orders Accepted: 33023		;! note that this is a bitfield!!!
+Group: 0
+Score: 8

$Name: Alpha 2		;! Object #1
$Display Name: XSTR("Alpha 2", 4520)
$Class: GTF Perseus
$Team: Friendly
$Location: -1851.699951, -908.799988, -808.200012
$Orientation:
	0.942196, 0.000000, -0.335062,
	-0.044351, 0.991201, -0.124717,
	0.332114, 0.132368, 0.933905
$AI Behavior: None
$AI Goals: ( goals ( ai-disable-ship "Gold 2" 70 ) ( ai-disable-ship "Gold 3" 60 ) ( ai-disable-ship "Gold 4" 60 ) ( ai-disable-ship "Gold 1" 60 ) ( ai-guard "Atlantica" 55 ) )
$Cargo 1:  XSTR("Nothing", 4519)
+Initial Velocity: 33
+Initial Hull: 100
+Subsystem: Pilot
+Primary Banks: ( "Prometheus S" "Akheton SDG" )
+Secondary Banks: ( "Harpoon" "Harpoon" )
$Arrival Location: Hyperspace
$Arrival Cue: ( false ) 
$Departure Location: Hyperspace
$Departure Cue: ( false ) 
$Determination: 10
+Flags: ( "cargo-known" )
+Flags2: ( )
+Respawn priority: 0
+Orders Accepted: 33023		;! note that this is a bitfield!!!
+Group: 0
+Use Table Score:
+Score: 14

$Name: Alpha 3		;! Object #2
$Display Name: XSTR("Alpha 3", 4521)
$Class: GTF Perseus
$Team: Friendly
$Location: -1967.338623, -908.800110, -808.200012
$Orientation:
	0.936743, 0.000000, -0.350017,
	-0.046068, 0.991301, -0.123290,
	0.346972, 0.131615, 0.928595
$AI Behavior: None
$AI Goals: ( goals ( ai-disable-ship "Gold 3" 70 ) ( ai-disable-ship "Gold 4" 60 ) ( ai-disable-ship "Gold 1" 60 ) ( ai-disable-ship "Gold 2" 60 ) ( ai-guard "Atlantica" 55 ) )
$Cargo 1:  XSTR("Nothing", 4519)
+Initial Velocity: 33
+Initial Hull: 100
+Subsystem: Pilot
+Primary Banks: ( "Prometheus S" "Akheton SDG" )
+Secondary Banks: ( "Harpoon" "Harpoon" )
$Arrival Location: Hyperspace
$Arrival Cue: ( false ) 
$Departure Location: Hyperspace
$Departure Cue: ( false ) 
$Determination: 10
+Flags: ( "cargo-known" )
+Flags2: ( )
+Respawn priority: 0
+Orders Accepted: 33023		;! note that this is a bitfield!!!
+Group: 0
+Use Table Score:
+Score: 14

$Name: Alpha 4		;! Object #3
$Display Name: XSTR("Alpha 4", 4522)
$Class: GTF Perseus
$Team: Friendly
$Location: -1905.538574, -908.799988, -855.273804
$Orientation:
	0.940479, 0.000000, -0.339853,
	-0.044583, 0.991358, -0.123376,
	0.336916, 0.131184, 0.932351
$AI Behavior: None
$AI Goals: ( goals ( ai-disable-ship "Gold 4" 70 ) ( ai-disable-ship "Gold 1" 60 ) ( ai-disable-ship "Gold 2" 60 ) ( ai-disable-ship "Gold 3" 60 ) ( ai-guard "Atlantica" 55 ) )
$Cargo 1:  XSTR("Nothing", 4519)
+Initial Velocity: 33
+Initial Hull: 100
+Subsystem: Pilot
+Primary Banks: ( "Prometheus S" "Akheton SDG" )
+Secondary Banks: ( "Harpoon" "Harpoon" )
$Arrival Location: Hyperspace
$Arrival Cue: ( false ) 
$Departure Location: Hyperspace
$Departure Cue: ( false ) 
$Determination: 10
+Flags: ( "cargo-known" )
+Flags2: ( )
+Respawn priority: 0
+Orders Accepted: 33023		;! note that this is a bitfield!!!
+Group: 0
+Use Table Score:
+Score: 14

$Name: Atlantica		;! Object #4
$Display Name: XSTR("Atlantica", 6336)
$Class: GTM Hippocrates

$Team: Friendly
$Location: 428.495880, -0.000209, 5603.725098
$Orientation:
	-0.542149, -0.443859, 0.713488,
	-0.085331, 0.873796, 0.478747,
	-0.835939, 0.198669, -0.511603
$AI Behavior: None
$Cargo 1:  XSTR("Nothing", 4519)
+Initial Velocity: 33
+Initial Hull: 100
+Initial Shields: 100
+Subsystem: Pilot
+Subsystem: turret01
+Subsystem: turret02
+Subsystem: turret03
+Subsystem: turret04
+Subsystem: turret05
$Arrival Location: Hyperspace
$Arrival Cue: ( true ) 
$Departure Location: Hyperspace
$Departure Cue: ( or 
   ( are-waypoints-done-delay 
      "Atlantica" 
      "Atlanesc" 
      0 
   )
   ( destroyed-or-departed-delay 
      14 
      "Virgo" 
      "Capricorn" 
      "Pisces" 
   )
)
$Determination: 10
+Flags: ( "cargo-known" "protect-ship" "no-shields" "escort" )
+Flags2: ( )
+Respawn priority: 0
+Escort priority: 90
+Orders Accepted: 0		;! note that this is a bitfield!!!
+Group: 0
+Use Table Score:
+Score: 100

$Name: Gold 1		;! Object #5
$Display Name: XSTR("Gold 1", 5167)
$Class: GTF Perseus
$Team: Neutral
$Location: 381.399994, 516.200012, 5580.299805
$Orientation:
	-0.817453, 0.000000, -0.575996,
	0.425646, 0.673735, -0.604076,
	0.388069, -0.738973, -0.550746
$AI Behavior: None
+AI Class: Lieutenant
$Cargo 1:  XSTR("Nothing", 4519)
+Initial Hull: 100
+Subsystem: Pilot
+Primary Banks: ( "Subach HL-7" "" )
+Secondary Banks: ( "Harpoon#Weak" "Tempest" )
$Arrival Location: Hyperspace
$Arrival Cue: ( false ) 
$Departure Location: Hyperspace
$Departure Cue: ( false ) 
$Determination: 10
+Flags: ( "cargo-known" )
+Flags2: ( )
+Respawn priority: 0
+Orders Accepted: 0		;! note that this is a bitfield!!!
+Group: 0
+Score: 10

$Name: Gold 2		;! Object #6
$Display Name: XSTR("Gold 2", 5168)
$Class: GTF Perseus
$Team: Neutral
$Location: 654.067505, 0.000184, 5179.222656
$Orientation:
	0.813239, 0.000000, 0.581931,
	-0.425072, 0.682965, 0.594031,
	-0.397438, -0.730451, 0.555414
$AI Behavior: None
+AI Class: Lieutenant
$Cargo 1:  XSTR("Nothing", 4519)
+Initial Hull: 100
+Subsystem: Pilot
+Primary Banks: ( "Subach HL-7" "" )
+Secondary Banks: ( "Harpoon#Weak" "Tempest" )
$Arrival Location: Hyperspace
$Arrival Cue: ( false ) 
$Departure Location: Hyperspace
$Departure Cue: ( false ) 
$Determination: 10
+Flags: ( "cargo-known" )
+Flags2: ( )
+Respawn priority: 0
+Orders Accepted: 0		;! note that this is a bitfield!!!
+Group: 0
+Score: 10

$Name: Gold 3		;! Object #7
$Display Name: XSTR("Gold 3", 5169)
$Class: GTF Perseus
$Team: Neutral
$Location: 382.299988, -496.600006, 5573.200195
$Orientation:
	0.730868, 0.000000, 0.682518,
	0.566834, 0.557012, -0.606989,
	-0.380171, 0.830504, 0.407103
$AI Behavior: None
+AI Class: Lieutenant
$Cargo 1:  XSTR("Nothing", 4519)
+Initial Hull: 100
+Subsystem: Pilot
+Primary Banks: ( "Subach HL-7" "" )
+Secondary Banks: ( "Harpoon#Weak" "Tempest" )
$Arrival Location: Hyperspace
$Arrival Cue: ( false ) 
$Departure Location: Hyperspace
$Departure Cue: ( false ) 
$Determination: 10
+Flags: ( "cargo-known" )
+Flags2: ( )
+Respawn priority: 0
+Orders Accepted: 0		;! note that this is a bitfield!!!
+Group: 0
+Score: 10

$Name: Gold 4		;! Object #8
$Display Name: XSTR("Gold 4", 5727)
$Class: GTF Perseus
$Team: Neutral
$Location: 72.117378, 120.199928, 5911.352539
$Orientation:
	-0.723809, 0.000000, -0.690000,
	-0.480642, 0.717476, 0.504193,
	0.495059, 0.696583, -0.519316
$AI Behavior: None
+AI Class: Lieutenant
$Cargo 1:  XSTR("Nothing", 4519)
+Initial Hull: 100
+Subsystem: Pilot
+Primary Banks: ( "Subach HL-7" "" )
+Secondary Banks: ( "Harpoon#Weak" "Tempest" )
$Arrival Location: Hyperspace
$Arrival Cue: ( false ) 
$Departure Location: Hyperspace
$Departure Cue: ( false ) 
$Determination: 10
+Flags: ( "cargo-known" )
+Flags2: ( )
+Respawn priority: 0
+Orders Accepted: 0		;! note that this is a bitfield!!!
+Group: 0
+Score: 10

$Name: Benedict		;! Object #9
$Display Name: XSTR("Benedict", 6352)
$Class: GTFR Triton
$Team: Friendly
$Location: 1115.031372, -3584.394287, 11286.970703
$Orientation:
	0.955186, -0.000001, 0.296008,
	0.295963, 0.017289, -0.955043,
	-0.005117, 0.999851, 0.016515
$AI Behavior: None
$AI Goals: ( goals ( ai-waypoints-once "Freightpath" 70 ) )
$Cargo 1:  XSTR("Nothing", 4519)
+Initial Velocity: 33
+Initial Hull: 100
+Initial Shields: 100
+Subsystem: Pilot
+Subsystem: turret01
+Subsystem: turret02
$Arrival Location: Hyperspace
$Arrival Cue: ( has-time-elapsed 10 ) 
$Departure Location: Hyperspace
$Departure Cue: ( are-waypoints-done-delay 
   "Benedict" 
   "Freightpath" 
   0 
)
$Determination: 10
+Flags: ( "cargo-known" "no-shields" )
+Flags2: ( )
+Respawn priority: 0
+Orders Accepted: 0		;! note that this is a bitfield!!!
+Group: 0
+Use Table Score:
+Score: 20

$Name: TC-TRI #10		;! Object #10
$Display Name: XSTR("TC-TRI", 4318)
$Class: TC-TRI
$Team: Friendly
$Location: 1116.622803, -3393.274902, 11279.490234
$Orientation:
	0.955237, 0.000006, 0.295843,
	0.295799, 0.017181, -0.955096,
	-0.005089, 0.999853, 0.016411
$AI Behavior: None
$Cargo 1:  XSTR("High-grade Ore", 6353)
+Initial Velocity: 33
+Initial Hull: 100
+Initial Shields: 100
+Subsystem: Pilot
$Arrival Location: Hyperspace
$Arrival Cue: ( false ) 
$Departure Location: Hyperspace
$Departure Cue: ( false ) 
$Determination: 10
+Flags: ( "cargo-known" "no-shields" )
+Flags2: ( )
+Respawn priority: 0
+Docked With: Benedict
$Docker Point: Cargo Dock01
$Dockee Point: Cargo Dockpoint
+Group: 0
+Use Table Score:
+Score: 0

$Name: Virgo 1		;! Object #11
$Display Name: XSTR("Virgo 1", 6354)
$Class: SF Dragon
$Team: Hostile
$Location: -1136.341431, 2148.565918, 11046.181641
$Orientation:
	0.090672, 0.000000, -0.995881,
	-0.360126, 0.932328, -0.032788,
	0.928487, 0.361616, 0.084536
$AI Behavior: None
$Cargo 1:  XSTR("Nothing", 4519)
+Initial Velocity: 33
+Subsystem: Pilot
+Primary Banks: ( "Shivan Mega Laser" "Shivan Mega Laser" )
$Arrival Location: Hyperspace
$Arrival Cue: ( false ) 
$Departure Location: Hyperspace
$Departure Cue: ( false ) 
$Determination: 10
+Flags: ( )
+Flags2: ( )
+Respawn priority: 0
+Orders Accepted: 0		;! note that this is a bitfield!!!
+Group: 0
+Use Table Score:
+Score: 16

$Name: Virgo 2		;! Object #12
$Display Name: XSTR("Virgo 2", 6355)
$Class: SF Dragon
$Team: Hostile
$Location: -1259.822754, 2104.781006, 11157.441406
$Orientation:
	0.090672, 0.000000, -0.995881,
	-0.360126, 0.932327, -0.032788,
	0.928487, 0.361615, 0.084536
$AI Behavior: None
$Cargo 1:  XSTR("Nothing", 4519)
+Initial Velocity: 33
+Subsystem: Pilot
+Primary Banks: ( "Shivan Mega Laser" "Shivan Mega Laser" )
$Arrival Location: Hyperspace
$Arrival Cue: ( false ) 
$Departure Location: Hyperspace
$Departure Cue: ( false ) 
$Determination: 10
+Flags: ( )
+Flags2: ( )
+Respawn priority: 0
+Orders Accepted: 0		;! note that this is a bitfield!!!
+Group: 0
+Use Table Score:
+Score: 16

$Name: Virgo 3		;! Object #13
$Display Name: XSTR("Virgo 3", 6356)
$Class: SF Dragon
$Team: Hostile
$Location: -1281.672729, 2085.942627, 10861.743164
$Orientation:
	0.090672, 0.000000, -0.995881,
	-0.360126, 0.932327, -0.032788,
	0.928487, 0.361615, 0.084536
$AI Behavior: None
$Cargo 1:  XSTR("Nothing", 4519)
+Initial Velocity: 33
+Subsystem: Pilot
+Primary Banks: ( "Shivan Mega Laser" "Shivan Mega Laser" )
$Arrival Location: Hyperspace
$Arrival Cue: ( false ) 
$Departure Location: Hyperspace
$Departure Cue: ( false ) 
$Determination: 10
+Flags: ( )
+Flags2: ( )
+Respawn priority: 0
+Orders Accepted: 0		;! note that this is a bitfield!!!
+Group: 0
+Use Table Score:
+Score: 16

$Name: Virgo 4		;! Object #14
$Display Name: XSTR("Virgo 4", 6357)
$Class: SF Dragon
$Team: Hostile
$Location: -1402.915894, 2043.227539, 10978.822266
$Orientation:
	0.090672, 0.000000, -0.995881,
	-0.360126, 0.932327, -0.032788,
	0.928487, 0.361615, 0.084536
$AI Behavior: None
$Cargo 1:  XSTR("Nothing", 4519)
+Initial Velocity: 33
+Subsystem: Pilot
+Primary Banks: ( "Shivan Mega Laser" "Shivan Mega Laser" )
$Arrival Location: Hyperspace
$Arrival Cue: ( false ) 
$Departure Location: Hyperspace
$Departure Cue: ( false ) 
$Determination: 10
+Flags: ( )
+Flags2: ( )
+Respawn priority: 0
+Orders Accepted: 0		;! note that this is a bitfield!!!
+Group: 0
+Use Table Score:
+Score: 16

$Name: Capricorn 1		;! Object #15
$Display Name: XSTR("Capricorn 1", 6249)
$Class: SB Nahema
$Team: Hostile
$Location: 4666.103027, 3837.025635, 9149.406250
$Orientation:
	-0.818735, 0.000000, 0.574172,
	0.000000, 1.000000, 0.000000,
	-0.574172, 0.000000, -0.818735
$AI Behavior: None
$Cargo 1:  XSTR("Nothing", 4519)
+Initial Velocity: 33
+Initial Hull: 100
+Subsystem: Pilot
+Primary Banks: ( "Shivan Light Laser" "Shivan Light Laser" )
+Secondary Banks: ( "Harpoon#Shivan" "Shivan Bomb" "Shivan Bomb" )
$Arrival Location: Hyperspace
$Arrival Cue: ( false ) 
$Departure Location: Hyperspace
$Departure Cue: ( false ) 
$Determination: 10
+Flags: ( )
+Flags2: ( )
+Respawn priority: 0
+Orders Accepted: 0		;! note that this is a bitfield!!!
+Group: 0
+Use Table Score:
+Score: 14

$Name: Capricorn 2		;! Object #16
$Display Name: XSTR("Capricorn 2", 6250)
$Class: SB Nahema
$Team: Hostile
$Location: 5017.310059, 3837.025879, 9191.433594
$Orientation:
	-0.818735, 0.000000, 0.574172,
	0.000000, 1.000000, 0.000000,
	-0.574172, 0.000000, -0.818735
$AI Behavior: None
$Cargo 1:  XSTR("Nothing", 4519)
+Initial Velocity: 33
+Initial Hull: 100
+Subsystem: Pilot
+Primary Banks: ( "Shivan Light Laser" "Shivan Light Laser" )
+Secondary Banks: ( "Harpoon#Shivan" "Shivan Bomb" "Shivan Bomb" )
$Arrival Location: Hyperspace
$Arrival Cue: ( false ) 
$Departure Location: Hyperspace
$Departure Cue: ( false ) 
$Determination: 10
+Flags: ( )
+Flags2: ( )
+Respawn priority: 0
+Orders Accepted: 0		;! note that this is a bitfield!!!
+Group: 0
+Use Table Score:
+Score: 14

$Name: Capricorn 3		;! Object #17
$Display Name: XSTR("Capricorn 3", 6251)
$Class: SB Nahema
$Team: Hostile
$Location: 4733.494629, 3859.243408, 9426.019531
$Orientation:
	-0.818735, 0.000000, 0.574172,
	0.000000, 1.000000, 0.000000,
	-0.574172, 0.000000, -0.818735
$AI Behavior: None
$Cargo 1:  XSTR("Nothing", 4519)
+Initial Velocity: 33
+Initial Hull: 100
+Subsystem: Pilot
+Primary Banks: ( "Shivan Light Laser" "Shivan Light Laser" )
+Secondary Banks: ( "Harpoon#Shivan" "Shivan Bomb" "Shivan Bomb" )
$Arrival Location: Hyperspace
$Arrival Cue: ( false ) 
$Departure Location: Hyperspace
$Departure Cue: ( false ) 
$Determination: 10
+Flags: ( )
+Flags2: ( )
+Respawn priority: 0
+Orders Accepted: 0		;! note that this is a bitfield!!!
+Group: 0
+Use Table Score:
+Score: 14

$Name: Pisces 1		;! Object #18
$Display Name: XSTR("Pisces 1", 6358)
$Class: SF Mara
$Team: Hostile
$Location: 3696.692139, -343.765869, -309.785889
$Orientation:
	0.471328, 0.000000, 0.881958,
	0.000000, 1.000000, 0.000000,
	-0.881958, 0.000000, 0.471328
$AI Behavior: None
$Cargo 1:  XSTR("Nothing", 4519)
+Initial Velocity: 33
+Initial Hull: 100
+Subsystem: Pilot
$Arrival Location: Hyperspace
$Arrival Cue: ( false ) 
$Departure Location: Hyperspace
$Departure Cue: ( false ) 
$Determination: 10
+Flags: ( )
+Flags2: ( )
+Respawn priority: 0
+Orders Accepted: 0		;! note that this is a bitfield!!!
+Group: 0
+Use Table Score:
+Score: 12

$Name: Pisces 2		;! Object #19
$Display Name: XSTR("Pisces 2", 6359)
$Class: SF Mara
$Team: Hostile
$Location: 3932.478516, -343.765991, -256.644196
$Orientation:
	0.471328, 0.000000, 0.881958,
	0.000000, 1.000000, 0.000000,
	-0.881958, 0.000000, 0.471328
$AI Behavior: None
$Cargo 1:  XSTR("Nothing", 4519)
+Initial Velocity: 33
+Initial Hull: 100
+Subsystem: Pilot
$Arrival Location: Hyperspace
$Arrival Cue: ( false ) 
$Departure Location: Hyperspace
$Departure Cue: ( false ) 
$Determination: 10
+Flags: ( )
+Flags2: ( )
+Respawn priority: 0
+Orders Accepted: 0		;! note that this is a bitfield!!!
+Group: 0
+Use Table Score:
+Score: 12

$Name: Pisces 3		;! Object #20
$Display Name: XSTR("Pisces 3", 6360)
$Class: SF Mara
$Team: Hostile
$Location: 3666.166748, -343.765991, -545.355713
$Orientation:
	0.471328, 0.000000, 0.881958,
	0.000000, 1.000000, 0.000000,
	-0.881958, 0.000000, 0.471328
$AI Behavior: None
$Cargo 1:  XSTR("Nothing", 4519)
+Initial Velocity: 33
+Initial Hull: 100
+Subsystem: Pilot
$Arrival Location: Hyperspace
$Arrival Cue: ( false ) 
$Departure Location: Hyperspace
$Departure Cue: ( false ) 
$Determination: 10
+Flags: ( )
+Flags2: ( )
+Respawn priority: 0
+Orders Accepted: 0		;! note that this is a bitfield!!!
+Group: 0
+Use Table Score:
+Score: 12

$Name: Pisces 4		;! Object #21
$Display Name: XSTR("Pisces 4", 6361)
$Class: SF Mara
$Team: Hostile
$Location: 3914.348633, -343.766052, -485.824982
$Orientation:
	0.471328, 0.000000, 0.881958,
	0.000000, 1.000000, 0.000000,
	-0.881958, 0.000000, 0.471328
$AI Behavior: None
$Cargo 1:  XSTR("Nothing", 4519)
+Initial Velocity: 33
+Initial Hull: 100
+Subsystem: Pilot
$Arrival Location: Hyperspace
$Arrival Cue: ( false ) 
$Departure Location: Hyperspace
$Departure Cue: ( false ) 
$Determination: 10
+Flags: ( )
+Flags2: ( )
+Respawn priority: 0
+Orders Accepted: 0		;! note that this is a bitfield!!!
+Group: 0
+Use Table Score:
+Score: 12

$Name: Green 1		;! Object #22
$Display Name: XSTR("Green 1", 5922)
$Class: GTB Artemis
$Team: Neutral
$Location: -2935.690674, 1290.378052, 6148.743652
$Orientation:
	-0.039194, 0.000000, -0.999232,
	0.000000, 1.000000, 0.000000,
	0.999232, 0.000000, -0.039194
$AI Behavior: None
$Cargo 1:  XSTR("Nothing", 4519)
+Initial Velocity: 33
+Initial Hull: 100
+Subsystem: Pilot
+Secondary Banks: ( "Hornet#Weak" "Tempest" "EMP Adv." )
$Arrival Location: Hyperspace
$Arrival Cue: ( false ) 
$Departure Location: Hyperspace
$Departure Cue: ( false ) 
$Determination: 10
+Flags: ( "cargo-known" )
+Flags2: ( )
+Respawn priority: 0
+Group: 0
+Use Table Score:
+Score: 10

$Name: Green 2		;! Object #23
$Display Name: XSTR("Green 2", 5923)
$Class: GTB Artemis
$Team: Neutral
$Location: -3062.847900, 1290.378296, 6258.179688
$Orientation:
	-0.039194, 0.000000, -0.999232,
	0.000000, 1.000000, 0.000000,
	0.999232, 0.000000, -0.039194
$AI Behavior: None
$Cargo 1:  XSTR("Nothing", 4519)
+Initial Velocity: 33
+Initial Hull: 100
+Subsystem: Pilot
+Secondary Banks: ( "Hornet#Weak" "Tempest" "EMP Adv." )
$Arrival Location: Hyperspace
$Arrival Cue: ( false ) 
$Departure Location: Hyperspace
$Departure Cue: ( false ) 
$Determination: 10
+Flags: ( "cargo-known" )
+Flags2: ( )
+Respawn priority: 0
+Group: 0
+Use Table Score:
+Score: 10

$Name: Green 3		;! Object #24
$Display Name: XSTR("Green 3", 5924)
$Class: GTB Artemis
$Team: Neutral
$Location: -3071.434570, 1290.378052, 6012.029297
$Orientation:
	-0.039194, 0.000000, -0.999232,
	0.000000, 1.000000, 0.000000,
	0.999232, 0.000000, -0.039194
$AI Behavior: None
$Cargo 1:  XSTR("Nothing", 4519)
+Initial Velocity: 33
+Initial Hull: 100
+Subsystem: Pilot
+Secondary Banks: ( "Hornet#Weak" "Tempest" "EMP Adv." )
$Arrival Location: Hyperspace
$Arrival Cue: ( false ) 
$Departure Location: Hyperspace
$Departure Cue: ( false ) 
$Determination: 10
+Flags: ( "cargo-known" )
+Flags2: ( )
+Respawn priority: 0
+Group: 0
+Use Table Score:
+Score: 10

$Name: Green 4		;! Object #25
$Display Name: XSTR("Green 4", 5925)
$Class: GTB Artemis
$Team: Neutral
$Location: -3185.481689, 1290.378174, 6137.703613
$Orientation:
	-0.039194, 0.000000, -0.999232,
	0.000000, 1.000000, 0.000000,
	0.999232, 0.000000, -0.039194
$AI Behavior: None
$Cargo 1:  XSTR("Nothing", 4519)
+Initial Velocity: 33
+Initial Hull: 100
+Subsystem: Pilot
+Secondary Banks: ( "Hornet#Weak" "Tempest" "EMP Adv." )
$Arrival Location: Hyperspace
$Arrival Cue: ( false ) 
$Departure Location: Hyperspace
$Departure Cue: ( false ) 
$Determination: 10
+Flags: ( "cargo-known" )
+Flags2: ( )
+Respawn priority: 0
+Group: 0
+Use Table Score:
+Score: 10

$Name: Delta 1		;! Object #26
$Display Name: XSTR("Delta 1", 5061)
$Class: GTF Hercules Mark II
$Team: Friendly
$Location: 2282.896729, -1027.688232, 3662.864014
$Orientation:
	0.605820, 0.000000, 0.795602,
	0.000000, 1.000000, 0.000000,
	-0.795602, 0.000000, 0.605820
$AI Behavior: None
$Cargo 1:  XSTR("Nothing", 4519)
+Initial Velocity: 33
+Initial Hull: 100
+Subsystem: Pilot
+Primary Banks: ( "Subach HL-7" "Prometheus S" )
$Arrival Location: Hyperspace
$Arrival Cue: ( false ) 
$Departure Location: Hyperspace
$Departure Cue: ( false ) 
$Determination: 10
+Flags: ( "cargo-known" )
+Flags2: ( )
+Respawn priority: 0
+Orders Accepted: 33023		;! note that this is a bitfield!!!
+Group: 0
+Use Table Score:
+Score: 12

$Name: Delta 2		;! Object #27
$Display Name: XSTR("Delta 2", 5062)
$Class: GTF Hercules Mark II
$Team: Friendly
$Location: 2432.407715, -1027.687988, 3698.327637
$Orientation:
	0.605820, 0.000000, 0.795602,
	0.000000, 1.000000, 0.000000,
	-0.795602, 0.000000, 0.605820
$AI Behavior: None
$Cargo 1:  XSTR("Nothing", 4519)
+Initial Velocity: 33
+Initial Hull: 100
+Subsystem: Pilot
+Primary Banks: ( "Subach HL-7" "Prometheus S" )
$Arrival Location: Hyperspace
$Arrival Cue: ( false ) 
$Departure Location: Hyperspace
$Departure Cue: ( false ) 
$Determination: 10
+Flags: ( "cargo-known" )
+Flags2: ( )
+Respawn priority: 0
+Orders Accepted: 33023		;! note that this is a bitfield!!!
+Group: 0
+Use Table Score:
+Score: 12

$Name: Delta 3		;! Object #28
$Display Name: XSTR("Delta 3", 5063)
$Class: GTF Hercules Mark II
$Team: Friendly
$Location: 2287.887695, -1027.688354, 3508.980225
$Orientation:
	0.605820, 0.000000, 0.795602,
	0.000000, 1.000000, 0.000000,
	-0.795602, 0.000000, 0.605820
$AI Behavior: None
$Cargo 1:  XSTR("Nothing", 4519)
+Initial Velocity: 33
+Initial Hull: 100
+Subsystem: Pilot
+Primary Banks: ( "Subach HL-7" "Prometheus S" )
$Arrival Location: Hyperspace
$Arrival Cue: ( false ) 
$Departure Location: Hyperspace
$Departure Cue: ( false ) 
$Determination: 10
+Flags: ( "cargo-known" )
+Flags2: ( )
+Respawn priority: 0
+Orders Accepted: 33023		;! note that this is a bitfield!!!
+Group: 0
+Use Table Score:
+Score: 12

$Name: Guard device		;! Object #29
$Display Name: XSTR("Guard device", 6362)
$Class: SJD Sathanas
$Team: Neutral
$Location: 236.249390, 0.002495, 5682.684082
$Orientation:
	1.000000, 0.000000, 0.000000,
	0.000000, 1.000000, 0.000000,
	0.000000, 0.000000, 1.000000
$AI Behavior: None
+AI Class: None
$Cargo 1:  XSTR("Nothing", 4519)
+Initial Velocity: 33
+Initial Hull: 100
+Initial Shields: 100
+Subsystem: Pilot
$Arrival Location: Hyperspace
$Arrival Cue: ( true ) 
$Departure Location: Hyperspace
$Departure Cue: ( false ) 
$Determination: 10
+Flags: ( "protect-ship" "no-shields" "invulnerable" "hidden-from-sensors" "beam-protect-ship" )
+Flags2: ( )
+Respawn priority: 0
+Group: 0
+Use Table Score:
+Score: 1

$Name: Hauler 1		;! Object #30
$Display Name: XSTR("Hauler 1", 6363)
$Class: GTS Hygeia

$Team: Friendly
$Location: -930.672974, 464.437988, 7384.074219
$Orientation:
	-0.895344, 0.000000, -0.445375,
	0.000000, 1.000000, 0.000000,
	0.445375, 0.000000, -0.895344
$AI Behavior: None
$AI Goals: ( goals ( ai-dock "Gold 3" "lower ring" "Fighter Dock" 60 ) ( ai-waypoints-once "Hauler out" 50 ) )
$Cargo 1:  XSTR("Nothing", 4519)
+Initial Velocity: 33
+Initial Hull: 100
+Subsystem: Pilot
$Arrival Location: Hyperspace
$Arrival Cue: ( is-event-true-delay 
   "Gold begs for mercy" 
   20 
)
$Departure Location: Hyperspace
$Departure Cue: ( or 
   ( are-waypoints-done-delay 
      "Hauler 1" 
      "Hauler out" 
      0 
   )
   ( destroyed-or-departed-delay 
      0 
      "Virgo" 
      "Capricorn" 
      "Pisces" 
   )
)
$Determination: 10
+Flags: ( "cargo-known" )
+Flags2: ( )
+Respawn priority: 0
+Orders Accepted: 0		;! note that this is a bitfield!!!
+Group: 0
+Use Table Score:
+Score: 15

$Name: Hauler 2		;! Object #31
$Display Name: XSTR("Hauler 2", 6364)
$Class: GTS Hygeia

$Team: Friendly
$Location: -881.974426, -511.767151, 7499.994141
$Orientation:
	-0.895344, 0.000000, -0.445375,
	0.000000, 1.000000, 0.000000,
	0.445375, 0.000000, -0.895344
$AI Behavior: None
$AI Goals: ( goals ( ai-dock "Gold 1" "lower ring" "Fighter Dock" 60 ) ( ai-waypoints-once "Hauler out" 50 ) )
$Cargo 1:  XSTR("Nothing", 4519)
+Initial Velocity: 33
+Initial Hull: 100
+Subsystem: Pilot
$Arrival Location: Hyperspace
$Arrival Cue: ( is-event-true-delay 
   "Gold begs for mercy" 
   20 
)
$Departure Location: Hyperspace
