#Mission Info

$Version: 0.10
$Name:  XSTR("Onslaught", 7897)
$Author: Kellan
$Created: 08/27/00 at 13:50:14
$Modified: 10/04/13 at 15:55:10
$Notes:
Created by Kellan, deciphered by BR five years later
$End Notes:

$Mission Desc:
 XSTR("The GTVA assault on the Nyarlathotep fleet falls into disarray.  Alpha wing is one of those dispatched to cover the retreat of as many vessels as possible.
", 7898)
$end_multi_text
+Game Type Flags: 1
+Flags: 8
+Fog Near Mult: 1.000000

+Fog Far Mult: 1.000000

+Disallow Support: 0
+Hull Repair Ceiling: 0.000000
+Subsystem Repair Ceiling: 100.000000

+Player Entry Delay:
1.000000

+Viewer pos: -23160.968750, 44711.042969, -10708.656250
+Viewer orient:
	0.229725, 0.000000, -0.973256,
	0.713008, 0.680659, 0.168297,
	0.662455, -0.732601, 0.156364


$Load Screen 640:	dl10.pcx
$Load Screen 1024:	2_dl10.pcx

$Skybox Model: starfield.pof

$AI Profile: FS2 RETAIL

#Command Briefing

#Briefing
$start_briefing
$num_stages: 5
$start_stage
$multi_text
 XSTR("After the elimination of the $h SD $h Azathoth by the now-destroyed $f Gorgon cannon, $g GTVA $g Command decided to press the issue and attempted a direct engagement of the $h SD $h Nyarlathotep in $b Vega.

Be glad that you were not there, pilot. What we have on our hands is a rout. Without taking a single capital ship loss, the $r Shivans have already wiped out all of our fighter wings, three of our corvettes, and damaged three of our larger vessels.", 7899)
$end_multi_text
$voice: dl42_b1.ogg
$camera_pos: 28433.281250, 41623.648438, -24754.167969
$camera_orient:
	0.927655, 0.000000, 0.373439,
	-0.363085, 0.233844, 0.901935,
	-0.087326, -0.972274, 0.216927
$camera_time: 1500
$num_lines: 0
$num_icons: 7
$Flags: 0
$Formula: ( true ) 
$start_icon
$type: 6
$team: Hostile
$class: SD Lucifer
$pos: 17949.908203, 5364.980957, -16098.205078
$label: XSTR("Nyarlathotep", 5637)
+id: 1
$hlight: 0
$mirror: 0
$multi_text
$end_multi_text
$end_icon
$start_icon
$type: 6
$team: Hostile
$class: SD Demon
$pos: 34698.007813, -224.274750, -13225.837891
$label: XSTR("Cthon", 6719)
+id: 2
$hlight: 0
$mirror: 0
$multi_text
$end_multi_text
$end_icon
$start_icon
$type: 6
$team: Friendly
$class: GVD Hatshepsut
$pos: 33424.484375, -500.001373, -2941.404785
$label: XSTR("Khefrem", 7007)
+id: 3
$hlight: 0
$mirror: 0
$multi_text
$end_multi_text
$end_icon
$start_icon
$type: 6
$team: Friendly
$class: GVD Typhon
$pos: 16119.207031, 1009.014648, -23080.796875
$label: XSTR("Resheph", 7900)
+id: 4
$hlight: 0
$mirror: 0
$multi_text
$end_multi_text
$end_icon
$start_icon
$type: 28
$team: Friendly
$class: GVCv Sobek
$pos: 28900.349609, -356.480804, -19078.078125
$label: XSTR("Ennead", 7901)
+id: 5
$hlight: 0
$mirror: 0
$multi_text
$end_multi_text
$end_icon
$start_icon
$type: 19
$team: Hostile
$class: SC Lilith
$pos: 23932.486328, 8.419026, -14883.029297
$label: XSTR("Shivan Fleet", 6850)
+id: 6
$hlight: 0
$mirror: 0
$multi_text
$end_multi_text
$end_icon
$start_icon
$type: 28
$team: Hostile
$class: SCv Moloch
$pos: 23701.250000, 3443.174072, -9541.092773
$label: XSTR("Corvettes", 7902)
+id: 7
$hlight: 0
$mirror: 0
$multi_text
$end_multi_text
$end_icon
$end_stage
$start_stage
$multi_text
 XSTR("While the $f GVD $f Resheph, the $f GVD $f Khefrem, and the $f GVCv $f Ennead are still engaging the $r Shivans, they are moving to pull out. The $f GTD $f Ignatius will be jumping in momentarily to cover their escape. 

Your problem is not here, pilot.", 7903)
$end_multi_text
$voice: dl42_b2.ogg
$camera_pos: 24964.726563, 41623.648438, -26150.472656
$camera_orient:
	0.927655, 0.000000, 0.373439,
	-0.363085, 0.233844, 0.901935,
	-0.087326, -0.972274, 0.216927
$camera_time: 1500
$num_lines: 0
$num_icons: 8
$Flags: 0
$Formula: ( true ) 
$start_icon
$type: 6
$team: Hostile
$class: SD Lucifer
$pos: 17949.908203, 5364.980957, -16098.205078
$label: XSTR("Nyarlathotep", 5637)
+id: 1
$hlight: 0
$mirror: 0
$multi_text
$end_multi_text
$end_icon
$start_icon
$type: 6
$team: Hostile
$class: SD Demon
$pos: 34698.007813, -224.274750, -13225.837891
$label: XSTR("Cthon", 6719)
+id: 2
$hlight: 0
$mirror: 0
$multi_text
$end_multi_text
$end_icon
$start_icon
$type: 6
$team: Friendly
$class: GVD Hatshepsut
$pos: 31711.716797, -499.999268, -6697.226074
$label: XSTR("Khefrem", 7007)
+id: 3
$hlight: 1
$mirror: 0
$multi_text
$end_multi_text
$end_icon
$start_icon
$type: 6
$team: Friendly
$class: GVD Typhon
$pos: 19383.476563, 1009.015686, -22519.640625
$label: XSTR("Resheph", 7900)
+id: 4
$hlight: 1
$mirror: 0
$multi_text
$end_multi_text
$end_icon
$start_icon
$type: 28
$team: Friendly
$class: GVCv Sobek
$pos: 28900.349609, -356.480804, -19078.078125
$label: XSTR("Ennead", 7901)
+id: 5
$hlight: 1
$mirror: 0
$multi_text
$end_multi_text
$end_icon
$start_icon
$type: 19
$team: Hostile
$class: SC Lilith
$pos: 23932.486328, 8.419026, -14883.029297
$label: XSTR("Shivan Fleet", 6850)
+id: 6
$hlight: 0
$mirror: 0
$multi_text
$end_multi_text
$end_icon
$start_icon
$type: 28
$team: Hostile
$class: SCv Moloch
$pos: 23701.250000, 3443.174072, -9541.092773
$label: XSTR("Corvettes", 7902)
+id: 7
$hlight: 0
$mirror: 0
$multi_text
$end_multi_text
$end_icon
$start_icon
$type: 6
$team: Friendly
$class: GTD Hecate
$pos: 6502.745605, -2383.196533, -21803.292969
$label: XSTR("Ignatius", 7729)
+id: 8
$hlight: 1
$mirror: 0
$multi_text
$end_multi_text
$end_icon
$end_stage
$start_stage
$multi_text
 XSTR("It is here, some thirty kilometres away from the battle. 

Unfortunately, the $f GTFf $f Cypher sustained damage to its subspace drive when it activated the jump and found itself adrift still within sight of the battle. Two cruisers, the $h SC $h Zhar and the $h SC $h Dhole, along with fighter and bomber wings, have broken away from the fleet and are moving to intercept.", 7904)
$end_multi_text
$voice: dl42_b3.ogg
$camera_pos: 1997.942627, 16366.858398, 8886.900391
$camera_orient:
	0.523107, 0.000000, -0.852267,
	0.815101, 0.292089, 0.500295,
	0.248938, -0.956391, 0.152794
$camera_time: 3500
$num_lines: 0
$num_icons: 8
$Flags: 0
$Formula: ( true ) 
$start_icon
$type: 6
$team: Friendly
$class: GVD Hatshepsut
$pos: 33424.484375, -500.001373, -2941.404785
$label: XSTR("Khefrem", 7007)
+id: 3
$hlight: 0
$mirror: 0
$multi_text
$end_multi_text
$end_icon
$start_icon
$type: 6
$team: Friendly
$class: GVD Typhon
$pos: 16119.207031, 1009.014648, -23080.796875
$label: XSTR("Resheph", 7900)
+id: 4
$hlight: 0
$mirror: 0
$multi_text
$end_multi_text
$end_icon
$start_icon
$type: 28
$team: Friendly
$class: GVCv Sobek
$pos: 28900.349609, -356.480804, -19078.078125
$label: XSTR("Ennead", 7901)
+id: 5
$hlight: 0
$mirror: 0
$multi_text
$end_multi_text
$end_icon
$start_icon
$type: 28
$team: Friendly
$class: GTFf Saphah
$pos: 3719.621094, 594.028748, 15290.583984
$label: XSTR("Cypher", 5124)
+id: 9
$hlight: 1
$mirror: 0
$multi_text
$end_multi_text
$end_icon
$start_icon
$type: 18
$team: Hostile
$class: SC Cain
$pos: 9553.282227, 168.587784, 9566.296875
$label: XSTR("Dhole", 6634)
+id: 11
$hlight: 0
$mirror: 0
$multi_text
$end_multi_text
$end_icon
$start_icon
$type: 18
$team: Hostile
$class: SC Rakshasa
$pos: 7989.616699, 377.215668, 6945.826660
$label: XSTR("Zhar", 6630)
+id: 12
$hlight: 0
$mirror: 0
$multi_text
$end_multi_text
$end_icon
$start_icon
$type: 1
$team: Hostile
$class: SF Aeshma
$pos: 7259.877930, 654.400024, 10155.541992
$label: XSTR("Fighters", 6622)
+id: 13
$hlight: 0
$mirror: 0
$multi_text
$end_multi_text
$end_icon
$start_icon
$type: 17
$team: Hostile
$class: SB Nahema
$pos: 11175.434570, -0.002211, 6591.854004
$label: XSTR("Bombers", 6623)
+id: 14
$hlight: 0
$mirror: 0
$multi_text
$end_multi_text
$end_icon
$end_stage
$start_stage
$multi_text
 XSTR("The damage to the $f Cypher's subspace engine is not critical, and would be reasonably easy to repair otherwise. However, the $f Cypher suffered a hull breach from a beam in its engineering section, killing several critical personnel and rendering any repair equipment unusable. The $f GTT $f Minos is already enroute with a backup repair crew. Once aboard they will be able to bring the engines back online and leave the area. ", 7905)
$end_multi_text
$voice: dl42_b4.ogg
$camera_pos: 868.547363, 10898.842773, 13436.733398
$camera_orient:
	0.523107, 0.000000, -0.852267,
	0.834058, 0.205603, 0.511932,
	0.175228, -0.978636, 0.107552
$camera_time: 1500
$num_lines: 0
$num_icons: 13
$Flags: 0
$Formula: ( true ) 
$start_icon
$type: 6
$team: Hostile
$class: SD Lucifer
$pos: 17949.908203, 5364.980957, -16098.205078
$label: XSTR("Nyarlathotep", 5637)
+id: 1
$hlight: 0
$mirror: 0
$multi_text
$end_multi_text
$end_icon
$start_icon
$type: 6
$team: Hostile
$class: SD Demon
$pos: 34698.007813, -224.274750, -13225.837891
$label: XSTR("Cthon", 6719)
+id: 2
$hlight: 0
$mirror: 0
$multi_text
$end_multi_text
$end_icon
$start_icon
$type: 6
$team: Friendly
$class: GVD Hatshepsut
$pos: 33424.484375, -500.001373, -2941.404785
$label: XSTR("Khefrem", 7007)
+id: 3
$hlight: 0
$mirror: 0
$multi_text
$end_multi_text
$end_icon
$start_icon
$type: 6
$team: Friendly
$class: GVD Typhon
$pos: 16119.207031, 1009.014648, -23080.796875
$label: XSTR("Resheph", 7900)
+id: 4
$hlight: 0
$mirror: 0
$multi_text
$end_multi_text
$end_icon
$start_icon
$type: 28
$team: Friendly
$class: GVCv Sobek
$pos: 28900.349609, -356.480804, -19078.078125
$label: XSTR("Ennead", 7901)
+id: 5
$hlight: 0
$mirror: 0
$multi_text
$end_multi_text
$end_icon
$start_icon
$type: 19
$team: Hostile
$class: SC Lilith
$pos: 23932.486328, 8.419026, -14883.029297
$label: XSTR("Shivan Fleet", 6850)
+id: 6
$hlight: 0
$mirror: 0
$multi_text
$end_multi_text
$end_icon
$start_icon
$type: 28
$team: Hostile
$class: SCv Moloch
$pos: 23701.250000, 3443.174072, -9541.092773
$label: XSTR("Corvettes", 7902)
+id: 7
$hlight: 0
$mirror: 0
$multi_text
$end_multi_text
$end_icon
$start_icon
$type: 28
$team: Friendly
$class: GTFf Saphah
$pos: 3719.621094, 594.028748, 15290.583984
$label: XSTR("Cypher", 5124)
+id: 9
$hlight: 0
$mirror: 0
$multi_text
$end_multi_text
$end_icon
$start_icon
$type: 1
$team: Hostile
$class: SF Aeshma
$pos: 7259.877930, 654.400024, 10155.541992
$label: XSTR("Fighters", 6622)
+id: 13
$hlight: 0
$mirror: 0
$multi_text
$end_multi_text
$end_icon
$start_icon
$type: 18
$team: Hostile
$class: SC Rakshasa
$pos: 7989.616699, 377.215668, 6945.826660
$label: XSTR("Zhar", 6630)
+id: 12
$hlight: 0
$mirror: 0
$multi_text
$end_multi_text
$end_icon
$start_icon
$type: 18
$team: Hostile
$class: SC Cain
$pos: 9553.282227, 168.587784, 9566.296875
$label: XSTR("Dhole", 6634)
+id: 11
$hlight: 0
$mirror: 0
$multi_text
$end_multi_text
$end_icon
$start_icon
$type: 17
$team: Hostile
$class: SB Nahema
$pos: 11175.434570, -0.002211, 6591.854004
$label: XSTR("Bombers", 6623)
+id: 14
$hlight: 0
$mirror: 0
$multi_text
$end_multi_text
$end_icon
$start_icon
$type: 34
$team: Friendly
$class: GTT Argo
$pos: 1627.372803, 1201.900024, 13921.305664
$label: XSTR("Minos", 7906)
+id: 15
$hlight: 1
$mirror: 0
$multi_text
$end_multi_text
$end_icon
$end_stage
$start_stage
$multi_text
 XSTR("$f Alpha, your task is simple. Make sure that the $f Cypher makes it out alive. The $h SC $h Dhole and the $h SC $h Zhar are closing fast, and will be within beam range within minutes. Either disable, disarm, or destroy these cruisers before they get within beam range. Additionally, watch for bombers. We have already discovered that there are a handful of wings in this battle armed with extremely high-yield bombs. Don't let them get near the $f Cypher.", 7907)
$end_multi_text
$voice: dl42_b5.ogg
$camera_pos: 3086.315186, 15819.615234, 7433.176758
$camera_orient:
	0.523107, 0.000000, -0.852267,
	0.809677, 0.312166, 0.496966,
	0.266049, -0.950028, 0.163296
$camera_time: 1500
$num_lines: 0
$num_icons: 14
$Flags: 0
$Formula: ( true ) 
$start_icon
$type: 6
$team: Hostile
$class: SD Lucifer
$pos: 17949.908203, 5364.980957, -16098.205078
$label: XSTR("Nyarlathotep", 5637)
+id: 1
$hlight: 0
$mirror: 0
$multi_text
$end_multi_text
$end_icon
$start_icon
$type: 6
$team: Hostile
$class: SD Demon
$pos: 34698.007813, -224.274750, -13225.837891
$label: XSTR("Cthon", 6719)
+id: 2
$hlight: 0
$mirror: 0
$multi_text
$end_multi_text
$end_icon
$start_icon
$type: 6
$team: Friendly
$class: GVD Hatshepsut
$pos: 33424.484375, -500.001373, -2941.404785
$label: XSTR("Khefrem", 7007)
+id: 3
$hlight: 0
$mirror: 0
$multi_text
$end_multi_text
$end_icon
$start_icon
$type: 6
$team: Friendly
$class: GVD Typhon
$pos: 16119.207031, 1009.014648, -23080.796875
$label: XSTR("Resheph", 7900)
+id: 4
$hlight: 0
$mirror: 0
$multi_text
$end_multi_text
$end_icon
$start_icon
$type: 28
$team: Friendly
$class: GVCv Sobek
$pos: 28900.349609, -356.480804, -19078.078125
$label: XSTR("Ennead", 7901)
+id: 5
$hlight: 0
$mirror: 0
$multi_text
$end_multi_text
$end_icon
$start_icon
$type: 19
$team: Hostile
$class: SC Lilith
$pos: 23932.486328, 8.419026, -14883.029297
$label: XSTR("Shivan Fleet", 6850)
+id: 6
$hlight: 0
$mirror: 0
$multi_text
$end_multi_text
$end_icon
$start_icon
$type: 28
$team: Hostile
$class: SCv Moloch
$pos: 23701.250000, 3443.174072, -9541.092773
$label: XSTR("Corvettes", 7902)
+id: 7
$hlight: 0
$mirror: 0
$multi_text
$end_multi_text
$end_icon
$start_icon
$type: 28
$team: Friendly
$class: GTFf Saphah
$pos: 3719.621094, 594.028748, 15290.583984
$label: XSTR("Cypher", 5124)
+id: 9
$hlight: 0
$mirror: 0
$multi_text
$end_multi_text
$end_icon
$start_icon
$type: 1
$team: Hostile
$class: SF Aeshma
$pos: 7259.877930, 654.400024, 10155.541992
$label: XSTR("Fighters", 6622)
+id: 13
$hlight: 0
$mirror: 0
$multi_text
$end_multi_text
$end_icon
$start_icon
$type: 18
$team: Hostile
$class: SC Rakshasa
$pos: 7989.616699, 377.215668, 6945.826660
$label: XSTR("Zhar", 6630)
+id: 12
$hlight: 1
$mirror: 0
$multi_text
$end_multi_text
$end_icon
$start_icon
$type: 18
$team: Hostile
$class: SC Cain
$pos: 9553.282227, 168.587784, 9566.296875
$label: XSTR("Dhole", 6634)
+id: 11
$hlight: 1
$mirror: 0
$multi_text
$end_multi_text
$end_icon
$start_icon
$type: 17
$team: Hostile
$class: SB Nahema
$pos: 11175.434570, -0.002211, 6591.854004
$label: XSTR("Bombers", 6623)
+id: 14
$hlight: 1
$mirror: 0
$multi_text
$end_multi_text
$end_icon
$start_icon
$type: 1
$team: Friendly
$class: GTF Erinyes
$pos: 6796.865723, 1575.695190, 13721.369141
$label: XSTR("Alpha", 4541)
+id: 16
$hlight: 0
$mirror: 0
$multi_text
$end_multi_text
$end_icon
$start_icon
$type: 1
$team: Friendly
$class: GVF Serapis
$pos: 3553.555420, 999.998779, 11347.791992
$label: XSTR("Beta", 5069)
+id: 17
$hlight: 0
$mirror: 0
$multi_text
$end_multi_text
$end_icon
$end_stage
$end_briefing

#Debriefing_info

$Num stages: 5

$Formula: ( and 
   ( is-event-false-delay 
      "Cypher destroyed" 
      0 
   )
   ( is-event-false-delay 
      "Minos is Destroyed" 
      0 
   )
   ( is-event-false-delay "That's it" 0 ) 
)
$Multi text
    XSTR("You did not have authorisation to return to base, pilot. Your actions jeopardised the lives of those involved in this mission and the GTVA's objectives in this theatre. Desertion is grounds for a court martial, and you are confined to quarters pending your preliminary hearing. Until a military court decides otherwise, you are hereby stripped of your wings and all privileges bestowed upon you as an officer of the Galactic Terran-Vasudan Alliance.", 4556)
$end_multi_text
$Voice: dl_des4.ogg
$Recommendation text:
    XSTR("Do not depart until told to do so.", 4557)
$end_multi_text

$Formula: ( or 
   ( is-destroyed-delay 
      0 
      "Resheph" 
      "Ignatius" 
      "Ennead" 
   )
   ( true ) 
)
$Multi text
    XSTR("This engagement was a disaster pilots. Not only did we lose the GVCv Ennead and the GVD Resheph, but the GTD Ignatius was destroyed while covering the escape of the GVD Khefrem. These losses are much more than we are capable of handling, but alas, there was nothing you could have done in this battle, except help save the GTFf Cypher...", 7908)
$end_multi_text
$Voice: dl42_db1.ogg
$Recommendation text:
    XSTR("", 3307)
$end_multi_text

$Formula: ( is-event-true-delay "That's it" 0 ) 
$Multi text
    XSTR("...which you did admirably. The frigate jumped to safety, and is under repairs as we prepare for our next engagement.

We're going to need your skills again very soon, pilot. ", 7909)
$end_multi_text
$Voice: dl42_db2.ogg
$Recommendation text:
    XSTR("", 3307)
$end_multi_text

$Formula: ( is-event-true-delay 
   "Cypher destroyed" 
   0 
)
$Multi text
    XSTR("...which you failed to do. The Cypher was destroyed by the incoming bombers and cruisers, and you were unable to stop them. 

Dismissed.", 7910)
$end_multi_text
$Voice: dl42_db3.ogg
$Recommendation text:
    XSTR("The sequence will be to eliminate the SC Dhole, then bombers (especially the Helios carrying Seraphim), and then concentrate on destroying the Zhar. Don't bother disabling these craft, destroy them outright. Also be wary of more bombers after the cruisers are destroyed.", 7911)
$end_multi_text

$Formula: ( is-event-true-delay 
   "Minos is Destroyed" 
   0 
)
$Multi text
    XSTR("...which you failed to do. The Minos was destroyed by the attacking Shivans, and you were unable to stop them. Without the Minos' repair crew, the Cypher was a sitting duck for the rest of the Shivan fleet.

Dismissed.", 7912)
$end_multi_text
$Voice: dl42_db4.ogg
$Recommendation text:
    XSTR("The sequence will be to eliminate the SC Dhole, then bombers (especially the Helios carrying Seraphim), and then concentrate on destroying the Zhar. Don't bother disabling these craft, destroy them outright. Also be wary of more bombers after the cruisers are destroyed.", 7911)
$end_multi_text

#Alternate Types:
$Alt: Cruise Liner

#end


#Players		;! 1 total

$Starting Shipname: Alpha 1
$Ship Choices: (
	"GTF Hercules Mark II"	5
	"GTF Ares"	5
	"GTF Erinyes"	5
	"GTF Perseus"	5
	"GTF Myrmidon"	5
)

+Weaponry Pool: (
	"Subach HL-7"	20
	"Akheton SDG"	16
	"Morning Star"	16
	"Prometheus S"	24
	"Maxim"	16
	"UD-8 Kayser"	4
	"Circe"	16
	"Lamprey"	16
	"Rockeye"	500
	"Tempest"	500
	"Hornet"	500
	"Tornado"	660
	"Harpoon"	612
	"Trebuchet"	532
	"Piranha"	500
	"Stiletto II"	500
	"Infyrno"	500
	"EMP Adv."	500
)

#Objects		;! 45 total

$Name: Alpha 1		;! Object #0
$Display Name: XSTR("Alpha 1", 4558)
$Class: GTF Erinyes
$Team: Friendly
$Location: 1578.000000, 1575.699951, 17897.900391
$Orientation:
	-0.741160, 0.000000, -0.671328,
	-0.001941, 0.999996, 0.002143,
	0.671325, 0.002891, -0.741157
$AI Behavior: None
$Cargo 1:  XSTR("Nothing", 4559)
+Initial Velocity: 70
+Initial Hull: 100
+Subsystem: Pilot
+Primary Banks: ( "Subach HL-7" "UD-8 Kayser" )
+Secondary Banks: ( "Harpoon" "Tornado" )
$Arrival Location: Hyperspace
$Arrival Cue: ( false ) 
$Departure Location: Hyperspace
$Departure Cue: ( false ) 
$Determination: 10
+Flags: ( "cargo-known" "player-start" )
+Flags2: ( )
+Respawn priority: 0
+Orders Accepted: 33023		;! note that this is a bitfield!!!
+Group: 0
+Score: 8

$Name: Alpha 2		;! Object #1
$Display Name: XSTR("Alpha 2", 4560)
$Class: GTF Erinyes
$Team: Friendly
$Location: 1530.000122, 1580.961060, 17878.525391
$Orientation:
	-0.736008, 0.000000, -0.676972,
	-0.001392, 0.999998, 0.001513,
	0.676971, 0.002055, -0.736007
$AI Behavior: None
+AI Class: Colonel
$Cargo 1:  XSTR("Nothing", 4559)
+Initial Velocity: 70
+Initial Hull: 100
+Subsystem: Pilot
+Primary Banks: ( "Subach HL-7" "UD-8 Kayser" )
+Secondary Banks: ( "Harpoon" "Tornado" )
$Arrival Location: Hyperspace
$Arrival Cue: ( false ) 
$Departure Location: Hyperspace
$Departure Cue: ( false ) 
$Determination: 10
+Flags: ( "cargo-known" )
+Flags2: ( )
+Respawn priority: 0
+Orders Accepted: 33023		;! note that this is a bitfield!!!
+Group: 0
+Use Table Score:
+Score: 12

$Name: Alpha 3		;! Object #2
$Display Name: XSTR("Alpha 3", 4561)
$Class: GTF Erinyes
$Team: Friendly
$Location: 1598.000977, 1582.069092, 17844.275391
$Orientation:
	-0.738895, 0.000000, -0.673821,
	-0.001282, 0.999998, 0.001406,
	0.673820, 0.001902, -0.738893
$AI Behavior: None
+AI Class: Colonel
$Cargo 1:  XSTR("Nothing", 4559)
+Initial Velocity: 70
+Initial Hull: 100
+Subsystem: Pilot
+Primary Banks: ( "Subach HL-7" "UD-8 Kayser" )
+Secondary Banks: ( "Harpoon" "Tornado" )
$Arrival Location: Hyperspace
$Arrival Cue: ( false ) 
$Departure Location: Hyperspace
$Departure Cue: ( false ) 
$Determination: 10
+Flags: ( "cargo-known" )
+Flags2: ( )
+Respawn priority: 0
+Orders Accepted: 33023		;! note that this is a bitfield!!!
+Group: 0
+Use Table Score:
+Score: 12

$Name: Alpha 4		;! Object #3
$Display Name: XSTR("Alpha 4", 4562)
$Class: GTF Erinyes
$Team: Friendly
$Location: 1546.000122, 1589.045654, 17825.525391
$Orientation:
	-0.733416, 0.000000, -0.679780,
	-0.000537, 1.000000, 0.000579,
	0.679780, 0.000790, -0.733416
$AI Behavior: None
+AI Class: Colonel
$Cargo 1:  XSTR("Nothing", 4559)
+Initial Velocity: 70
+Initial Hull: 100
+Subsystem: Pilot
+Primary Banks: ( "Subach HL-7" "UD-8 Kayser" )
+Secondary Banks: ( "Harpoon" "Tornado" )
$Arrival Location: Hyperspace
$Arrival Cue: ( false ) 
$Departure Location: Hyperspace
$Departure Cue: ( false ) 
$Determination: 10
+Flags: ( "cargo-known" )
+Flags2: ( )
+Respawn priority: 0
+Orders Accepted: 33023		;! note that this is a bitfield!!!
+Group: 0
+Use Table Score:
+Score: 12

$Name: Nyarlathotep		;! Object #4
$Display Name: XSTR("Nyarlathotep", 5637)
$Class: SD Lucifer
$Team: Hostile
$Location: 24005.835938, 1200.244019, -13253.564453
$Orientation:
	-0.833687, 0.063082, 0.548624,
	0.040379, 0.997758, -0.053364,
	-0.550759, -0.022335, -0.834366
$AI Behavior: None
$AI Goals: ( goals ( ai-waypoints-once "Nypath" 60 ) )
$Cargo 1:  XSTR("Nothing", 4559)
+Initial Velocity: 33
+Initial Hull: 95
+Initial Shields: 100
+Subsystem: Pilot
+Subsystem: turret01
+Primary Banks: ( "BFRed" )
+Subsystem: turret02
+Primary Banks: ( "BFRed" )
+Subsystem: turret03
+Subsystem: turret04
+Subsystem: turret05
+Sbank Ammo: ( 0 )
+Subsystem: turret06
+Primary Banks: ( "SAAA" )
+Subsystem: turret07
+Primary Banks: ( "SAAA" )
+Subsystem: turret08
+Sbank Ammo: ( 0 )
+Subsystem: turret09
+Sbank Ammo: ( 0 )
+Subsystem: turret10
+Sbank Ammo: ( 0 )
+Subsystem: turret11
+Subsystem: turret12
+Primary Banks: ( "SAAA" )
+Subsystem: turret13
+Primary Banks: ( "Long Range Flak" )
+Subsystem: turret14
+Primary Banks: ( "Long Range Flak" )
+Subsystem: turret15
+Primary Banks: ( "LRed" )
+Subsystem: turret16
+Primary Banks: ( "LRed" )
+Subsystem: turret17
+Primary Banks: ( "LRed" )
+Subsystem: turret18
+Subsystem: turret19
$Arrival Location: Hyperspace
$Arrival Cue: ( true ) 
$Departure Location: Hyperspace
$Departure Cue: ( has-departed-delay 
   24 
   "Cthon" 
   "Hastur" 
   "Cthulhu" 
)
$Determination: 10
+Flags: ( "no-shields" )
+Flags2: ( )
+Respawn priority: 0
+Orders Accepted: 0		;! note that this is a bitfield!!!
+Group: 0
+Use Table Score:
+Score: 1000

$Name: Ignatius		;! Object #5
$Display Name: XSTR("Ignatius", 7729)
$Class: GTD Hecate
$Team: Friendly
$Location: 15366.640625, -2383.194824, -22018.324219
$Orientation:
	-0.717901, 0.404366, 0.566662,
	-0.178703, -0.893770, 0.411389,
	0.672817, 0.194073, 0.713900
$AI Behavior: None
$Cargo 1:  XSTR("Nothing", 4559)
+Initial Velocity: 33
+Initial Hull: 100
+Initial Shields: 100
+Subsystem: Pilot
+Subsystem: turret01
+Subsystem: turret02
+Subsystem: turret03
+Subsystem: turret04
+Subsystem: turret05
+Subsystem: turret06
+Subsystem: turret07
+Subsystem: turret08
+Subsystem: turret09
+Subsystem: turret10
+Subsystem: turret11
+Subsystem: turret12
+Subsystem: turret13
+Subsystem: turret14
+Subsystem: turret15
+Subsystem: turret16
+Subsystem: turret17
+Subsystem: turret18
+Subsystem: turret19
+Subsystem: turret20
+Subsystem: turret21
+Subsystem: turret22
+Primary Banks: ( "BGreen" )
+Subsystem: turret23
+Subsystem: turret24
+Subsystem: turret25
+Subsystem: turret26
+Subsystem: turret27
$Arrival Location: Hyperspace
$Arrival Cue: ( < ( hits-left "Resheph" ) 16 ) 
$Departure Location: Hyperspace
$Departure Cue: ( false ) 
$Determination: 10
+Flags: ( "cargo-known" "no-shields" "beam-protect-ship" )
+Flags2: ( )
+Respawn priority: 0
+Hotkey: 7
+Orders Accepted: 0		;! note that this is a bitfield!!!
+Group: 0
+Use Table Score:
+Score: 1300
$Texture Replace:
+old: nameplate
+new: gtd_ignatius

$Name: Resheph		;! Object #6
$Display Name: XSTR("Resheph", 7900)
$Class: GVD Typhon
$Team: Friendly
$Location: 26956.046875, 1009.016113, -14394.308594
$Orientation:
	0.722246, 0.674288, -0.153941,
	-0.659475, 0.738469, 0.140562,
	0.208460, 0.000000, 0.978031
$AI Behavior: None
$AI Goals: ( goals ( ai-chase "Nyarlathotep" 50 ) ( ai-chase "Cthon" 50 ) ( ai-chase "Cthulhu" 50 ) )
$Cargo 1:  XSTR("Nothing", 4559)
+Initial Velocity: 33
+Initial Hull: 76
+Initial Shields: 100
+Subsystem: Pilot
+Subsystem: turret01
+Subsystem: turret02
+Subsystem: turret03
+Subsystem: turret04
+Subsystem: turret05
+Subsystem: turret06
+Subsystem: turret07
+Subsystem: turret08
+Subsystem: turret09
+Subsystem: turret10
+Subsystem: turret11
+Subsystem: turret12
+Subsystem: turret13
+Subsystem: turret14
+Subsystem: turret15
+Subsystem: engine
$Damage: 100
$Arrival Location: Hyperspace
$Arrival Cue: ( true ) 
$Departure Location: Hyperspace
$Departure Cue: ( false ) 
$Determination: 10
+Flags: ( "cargo-known" "no-shields" )
+Flags2: ( )
+Respawn priority: 0
+Hotkey: 7
+Orders Accepted: 0		;! note that this is a bitfield!!!
+Group: 0
+Use Table Score:
+Score: 1000

$Name: Cthon		;! Object #7
$Display Name: XSTR("Cthon", 6719)
$Class: SD Demon
$Team: Hostile
$Location: 34698.007813, -224.274750, -13225.837891
$Orientation:
	-0.835589, 0.000000, 0.549356,
	0.000000, 1.000000, 0.000000,
	-0.549356, 0.000000, -0.835589
$AI Behavior: None
$AI Goals: ( goals ( ai-waypoints-once "Cthonpath" 60 ) )
$Cargo 1:  XSTR("Nothing", 4559)
+Initial Velocity: 33
+Initial Hull: 80
+Initial Shields: 100
+Subsystem: Pilot
+Subsystem: turret01-base
+Subsystem: turret02-base
+Subsystem: turret03a-base
+Subsystem: turret04-base
+Subsystem: turret05-base
+Subsystem: turret06a-base
+Subsystem: turret07a-base
+Subsystem: turret08-base
+Subsystem: turret09-base
+Subsystem: turret10-base
+Subsystem: turret11-base
+Subsystem: turret12-base
+Subsystem: turret13-base
+Subsystem: turret14-base
+Subsystem: turret15-base
+Subsystem: turret16-base
+Subsystem: turret17-base
+Subsystem: turret18-base
+Subsystem: turret19-base
+Subsystem: turret20-base
+Subsystem: turret21-base
+Subsystem: turret22
+Subsystem: turret23
+Subsystem: turret24
+Subsystem: turret25
+Subsystem: turret26
$Arrival Location: Hyperspace
$Arrival Cue: ( true ) 
$Departure Location: Hyperspace
$Departure Cue: ( are-waypoints-done-delay 
   "Cthon" 
   "Cthonpath" 
   0 
)
$Determination: 10
+Flags: ( "no-shields" )
+Flags2: ( )
+Respawn priority: 0
+Orders Accepted: 0		;! note that this is a bitfield!!!
+Group: 0
+Use Table Score:
+Score: 840

$Name: Hastur		;! Object #8
$Display Name: XSTR("Hastur", 7088)
$Class: SCv Moloch
$Team: Hostile
$Location: 23712.500000, 3443.176758, -12544.803711
$Orientation:
	-0.512477, -0.783327, 0.351804,
	-0.645802, 0.621610, 0.443329,
	-0.565956, 0.000000, -0.824435
$AI Behavior: None
$AI Goals: ( goals ( ai-waypoints-once "Haspath" 50 ) )
$Cargo 1:  XSTR("Nothing", 4559)
+Initial Velocity: 33
+Initial Hull: 91
+Initial Shields: 100
+Subsystem: Pilot
+Subsystem: turret01
+Subsystem: turret02
+Subsystem: turret03
+Subsystem: turret04
+Sbank Ammo: ( 0 )
+Subsystem: turret05
+Subsystem: turret06
+Subsystem: turret07
+Subsystem: turret08
+Subsystem: turret09
+Subsystem: turret10
+Subsystem: turret11
+Primary Banks: ( "SRed" )
+Subsystem: turret12
+Subsystem: turret13
+Sbank Ammo: ( 0 )
+Subsystem: turret14
+Subsystem: turret15
+Subsystem: turret16
$Arrival Location: Hyperspace
$Arrival Cue: ( true ) 
$Departure Location: Hyperspace
$Departure Cue: ( are-waypoints-done-delay 
   "Hastur" 
   "Haspath" 
   0 
)
$Determination: 10
+Flags: ( "no-shields" )
+Flags2: ( )
+Respawn priority: 0
+Orders Accepted: 0		;! note that this is a bitfield!!!
+Group: 0
+Use Table Score:
+Score: 440

$Name: Cypher		;! Object #9
$Display Name: XSTR("Cypher", 5124)
$Class: GTFf Saphah
$Team: Friendly
$Location: 3719.621094, 594.028748, 15290.583984
$Orientation:
	0.764842, 0.000000, 0.644218,
	0.000000, 1.000000, 0.000000,
	-0.644218, 0.000000, 0.764842
$AI Behavior: None
$Cargo 1:  XSTR("Nothing", 4559)
+Initial Velocity: 33
+Initial Hull: 86
+Initial Shields: 100
+Subsystem: Pilot
+Subsystem: turret01a
+Subsystem: turret02
+Subsystem: turret03
+Subsystem: turret04
+Subsystem: turret05
+Subsystem: turret06
+Subsystem: turret07
+Subsystem: turret08
+Subsystem: turret09
+Subsystem: turret10
+Subsystem: turret11a
+Subsystem: turret12
+Subsystem: turret13
+Subsystem: turret14
+Subsystem: turret15
+Subsystem: turret16
+Subsystem: turret17
+Subsystem: turret18
+Subsystem: turret19
+Subsystem: turret20
+Subsystem: turret21a
+Subsystem: turret22a
+Subsystem: turret23a
+Subsystem: turret24a
+Subsystem: turret25a
+Subsystem: engine01
$Damage: 100
+Subsystem: engine02
$Damage: 100
+Subsystem: engine03
$Damage: 100
$Arrival Location: Hyperspace
$Arrival Cue: ( true ) 
$Departure Location: Hyperspace
+Departure delay: 15
$Departure Cue: ( has-undocked-delay 
   "Minos" 
   "Cypher" 
   1 
   0 
)
$Determination: 10
+Flags: ( "cargo-known" "no-shields" "escort" )
+Flags2: ( )
+Respawn priority: 0
+Escort priority: 90
+Hotkey: 3
+Orders Accepted: 0		;! note that this is a bitfield!!!
+Group: 0
+Use Table Score:
+Score: 350
$Texture Replace:
+old: nameplate
+new: gtff_cypher

$Name: Ithaqua		;! Object #10
$Display Name: XSTR("Ithaqua", 6632)
$Class: SCv Moloch
$Team: Hostile
$Location: 27887.660156, -305.887848, -12892.392578
$Orientation:
	0.763026, -0.378715, -0.523801,
	-0.312226, -0.925514, 0.214336,
	-0.565956, 0.000000, -0.824435
$AI Behavior: None
$AI Goals: ( goals ( ai-waypoints-once "Cthupath" 50 ) )
$Cargo 1:  XSTR("Nothing", 4559)
+Initial Velocity: 33
+Initial Hull: 63
+Initial Shields: 100
+Subsystem: Pilot
+Subsystem: turret01
+Subsystem: turret02
+Subsystem: turret03
+Subsystem: turret04
+Subsystem: turret05
+Subsystem: turret06
+Subsystem: turret07
+Subsystem: turret08
+Subsystem: turret09
+Subsystem: turret10
+Subsystem: turret11
+Subsystem: turret12
+Subsystem: turret13
+Subsystem: turret14
+Subsystem: turret15
+Subsystem: turret16
$Arrival Location: Hyperspace
$Arrival Cue: ( true ) 
$Departure Location: Hyperspace
$Departure Cue: ( has-departed-delay 2 "Nyarlathotep" ) 
$Determination: 10
+Flags: ( "no-shields" "invulnerable" )
+Flags2: ( )
+Respawn priority: 0
+Orders Accepted: 0		;! note that this is a bitfield!!!
+Group: 0
+Use Table Score:
+Score: 440

$Name: Cthulhu		;! Object #11
$Display Name: XSTR("Cthulhu", 6884)
$Class: SCv Moloch
$Team: Hostile
$Location: 34944.671875, 0.008128, -15066.966797
$Orientation:
	-0.830054, 0.000000, 0.557684,
	0.000000, 1.000000, 0.000000,
	-0.557684, 0.000000, -0.830054
$AI Behavior: None
$AI Goals: ( goals ( ai-waypoints-once "Ithpath" 50 ) )
$Cargo 1:  XSTR("Nothing", 4559)
+Initial Velocity: 33
+Initial Hull: 88
+Initial Shields: 100
+Subsystem: Pilot
+Subsystem: turret01
+Subsystem: turret02
+Subsystem: turret03
+Subsystem: turret04
+Subsystem: turret05
+Subsystem: turret06
+Subsystem: turret07
+Subsystem: turret08
+Subsystem: turret09
+Subsystem: turret10
+Subsystem: turret11
+Subsystem: turret12
+Subsystem: turret13
+Subsystem: turret14
+Subsystem: turret15
+Subsystem: turret16
$Arrival Location: Hyperspace
$Arrival Cue: ( true ) 
$Departure Location: Hyperspace
$Departure Cue: ( are-waypoints-done-delay 
   "Cthulhu" 
   "Ithpath" 
   0 
)
$Determination: 10
+Flags: ( "no-shields" )
+Flags2: ( )
+Respawn priority: 0
+Orders Accepted: 0		;! note that this is a bitfield!!!
+Group: 0
+Use Table Score:
+Score: 440

$Name: Ennead		;! Object #12
$Display Name: XSTR("Ennead", 7901)
$Class: GVCv Sobek
$Team: Friendly
$Location: 31524.199219, -356.482819, -12072.619141
$Orientation:
	-0.907518, 0.351635, 0.229704,
	0.379704, 0.453077, 0.806565,
	0.179543, 0.819192, -0.544693
$AI Behavior: None
$Cargo 1:  XSTR("Nothing", 4559)
+Initial Velocity: 33
+Initial Hull: 19
+Initial Shields: 100
+Subsystem: Pilot
+Subsystem: turret01
+Subsystem: turret02
+Subsystem: turret03
+Subsystem: turret04
+Subsystem: turret05
+Subsystem: turret06
+Subsystem: turret07
+Subsystem: turret08
+Subsystem: turret09
+Subsystem: turret10
+Subsystem: turret11
+Subsystem: turret12
+Subsystem: turret13
+Subsystem: turret14
+Subsystem: turret15
+Subsystem: turret16
+Subsystem: turret17
+Subsystem: turret18
+Subsystem: turret19
+Subsystem: turret20
+Subsystem: turret21
+Subsystem: turret22
$Arrival Location: Hyperspace
$Arrival Cue: ( true ) 
$Departure Location: Hyperspace
$Departure Cue: ( false ) 
$Determination: 10
+Flags: ( "cargo-known" "no-shields" )
+Flags2: ( )
+Respawn priority: 0
+Hotkey: 7
+Orders Accepted: 0		;! note that this is a bitfield!!!
+Group: 0
+Use Table Score:
+Score: 400

$Name: Cancer 1		;! Object #13
$Display Name: XSTR("Cancer 1", 6278)
$Class: SF Aeshma
$Team: Hostile
$Location: 10713.659180, 654.398376, 7000.842285
$Orientation:
	0.971338, 0.000000, 0.237703,
	0.000000, 1.000000, 0.000000,
	-0.237703, 0.000000, 0.971338
$AI Behavior: None
$Cargo 1:  XSTR("Nothing", 4559)
+Initial Hull: 100
+Subsystem: Pilot
$Arrival Location: Hyperspace
$Arrival Cue: ( false ) 
$Departure Location: Hyperspace
$Departure Cue: ( false ) 
$Determination: 10
+Flags: ( )
+Flags2: ( )
+Respawn priority: 0
+Orders Accepted: 0		;! note that this is a bitfield!!!
+Group: 0
+Use Table Score:
+Score: 12

$Name: Cancer 2		;! Object #14
$Display Name: XSTR("Cancer 2", 6279)
$Class: SF Aeshma
$Team: Hostile
$Location: 10647.447266, 654.398193, 6883.764160
$Orientation:
	0.971338, 0.000000, 0.237703,
	0.000000, 1.000000, 0.000000,
	-0.237703, 0.000000, 0.971338
$AI Behavior: None
$Cargo 1:  XSTR("Nothing", 4559)
+Initial Hull: 100
+Subsystem: Pilot
$Arrival Location: Hyperspace
$Arrival Cue: ( false ) 
$Departure Location: Hyperspace
$Departure Cue: ( false ) 
$Determination: 10
+Flags: ( )
+Flags2: ( )
+Respawn priority: 0
+Orders Accepted: 0		;! note that this is a bitfield!!!
+Group: 0
+Use Table Score:
+Score: 12

$Name: Cancer 3		;! Object #15
$Display Name: XSTR("Cancer 3", 6280)
$Class: SF Aeshma
$Team: Hostile
$Location: 10848.745117, 654.398193, 6923.562988
$Orientation:
	0.971338, 0.000000, 0.237703,
	0.000000, 1.000000, 0.000000,
	-0.237703, 0.000000, 0.971338
$AI Behavior: None
$Cargo 1:  XSTR("Nothing", 4559)
+Initial Hull: 100
+Subsystem: Pilot
$Arrival Location: Hyperspace
$Arrival Cue: ( false ) 
$Departure Location: Hyperspace
$Departure Cue: ( false ) 
$Determination: 10
+Flags: ( )
+Flags2: ( )
+Respawn priority: 0
+Orders Accepted: 0		;! note that this is a bitfield!!!
+Group: 0
+Use Table Score:
+Score: 12

$Name: Cancer 4		;! Object #16
$Display Name: XSTR("Cancer 4", 6281)
$Class: SF Aeshma
$Team: Hostile
$Location: 10598.044922, 654.398315, 6675.658691
$Orientation:
	0.971338, 0.000000, 0.237703,
	0.000000, 1.000000, 0.000000,
	-0.237703, 0.000000, 0.971338
$AI Behavior: None
$Cargo 1:  XSTR("Nothing", 4559)
+Initial Hull: 100
+Subsystem: Pilot
$Arrival Location: Hyperspace
$Arrival Cue: ( false ) 
$Departure Location: Hyperspace
$Departure Cue: ( false ) 
$Determination: 10
+Flags: ( )
+Flags2: ( )
+Respawn priority: 0
+Orders Accepted: 0		;! note that this is a bitfield!!!
+Group: 0
+Use Table Score:
+Score: 12

$Name: Cancer 5		;! Object #17
$Display Name: XSTR("Cancer 5", 7913)
$Class: SF Aeshma
$Team: Hostile
$Location: 10701.676758, 654.398315, 6601.418457
$Orientation:
	0.971338, 0.000000, 0.237703,
	0.000000, 1.000000, 0.000000,
	-0.237703, 0.000000, 0.971338
$AI Behavior: None
$Cargo 1:  XSTR("Nothing", 4559)
+Initial Hull: 100
+Subsystem: Pilot
$Arrival Location: Hyperspace
$Arrival Cue: ( false ) 
$Departure Location: Hyperspace
$Departure Cue: ( false ) 
$Determination: 10
+Flags: ( )
+Flags2: ( )
+Respawn priority: 0
+Orders Accepted: 0		;! note that this is a bitfield!!!
+Group: 0
+Use Table Score:
+Score: 12

$Name: Nyogtha		;! Object #18
$Display Name: XSTR("Nyogtha", 7091)
$Class: SC Lilith
$Team: Hostile
$Location: 23634.974609, 8.418336, -14158.016602
$Orientation:
	-0.899753, 0.000000, 0.436399,
	0.000000, 1.000000, 0.000000,
	-0.436399, 0.000000, -0.899753
$AI Behavior: None
$AI Goals: ( goals ( ai-waypoints-once "Cruisepath" 50 ) )
$Cargo 1:  XSTR("Nothing", 4559)
+Initial Velocity: 33
+Initial Hull: 100
+Initial Shields: 100
+Subsystem: Pilot
+Subsystem: turret01
+Subsystem: turret02
+Subsystem: turret03
+Subsystem: turret04
+Subsystem: turret05
+Subsystem: turret06
+Subsystem: turret07
+Subsystem: turret08
+Subsystem: turret09
+Sbank Ammo: ( 0 )
$Arrival Location: Hyperspace
$Arrival Cue: ( true ) 
$Departure Location: Hyperspace
$Departure Cue: ( are-waypoints-done-delay 
   "Nyogtha" 
   "Cruisepath" 
   0 
)
$Determination: 10
+Flags: ( "no-shields" )
+Flags2: ( )
+Respawn priority: 0
+Orders Accepted: 0		;! note that this is a bitfield!!!
+Group: 0
+Use Table Score:
+Score: 210

$Name: Tulzscha		;! Object #19
$Display Name: XSTR("Tulzscha", 6546)
$Class: SC Lilith
$Team: Hostile
$Location: 23599.238281, 401.743439, -13562.441406
$Orientation:
	-0.899753, 0.000000, 0.436399,
	0.000000, 1.000000, 0.000000,
	-0.436399, 0.000000, -0.899753
$AI Behavior: None
$AI Goals: ( goals ( ai-waypoints-once "Cruisepath" 50 ) )
$Cargo 1:  XSTR("Nothing", 4559)
+Initial Velocity: 33
+Initial Hull: 100
+Initial Shields: 100
+Subsystem: Pilot
+Subsystem: turret01
+Subsystem: turret02
+Subsystem: turret03
+Subsystem: turret04
+Subsystem: turret05
+Subsystem: turret06
+Subsystem: turret07
+Subsystem: turret08
+Subsystem: turret09
$Arrival Location: Hyperspace
$Arrival Cue: ( true ) 
$Departure Location: Hyperspace
$Departure Cue: ( are-waypoints-done-delay 
   "Tulzscha" 
   "Cruisepath" 
   0 
)
$Determination: 10
+Flags: ( "no-shields" )
+Flags2: ( )
+Respawn priority: 0
+Orders Accepted: 0		;! note that this is a bitfield!!!
+Group: 0
+Use Table Score:
+Score: 210

$Name: Taurus 1		;! Object #20
$Display Name: XSTR("Taurus 1", 6282)
$Class: SB Nephilim
$Team: Hostile
$Location: 6667.295898, -0.000123, 10043.946289
$Orientation:
	0.305817, 0.000000, 0.952090,
	0.000000, 1.000000, 0.000000,
	-0.952090, 0.000000, 0.305817
$AI Behavior: None
$Cargo 1:  XSTR("Nothing", 4559)
+Initial Velocity: 33
+Initial Hull: 100
+Subsystem: Pilot
+Secondary Banks: ( "Rockeye#Shivan" "Shivan Bomb#Short" "Shivan Bomb#Short" "Hornet#Shivan" )
+Subsystem: turret01
+Subsystem: turret02
$Arrival Location: Hyperspace
$Arrival Cue: ( false ) 
$Departure Location: Hyperspace
$Departure Cue: ( false ) 
$Determination: 10
+Flags: ( )
+Flags2: ( )
+Respawn priority: 0
+Hotkey: 4
+Orders Accepted: 0		;! note that this is a bitfield!!!
+Group: 0
+Use Table Score:
+Score: 11

$Name: Taurus 2		;! Object #21
$Display Name: XSTR("Taurus 2", 6283)
$Class: SB Nephilim
$Team: Hostile
$Location: 6716.238281, -0.000123, 9890.676758
$Orientation:
	0.305817, 0.000000, 0.952090,
	0.000000, 1.000000, 0.000000,
	-0.952090, 0.000000, 0.305817
$AI Behavior: None
$Cargo 1:  XSTR("Nothing", 4559)
+Initial Velocity: 33
+Initial Hull: 100
+Subsystem: Pilot
+Secondary Banks: ( "Rockeye#Shivan" "Shivan Bomb#Short" "Shivan Bomb#Short" "Hornet#Shivan" )
+Subsystem: turret01
+Subsystem: turret02
$Arrival Location: Hyperspace
$Arrival Cue: ( false ) 
$Departure Location: Hyperspace
$Departure Cue: ( false ) 
$Determination: 10
+Flags: ( )
+Flags2: ( )
+Respawn priority: 0
+Hotkey: 4
+Orders Accepted: 0		;! note that this is a bitfield!!!
+Group: 0
+Use Table Score:
+Score: 11

$Name: Taurus 3		;! Object #22
$Display Name: XSTR("Taurus 3", 6284)
$Class: SB Nephilim
$Team: Hostile
$Location: 6839.402832, -0.000001, 10112.753906
$Orientation:
	0.305817, 0.000000, 0.952090,
	0.000000, 1.000000, 0.000000,
	-0.952090, 0.000000, 0.305817
$AI Behavior: None
$Cargo 1:  XSTR("Nothing", 4559)
+Initial Velocity: 33
+Initial Hull: 100
+Subsystem: Pilot
