#Mission Info

$Version: 0.10
$Name:  XSTR("Acquisition", 8371)
$Author: Kellan
$Created: 08/12/00 at 15:27:39
$Modified: 10/18/13 at 15:26:32
$Notes:
This is a FRED created mission
$End Notes:

$Mission Desc:
 XSTR("Alpha and Beta wings, assigned to GTVI, must identify an MT vessel at Wayfarer station and disable it, so that the GTT Giordano can recover the crew for interrogation.
", 8372)
$end_multi_text
+Game Type Flags: 1
+Flags: 8
+Fog Near Mult: 1.000000

+Fog Far Mult: 1.000000

+Disallow Support: 0
+Hull Repair Ceiling: 0.000000
+Subsystem Repair Ceiling: 100.000000

+Player Entry Delay:
1.000000

+Viewer pos: 7211.838379, 22157.533203, 10056.736328
+Viewer orient:
	-0.845381, -0.000000, 0.534163,
	-0.522884, 0.204414, -0.827531,
	-0.109190, -0.978885, -0.172808
+SquadReassignName: 109th Lost Souls
+SquadReassignLogo: skullsquada.pcx


$Load Screen 640:	dl9.pcx
$Load Screen 1024:	2_dl9.pcx

$Skybox Model: starfield.pof

$AI Profile: FS2 RETAIL

#Sexp_variables

$Variables:
(
		0		"i18nVariable1"		"CN/C Section"		"string"
		1		"i18nVariable2"		"Docking Ring"		"string"
		2		"i18nVariable3"		"Hazard Marker"		"string"
		3		"i18nVariable4"		"Explorer vessel"		"string"
		4		"i18nVariable5"		"Comm Section"		"string"
		5		"i18nVariable6"		"#Command"		"string"
)

#Command Briefing

$Stage Text:
 XSTR("Tania Australis
GTD Macura
A Second Tour of Duty

Welcome back to GTVI, pilot. As you are now well aware, we have need of your abilities once again. You join us under very different circumstances to your last assignment with Special Operations Command. With the threat presented by the Shivans increasing and spreading into our core systems, we can no longer bide our time but must act quickly.

Our objective over the next series of operations is the destruction of the Morgan Technologies defence force and the capture of its command vessel, the MTD Auriga.", 8373)
$end_multi_text
$Ani Filename: cb_loop-a_e.ani
+Wave Filename: dl33_cb1.ogg

$Stage Text:
 XSTR("Motivations Behind the Conflict

Morgan Technologies sought to gain control of the Tau Sigma system in order to exploit the high potential of the system. The corporation attempted to destabilise the region and undermine GTVA control with a series of strikes on civilian targets by hired mercenaries. The MT defence force was intended to replace the GTVA as dominant military power in the system once Morgan had the second thing they wanted - the two million Capellan refugees settling in Tau Sigma. With the refugees and control of the system, they had themselves a ready-made empire.", 8374)
$end_multi_text
$Ani Filename: <default>
+Wave Filename: dl33_cb2.ogg

$Stage Text:
 XSTR("MT Warrant

The Auriga and other MT vessels participated in attacks on civilian and GTVA forces and showed no mercy to their enemies. The GTVA considers these forces to be guilty of crimes against the Alliance and war crimes under the provisions of civilian protection decree in BETAC. The Security Council issued a warrant for the capture or destruction of the MT vessels yesterday. The Auriga and her accompanying flotilla must be brought to justice.", 8375)
$end_multi_text
$Ani Filename: Intel_gtva
+Wave Filename: dl33_cb3.ogg

#Briefing
$start_briefing
$num_stages: 4
$start_stage
$multi_text
 XSTR("Our search for the $h Auriga and the other $r MT military vessels begins in $b Tania $b Australis, the last known location of the $r Morgan $r Technologies destroyer. Our scouts believe that an $r MT vessel has been sighted near $b Wayfarer $b Station, and so you're going in to take a closer look.", 8376)
$end_multi_text
$voice: dl33_b1.ogg
$camera_pos: 3177.974854, 2914.375244, 652.352234
$camera_orient:
	0.941455, 0.000003, 0.337138,
	-0.329235, 0.215261, 0.919384,
	-0.072570, -0.976557, 0.202659
$camera_time: 1200
$num_lines: 0
$num_icons: 1
$Flags: 0
$Formula: ( true ) 
$start_icon
$type: 33
$team: Friendly
$class: GVG Anuket
$pos: 2887.824463, -116.746895, 1248.116455
$label: XSTR("Tania Australis", 8155)
+id: 1
$hlight: 0
$mirror: 0
$multi_text
$end_multi_text
$end_icon
$end_stage
$start_stage
$multi_text
 XSTR("$b Wayfarer $b Station is the largest artificial structure in $b Tania $b Australis, and is the principal stop-off point for a large number of fringe-dwelling miners, explorer vessels and less savoury elements of society. It is also, unfortunately, the location at which the $r MT vessel was sighted. You're going to be flying into a potential combat situation in which there will be a lot of civilian targets. This complicates matters a great deal.", 8377)
$end_multi_text
$voice: dl33_b2.ogg
$camera_pos: 2867.329102, 3691.923340, 2458.003418
$camera_orient:
	0.984352, 0.000003, 0.176211,
	-0.149339, 0.530813, 0.834227,
	-0.093533, -0.847489, 0.522508
$camera_time: 1200
$num_lines: 0
$num_icons: 6
$Flags: 0
$Formula: ( true ) 
$start_icon
$type: 33
$team: Friendly
$class: GVG Anuket
$pos: 2887.824463, -116.746895, 1248.116455
$label: XSTR("Tania Australis", 8155)
+id: 1
$hlight: 0
$mirror: 0
$multi_text
$end_multi_text
$end_icon
$start_icon
$type: 15
$team: Friendly
$class: GTI Ganymede
$pos: 2846.098633, 212.812363, 4572.771973
$label: XSTR("Wayfarer Station", 8378)
+id: 2
$hlight: 0
$mirror: 0
$multi_text
$end_multi_text
$end_icon
$start_icon
$type: 18
$team: Friendly
$class: GTM Hippocrates
$pos: 3333.862305, 759.369080, 5049.884277
$label: XSTR("Civilians", 145)
+id: 3
$hlight: 0
$mirror: 0
$multi_text
$end_multi_text
$end_icon
$start_icon
$type: 29
$team: Friendly
$class: GTG Zephyrus
$pos: 1647.617188, 264.351807, 4815.935547
$label: XSTR("Civilians", 145)
+id: 4
$hlight: 0
$mirror: 0
$multi_text
$end_multi_text
$end_icon
$start_icon
$type: 12
$team: Friendly
$class: GTFR Triton
$pos: 3774.565674, 338.458344, 4157.627441
$label: XSTR("Civilians", 145)
+id: 5
$hlight: 0
$mirror: 0
$multi_text
$end_multi_text
$end_icon
$start_icon
$type: 27
$team: Friendly
$class: GTT Elysium
$pos: 1223.793457, -288.980652, 4208.104492
$label: XSTR("Civilians", 145)
+id: 6
$hlight: 0
$mirror: 0
$multi_text
$end_multi_text
$end_icon
$end_stage
$start_stage
$multi_text
 XSTR("You will be flying a $b Perseus fighter and be assisted by $f Beta wing, also flying $b Perseus interceptors. We weren't able to get a positive ID on the $r Morgan vessel, so your primary objective will be to identify the $r MT ship among the other targets. Once this has been achieved, try to disable it so that the recovery craft $f Giordano can extract the vessel's crew.  ", 8379)
$end_multi_text
$voice: dl33_b3.ogg
$camera_pos: 2486.460449, 1211.812622, 3342.067383
$camera_orient:
	-0.728901, 0.000003, 0.684619,
	-0.681036, 0.102179, -0.725086,
	-0.069956, -0.994766, -0.074476
$camera_time: 1200
$num_lines: 0
$num_icons: 9
$Flags: 0
$Formula: ( true ) 
$start_icon
$type: 33
$team: Friendly
$class: GVG Anuket
$pos: 2887.824463, -116.746895, 1248.116455
$label: XSTR("Tania Australis", 8155)
+id: 1
$hlight: 0
$mirror: 0
$multi_text
$end_multi_text
$end_icon
$start_icon
$type: 15
$team: Friendly
$class: GTI Ganymede
$pos: 2846.098633, 212.812363, 4572.771973
$label: XSTR("Wayfarer Station", 8378)
+id: 2
$hlight: 0
$mirror: 0
$multi_text
$end_multi_text
$end_icon
$start_icon
$type: 18
$team: Friendly
$class: GTM Hippocrates
$pos: 3333.862305, 759.369080, 5049.884277
$label: XSTR("Civilians", 145)
+id: 3
$hlight: 0
$mirror: 0
$multi_text
$end_multi_text
$end_icon
$start_icon
$type: 29
$team: Friendly
$class: GTG Zephyrus
$pos: 1647.617188, 264.351807, 4815.935547
$label: XSTR("Civilians", 145)
+id: 4
$hlight: 0
$mirror: 0
$multi_text
$end_multi_text
$end_icon
$start_icon
$type: 12
$team: Friendly
$class: GTFR Triton
$pos: 3774.565674, 338.458344, 4157.627441
$label: XSTR("Civilians", 145)
+id: 5
$hlight: 0
$mirror: 0
$multi_text
$end_multi_text
$end_icon
$start_icon
$type: 27
$team: Friendly
$class: GTT Elysium
$pos: 1223.793457, -288.980652, 4208.104492
$label: XSTR("Civilians", 145)
+id: 6
$hlight: 0
$mirror: 0
$multi_text
$end_multi_text
$end_icon
$start_icon
$type: 22
$team: Friendly
$class: GTF Perseus
$pos: 2557.971436, -85.327408, 2948.736328
+id: 7
$hlight: 0
$mirror: 0
$multi_text
$end_multi_text
$end_icon
$start_icon
$type: 1
$team: Friendly
$class: GTF Perseus
$pos: 2756.459961, -63.314205, 3077.430908
$label: XSTR("Beta", 6305)
+id: 8
$hlight: 0
$mirror: 0
$multi_text
$end_multi_text
$end_icon
$start_icon
$type: 34
$team: Hostile
$class: GTT Elysium
$pos: 2202.928955, -33.794342, 3469.612305
$label: XSTR("MT Vessel", 8380)
+id: 9
$hlight: 1
$mirror: 0
$multi_text
$end_multi_text
$end_icon
$end_stage
$start_stage
$multi_text
 XSTR("Cover the $f Giordano during the recovery op and prevent the destruction of the $r MT ship if possible. If the $b Wayfarer security forces present any opposition, you have limited authority to return fire. Do not destroy these civilian security vessels under any circumstances. However, $r Morgan fighters are fair game. Hopefully, once we have the $r MT prisoners our interrogations will yield positive results.", 8381)
$end_multi_text
$voice: dl33_b4.ogg
$camera_pos: 2422.824951, 1597.766724, 3496.160889
$camera_orient:
	-0.728901, 0.000003, 0.684619,
	-0.681036, 0.102179, -0.725086,
	-0.069956, -0.994766, -0.074476
$camera_time: 1200
$num_lines: 0
$num_icons: 10
$Flags: 0
$Formula: ( true ) 
$start_icon
$type: 33
$team: Friendly
$class: GVG Anuket
$pos: 2887.824463, -116.746895, 1248.116455
$label: XSTR("Tania Australis", 8155)
+id: 1
$hlight: 0
$mirror: 0
$multi_text
$end_multi_text
$end_icon
$start_icon
$type: 15
$team: Friendly
$class: GTI Ganymede
$pos: 2846.098633, 212.812363, 4572.771973
$label: XSTR("Wayfarer Station", 8378)
+id: 2
$hlight: 0
$mirror: 0
$multi_text
$end_multi_text
$end_icon
$start_icon
$type: 18
$team: Friendly
$class: GTM Hippocrates
$pos: 3333.862305, 759.369080, 5049.884277
$label: XSTR("Civilians", 145)
+id: 3
$hlight: 0
$mirror: 0
$multi_text
$end_multi_text
$end_icon
$start_icon
$type: 29
$team: Friendly
$class: GTG Zephyrus
$pos: 1647.617188, 264.351807, 4815.935547
$label: XSTR("Civilians", 145)
+id: 4
$hlight: 0
$mirror: 0
$multi_text
$end_multi_text
$end_icon
$start_icon
$type: 12
$team: Friendly
$class: GTFR Triton
$pos: 3774.565674, 338.458344, 4157.627441
$label: XSTR("Civilians", 145)
+id: 5
$hlight: 0
$mirror: 0
$multi_text
$end_multi_text
$end_icon
$start_icon
$type: 27
$team: Friendly
$class: GTT Elysium
$pos: 1223.793457, -288.980652, 4208.104492
$label: XSTR("Civilians", 145)
+id: 6
$hlight: 0
$mirror: 0
$multi_text
$end_multi_text
$end_icon
$start_icon
$type: 22
$team: Friendly
$class: GTF Perseus
$pos: 2394.659668, -85.327576, 3095.117920
+id: 7
$hlight: 0
$mirror: 0
$multi_text
$end_multi_text
$end_icon
$start_icon
$type: 1
$team: Friendly
$class: GTF Perseus
$pos: 2624.878906, -63.314228, 3198.587158
$label: XSTR("Beta", 6305)
+id: 8
$hlight: 0
$mirror: 0
$multi_text
$end_multi_text
$end_icon
$start_icon
$type: 34
$team: Hostile
$class: GTT Elysium
$pos: 2202.928955, -33.794342, 3469.612305
$label: XSTR("MT Vessel", 8380)
+id: 9
$hlight: 0
$mirror: 0
$multi_text
$end_multi_text
$end_icon
$start_icon
$type: 34
$team: Friendly
$class: GTT Elysium
$pos: 2064.401367, -85.327324, 3582.753174
$label: XSTR("Giordano", 8382)
+id: 10
$hlight: 1
$mirror: 0
$multi_text
$end_multi_text
$end_icon
$end_stage
$end_briefing

#Debriefing_info

$Num stages: 6

$Formula: ( or 
   ( are-waypoints-done-delay 
      "Juno" 
      "Junodep" 
      0 
   )
   ( is-event-true-delay "JunoGotAway" 0 ) 
)
$Multi text
    XSTR("You failed to identify and capture the Morgan Technolgies vessel. Though traffic was high, this was a relatively simple task that you should've been able to complete with only basic training. The fact that you're a pilot of some skill highlights the fact that you should've carried out your mission objectives properly.", 8383)
$end_multi_text
$Voice: dl33_db1.ogg
$Recommendation text:
    XSTR("Scan all ships for MT crew until they are discovered. Follow your wingmen's suggestions as well.", 8384)
$end_multi_text

$Formula: ( and 
   ( is-event-false-delay 
      "JunoGotAway" 
      0 
   )
   ( is-event-false-delay 
      "Giordano is lost" 
      0 
   )
   ( is-event-false-delay 
      "Juno premature destruction" 
      0 
   )
   ( is-event-false-delay 
      "Giordano makes the jump" 
      0 
   )
   ( not 
      ( are-waypoints-done-delay 
         "Juno" 
         "Junodep" 
         0 
      )
   )
)
$Multi text
    XSTR("Deserting the field is a serious enough offence in any mission - and a covert operation with high tactical value even more so. You failed the mission, your wingmen, and, worst of all, us at GTVI. Don't think that you'll be selected for special duties again, pilot.", 8385)
$end_multi_text
$Voice: dl33_db2.ogg
$Recommendation text:
    XSTR("Do not depart until told to do so.", 5797)
$end_multi_text

$Formula: ( is-event-true-delay 
   "Giordano makes the jump" 
   0 
)
$Multi text
    XSTR("You did well out there considering what we had to put up with - flying in a hot zone with many civilian targets, mistaken identity by the local security personnel, and an attack by mysterious fighters. Flying in this kind of environment always presents danger to our pilots and also to the civilians who we are sworn to protect. The risk of a shot hitting a civilian freighter or explorer is high in this kind of mission, but fortunately you showed skill and restraint, even when under fire from friendly forces. This isn't something that every pilot can boast.", 8386)
$end_multi_text
$Voice: dl33_db3.ogg
$Recommendation text:
    XSTR("", 10)
$end_multi_text

$Formula: ( is-event-true-delay 
   "Giordano makes the jump" 
   0 
)
$Multi text
    XSTR("The crew of the disabled MTT Juno isn't talking under conventional questioning methods, and because they're not strictly military personnel we're going to need special authorisation from GTVI HQ in Ikeya if we want to continue our inquiry. This could take some time. Nevertheless, the capture of this crew is a significant step forward. You did well out there, protecting our transport from the unwanted attention of hostile fighters. Their origin remains unknown, though it's a safe bet to assume that they were MT or pirate fighters.", 8387)
$end_multi_text
$Voice: dl33_db4.ogg
$Recommendation text:
    XSTR("", 10)
$end_multi_text

$Formula: ( is-event-true-delay 
   "Juno premature destruction" 
   0 
)
$Multi text
    XSTR("The wanton destruction of the MT transport before the Giordano even had a chance to dock with it is simply unacceptable. We expect our pilots to show intelligence and restraint, and yet you have shown neither of these traits. It makes me wonder why they ever asked you back to serve again in the first place.", 8388)
$end_multi_text
$Voice: dl33_db5.ogg
$Recommendation text:
    XSTR("Don't destroy the MT transport, disable it! The crew is needed for interrogation.", 8389)
$end_multi_text

$Formula: ( is-event-true-delay 
   "Giordano is lost" 
   0 
)
$Multi text
    XSTR("The destruction of the GTT Giordano prevented us from retrieving the Morgan Technologies crew from the Juno, and so we've lost a valuable lead in addition to the loss of a fine capture crew. Lieutenant Commander Phil Barker and his team will be sorely missed by their colleagues and their families.", 8390)
$end_multi_text
$Voice: dl33_db6.ogg
$Recommendation text:
    XSTR("Protect the Juno and Giordano during docking. After that, you'll just have to concern yourself with the Giordano. She's weak, so don't let the fighters get through.", 8391)
$end_multi_text


#Players		;! 1 total

$Starting Shipname: Alpha 1
$Ship Choices: (
	"GTF Hercules Mark II"	6
	"GTF Perseus"	4
	"GTF Myrmidon"	8
)

+Weaponry Pool: (
	"Subach HL-7"	20
	"Akheton SDG"	13
	"Morning Star"	10
	"Prometheus R"	22
	"Prometheus S"	21
	"Circe"	6
	"Rockeye"	90
	"Tempest"	400
	"Hornet"	340
	"Tornado"	204
	"Harpoon"	248
	"Stiletto II"	5
)

#Objects		;! 66 total

$Name: Alpha 1		;! Object #0
$Display Name: XSTR("Alpha 1", 5798)
$Class: GTF Perseus
$Team: Friendly
$Location: -1030.800049, 22.000000, -2.800000
$Orientation:
	0.762954, 0.000000, -0.646453,
	-0.020558, 0.999494, -0.024263,
	0.646126, 0.031801, 0.762568
$AI Behavior: None
$Cargo 1:  XSTR("Nothing", 13)
+Initial Velocity: 25
+Initial Hull: 100
+Subsystem: Pilot
+Primary Banks: ( "Prometheus S" "Akheton SDG" )
+Secondary Banks: ( "Harpoon" "Stiletto II" )
$Arrival Location: Hyperspace
$Arrival Cue: ( false ) 
$Departure Location: Hyperspace
$Departure Cue: ( false ) 
$Determination: 10
+Flags: ( "cargo-known" "protect-ship" "player-start" "beam-protect-ship" )
+Flags2: ( )
+Respawn priority: 0
+Orders Accepted: 33023		;! note that this is a bitfield!!!
+Group: 0
+Score: 8

$Name: Sesmu		;! Object #1
$Display Name: XSTR("Sesmu", 8392)
$Class: GVG Anuket
$Team: Friendly
$Location: 2887.824463, -116.746895, 1248.116455
$Orientation:
	0.886995, -0.461779, 0.000000,
	0.461779, 0.886995, 0.000000,
	0.000000, 0.000000, 1.000000
$AI Behavior: None
$AI Goals: ( goals ( ai-waypoints-once "Gaspark" 70 ) )
$Cargo 1:  XSTR("Gaseous elements", 8393)
+Initial Velocity: 33
+Initial Hull: 100
+Initial Shields: 100
+Subsystem: Pilot
+Subsystem: turret01
+Subsystem: turret02
+Subsystem: turret03
+Primary Banks: ( "Akheton SDG" "" )
+Subsystem: turret04
+Subsystem: turret05
$Arrival Location: Hyperspace
+Arrival Delay: 70
$Arrival Cue: ( true ) 
$Departure Location: Hyperspace
$Departure Cue: ( false ) 
$Determination: 10
+Flags: ( "protect-ship" "no-shields" "scannable" )
+Flags2: ( )
+Respawn priority: 0
+Orders Accepted: 0		;! note that this is a bitfield!!!
+Group: 0
+Use Table Score:
+Score: 50

$Name: Wayfarer Ring		;! Object #2
$Display Name: XSTR("Wayfarer Ring", 8394)
$Class: GTI Ganymede

$Team: Friendly
$Location: 2846.098633, 212.812363, 4572.771973
$Orientation:
	-0.108987, 0.994044, 0.000000,
	-0.994044, -0.108987, 0.000000,
	0.000000, 0.000000, 1.000000
$AI Behavior: None
$Cargo 1:  XSTR("Nothing", 13)
+Initial Hull: 100
+Initial Shields: 100
+Subsystem: Pilot
$Arrival Location: Hyperspace
$Arrival Cue: ( true ) 
$Departure Location: Hyperspace
$Departure Cue: ( false ) 
$Determination: 10
+Flags: ( "cargo-known" "protect-ship" "no-shields" "don't-collide-invisible" )
+Flags2: ( )
+Respawn priority: 0
+Group: 0
+Use Table Score:
+Score: 900

$Name: Columbus		;! Object #3
$Display Name: XSTR("Columbus", 8395)
$Class: GTM Hippocrates

$Team: Friendly
$Location: 3333.862305, 759.369080, 5049.884277
$Orientation:
	-0.152875, 0.179540, 0.971801,
	-0.599777, 0.764688, -0.235628,
	-0.785428, -0.618885, -0.009218
$AI Behavior: None
$Cargo 1:  XSTR("Explorator team", 8396)
+Initial Velocity: 33
+Initial Hull: 100
+Initial Shields: 100
+Subsystem: Pilot
+Subsystem: turret01
+Subsystem: turret02
+Subsystem: turret03
+Subsystem: turret04
+Subsystem: turret05
$Arrival Location: Hyperspace
$Arrival Cue: ( true ) 
$Departure Location: Hyperspace
$Departure Cue: ( false ) 
$Determination: 10
+Flags: ( "protect-ship" "no-shields" "scannable" )
+Flags2: ( )
+Respawn priority: 0
+Orders Accepted: 0		;! note that this is a bitfield!!!
+Group: 0
+Use Table Score:
+Score: 100

$Name: Wayfarer		;! Object #4
$Display Name: XSTR("Wayfarer", 8397)
$Class: GTCv Deimos

$Team: Friendly
$Location: 3350.000000, -100.000000, 4578.700195
$Orientation:
	-0.020780, 0.038398, 0.999046,
	-0.000798, -0.999263, 0.038389,
	0.999784, 0.000000, 0.020795
$AI Behavior: None
$Cargo 1:  XSTR("Nothing", 13)
+Initial Hull: 100
+Initial Shields: 100
+Subsystem: Pilot
+Subsystem: turret01
+Subsystem: turret02
+Subsystem: turret03
+Subsystem: turret04
+Subsystem: turret05
+Primary Banks: ( "AAAf" )
+Subsystem: turret06
+Primary Banks: ( "AAAf" )
+Subsystem: turret07
$Damage: 100
+Subsystem: turret08
$Damage: 100
+Subsystem: turret09
$Damage: 100
+Subsystem: turret10
$Damage: 100
+Subsystem: turret11
$Damage: 100
+Subsystem: turret12
$Damage: 100
+Subsystem: turret13
+Primary Banks: ( "Terran Turret" )
+Subsystem: turret14
+Subsystem: turret15
+Subsystem: turret16
+Primary Banks: ( "Terran Turret" )
+Subsystem: turret17
+Primary Banks: ( "Terran Turret" )
+Subsystem: turret18
+Subsystem: turret19
+Subsystem: turret20
+Primary Banks: ( "Terran Turret" )
+Subsystem: turret21
+Primary Banks: ( "SGreen" )
+Subsystem: turret22
+Subsystem: turret23
+Primary Banks: ( "Standard Flak" )
+Subsystem: turret24
+Primary Banks: ( "Standard Flak" )
+Subsystem: turret25
$Damage: 100
+Sbank Ammo: ( 0 )
+Subsystem: turret26
$Damage: 100
+Sbank Ammo: ( 0 )
+Subsystem: engine01
$Damage: 100
+Subsystem: engine02
$Damage: 100
+Subsystem: engine03
$Damage: 100
$Arrival Location: Hyperspace
$Arrival Cue: ( true ) 
$Departure Location: Hyperspace
$Departure Cue: ( false ) 
$Determination: 10
+Flags: ( "cargo-known" "protect-ship" "no-shields" )
+Flags2: ( )
+Respawn priority: 0
+Orders Accepted: 0		;! note that this is a bitfield!!!
+Group: 0
+Use Table Score:
+Score: 800
$Texture Replace:
+old: nameplate
+new: wayfarer_station

$Name: Beta 1		;! Object #5
$Display Name: XSTR("Beta 1", 5964)
$Class: GTF Perseus
$Team: Friendly
$Location: -599.979858, 22.000561, -16.923048
$Orientation:
	0.799681, 0.000000, -0.600424,
	-0.019951, 0.999448, -0.026571,
	0.600093, 0.033228, 0.799240
$AI Behavior: None
$Cargo 1:  XSTR("Nothing", 13)
+Initial Velocity: 25
+Initial Hull: 100
+Subsystem: Pilot
+Primary Banks: ( "Prometheus S" "Akheton SDG" )
+Secondary Banks: ( "Harpoon" "Tornado" )
$Arrival Location: Hyperspace
$Arrival Cue: ( false ) 
$Departure Location: Hyperspace
$Departure Cue: ( false ) 
$Determination: 10
+Flags: ( "cargo-known" "protect-ship" "beam-protect-ship" )
+Flags2: ( )
+Respawn priority: 0
+Orders Accepted: 33023		;! note that this is a bitfield!!!
+Group: 0
+Score: 10

$Name: Aquinas		;! Object #6
$Display Name: XSTR("Aquinas", 8398)
$Class: GTT Argo
$Team: Friendly
$Location: 3428.124756, -147.512146, 4818.890625
$Orientation:
	0.009985, -0.380189, 0.924856,
	0.004105, 0.924910, 0.380166,
	-0.999942, 0.000000, 0.010796
$AI Behavior: None
$Cargo 1:  XSTR("Traders", 8399)
+Initial Velocity: 33
+Initial Hull: 100
+Initial Shields: 100
+Subsystem: Pilot
+Subsystem: turret01
+Subsystem: turret02
$Arrival Location: Hyperspace
$Arrival Cue: ( true ) 
$Departure Location: Hyperspace
$Departure Cue: ( false ) 
$Determination: 10
+Flags: ( "protect-ship" "no-shields" )
+Flags2: ( )
+Respawn priority: 0
+Orders Accepted: 0		;! note that this is a bitfield!!!
+Group: 0
+Use Table Score:
+Score: 40

$Name: Har-wer		;! Object #7
$Display Name: XSTR("Har-wer", 8400)
$Class: GVFr Satis
$Team: Friendly
$Location: 2482.819092, 471.799744, 4576.409180
$Orientation:
	0.415979, 0.909298, 0.011820,
	0.908932, -0.416147, 0.025827,
	0.028404, 0.000000, -0.999597
$AI Behavior: None
$Cargo 1:  XSTR("Crew", 7925)
+Initial Velocity: 33
+Initial Hull: 100
+Initial Shields: 100
+Subsystem: Pilot
+Subsystem: turret01-main
+Subsystem: turret02
+Subsystem: turret03
+Subsystem: turret04
+Subsystem: turret05
$Arrival Location: Hyperspace
$Arrival Cue: ( true ) 
$Departure Location: Hyperspace
$Departure Cue: ( false ) 
$Determination: 10
+Flags: ( "protect-ship" "no-shields" "scannable" )
+Flags2: ( )
+Respawn priority: 0
+Orders Accepted: 0		;! note that this is a bitfield!!!
+Group: 0
+Use Table Score:
+Score: 16

$Name: Quicksilver		;! Object #8
$Display Name: XSTR("Quicksilver", 8401)
$Class: GTFR Triton
$Team: Friendly
$Location: 2269.031738, -8.730085, 5984.988281
$Orientation:
	-0.620314, 0.784354, 0.000174,
	-0.784354, -0.620314, -0.000166,
	-0.000023, -0.000239, 1.000000
$AI Behavior: None
$AI Goals: ( goals ( ai-waypoints-once "Systemout 2" 70 ) )
$Cargo 1:  XSTR("Nothing", 13)
+Initial Velocity: 33
+Initial Hull: 100
+Initial Shields: 100
+Subsystem: Pilot
+Subsystem: turret01
+Subsystem: turret02
$Arrival Location: Hyperspace
$Arrival Cue: ( true ) 
$Departure Location: Hyperspace
$Departure Cue: ( are-waypoints-done-delay 
   "Quicksilver" 
   "Systemout 2" 
   0 
)
$Determination: 10
+Flags: ( "protect-ship" "no-shields" "scannable" )
+Flags2: ( )
+Respawn priority: 0
+Orders Accepted: 0		;! note that this is a bitfield!!!
+Group: 0
+Use Table Score:
+Score: 20

$Name: Cargo One		;! Object #9
$Display Name: XSTR("Cargo One", 8402)
$Class: TC-TRI
$Team: Friendly
$Location: 2260.894775, -16.096558, 6175.945801
$Orientation:
	-0.620340, 0.784334, 0.000178,
	-0.784334, -0.620340, -0.000274,
	-0.000105, -0.000309, 1.000000
$AI Behavior: None
$Cargo 1:  XSTR("Ore", 8403)
+Initial Velocity: 33
+Initial Hull: 100
+Initial Shields: 100
+Subsystem: Pilot
$Arrival Location: Hyperspace
$Arrival Cue: ( false ) 
$Departure Location: Hyperspace
$Departure Cue: ( false ) 
$Determination: 10
+Flags: ( "protect-ship" "no-shields" )
+Flags2: ( )
+Respawn priority: 0
+Docked With: Quicksilver
$Docker Point: Cargo Dock01
$Dockee Point: Cargo Dockpoint
+Group: 0
+Use Table Score:
+Score: 0

$Name: Juno		;! Object #10
$Display Name: XSTR("Juno", 8404)
$Class: GTT Argo
$Team: Friendly
$Location: 3472.081787, -338.559143, 5444.923340
$Orientation:
	0.731689, 0.000000, -0.681639,
	0.000000, 1.000000, 0.000000,
	0.681639, 0.000000, 0.731689
$AI Behavior: None
$AI Goals: ( goals ( ai-waypoints-once "Junodep" 89 ) )
$Cargo 1:  XSTR("MT Personnel", 8405)
+Initial Velocity: 33
+Initial Hull: 100
+Initial Shields: 100
+Subsystem: Pilot
+Subsystem: turret01
+Subsystem: turret02
$Arrival Location: Hyperspace
$Arrival Cue: ( true ) 
$Departure Location: Hyperspace
$Departure Cue: ( are-waypoints-done-delay 
   "Juno" 
   "Junodep" 
   0 
)
$Determination: 10
+Flags: ( "no-shields" "stealth" )
+Flags2: ( )
+Respawn priority: 0
+Orders Accepted: 0		;! note that this is a bitfield!!!
+Group: 0
+Use Table Score:
+Score: 40

$Name: Am-heh		;! Object #11
$Display Name: XSTR("Am-heh", 8406)
$Class: PVFR Ma'at
$Team: Friendly
$Location: 3543.315918, 750.229126, 4594.955566
$Orientation:
	0.021307, 0.034880, -0.999164,
	-0.000000, 0.999391, 0.034889,
	0.999773, -0.000744, 0.021294
$AI Behavior: None
$Cargo 1:  XSTR("Nothing", 13)
+Initial Velocity: 33
+Initial Hull: 100
+Initial Shields: 100
+Subsystem: Pilot
+Subsystem: turret01
+Subsystem: turret02
+Subsystem: turret03
$Arrival Location: Hyperspace
$Arrival Cue: ( true ) 
$Departure Location: Hyperspace
$Departure Cue: ( are-waypoints-done-delay 
   "Am-heh" 
   "Systemout 1" 
   0 
)
$Determination: 10
+Flags: ( "no-shields" "scannable" )
+Flags2: ( )
+Respawn priority: 0
+Orders Accepted: 0		;! note that this is a bitfield!!!
+Group: 0
+Use Table Score:
+Score: 14

$Name: VAC 4 1		;! Object #12
$Display Name: XSTR("VAC 4 1", 8407)
$Class: VAC 4
$Team: Friendly
$Location: 3527.960449, 758.997986, 4594.302246
$Orientation:
	0.021830, 0.034889, -0.999152,
	-0.034872, 0.998809, 0.034116,
	0.999154, 0.034097, 0.023021
$AI Behavior: None
$Cargo 1:  XSTR("Mining Equipment", 8408)
+Initial Velocity: 33
+Initial Hull: 100
+Initial Shields: 100
+Subsystem: Pilot
$Arrival Location: Hyperspace
$Arrival Cue: ( false ) 
$Departure Location: Hyperspace
$Departure Cue: ( false ) 
$Determination: 10
+Flags: ( "no-shields" )
+Flags2: ( )
+Respawn priority: 0
+Docked With: Am-heh
$Docker Point: cargo dock
$Dockee Point: cargo dock
+Group: 0
+Use Table Score:
+Score: 3

$Name: Ba-Pef		;! Object #13
$Display Name: XSTR("Ba-Pef", 8409)
$Class: PVFR Ma'at
$Team: Friendly
$Location: 3477.239502, 706.215332, 4684.411621
$Orientation:
	0.021307, 0.034880, -0.999164,
	-0.000000, 0.999391, 0.034889,
	0.999773, -0.000744, 0.021294
$AI Behavior: None
$Cargo 1:  XSTR("Nothing", 13)
+Initial Velocity: 33
+Initial Hull: 100
+Initial Shields: 100
+Subsystem: Pilot
+Subsystem: turret01
+Subsystem: turret02
+Subsystem: turret03
$Arrival Location: Hyperspace
$Arrival Cue: ( true ) 
$Departure Location: Hyperspace
$Departure Cue: ( are-waypoints-done-delay 
   "Ba-Pef" 
   "Systemout 1" 
   0 
)
$Determination: 10
+Flags: ( "no-shields" "scannable" )
+Flags2: ( )
+Respawn priority: 0
+Orders Accepted: 0		;! note that this is a bitfield!!!
+Group: 0
+Use Table Score:
+Score: 14

$Name: VAC 4 2		;! Object #14
$Display Name: XSTR("VAC 4 2", 8410)
$Class: VAC 4
$Team: Friendly
$Location: 3461.884277, 714.984192, 4683.758301
$Orientation:
	0.021830, 0.034889, -0.999152,
	-0.034872, 0.998809, 0.034116,
	0.999154, 0.034097, 0.023021
$AI Behavior: None
$Cargo 1:  XSTR("Medical supplies", 6592)
+Initial Velocity: 33
+Initial Hull: 100
+Initial Shields: 100
+Subsystem: Pilot
$Arrival Location: Hyperspace
$Arrival Cue: ( false ) 
$Departure Location: Hyperspace
$Departure Cue: ( false ) 
$Determination: 10
+Flags: ( "no-shields" )
+Flags2: ( )
+Respawn priority: 0
+Docked With: Ba-Pef
$Docker Point: cargo dock
$Dockee Point: cargo dock
+Group: 0
+Use Table Score:
+Score: 3

$Name: Wayfarer Comm		;! Object #15
$Display Name: XSTR("Wayfarer Comm", 8411)
$Class: GTSC Faustus

$Team: Friendly
$Location: 2511.499512, 291.941284, 4514.712891
$Orientation:
	0.995952, -0.089878, 0.000000,
	0.089878, 0.995952, 0.000000,
	0.000000, 0.000000, 1.000000
$AI Behavior: None
$Cargo 1:  XSTR("Nothing", 13)
+Initial Hull: 100
+Initial Shields: 100
+Subsystem: Pilot
+Subsystem: turret01
+Subsystem: turret02
+Subsystem: turret03
+Subsystem: turret04
+Subsystem: turret05
+Subsystem: turret06
$Arrival Location: Hyperspace
$Arrival Cue: ( true ) 
$Departure Location: Hyperspace
$Departure Cue: ( false ) 
$Determination: 10
+Flags: ( "cargo-known" "protect-ship" "no-shields" )
+Flags2: ( )
+Respawn priority: 0
+Orders Accepted: 0		;! note that this is a bitfield!!!
+Group: 0
+Use Table Score:
+Score: 50

$Name: Crowdis' Pride		;! Object #16
$Display Name: XSTR("Crowdis' Pride", 8412)
$Class: GTFR Poseidon
$Team: Friendly
$Location: 738.288757, 334.999847, 6302.891113
$Orientation:
	-0.992555, 0.000000, -0.121798,
	0.005559, 0.998958, -0.045299,
	0.121671, -0.045639, -0.991521
$AI Behavior: None
$AI Goals: ( goals ( ai-dock "WF-02T" "cargo dock" "cargo dockpoint" 60 ) )
$Cargo 1:  XSTR("Nothing", 13)
+Initial Velocity: 33
+Initial Hull: 100
+Initial Shields: 100
+Subsystem: Pilot
+Subsystem: turret01
+Subsystem: turret02
+Subsystem: turret03
+Subsystem: turret04
$Arrival Location: Hyperspace
+Arrival Delay: 93
$Arrival Cue: ( true ) 
$Departure Location: Hyperspace
$Departure Cue: ( are-waypoints-done-delay 
   "Crowdis' Pride" 
   "Aradep" 
   0 
)
$Determination: 10
+Flags: ( "protect-ship" "no-shields" "scannable" )
+Flags2: ( )
+Respawn priority: 0
+Orders Accepted: 0		;! note that this is a bitfield!!!
+Group: 0
+Use Table Score:
+Score: 15

$Name: Dragonfly		;! Object #17
$Display Name: XSTR("Dragonfly", 8413)
$Class: GTG Zephyrus
$Team: Friendly
$Location: 1562.045410, 264.352234, 4865.240234
$Orientation:
	-0.673699, 0.000000, 0.739005,
	0.000000, 1.000000, 0.000000,
	-0.739005, 0.000000, -0.673699
$AI Behavior: None
$Cargo 1:  XSTR("Deuterium", 8414)
+Initial Velocity: 33
+Initial Hull: 100
+Initial Shields: 100
+Subsystem: Pilot
+Subsystem: turret01
+Subsystem: turret02
+Subsystem: turret03
+Subsystem: turret04
+Subsystem: turret05
$Arrival Location: Hyperspace
$Arrival Cue: ( true ) 
$Departure Location: Hyperspace
$Departure Cue: ( are-waypoints-done-delay 
   "Dragonfly" 
   "TSpath" 
   0 
)
$Determination: 10
+Flags: ( "protect-ship" "no-shields" "scannable" )
+Flags2: ( )
+Respawn priority: 0
+Orders Accepted: 0		;! note that this is a bitfield!!!
+Group: 0
+Use Table Score:
+Score: 50

$Name: Mad Max		;! Object #18
$Display Name: XSTR("Mad Max", 8415)
$Class: GTT Elysium
$Team: Friendly
$Location: 2446.596436, 482.460571, 7098.470703
$Orientation:
	0.659983, 0.000000, -0.751280,
	0.000000, 1.000000, 0.000000,
	0.751280, 0.000000, 0.659983
$AI Behavior: None
$AI Goals: ( goals ( ai-waypoints-once "Systemout 2" 70 ) )
$Cargo 1:  XSTR("Mercenaries", 6765)
+Initial Velocity: 33
+Initial Hull: 100
+Initial Shields: 100
+Subsystem: Pilot
+Subsystem: turret01
$Arrival Location: Hyperspace
$Arrival Cue: ( true ) 
$Departure Location: Hyperspace
$Departure Cue: ( are-waypoints-done-delay 
   "Mad Max" 
   "Systemout 2" 
   0 
)
$Determination: 10
+Flags: ( "protect-ship" "no-shields" )
+Flags2: ( )
+Respawn priority: 0
+Orders Accepted: 0		;! note that this is a bitfield!!!
+Group: 0
+Use Table Score:
+Score: 10

$Name: Haven		;! Object #19
$Display Name: XSTR("Haven", 8416)
$Class: GTT Elysium
$Team: Friendly
$Location: 1029.599976, 393.399994, 8460.099609
$Orientation:
	-0.936924, 0.000000, -0.349532,
	0.008362, 0.999714, -0.022415,
	0.349432, -0.023924, -0.936656
$AI Behavior: None
$AI Goals: ( goals ( ai-dock "Wayfarer Comm" "topside docking" "port docking" 65 ) )
$Cargo 1:  XSTR("Wayfarer Personnel", 8417)
+Initial Velocity: 33
+Initial Hull: 100
+Initial Shields: 100
+Subsystem: Pilot
+Subsystem: turret01
$Arrival Location: Hyperspace
+Arrival Delay: 180
$Arrival Cue: ( true ) 
$Departure Location: Hyperspace
$Departure Cue: ( false ) 
$Determination: 10
+Flags: ( "protect-ship" "no-shields" )
+Flags2: ( )
+Respawn priority: 0
+Orders Accepted: 0		;! note that this is a bitfield!!!
+Group: 0
+Use Table Score:
+Score: 10

$Name: Giordano		;! Object #20
$Display Name: XSTR("Giordano", 8382)
$Class: GTT Elysium
$Team: Friendly
$Location: 5555.128418, 614.341248, 7164.106934
$Orientation:
	1.000000, 0.000000, 0.000000,
	0.000000, 1.000000, 0.000000,
	0.000000, 0.000000, 1.000000
$AI Behavior: None
$AI Goals: ( goals ( ai-dock "Juno" "topside docking" "Frontside dock" 70 ) )
$Cargo 1:  XSTR("Capture Team", 8418)
+Initial Velocity: 33
+Initial Hull: 100
+Initial Shields: 100
+Subsystem: Pilot
+Subsystem: turret01
$Arrival Location: In front of ship
+Arrival Distance: 1500
$Arrival Anchor: Juno
$Arrival Cue: ( is-disabled-delay 16 "Juno" ) 
$Departure Location: Hyperspace
$Departure Cue: ( are-waypoints-done-delay 
   "Giordano" 
   "Giodep" 
   0 
)
$Determination: 10
+Flags: ( "cargo-known" "no-shields" "escort" )
+Flags2: ( )
+Respawn priority: 0
+Escort priority: 80
+Orders Accepted: 0		;! note that this is a bitfield!!!
+Group: 0
+Use Table Score:
+Score: 10

$Name: Half-Life		;! Object #21
$Display Name: XSTR("Half-Life", 8419)
$Class: GTSC Faustus
$Team: Friendly
$Location: 4472.283203, -950.113464, 4258.059570
$Orientation:
	0.169967, 0.000000, -0.985450,
	0.000000, 1.000000, 0.000000,
	0.985450, 0.000000, 0.169967
$AI Behavior: None
$Cargo 1:  XSTR("Civilian Scientists", 8420)
+Initial Velocity: 33
+Initial Hull: 100
+Initial Shields: 100
+Subsystem: Pilot
+Subsystem: turret01
+Subsystem: turret02
+Subsystem: turret03
+Subsystem: turret04
+Subsystem: turret05
+Subsystem: turret06
$Arrival Location: Hyperspace
$Arrival Cue: ( true ) 
$Departure Location: Hyperspace
$Departure Cue: ( are-waypoints-done-delay 
   "Half-Life" 
   "HLpath" 
   0 
)
$Determination: 10
+Flags: ( "no-shields" "scannable" )
+Flags2: ( )
+Respawn priority: 0
+Orders Accepted: 0		;! note that this is a bitfield!!!
+Group: 0
+Use Table Score:
+Score: 50
$Texture Replace:
+old: nameplate
+new: gtsc_half_life

$Name: Aratech		;! Object #22
$Display Name: XSTR("Aratech", 8421)
$Class: GTFR Triton
$Team: Friendly
$Location: 3370.801270, 520.000549, 2980.500000
$Orientation:
	-0.738232, -0.674225, -0.020858,
	-0.673952, 0.738527, -0.019196,
	0.028346, -0.000114, -0.999598
$AI Behavior: None
$Cargo 1:  XSTR("Crew", 7925)
+Initial Hull: 100
+Initial Shields: 100
+Subsystem: Pilot
+Subsystem: turret01
+Subsystem: turret02
$Arrival Location: Hyperspace
$Arrival Cue: ( true ) 
$Departure Location: Hyperspace
$Departure Cue: ( are-waypoints-done-delay 
   "Aratech" 
   "Aradep" 
   0 
)
$Determination: 10
+Flags: ( "protect-ship" "no-shields" "invulnerable" "scannable" )
+Flags2: ( )
+Respawn priority: 0
+Orders Accepted: 0		;! note that this is a bitfield!!!
+Group: 0
+Use Table Score:
+Score: 20

$Name: Aratech Cargo		;! Object #23
$Display Name: XSTR("Aratech Cargo", 8422)
$Class: TC-TRI
$Team: Friendly
$Location: 3369.365967, 528.510925, 2789.422363
$Orientation:
	-0.738275, -0.674178, -0.020863,
	-0.673908, 0.738570, -0.019087,
	0.028276, -0.000032, -0.999600
$AI Behavior: None
$Cargo 1:  XSTR("Electronics", 59)
+Initial Hull: 100
+Initial Shields: 100
+Subsystem: Pilot
$Arrival Location: Hyperspace
$Arrival Cue: ( false ) 
$Departure Location: Hyperspace
$Departure Cue: ( false ) 
$Determination: 10
+Flags: ( "protect-ship" "no-shields" "invulnerable" )
+Flags2: ( )
+Respawn priority: 0
+Docked With: Aratech
$Docker Point: Cargo Dock01
$Dockee Point: Cargo Dockpoint
+Group: 0
+Use Table Score:
+Score: 0

$Name: Mendes 1		;! Object #24
$Display Name: XSTR("Mendes 1", 8423)
$Class: GVT Isis
$Team: Friendly
$Location: 2084.559082, 922.158569, 2153.749512
$Orientation:
	0.444662, 0.000000, -0.895699,
	0.000000, 1.000000, 0.000000,
	0.895699, 0.000000, 0.444662
$AI Behavior: None
$Cargo 1:  XSTR("Vasudan civilians", 8424)
+Initial Velocity: 33
+Initial Hull: 100
+Initial Shields: 100
+Subsystem: Pilot
+Subsystem: turret01
+Subsystem: turret02
$Arrival Location: Hyperspace
$Arrival Cue: ( false ) 
$Departure Location: Hyperspace
$Departure Cue: ( false ) 
$Determination: 10
+Flags: ( "no-shields" )
+Flags2: ( )
+Respawn priority: 0
+Orders Accepted: 0		;! note that this is a bitfield!!!
+Group: 0
+Use Table Score:
+Score: 15

$Name: Mendes 2		;! Object #25
$Display Name: XSTR("Mendes 2", 8425)
$Class: GVT Isis
$Team: Friendly
$Location: 2119.394043, 922.158508, 1999.483154
$Orientation:
	0.444661, 0.000000, -0.895699,
	0.000000, 1.000000, 0.000000,
	0.895699, 0.000000, 0.444661
$AI Behavior: None
$Cargo 1:  XSTR("Vasudan civilians", 8424)
+Initial Velocity: 33
+Initial Hull: 100
+Initial Shields: 100
+Subsystem: Pilot
+Subsystem: turret01
+Subsystem: turret02
$Arrival Location: Hyperspace
$Arrival Cue: ( false ) 
$Departure Location: Hyperspace
$Departure Cue: ( false ) 
$Determination: 10
+Flags: ( "no-shields" )
+Flags2: ( )
+Respawn priority: 0
+Orders Accepted: 0		;! note that this is a bitfield!!!
+Group: 0
+Use Table Score:
+Score: 15

$Name: Khemwer		;! Object #26
$Display Name: XSTR("Khemwer", 8426)
$Class: GVFr Bes
$Team: Friendly
$Location: 1873.456787, 988.251160, 2281.368164
$Orientation:
	0.444661, 0.000000, -0.895699,
	0.000000, 1.000000, 0.000000,
	0.895699, 0.000000, 0.444661
$AI Behavior: None
$AI Goals: ( goals ( ai-waypoints-once "Systemout 1" 70 ) )
$Cargo 1:  XSTR("Foodstuffs", 959)
+Initial Velocity: 33
+Initial Hull: 100
+Initial Shields: 100
+Subsystem: Pilot
+Subsystem: turret01
+Subsystem: turret02
$Arrival Location: Hyperspace
$Arrival Cue: ( true ) 
$Departure Location: Hyperspace
$Departure Cue: ( are-waypoints-done-delay 
   "Khemwer" 
   "Systemout 1" 
   0 
)
$Determination: 10
+Flags: ( "no-shields" "scannable" )
+Flags2: ( )
+Respawn priority: 0
+Orders Accepted: 0		;! note that this is a bitfield!!!
+Group: 0
+Use Table Score:
+Score: 13

$Name: Mendes 3		;! Object #27
$Display Name: XSTR("Mendes 3", 8427)
$Class: GVFr Satis
$Team: Friendly
$Location: 1834.473145, 1087.968262, 2034.237061
$Orientation:
	0.444661, 0.000000, -0.895699,
	0.000000, 1.000000, 0.000000,
	0.895699, 0.000000, 0.444661
$AI Behavior: None
$Cargo 1:  XSTR("Vasudan civilians", 8424)
+Initial Velocity: 33
+Initial Hull: 100
+Initial Shields: 100
+Subsystem: Pilot
+Subsystem: turret01-main
+Subsystem: turret02
+Subsystem: turret03
+Subsystem: turret04
+Subsystem: turret05
$Arrival Location: Hyperspace
$Arrival Cue: ( false ) 
$Departure Location: Hyperspace
$Departure Cue: ( false ) 
$Determination: 10
+Flags: ( "no-shields" "scannable" )
+Flags2: ( )
+Respawn priority: 0
+Orders Accepted: 0		;! note that this is a bitfield!!!
+Group: 0
+Use Table Score:
+Score: 16

$Name: Mendes 4		;! Object #28
$Display Name: XSTR("Mendes 4", 8428)
$Class: GVFr Satis
$Team: Friendly
$Location: 1671.775635, 1087.968506, 2115.598145
$Orientation:
	0.444661, 0.000000, -0.895699,
	0.000000, 1.000000, 0.000000,
	0.895699, 0.000000, 0.444661
$AI Behavior: None
$Cargo 1:  XSTR("Vasudan civilians", 8424)
+Initial Velocity: 33
+Initial Hull: 100
+Initial Shields: 100
+Subsystem: Pilot
