#Mission Info

$Version: 0.10
$Name:  XSTR("Shadowplay", 7599)
$Author: Kellan
$Created: 08/11/00 at 12:14:10
$Modified: 06/14/14 at 21:15:40
$Notes:
This is a FRED created mission for Derelict. Loop 2, mission 2. Maybe a dedication to the unfortunate crew of the Kursk would be appropriate...
$End Notes:

$Mission Desc:
 XSTR("A supposedly secret GTVI convoy is ambushed and disabled. Alpha wing must assist in the efforts to recover the crew and equipment from the stricken vessels.
", 7600)
$end_multi_text
+Game Type Flags: 1
+Flags: 8
+Fog Near Mult: 1.000000

+Fog Far Mult: 1.000000

+Disallow Support: 0
+Hull Repair Ceiling: 0.000000
+Subsystem Repair Ceiling: 100.000000

+Player Entry Delay:
1.000000

+Viewer pos: 2064.144287, 7358.068359, -2360.400635
+Viewer orient:
	0.759403, 0.000003, 0.650620,
	-0.537550, 0.563362, 0.627425,
	-0.366533, -0.826210, 0.427821


$Load Screen 640:	dl9.pcx
$Load Screen 1024:	2_dl9.pcx

$Skybox Model: starfield.pof

$AI Profile: FS2 RETAIL

#Sexp_variables

$Variables:
(
		0		"autoGenVar1"		"GVT Satis"		"string"
		1		"autoGenVar2"		"GVFr Ma'at"		"string"
		2		"autoGenVar3"		"Modified Container"		"string"
		3		"autoGenVar4"		"#Command"		"string"
)

#Command Briefing

#Briefing
$start_briefing
$num_stages: 4
$start_stage
$multi_text
 XSTR("Okay pilots, here's the deal. We don't know how, but it looks like a group of $r MT vessels ambushed a $g GTVI convoy headed through the system of $b Tegmen in grid sector $b 320 by $b 116. The last transmission from the convoy stated that they were under attack and that several vessels had been disabled. This convoy was meant to be top-secret, and so an $r MT attack on it is of the utmost concern. It is unlikely that the $r Morgan attack group simply stumbled upon the convoy.", 7601)
$end_multi_text
$voice: dl34_b1.ogg
$camera_pos: 51.142815, 2672.137451, -72.852432
$camera_orient:
	0.759403, 0.000004, 0.650621,
	-0.430458, 0.749850, 0.502425,
	-0.487866, -0.661608, 0.569440
$camera_time: 1000
$num_lines: 0
$num_icons: 2
$Flags: 0
$Formula: ( true ) 
$start_icon
$type: 33
$team: Friendly
$class: GVC Mentu
$pos: -2692.720459, -122.903336, 1656.210693
$label: XSTR("Tegmen", 7549)
+id: 1
$hlight: 0
$mirror: 0
$multi_text
$end_multi_text
$end_icon
$start_icon
$type: 14
$team: Friendly
$class: GVFr Bes
$pos: -1475.151489, 81.121513, 2457.933594
$label: XSTR("GTVI Convoy", 7602)
+id: 3
$hlight: 0
$mirror: 0
$multi_text
$end_multi_text
$end_icon
$end_stage
$start_stage
$multi_text
 XSTR("The situation with the convoy remains unknown. $f Alpha wing will be sent in to reconnoitre the area and see if there are any convoy ships remaining and what shape they're in. Our convoy consisted of the $f GTSC $f Beaufort, $f GTFr $f Aztec and the freighters $f Emza, $f Selu and $f Yar. The $f GVCv $f Sopedu and $f GVC $f Marut escorted these vessels. As you can judge by the escort, this was no ordinary convoy.", 7603)
$end_multi_text
$voice: dl34_b2.ogg
$camera_pos: -76.095306, 3279.498291, 382.075378
$camera_orient:
	0.759403, 0.000004, 0.650620,
	-0.537550, 0.563363, 0.627425,
	-0.366533, -0.826210, 0.427821
$camera_time: 1000
$num_lines: 0
$num_icons: 5
$Flags: 0
$Formula: ( true ) 
$start_icon
$type: 18
$team: Friendly
$class: GVC Mentu
$pos: -2466.710693, -122.903961, 2143.546875
$label: XSTR("Marut", 7604)
+id: 2
$hlight: 0
$mirror: 0
$multi_text
$end_multi_text
$end_icon
$start_icon
$type: 28
$team: Friendly
$class: GVCv Sobek
$pos: -471.522583, 8.480041, 2194.832764
$label: XSTR("Sopedu", 7605)
+id: 4
$hlight: 0
$mirror: 0
$multi_text
$end_multi_text
$end_icon
$start_icon
$type: 18
$team: Friendly
$class: GTSC Faustus
$pos: -2288.704102, 64.596413, 1305.166138
$label: XSTR("Beaufort", 7606)
+id: 5
$hlight: 0
$mirror: 0
$multi_text
$end_multi_text
$end_icon
$start_icon
$type: 14
$team: Friendly
$class: GVFr Bes
$pos: -1458.722290, -0.001028, 2118.949707
$label: XSTR("Freighters", 5717)
+id: 6
$hlight: 0
$mirror: 0
$multi_text
$end_multi_text
$end_icon
$start_icon
$type: 12
$team: Friendly
$class: GTFR Triton
$pos: -522.032837, -0.001857, 2829.811279
$label: XSTR("Aztec", 7607)
+id: 7
$hlight: 0
$mirror: 0
$multi_text
$end_multi_text
$end_icon
$end_stage
$start_stage
$multi_text
 XSTR("If there's anything worth salvaging out there, we will send in recovery craft to retrieve survivors. The rescue of crew is our primary objective, but the recovery of the convoy craft would help us to conserve resources. $f Alpha wing will provide cover as these duties are carried out.", 7608)
$end_multi_text
$voice: dl34_b3.ogg
$camera_pos: -76.095306, 3279.498291, 382.075378
$camera_orient:
	-0.656447, 0.000004, 0.754372,
	-0.678611, 0.436773, -0.590523,
	-0.329492, -0.899572, -0.286716
$camera_time: 500
$num_lines: 0
$num_icons: 7
$Flags: 0
$Formula: ( true ) 
$start_icon
$type: 18
$team: Friendly
$class: GVC Mentu
$pos: -2466.710693, -122.903961, 2143.546875
$label: XSTR("Marut", 7604)
+id: 2
$hlight: 0
$mirror: 0
$multi_text
$end_multi_text
$end_icon
$start_icon
$type: 28
$team: Friendly
$class: GVCv Sobek
$pos: -471.522583, 8.480041, 2194.832764
$label: XSTR("Sopedu", 7605)
+id: 4
$hlight: 0
$mirror: 0
$multi_text
$end_multi_text
$end_icon
$start_icon
$type: 18
$team: Friendly
$class: GTSC Faustus
$pos: -2288.704102, 64.596413, 1305.166138
$label: XSTR("Beaufort", 7606)
+id: 5
$hlight: 0
$mirror: 0
$multi_text
$end_multi_text
$end_icon
$start_icon
$type: 14
$team: Friendly
$class: GVFr Bes
$pos: -1458.722290, -0.001028, 2118.949707
$label: XSTR("Freighters", 5717)
+id: 6
$hlight: 0
$mirror: 0
$multi_text
$end_multi_text
$end_icon
$start_icon
$type: 12
$team: Friendly
$class: GTFR Triton
$pos: -522.032837, -0.001857, 2829.811279
$label: XSTR("Aztec", 7607)
+id: 7
$hlight: 0
$mirror: 0
$multi_text
$end_multi_text
$end_icon
$start_icon
$type: 27
$team: Friendly
$class: GTT Argo
$pos: -1075.722778, 152.494873, -749.658875
$label: XSTR("Recovery Craft", 6734)
+id: 8
$hlight: 1
$mirror: 0
$multi_text
$end_multi_text
$end_icon
$start_icon
$type: 1
$team: Friendly
$class: GTF Perseus
$pos: -1615.738037, 152.494812, -161.465424
$label: XSTR("Alpha", 4828)
+id: 9
$hlight: 0
$mirror: 0
$multi_text
$end_multi_text
$end_icon
$end_stage
$start_stage
$multi_text
 XSTR("It would also be reasonable to assume that were there anything out there to salvage, $r Morgan might come back and finish what they started. The convoy possesses considerable defensive firepower but their status is unknown and if $r MT ships attack, you will be called upon to defend friendly targets in the area.

You're going out into an unknown, possibly volatile situation. Tread carefully and keep your wits about you.", 7609)
$end_multi_text
$voice: dl34_b4.ogg
$camera_pos: -476.629791, 3279.498291, 842.358887
$camera_orient:
	-0.656447, 0.000004, 0.754372,
	-0.678611, 0.436773, -0.590523,
	-0.329492, -0.899572, -0.286716
$camera_time: 1000
$num_lines: 0
$num_icons: 7
$Flags: 0
$Formula: ( true ) 
$start_icon
$type: 18
$team: Friendly
$class: GVC Mentu
$pos: -2466.710693, -122.903961, 2143.546875
$label: XSTR("Marut", 7604)
+id: 2
$hlight: 0
$mirror: 0
$multi_text
$end_multi_text
$end_icon
$start_icon
$type: 28
$team: Friendly
$class: GVCv Sobek
$pos: -471.522583, 8.480041, 2194.832764
$label: XSTR("Sopedu", 7605)
+id: 4
$hlight: 0
$mirror: 0
$multi_text
$end_multi_text
$end_icon
$start_icon
$type: 14
$team: Friendly
$class: GVFr Bes
$pos: -1458.722290, -0.001028, 2118.949707
$label: XSTR("Freighters", 5717)
+id: 6
$hlight: 0
$mirror: 0
$multi_text
$end_multi_text
$end_icon
$start_icon
$type: 12
$team: Friendly
$class: GTFR Triton
$pos: -522.032837, -0.001857, 2829.811279
$label: XSTR("Aztec", 7607)
+id: 7
$hlight: 0
$mirror: 0
$multi_text
$end_multi_text
$end_icon
$start_icon
$type: 27
$team: Friendly
$class: GTT Argo
$pos: -1075.722778, 152.494873, -749.658875
$label: XSTR("Recovery Craft", 6734)
+id: 8
$hlight: 0
$mirror: 0
$multi_text
$end_multi_text
$end_icon
$start_icon
$type: 1
$team: Friendly
$class: GTF Perseus
$pos: -1680.701172, 152.494919, -86.810112
$label: XSTR("Alpha", 4828)
+id: 9
$hlight: 0
$mirror: 0
$multi_text
$end_multi_text
$end_icon
$start_icon
$type: 20
$team: Hostile
$class: GTB Artemis
$pos: -2293.070068, 190.209763, 612.643921
$label: XSTR("MT Forces?", 7610)
+id: 10
$hlight: 0
$mirror: 0
$multi_text
$end_multi_text
$end_icon
$end_stage
$end_briefing

#Debriefing_info

$Num stages: 5

$Formula: ( is-event-true-delay 
   "Clean-up team are gone" 
   0 
)
$Multi text
    XSTR("Alpha and Beta wings performed acceptably in a combat situation in which details were not readily available. Because of your efforts, the recovery craft were all able to dock and escape safely with the crews of the stricken convoy craft. By all rights this situation shouldn't even have happened. The method by which Morgan Technologies obtained the co-ordinates of the convoy remains unexplained.

However, it would seem that all of your effort was in vain. The Vaisang, Kucedre and Adjmetu didn't show up at the designated rally point, and have failed to do so in the intervening hours. Our search teams have found nothing to suggest they didn't make it - not even debris. The three recovery transports, their crews and those of the convoy craft have simply vanished. Command can give no valid explanation for this.", 7611)
$end_multi_text
$Voice: dl34_db1.ogg
$Recommendation text:
    XSTR("", 3307)
$end_multi_text

$Formula: ( and 
   ( is-event-true-delay 
      "Clean-up team are gone" 
      0 
   )
   ( is-goal-true-delay 
      "Protect freighters" 
      0 
   )
)
$Multi text
    XSTR("The freighters Emza and Selu both escaped with their crews. This may only be a small number of personnel to survive, but if our operations have saved only one person then they have not been in vain.", 7612)
$end_multi_text
$Voice: dl34_db2.ogg
$Recommendation text:
    XSTR("", 3307)
$end_multi_text

$Formula: ( is-event-true-delay 
   "Too many critical lost" 
   0 
)
$Multi text
    XSTR("The recovery craft were destroyed along with the crews of the convoy craft by MT bombers and other, unknown attackers. Without the accounts of the crews, and with the surviving convoy craft so badly damaged as to be useless, we may never know quite what happened out there. You let down hundreds of Terrans and Vasudans out there, pilots.", 7613)
$end_multi_text
$Voice: dl34_db3.ogg
$Recommendation text:
    XSTR("Defend the convoy craft from all attack.  By delivering slight damage to fighters you can provoke them to break off their attacks.", 7614)
$end_multi_text

$Formula: ( is-event-true-delay 
   "Clean-up team are gone" 
   0 
)
$Multi text
    XSTR("We have not been able to determine the origin of your mysterious attackers either, though they do not appear to be MT vessels or belong to any local pirates. The GTC Deus, however, was a vessel dispatched by no less than GTVI High Command to destroy the convoy craft once they had been evacuated to prevent them falling into enemy hands.", 7615)
$end_multi_text
$Voice: dl34_db4.ogg
$Recommendation text:
    XSTR("", 3307)
$end_multi_text

$Formula: ( and 
   ( is-event-false-delay 
      "Too many critical lost" 
      0 
   )
   ( is-event-false-delay 
      "Clean-up team are gone" 
      0 
   )
)
$Multi text
    XSTR("You did not have authorisation to return to base, pilot. Your actions jeopardised the lives of those involved in this mission and the GTVA's objectives in this theatre. Desertion is grounds for a court martial, and you are confined to quarters pending your preliminary hearing. Until a military court decides otherwise, you are hereby stripped of your wings and all privileges bestowed upon you as an officer of the Galactic Terran-Vasudan Alliance.", 4843)
$end_multi_text
$Voice: dl_des5.ogg
$Recommendation text:
    XSTR("Do not depart until told to do so.", 4844)
$end_multi_text


#Players		;! 1 total

$Starting Shipname: Alpha 1
$Ship Choices: (
	"GTF Hercules Mark II"	5
	"GTF Myrmidon"	5
)

+Weaponry Pool: (
	"Subach HL-7"	16
	"Morning Star"	19
	"Prometheus R"	16
	"Prometheus S"	25
	"Lamprey"	16
	"Rockeye"	530
	"Tempest"	500
	"Hornet"	500
	"Tornado"	596
	"Harpoon"	596
)

#Objects		;! 48 total

$Name: Alpha 1		;! Object #0
$Display Name: XSTR("Alpha 1", 4845)
$Class: GTF Perseus
$Team: Friendly
$Location: 0.000000, 1003.000000, 0.000000
$Orientation:
	0.826984, 0.000000, 0.562225,
	-0.256472, 0.889891, 0.377247,
	-0.500319, -0.456173, 0.735926
$AI Behavior: None
$Cargo 1:  XSTR("Nothing", 4846)
+Initial Hull: 100
+Subsystem: Pilot
+Primary Banks: ( "Prometheus S" "Morning Star" )
+Secondary Banks: ( "Harpoon" "Tornado" )
$Arrival Location: Hyperspace
$Arrival Cue: ( false ) 
$Departure Location: Hyperspace
$Departure Cue: ( false ) 
$Determination: 10
+Flags: ( "cargo-known" "player-start" )
+Flags2: ( )
+Respawn priority: 0
+Orders Accepted: 33023		;! note that this is a bitfield!!!
+Group: 0
+Score: 8

$Name: Alpha 2		;! Object #1
$Display Name: XSTR("Alpha 2", 4847)
$Class: GTF Perseus
$Team: Friendly
$Location: -33.157501, 1019.239990, -62.078125
$Orientation:
	0.836847, 0.000000, 0.547437,
	-0.249642, 0.889970, 0.381618,
	-0.487202, -0.456019, 0.744769
$AI Behavior: None
+AI Class: Colonel
$Cargo 1:  XSTR("Nothing", 4846)
+Initial Velocity: 33
+Initial Hull: 100
+Subsystem: Pilot
+Primary Banks: ( "Prometheus S" "Morning Star" )
+Secondary Banks: ( "Harpoon" "Tornado" )
$Arrival Location: Hyperspace
$Arrival Cue: ( false ) 
$Departure Location: Hyperspace
$Departure Cue: ( false ) 
$Determination: 10
+Flags: ( "cargo-known" )
+Flags2: ( )
+Respawn priority: 0
+Orders Accepted: 33023		;! note that this is a bitfield!!!
+Group: 0
+Use Table Score:
+Score: 14

$Name: Alpha 3		;! Object #2
$Display Name: XSTR("Alpha 3", 4848)
$Class: GTF Perseus
$Team: Friendly
$Location: 75.993950, 1005.195618, -13.433259
$Orientation:
	0.818062, 0.000000, 0.575129,
	-0.259207, 0.892679, 0.368695,
	-0.513406, -0.450693, 0.730267
$AI Behavior: None
+AI Class: Colonel
$Cargo 1:  XSTR("Nothing", 4846)
+Initial Velocity: 33
+Initial Hull: 100
+Subsystem: Pilot
+Primary Banks: ( "Prometheus S" "Morning Star" )
+Secondary Banks: ( "Harpoon" "Tornado" )
$Arrival Location: Hyperspace
$Arrival Cue: ( false ) 
$Departure Location: Hyperspace
$Departure Cue: ( false ) 
$Determination: 10
+Flags: ( "cargo-known" )
+Flags2: ( )
+Respawn priority: 0
+Orders Accepted: 33023		;! note that this is a bitfield!!!
+Group: 0
+Use Table Score:
+Score: 14

$Name: Beta 1		;! Object #3
$Display Name: XSTR("Beta 1", 5013)
$Class: GTF Perseus
$Team: Friendly
$Location: 323.872742, 923.261780, -34.552773
$Orientation:
	1.000000, 0.000000, 0.000000,
	0.000000, 1.000000, 0.000000,
	0.000000, 0.000000, 1.000000
$AI Behavior: None
+AI Class: General
$Cargo 1:  XSTR("Nothing", 4846)
+Initial Velocity: 33
+Initial Hull: 100
+Subsystem: Pilot
+Primary Banks: ( "Prometheus S" "Prometheus S" )
+Secondary Banks: ( "Harpoon" "Rockeye" )
$Arrival Location: Hyperspace
$Arrival Cue: ( false ) 
$Departure Location: Hyperspace
$Departure Cue: ( false ) 
$Determination: 10
+Flags: ( "cargo-known" )
+Flags2: ( "ship-locked" "weapons-locked" )
+Respawn priority: 0
+Orders Accepted: 33023		;! note that this is a bitfield!!!
+Group: 0
+Use Table Score:
+Score: 14

$Name: Sopedu		;! Object #4
$Display Name: XSTR("Sopedu", 7605)
$Class: GVCv Sobek
$Team: Friendly
$Location: -944.056885, 8.479965, 1934.976685
$Orientation:
	0.055117, 0.788298, 0.612821,
	-0.318008, 0.595652, -0.737611,
	-0.946485, -0.154227, 0.283516
$AI Behavior: None
$Cargo 1:  XSTR("Crew", 6993)
+Initial Velocity: 33
+Initial Hull: 57
+Initial Shields: 100
+Subsystem: Pilot
+Subsystem: turret01
$Damage: 100
+Subsystem: turret02
$Damage: 75
+Subsystem: turret03
$Damage: 73
+Subsystem: turret04
$Damage: 100
+Subsystem: turret05
$Damage: 61
+Subsystem: turret06
$Damage: 95
+Subsystem: turret07
$Damage: 89
+Subsystem: turret08
$Damage: 20
+Subsystem: turret09
$Damage: 100
+Subsystem: turret10
$Damage: 100
+Subsystem: turret11
$Damage: 100
+Subsystem: turret12
$Damage: 38
+Subsystem: turret13
$Damage: 100
+Subsystem: turret14
+Subsystem: turret15
+Subsystem: turret16
$Damage: 23
+Subsystem: turret17
$Damage: 10
+Subsystem: turret18
$Damage: 46
+Subsystem: turret19
$Damage: 100
+Subsystem: turret20
$Damage: 36
+Subsystem: turret21
$Damage: 69
+Subsystem: turret22
$Damage: 100
+Subsystem: engine
$Damage: 100
+Subsystem: communications
$Damage: 17
+Subsystem: sensors
$Damage: 32
+Subsystem: navigation
$Damage: 84
+Subsystem: weapons
$Damage: 100
$Arrival Location: Hyperspace
$Arrival Cue: ( true ) 
$Departure Location: Hyperspace
$Departure Cue: ( false ) 
$Determination: 10
+Flags: ( "cargo-known" "no-shields" "escort" )
+Flags2: ( )
+Respawn priority: 0
+Escort priority: 0
+Orders Accepted: 0		;! note that this is a bitfield!!!
+Group: 0
+Use Table Score:
+Score: 400

$Name: Marut		;! Object #5
$Display Name: XSTR("Marut", 7604)
$Class: GVC Mentu
$Team: Friendly
$Location: -1951.325684, -122.902153, 2870.230713
$Orientation:
	0.873253, -0.405318, -0.270458,
	-0.088042, -0.677161, 0.730549,
	-0.479248, -0.614142, -0.627018
$AI Behavior: None
$Cargo 1:  XSTR("Crew", 6993)
+Initial Velocity: 33
+Initial Hull: 42
+Initial Shields: 100
+Subsystem: Pilot
+Subsystem: Turret01
$Damage: 10
+Subsystem: Turret02
$Damage: 66
+Subsystem: Turret03
$Damage: 53
+Subsystem: Turret04
$Damage: 31
+Subsystem: Turret05
$Damage: 35
+Subsystem: Turret06
$Damage: 100
+Subsystem: Turret07
$Damage: 100
+Subsystem: Turret08
$Damage: 76
+Subsystem: Turret09
$Damage: 27
+Subsystem: Turret10
$Damage: 14
+Subsystem: Turret11
$Damage: 80
+Subsystem: Turret12
$Damage: 81
+Subsystem: Turret13
$Damage: 89
+Subsystem: Turret14
$Damage: 68
+Subsystem: Turret15
$Damage: 100
+Subsystem: Turret16
$Damage: 35
+Primary Banks: ( "Mekhu HL-7" )
+Subsystem: engine
$Damage: 82
+Subsystem: communications
$Damage: 100
+Subsystem: sensors
$Damage: 4
+Subsystem: navigation
$Damage: 100
+Subsystem: weapons
$Damage: 100
$Arrival Location: Hyperspace
$Arrival Cue: ( true ) 
$Departure Location: Hyperspace
$Departure Cue: ( false ) 
$Determination: 10
+Flags: ( "cargo-known" "no-shields" "escort" )
+Flags2: ( )
+Respawn priority: 0
+Escort priority: 0
+Orders Accepted: 0		;! note that this is a bitfield!!!
+Group: 0
+Use Table Score:
+Score: 100

$Name: Beaufort		;! Object #6
$Display Name: XSTR("Beaufort", 7606)
$Class: GTSC Faustus
$Team: Friendly
$Location: -844.458923, 403.623810, 2984.214844
$Orientation:
	0.233791, 0.924606, 0.300742,
	-0.567473, 0.380925, -0.729980,
	-0.789504, 0.000000, 0.613746
$AI Behavior: None
$Cargo 1:  XSTR("Crew", 6993)
+Initial Velocity: 33
+Initial Hull: 74
+Initial Shields: 100
+Subsystem: Pilot
+Subsystem: science01a-solar1
$Damage: 100
+Subsystem: turret01
$Damage: 100
+Subsystem: turret02
$Damage: 84
+Subsystem: turret03
$Damage: 52
+Sbank Ammo: ( 0 0 )
+Subsystem: turret04
$Damage: 9
+Subsystem: turret05
$Damage: 11
+Subsystem: turret06
$Damage: 40
+Subsystem: navigation
$Damage: 91
+Subsystem: communication
$Damage: 20
+Subsystem: weapons
$Damage: 41
+Subsystem: engine
$Damage: 100
+Subsystem: sensors
$Damage: 22
$Arrival Location: Hyperspace
$Arrival Cue: ( true ) 
$Departure Location: Hyperspace
$Departure Cue: ( false ) 
$Determination: 10
+Flags: ( "cargo-known" "protect-ship" "no-shields" "escort" )
+Flags2: ( )
+Respawn priority: 0
+Escort priority: 0
+Orders Accepted: 0		;! note that this is a bitfield!!!
+Group: 0
+Use Table Score:
+Score: 50

$Name: Emza		;! Object #7
$Display Name: XSTR("Emza", 7616)
$Class: GVFr Bes
$Team: Friendly
$Location: -1929.291138, 340.425110, 1988.084717
$Orientation:
	-0.099041, 0.000000, 0.995084,
	0.079522, 0.996802, 0.007915,
	-0.991901, 0.079915, -0.098724
$AI Behavior: None
$Cargo 1:  XSTR("Nothing", 4846)
+Initial Velocity: 33
+Initial Hull: 75
+Initial Shields: 100
+Subsystem: Pilot
+Subsystem: turret01
+Subsystem: turret02
$Arrival Location: Hyperspace
$Arrival Cue: ( true ) 
$Departure Location: Hyperspace
$Departure Cue: ( are-waypoints-done-delay 
   "Emza" 
   "Emzpath" 
   0 
)
$Determination: 10
+Flags: ( "cargo-known" "no-shields" )
+Flags2: ( )
+Respawn priority: 0
+Orders Accepted: 0		;! note that this is a bitfield!!!
+Group: 0
+Use Table Score:
+Score: 13

$Name: Selu		;! Object #8
$Display Name: XSTR("Selu", 7617)
$Class: PVFR Ma'at

$Team: Friendly
$Location: -1111.308350, -0.001324, 2765.393311
$Orientation:
	-0.555829, 0.452298, 0.697482,
	0.510334, 0.847971, -0.143196,
	-0.656212, 0.276356, -0.702150
$AI Behavior: None
$Cargo 1:  XSTR("Nothing", 4846)
+Initial Velocity: 33
+Initial Hull: 68
+Initial Shields: 100
+Subsystem: Pilot
+Subsystem: Turret01
+Subsystem: Turret02
+Subsystem: Turret03
$Arrival Location: Hyperspace
$Arrival Cue: ( true ) 
$Departure Location: Hyperspace
$Departure Cue: ( are-waypoints-done-delay 
   "Selu" 
   "Selpath" 
   0 
)
$Determination: 10
+Flags: ( "cargo-known" "no-shields" )
+Flags2: ( )
+Respawn priority: 0
+Orders Accepted: 0		;! note that this is a bitfield!!!
+Group: 0
+Use Table Score:
+Score: 14

$Name: Deus		;! Object #9
$Display Name: XSTR("Deus", 7618)
$Class: GTC Aeolus
$Team: Unknown
$Location: 1792.939697, 1082.434204, 3463.426025
$Orientation:
	-0.179680, 0.000000, 0.983725,
	-0.339257, 0.938651, -0.061966,
	-0.923374, -0.344870, -0.168656
$AI Behavior: None
$Cargo 1:  XSTR("Nothing", 4846)
+Initial Velocity: 33
+Initial Hull: 100
+Initial Shields: 100
+Subsystem: Pilot
+Subsystem: turret01
+Subsystem: turret02
+Subsystem: turret03
+Subsystem: turret04
+Subsystem: turret05
+Subsystem: turret06
+Subsystem: turret07
+Subsystem: turret08
+Subsystem: turret09
+Subsystem: turret10
+Subsystem: turret11
+Subsystem: turret12
$Arrival Location: Hyperspace
$Arrival Cue: ( is-destroyed-delay 
   11 
   "Roskva" 
   "Valkyrie" 
   "Scald" 
)
$Departure Location: Hyperspace
$Departure Cue: ( false ) 
$Determination: 10
+Flags: ( "cargo-known" "protect-ship" "no-shields" )
+Flags2: ( )
+Respawn priority: 0
+Orders Accepted: 0		;! note that this is a bitfield!!!
+Group: 0
+Use Table Score:
+Score: 500
$Texture Replace:
+old: nameplate
+new: gtc_deus

$Name: Vaisang		;! Object #10
$Display Name: XSTR("Vaisang", 7619)
$Class: GTT Argo
$Team: Friendly
$Location: -1756.161377, 152.494873, -99.072235
$Orientation:
	1.000000, 0.000000, 0.000000,
	0.000000, 1.000000, 0.000000,
	0.000000, 0.000000, 1.000000
$AI Behavior: None
$AI Goals: ( goals ( ai-dock "Sopedu" "Frontside dock" "UpperDock" 70 ) )
$Cargo 1:  XSTR("Nothing", 4846)
+Initial Velocity: 33
+Initial Hull: 100
+Initial Shields: 100
+Subsystem: Pilot
+Subsystem: turret01
+Subsystem: turret02
$Arrival Location: Hyperspace
$Arrival Cue: ( and 
   ( has-arrived-delay 60 "Lancet" ) 
   ( not 
      ( is-destroyed-delay 0 "Sopedu" ) 
   )
)
$Departure Location: Hyperspace
$Departure Cue: ( or 
   ( are-waypoints-done-delay 
      "Vaisang" 
      "Vpath" 
      0 
   )
   ( and 
      ( is-destroyed-delay 0 "Sopedu" ) 
      ( not 
         ( has-undocked-delay 
            "Vaisang" 
            "Sopedu" 
            1 
            0 
         )
      )
   )
)
$Determination: 10
+Flags: ( "cargo-known" "no-shields" "escort" )
+Flags2: ( )
+Respawn priority: 0
+Escort priority: 80
+Orders Accepted: 0		;! note that this is a bitfield!!!
+Group: 0
+Use Table Score:
+Score: 40

$Name: Kucedre		;! Object #11
$Display Name: XSTR("Kucedre", 7620)
$Class: GVT Isis
$Team: Friendly
$Location: -1058.214722, 301.831085, -112.179649
$Orientation:
	1.000000, 0.000000, 0.000000,
	0.000000, 1.000000, 0.000000,
	0.000000, 0.000000, 1.000000
$AI Behavior: Stay Near
$AI Goals: ( goals ( ai-dock "Beaufort" "main dock" "port docking" 70 ) )
$Cargo 1:  XSTR("Nothing", 4846)
+Initial Hull: 100
+Initial Shields: 100
+Subsystem: Pilot
+Subsystem: Turret01
+Subsystem: Turret02
$Arrival Location: Hyperspace
$Arrival Cue: ( and 
   ( has-arrived-delay 61 "Lancet" ) 
   ( not 
      ( destroyed-or-departed-delay 
         0 
         "Beaufort" 
      )
   )
)
$Departure Location: Hyperspace
$Departure Cue: ( or 
   ( are-waypoints-done-delay 
      "Kucedre" 
      "Kpath" 
      0 
   )
   ( and 
      ( is-destroyed-delay 0 "Beaufort" ) 
      ( not 
         ( has-undocked-delay 
            "Kucedre" 
            "Beaufort" 
            1 
            0 
         )
      )
   )
)
$Determination: 10
+Flags: ( "cargo-known" "no-shields" "escort" )
+Flags2: ( )
+Respawn priority: 0
+Escort priority: 80
+Orders Accepted: 0		;! note that this is a bitfield!!!
+Group: 0
+Score: 10

$Name: Adjmetu		;! Object #12
$Display Name: XSTR("Adjmetu", 7621)
$Class: GVFr Satis

$Team: Friendly
$Location: -1330.265991, -312.845276, -269.356323
$Orientation:
	1.000000, 0.000000, 0.000000,
	0.000000, 1.000000, 0.000000,
	0.000000, 0.000000, 1.000000
$AI Behavior: None
$AI Goals: ( goals ( ai-dock "Marut" "docking point" "main dock" 70 ) )
$Cargo 1:  XSTR("Nothing", 4846)
+Initial Velocity: 33
+Initial Hull: 100
+Initial Shields: 100
+Subsystem: Pilot
+Subsystem: turret01-main
+Subsystem: turret02
+Subsystem: turret03
+Subsystem: turret04
+Subsystem: turret05
$Arrival Location: Hyperspace
$Arrival Cue: ( and 
   ( has-arrived-delay 62 "Lancet" ) 
   ( not 
      ( is-destroyed-delay 0 "Marut" ) 
   )
)
$Departure Location: Hyperspace
$Departure Cue: ( or 
   ( are-waypoints-done-delay 
      "Adjmetu" 
      "Apath" 
      0 
   )
   ( and 
      ( is-destroyed-delay 0 "Marut" ) 
      ( not 
         ( has-undocked-delay 
            "Adjmetu" 
            "Marut" 
            1 
            0 
         )
      )
   )
)
$Determination: 10
+Flags: ( "cargo-known" "no-shields" "escort" )
+Flags2: ( )
+Respawn priority: 0
+Escort priority: 80
+Orders Accepted: 0		;! note that this is a bitfield!!!
+Group: 0
+Use Table Score:
+Score: 16

$Name: Omega 1		;! Object #13
$Display Name: XSTR("Omega 1", 5753)
$Class: GTB Boanerges
$Team: Unknown
$Location: 1907.096191, 1090.787476, 2482.390381
$Orientation:
	-0.009204, 0.000000, 0.999958,
	0.000000, 1.000000, 0.000000,
	-0.999958, 0.000000, -0.009204
$AI Behavior: None
$Cargo 1:  XSTR("Nothing", 4846)
+Initial Hull: 100
+Subsystem: Pilot
+Primary Banks: ( "Prometheus S" )
+Secondary Banks: ( "Hornet" "Helios" "Helios" )
$Arrival Location: Hyperspace
$Arrival Cue: ( false ) 
$Departure Location: Hyperspace
$Departure Cue: ( false ) 
$Determination: 10
+Flags: ( "cargo-known" "protect-ship" )
+Flags2: ( "primaries-locked" )
+Respawn priority: 0
+Orders Accepted: 0		;! note that this is a bitfield!!!
+Group: 0
+Use Table Score:
+Score: 10

$Name: Omega 2		;! Object #14
$Display Name: XSTR("Omega 2", 5754)
$Class: GTB Boanerges
$Team: Unknown
$Location: 2030.461914, 1090.787476, 2341.110596
$Orientation:
	-0.009204, 0.000000, 0.999958,
	0.000000, 1.000000, 0.000000,
	-0.999958, 0.000000, -0.009204
$AI Behavior: None
$Cargo 1:  XSTR("Nothing", 4846)
+Initial Hull: 100
+Subsystem: Pilot
+Primary Banks: ( "Prometheus S" )
+Secondary Banks: ( "Hornet" "Helios" "Helios" )
$Arrival Location: Hyperspace
$Arrival Cue: ( false ) 
$Departure Location: Hyperspace
$Departure Cue: ( false ) 
$Determination: 10
+Flags: ( "cargo-known" "protect-ship" )
+Flags2: ( "primaries-locked" )
+Respawn priority: 0
+Orders Accepted: 0		;! note that this is a bitfield!!!
+Group: 0
+Use Table Score:
+Score: 10

$Name: Omega 3		;! Object #15
$Display Name: XSTR("Omega 3", 5755)
$Class: GTB Boanerges
$Team: Unknown
$Location: 2040.150879, 1090.787476, 2629.584229
$Orientation:
	-0.009204, 0.000000, 0.999958,
	0.000000, 1.000000, 0.000000,
	-0.999958, 0.000000, -0.009204
$AI Behavior: None
$Cargo 1:  XSTR("Nothing", 4846)
+Initial Hull: 100
+Subsystem: Pilot
+Primary Banks: ( "Prometheus S" )
+Secondary Banks: ( "Hornet" "Helios" "Helios" )
$Arrival Location: Hyperspace
$Arrival Cue: ( false ) 
$Departure Location: Hyperspace
$Departure Cue: ( false ) 
$Determination: 10
+Flags: ( "cargo-known" "protect-ship" )
+Flags2: ( "primaries-locked" )
+Respawn priority: 0
+Orders Accepted: 0		;! note that this is a bitfield!!!
+Group: 0
+Use Table Score:
+Score: 10

$Name: Iota 1		;! Object #16
$Display Name: XSTR("Iota 1", 7622)
$Class: GTB Artemis D.H.
$Team: Unknown
$Location: 1814.424072, 843.869324, 3056.503662
$Orientation:
	-0.304300, 0.000000, 0.952576,
	0.000000, 1.000000, 0.000000,
	-0.952576, 0.000000, -0.304300
$AI Behavior: None
$Cargo 1:  XSTR("Nothing", 4846)
+Initial Hull: 100
+Subsystem: Pilot
+Primary Banks: ( "Prometheus S" )
+Secondary Banks: ( "Hornet" "Cyclops" "Cyclops" )
$Arrival Location: Hyperspace
$Arrival Cue: ( false ) 
$Departure Location: Hyperspace
$Departure Cue: ( false ) 
$Determination: 10
+Flags: ( "cargo-known" "protect-ship" )
+Flags2: ( "primaries-locked" )
+Respawn priority: 0
+Orders Accepted: 0		;! note that this is a bitfield!!!
+Group: 0
+Use Table Score:
+Score: 10

$Name: Iota 2		;! Object #17
$Display Name: XSTR("Iota 2", 7623)
$Class: GTB Artemis D.H.
$Team: Unknown
$Location: 1952.748657, 843.869263, 2953.505371
$Orientation:
	-0.304300, 0.000000, 0.952576,
	0.000000, 1.000000, 0.000000,
	-0.952576, 0.000000, -0.304300
$AI Behavior: None
$Cargo 1:  XSTR("Nothing", 4846)
+Initial Hull: 100
+Subsystem: Pilot
+Primary Banks: ( "Prometheus S" )
+Secondary Banks: ( "Hornet" "Cyclops" "Cyclops" )
$Arrival Location: Hyperspace
$Arrival Cue: ( false ) 
$Departure Location: Hyperspace
$Departure Cue: ( false ) 
$Determination: 10
+Flags: ( "cargo-known" "protect-ship" )
+Flags2: ( "primaries-locked" )
+Respawn priority: 0
+Orders Accepted: 0		;! note that this is a bitfield!!!
+Group: 0
+Use Table Score:
+Score: 10

$Name: Iota 3		;! Object #18
$Display Name: XSTR("Iota 3", 7624)
$Class: GTB Artemis D.H.
$Team: Unknown
$Location: 1908.553223, 843.869324, 3217.627686
$Orientation:
	-0.304300, 0.000000, 0.952576,
	0.000000, 1.000000, 0.000000,
	-0.952576, 0.000000, -0.304300
$AI Behavior: None
$Cargo 1:  XSTR("Nothing", 4846)
+Initial Hull: 100
+Subsystem: Pilot
+Primary Banks: ( "Prometheus S" )
+Secondary Banks: ( "Hornet" "Cyclops" "Cyclops" )
$Arrival Location: Hyperspace
$Arrival Cue: ( false ) 
$Departure Location: Hyperspace
$Departure Cue: ( false ) 
$Determination: 10
+Flags: ( "cargo-known" "protect-ship" )
+Flags2: ( "primaries-locked" )
+Respawn priority: 0
+Orders Accepted: 0		;! note that this is a bitfield!!!
+Group: 0
+Use Table Score:
+Score: 10

$Name: Beta 2		;! Object #19
$Display Name: XSTR("Beta 2", 5403)
$Class: GTF Perseus
$Team: Friendly
$Location: 261.450623, 923.261719, -97.590134
$Orientation:
	1.000000, 0.000000, 0.000000,
	0.000000, 1.000000, 0.000000,
	0.000000, 0.000000, 1.000000
$AI Behavior: None
$Cargo 1:  XSTR("Nothing", 4846)
+Initial Velocity: 33
+Initial Hull: 100
+Subsystem: Pilot
+Primary Banks: ( "Prometheus S" "Prometheus S" )
+Secondary Banks: ( "Harpoon" "Rockeye" )
$Arrival Location: Hyperspace
$Arrival Cue: ( false ) 
$Departure Location: Hyperspace
$Departure Cue: ( false ) 
$Determination: 10
+Flags: ( "cargo-known" )
+Flags2: ( "ship-locked" "weapons-locked" )
+Respawn priority: 0
+Orders Accepted: 33023		;! note that this is a bitfield!!!
+Group: 0
+Use Table Score:
+Score: 14

$Name: Beta 3		;! Object #20
$Display Name: XSTR("Beta 3", 5404)
$Class: GTF Perseus
$Team: Friendly
$Location: 393.143738, 923.261780, -106.695244
$Orientation:
	1.000000, 0.000000, 0.000000,
	0.000000, 1.000000, 0.000000,
	0.000000, 0.000000, 1.000000
$AI Behavior: None
$Cargo 1:  XSTR("Nothing", 4846)
+Initial Velocity: 33
+Initial Hull: 100
+Subsystem: Pilot
+Primary Banks: ( "Prometheus S" "Prometheus S" )
+Secondary Banks: ( "Harpoon" "Rockeye" )
$Arrival Location: Hyperspace
$Arrival Cue: ( false ) 
$Departure Location: Hyperspace
$Departure Cue: ( false ) 
$Determination: 10
+Flags: ( "cargo-known" )
+Flags2: ( "ship-locked" "weapons-locked" )
+Respawn priority: 0
+Orders Accepted: 33023		;! note that this is a bitfield!!!
+Group: 0
+Use Table Score:
+Score: 14

$Name: Falcon		;! Object #21
$Display Name: XSTR("Falcon", 7625)
$Class: GTT Argo
$Team: Hostile
$Location: -519.099976, 1394.599976, 3361.800049
$Orientation:
	-0.757554, 0.000000, 0.652772,
	-0.583164, 0.449332, -0.676773,
	-0.293311, -0.893365, -0.340393
$AI Behavior: None
$AI Goals: ( goals ( ai-dock "Beaufort" "Frontside dock" "starboard docking" 89 ) )
$Cargo 1:  XSTR("Capture Crew", 7626)
+Initial Velocity: 33
+Initial Hull: 100
+Initial Shields: 100
+Subsystem: Pilot
+Subsystem: turret01
+Subsystem: turret02
$Arrival Location: Hyperspace
$Arrival Cue: ( is-destroyed-delay 1 "Halberd" ) 
$Departure Location: Hyperspace
$Departure Cue: ( has-docked-delay 
   "Falcon" 
   "Beaufort" 
   1 
   12 
)
$Determination: 10
+Flags: ( "cargo-known" "no-shields" "escort" )
+Flags2: ( )
+Respawn priority: 0
+Escort priority: 90
+Orders Accepted: 257		;! note that this is a bitfield!!!
+Group: 0
+Use Table Score:
+Score: 40

$Name: Lancet 1		;! Object #22
$Display Name: XSTR("Lancet 1", 5953)
$Class: GTB Artemis
$Team: Hostile
$Location: -558.599976, -2377.699951, 2304.699951
$Orientation:
	-0.692225, 0.000000, 0.721682,
	0.704256, 0.218429, 0.675509,
	-0.157637, 0.975853, -0.151202
$AI Behavior: None
+AI Class: Major
$Cargo 1:  XSTR("Nothing", 4846)
+Initial Velocity: 33
+Initial Hull: 100
+Subsystem: Pilot
$Arrival Location: Hyperspace
$Arrival Cue: ( false ) 
$Departure Location: Hyperspace
$Departure Cue: ( false ) 
$Determination: 10
+Flags: ( "cargo-known" )
+Flags2: ( )
+Respawn priority: 0
+Group: 0
+Use Table Score:
+Score: 10

$Name: Lancet 2		;! Object #23
$Display Name: XSTR("Lancet 2", 5954)
$Class: GTB Artemis
$Team: Hostile
$Location: -429.838989, -2377.699951, 2289.530273
$Orientation:
	-0.567647, 0.000000, 0.823272,
	0.796439, 0.253227, 0.549145,
	-0.208475, 0.967407, -0.143743
$AI Behavior: None
+AI Class: Major
$Cargo 1:  XSTR("Nothing", 4846)
+Initial Velocity: 33
+Initial Hull: 100
+Subsystem: Pilot
$Arrival Location: Hyperspace
$Arrival Cue: ( false ) 
$Departure Location: Hyperspace
$Departure Cue: ( false ) 
$Determination: 10
+Flags: ( "cargo-known" )
+Flags2: ( )
+Respawn priority: 0
+Group: 0
+Use Table Score:
+Score: 10

$Name: Lancet 3		;! Object #24
$Display Name: XSTR("Lancet 3", 5955)
$Class: GTB Artemis
$Team: Hostile
$Location: -569.629028, -2377.700195, 2488.791016
$Orientation:
	-0.828430, 0.000000, 0.560093,
	0.539327, 0.269772, 0.797715,
	-0.151097, 0.962924, -0.223487
$AI Behavior: None
+AI Class: Major
$Cargo 1:  XSTR("Nothing", 4846)
+Initial Velocity: 33
+Initial Hull: 100
+Subsystem: Pilot
$Arrival Location: Hyperspace
$Arrival Cue: ( false ) 
$Departure Location: Hyperspace
$Departure Cue: ( false ) 
$Determination: 10
+Flags: ( "cargo-known" )
+Flags2: ( )
+Respawn priority: 0
+Group: 0
+Use Table Score:
+Score: 10

$Name: Scimitar 1		;! Object #25
$Display Name: XSTR("Scimitar 1", 7627)
$Class: GTB Artemis
$Team: Hostile
$Location: -3370.399902, 192.600006, 4725.500000
$Orientation:
	-0.794288, 0.000000, -0.607542,
	0.081325, 0.991000, -0.106322,
	0.602074, -0.133859, -0.787140
$AI Behavior: None
$Cargo 1:  XSTR("Nothing", 4846)
+Initial Velocity: 33
+Initial Hull: 100
+Subsystem: Pilot
$Arrival Location: Hyperspace
$Arrival Cue: ( false ) 
$Departure Location: Hyperspace
$Departure Cue: ( false ) 
$Determination: 10
+Flags: ( "cargo-known" )
+Flags2: ( )
+Respawn priority: 0
+Group: 0
+Use Table Score:
+Score: 10

$Name: Scimitar 2		;! Object #26
$Display Name: XSTR("Scimitar 2", 7628)
$Class: GTB Artemis
$Team: Hostile
$Location: -3357.981934, 192.599762, 4877.860352
$Orientation:
	-0.818980, 0.000000, -0.573822,
	0.073249, 0.991819, -0.104544,
	0.569128, -0.127651, -0.812280
$AI Behavior: None
$Cargo 1:  XSTR("Nothing", 4846)
+Initial Velocity: 33
+Initial Hull: 100
+Subsystem: Pilot
$Arrival Location: Hyperspace
$Arrival Cue: ( false ) 
$Departure Location: Hyperspace
$Departure Cue: ( false ) 
$Determination: 10
+Flags: ( "cargo-known" )
+Flags2: ( )
+Respawn priority: 0
+Group: 0
+Use Table Score:
+Score: 10

$Name: Scimitar 3		;! Object #27
$Display Name: XSTR("Scimitar 3", 7629)
$Class: GTB Artemis
$Team: Hostile
$Location: -3551.564697, 192.600128, 4715.415527
$Orientation:
	-0.755470, 0.000000, -0.655183,
	0.083936, 0.991760, -0.096784,
	0.649784, -0.128111, -0.749245
$AI Behavior: None
$Cargo 1:  XSTR("Nothing", 4846)
+Initial Velocity: 33
+Initial Hull: 100
+Subsystem: Pilot
$Arrival Location: Hyperspace
$Arrival Cue: ( false ) 
$Departure Location: Hyperspace
$Departure Cue: ( false ) 
$Determination: 10
+Flags: ( "cargo-known" )
+Flags2: ( )
+Respawn priority: 0
+Group: 0
+Use Table Score:
+Score: 10

$Name: E-Mag Bomb		;! Object #28
$Display Name: XSTR("E-Mag Bomb", 7630)
$Class: VAC 5

$Team: Hostile
$Location: -1270.256348, 468.502960, 2661.593506
$Orientation:
	0.825336, 0.000000, 0.564643,
	0.000000, 1.000000, 0.000000,
	-0.564643, 0.000000, 0.825336
$AI Behavior: None
$Cargo 1:  XSTR("Explosive", 7631)
+Initial Hull: 100
+Initial Shields: 100
+Subsystem: Pilot
$Arrival Location: Hyperspace
$Arrival Cue: ( has-arrived-delay 0 "Falcon" ) 
$Departure Location: Hyperspace
$Departure Cue: ( false ) 
$Determination: 10
+Flags: ( "protect-ship" "no-shields" "hidden-from-sensors" "beam-protect-ship" )
+Flags2: ( )
+Respawn priority: 0
$Special Explosion:
+Special Exp Damage: 0
+Special Exp Blast: 1200
+Special Exp Inner Radius: 250
+Special Exp Outer Radius: 1000
+Special Exp Shockwave Speed: 150
+Group: 0
+Use Table Score:
+Score: 3

$Name: Halberd 1		;! Object #29
$Display Name: XSTR("Halberd 1", 5837)
$Class: GTF Myrmidon
$Team: Hostile
$Location: -4815.267090, 800.614746, -482.892578
$Orientation:
	0.581683, 0.000000, -0.813416,
	0.000000, 1.000000, 0.000000,
	0.813416, 0.000000, 0.581683
$AI Behavior: None
$Cargo 1:  XSTR("Nothing", 4846)
+Initial Velocity: 33
+Initial Hull: 100
+Subsystem: Pilot
+Secondary Banks: ( "Rockeye" "Rockeye" "Hornet" )
$Arrival Location: Hyperspace
$Arrival Cue: ( false ) 
$Departure Location: Hyperspace
$Departure Cue: ( false ) 
$Determination: 10
+Flags: ( "cargo-known" )
+Flags2: ( )
+Respawn priority: 0
+Group: 0
+Use Table Score:
+Score: 10

$Name: Halberd 2		;! Object #30
$Display Name: XSTR("Halberd 2", 5838)
$Class: GTF Myrmidon
$Team: Hostile
$Location: -4949.375000, 800.614807, -446.433350
$Orientation:
	0.581683, 0.000000, -0.813415,
	0.000000, 1.000000, 0.000000,
	0.813415, 0.000000, 0.581683
$AI Behavior: None
$Cargo 1:  XSTR("Nothing", 4846)
+Initial Velocity: 33
+Initial Hull: 100
+Subsystem: Pilot
+Secondary Banks: ( "Rockeye" "Rockeye" "Hornet" )
$Arrival Location: Hyperspace
$Arrival Cue: ( false ) 
$Departure Location: Hyperspace
$Departure Cue: ( false ) 
$Determination: 10
+Flags: ( "cargo-known" )
+Flags2: ( )
+Respawn priority: 0
+Group: 0
+Use Table Score:
+Score: 10

$Name: Halberd 3		;! Object #31
$Display Name: XSTR("Halberd 3", 7632)
$Class: GTF Myrmidon
$Team: Hostile
$Location: -4843.108887, 800.614685, -602.755127
$Orientation:
	0.581683, 0.000000, -0.813415,
	0.000000, 1.000000, 0.000000,
	0.813415, 0.000000, 0.581683
$AI Behavior: None
$Cargo 1:  XSTR("Nothing", 4846)
+Initial Velocity: 33
+Initial Hull: 100
+Subsystem: Pilot
+Secondary Banks: ( "Rockeye" "Rockeye" "Hornet" )
$Arrival Location: Hyperspace
$Arrival Cue: ( false ) 
$Departure Location: Hyperspace
$Departure Cue: ( false ) 
$Determination: 10
+Flags: ( "cargo-known" )
+Flags2: ( )
+Respawn priority: 0
+Group: 0
+Use Table Score:
+Score: 10

$Name: Halberd 4		;! Object #32
$Display Name: XSTR("Halberd 4", 7633)
$Class: GTF Myrmidon
$Team: Hostile
$Location: -4976.757813, 800.614685, -549.715088
$Orientation:
	0.581683, 0.000000, -0.813415,
	0.000000, 1.000000, 0.000000,
	0.813415, 0.000000, 0.581683
$AI Behavior: None
$Cargo 1:  XSTR("Nothing", 4846)
+Initial Velocity: 33
+Initial Hull: 100
+Subsystem: Pilot
+Secondary Banks: ( "Rockeye" "Rockeye" "Hornet" )
$Arrival Location: Hyperspace
$Arrival Cue: ( false ) 
$Departure Location: Hyperspace
$Departure Cue: ( false ) 
$Determination: 10
+Flags: ( "cargo-known" )
+Flags2: ( )
+Respawn priority: 0
+Group: 0
+Use Table Score:
+Score: 10

