#Mission Info

$Version: 0.10
$Name:  XSTR("Chasing Shadows", 3448)
$Author: Peter Oliver
$Created: 06/30/03 at 01:05:39
$Modified: 02/11/06 at 02:47:40
$Notes:
Special thanks to Free Terran, Holy Imperial Gloriano, Star Gunner, and Woolie Wool for the incoherent babble. :p
$End Notes:

$Mission Desc:
 XSTR("Our hero responds to a distress signal at the Delta Serpentis node to Beta Aquilae.", 3449)
$end_multi_text

+Game Type Flags: 1

+Flags: 0

+Red Alert: 0

+Scramble: 1

+Disallow Support: 0

+Player Entry Delay:
2.000000

+Viewer pos: -3180.482422, 1652.358765, -2913.776367
+Viewer orient:
	0.788803, 0.000001, -0.614646,
	0.209080, 0.940366, 0.268323,
	0.577992, -0.340164, 0.741764
+SquadReassignName: Galactic Terran Intelligence
+SquadReassignLogo: GTI.pcx

;;FSO 3.6.0;; $Skybox Model: starfield.pof

;;FSO 3.6.9;; $AI Profile: SILENT THREAT REBORN

#Plot Info

$Tour:  XSTR("Blah", 601)
$Pre-Briefing Cutscene: Blah
$Pre-Mission Cutscene: Blah
$Next Mission Success: Blah
$Next Mission Partial: Blah
$Next Mission Failure: Blah

#Sexp_variables

$Variables:
(
		0		"ScanStarted"		"0"		"number"
		1		"autoGenVar1"		"#Command"		"string"
)

#Command Briefing

#Briefing
$start_briefing
$num_stages: 2
$start_stage
$multi_text
 XSTR("$h Scramble!  Allied Vasudan forces at the $b Beta $b Aquilae jump node blockade have called for reinforcements.  The $f PVD $f Hope has taken heavy damage, and the defense force is in tatters.", 3450)
$end_multi_text
$voice: str14_b01.wav
$camera_pos: 0.000000, 1000.000000, 0.000000
$camera_orient:
	1.000000, 0.000000, 0.000000,
	0.000000, 0.000000, 1.000000,
	0.000000, -1.000000, 0.000000
$camera_time: 500
$num_lines: 0
$num_icons: 8
$Flags: 0
$Formula: ( true ) 
$start_icon
$type: 33
$team: Friendly
$class: Terran NavBuoy
$pos: -200.000000, 0.000000, 0.000000
$label: XSTR("Beta Aquilae", 4711)
+id: 1
$hlight: 0
$multi_text
$end_multi_text
$end_icon
$start_icon
$type: 32
$team: Friendly
$class: PVSG Ankh
$pos: 0.000000, 0.000000, 0.000000
+id: 2
$hlight: 0
$multi_text
$end_multi_text
$end_icon
$start_icon
$type: 32
$team: Friendly
$class: PVSG Ankh
$pos: -400.000000, 0.000000, 0.000000
+id: 3
$hlight: 0
$multi_text
$end_multi_text
$end_icon
$start_icon
$type: 32
$team: Friendly
$class: PVSG Ankh
$pos: -200.000000, 0.000000, 150.000000
+id: 4
$hlight: 0
$multi_text
$end_multi_text
$end_icon
$start_icon
$type: 32
$team: Friendly
$class: PVSG Ankh
$pos: -200.000000, 0.000000, -150.000000
+id: 5
$hlight: 0
$multi_text
$end_multi_text
$end_icon
$start_icon
$type: 6
$team: Friendly
$class: PVD Typhon
$pos: 38.602936, 0.000162, 147.058807
$label: XSTR("PVD Hope", 4949)
+id: 6
$hlight: 0
$multi_text
$end_multi_text
$end_icon
$start_icon
$type: 1
$team: Friendly
$class: PVF Seth
$pos: 255.500000, 0.000000, 40.000000
$label: XSTR("Epsilon", 4807)
+id: 7
$hlight: 0
$multi_text
$end_multi_text
$end_icon
$start_icon
$type: 19
$team: Friendly
$class: PVC Aten
$pos: 82.720551, 0.000468, -136.029343
$label: XSTR("Blockade", 4775)
+id: 8
$hlight: 0
$multi_text
$end_multi_text
$end_icon
$end_stage
$start_stage
$multi_text
 XSTR("The transmission barely got through, and it looks like pandemonium out there.  Sort out the mess, find out what happened, and hold the line.  Further orders will be issued on site.", 3451)
$end_multi_text
$voice: str14_b02.wav
$camera_pos: 0.000000, 1000.000000, 0.000000
$camera_orient:
	1.000000, 0.000000, 0.000000,
	0.000000, 0.000000, 1.000000,
	0.000000, -1.000000, 0.000000
$camera_time: 500
$num_lines: 0
$num_icons: 8
$Flags: 0
$Formula: ( true ) 
$start_icon
$type: 33
$team: Friendly
$class: Terran NavBuoy
$pos: -200.000000, 0.000000, 0.000000
$label: XSTR("Beta Aquilae", 4711)
+id: 1
$hlight: 0
$multi_text
$end_multi_text
$end_icon
$start_icon
$type: 32
$team: Friendly
$class: PVSG Ankh
$pos: 0.000000, 0.000000, 0.000000
+id: 2
$hlight: 0
$multi_text
$end_multi_text
$end_icon
$start_icon
$type: 32
$team: Friendly
$class: PVSG Ankh
$pos: -400.000000, 0.000000, 0.000000
+id: 3
$hlight: 0
$multi_text
$end_multi_text
$end_icon
$start_icon
$type: 32
$team: Friendly
$class: PVSG Ankh
$pos: -200.000000, 0.000000, 150.000000
+id: 4
$hlight: 0
$multi_text
$end_multi_text
$end_icon
$start_icon
$type: 32
$team: Friendly
$class: PVSG Ankh
$pos: -200.000000, 0.000000, -150.000000
+id: 5
$hlight: 0
$multi_text
$end_multi_text
$end_icon
$start_icon
$type: 6
$team: Friendly
$class: PVD Typhon
$pos: 38.602936, 0.000162, 147.058807
$label: XSTR("PVD Hope", 4949)
+id: 6
$hlight: 0
$multi_text
$end_multi_text
$end_icon
$start_icon
$type: 1
$team: Friendly
$class: PVF Seth
$pos: 255.500000, 0.000000, 40.000000
$label: XSTR("Epsilon", 4807)
+id: 7
$hlight: 0
$multi_text
$end_multi_text
$end_icon
$start_icon
$type: 19
$team: Friendly
$class: PVC Aten
$pos: 82.720551, 0.000468, -136.029343
$label: XSTR("Blockade", 4775)
+id: 8
$hlight: 0
$multi_text
$end_multi_text
$end_icon
$end_stage
$end_briefing

#Debriefing_info

$Num stages: 9

$Formula: ( is-event-true-delay 
   "continue campaign" 
   0 
)
$Multi text
    XSTR("Excellent work, pilot.  Despite fierce resistance, you were able to protect the Hope long enough for us to recover it to a secure location.  It will be a long time before the destroyer is ready for service again, but your efforts saved thousands of lives and a significant portion of our war materiel.

We have no conclusive data regarding the Serkr warhead deployed in this engagement.  It seems to be between 25 and 50 percent more powerful than the Tsunami.  Your efforts prevented R&D from using this weapon to its fullest capability.", 3452)
$end_multi_text
$Voice: str14_db01.wav
$Recommendation text:
    XSTR("", 606)
$end_multi_text

$Formula: ( and 
   ( is-event-true-delay 
      "continue campaign" 
      0 
   )
   ( is-goal-true-delay 
      "Maintain Blockade" 
      0 
   )
)
$Multi text
    XSTR("You also neutralized every enemy vessel attempting to run the blockade.  Most impressive.  This will significantly impede rebel operations in Beta Aquilae.", 3453)
$end_multi_text
$Voice: str14_db02.wav
$Recommendation text:
    XSTR("", 606)
$end_multi_text

$Formula: ( and 
   ( is-event-true-delay 
      "continue campaign" 
      0 
   )
   ( is-goal-false-delay 
      "Maintain Blockade" 
      0 
   )
)
$Multi text
    XSTR("Unfortunately, many of the rebel ships managed to run our blockade and escape to the Beta Aquilae system.  Our efforts to track them through subspace have proven ineffective.", 3454)
$end_multi_text
$Voice: str14_db03.wav
$Recommendation text:
    XSTR("", 606)
$end_multi_text

$Formula: ( and 
   ( is-event-true-delay 
      "continue campaign" 
      0 
   )
   ( is-goal-true-delay 
      "Rescue Survivors" 
      0 
   )
)
$Multi text
    XSTR("The survivors rescued from the Aten cruisers appear to be suffering from severe shock and post-traumatic stress and are currently undergoing psychiatric evaluation.  They are lucky to be alive, and the PVE has expressed gratitude for their safe recovery.", 3455)
$end_multi_text
$Voice: str14_db04.wav
$Recommendation text:
    XSTR("", 606)
$end_multi_text

$Formula: ( and 
   ( is-event-true-delay 
      "continue campaign" 
      0 
   )
   ( is-goal-false-delay 
      "Rescue Survivors" 
      0 
   )
)
$Multi text
    XSTR("Many of the survivors on board the Aten cruisers were killed before they could be safely recovered.  Their loss will be keenly felt.", 3456)
$end_multi_text
$Voice: str14_db05.wav
$Recommendation text:
    XSTR("Protect the Aten cruisers until the survivors can be extracted.", 3457)
$end_multi_text

$Formula: ( is-event-true-delay 
   "continue campaign" 
   0 
)
$Multi text
    XSTR("The scans from the GTSC Hinton are highly alarming.  It appears that the damage done to the blockade was inflicted by Shivan flux cannon weaponry, similar to that observed on the Lucifer superdestroyer.  Our scientists are poring over the data, and the Repulse crew is being interrogated on the matter.  Further information on the proceedings has been classified, so I assume we'll be informed on a need-to-know basis.", 3458)
$end_multi_text
$Voice: str14_db06.wav
$Recommendation text:
    XSTR("", 606)
$end_multi_text

$Formula: ( and 
   ( is-event-true-delay "rtb trigger" 0 ) 
   ( is-goal-false-delay 
      "Protect Hope" 
      0 
   )
)
$Multi text
    XSTR("The PVD Hope and her crew of over 9,000 officers and crew were lost to the fierce rebel offensive.  This tragedy is a terrible blow to the alliance.  In the aftermath of our war with the Shivans and the advent of the R&D rebellion, the loss of yet another destroyer and the resources it held puts a tremendous strain on our remaining fleets.

The loss of the Hope and the near-complete destruction of an entire Vasudan blockade force indicates the rebellion is much more powerful than we had initially assumed.  Command has ordered the Terran fleets to withdraw to Delta Serpentis, where we will attempt to consolidate our forces.", 3459)
$end_multi_text
$Voice: str14_db07.wav
$Recommendation text:
    XSTR("Go after the Medusa bombers targeting the Hope.  Do as Command says and prioritize the Serkrs.", 3460)
$end_multi_text

$Formula: ( is-event-true-delay
   "grant medal"
   0
)
$Multi text
    XSTR("For your outstanding defense of the Beta Aquilae node under uncertain and volatile conditions, you are hereby awarded the Military Defense Medal.", 3461)
$end_multi_text
$Voice: str14_db08.wav
$Recommendation text:
    XSTR("", 606)
$end_multi_text

$Formula: ( not 
   ( is-event-true-delay "rtb trigger" 0 ) 
)
$Multi text
    XSTR("You did not have authorization to return to base, pilot.  Your actions jeopardized the lives of those involved in this mission and the GTA's objectives in this theatre.  Desertion is grounds for a court martial, and you are confined to quarters pending your preliminary hearing.  Until a military court decides otherwise, you are hereby stripped of your wings and all privileges bestowed upon you as an officer of the Galactic Terran Alliance.", 2807)
$end_multi_text
$Voice: 82_awol_debrief.wav
$Recommendation text:
    XSTR("Do not depart without authorization.", 2808)
$end_multi_text

#Players		;! 1 total

$Starting Shipname: Alpha 1
$Ship Choices: (
	"GTF Ulysses"	5
	"GTF Apollo"	5
	"GTF Valkyrie"	5
	"GTF Hercules"	5
	"GTF Loki"	5
	"GTB Athena"	5
	"GTB Zeus"	5
	"GTB Medusa"	5
)

+Weaponry Pool: (
	"Disruptor"	16
	"Avenger"	16
	"Flail"	20
	"Prometheus"	24
	"Banshee"	24
	"S-Breaker"	16
	"Leech Cannon"	20
	"MX-50"	500
	"Fury"	500
	"Interceptor"	555
	"Hornet"	800
	"Phoenix V"	542
	"D-Missile"	500
	"Synaptic"	500
	"Cluster Bomb"	500
	"Stiletto"	500
	"EM Pulse"	500
)

#Objects		;! 87 total

$Name: Alpha 1		;! Object #0
$Display Name: XSTR("Alpha 1", 4322)
$Class: GTF Ulysses
$Team: Friendly
$Location: -1923.402344, 1250.954956, 255.216461
$Orientation:
	0.597680, 0.000000, -0.801735,
	0.191208, 0.971144, 0.142542,
	0.778600, -0.238493, 0.580433
$IFF: IFF 1
$AI Behavior: None
$Cargo 1:  XSTR("Nothing", 611)
+Initial Velocity: 100
+Initial Hull: 100
+Subsystem: Pilot
+Primary Banks: ( "Prometheus" "Leech Cannon" )
+Secondary Banks: ( "Interceptor" )
$Arrival Location: Hyperspace
$Arrival Cue: ( false ) 
$Departure Location: Hyperspace
$Departure Cue: ( false ) 
$Determination: 10
+Flags: ( "cargo-known" "player-start" )
+Respawn priority: 0
+Group: 0
+Score: 12

$Name: Alpha 2		;! Object #1
$Display Name: XSTR("Alpha 2", 4323)
$Class: GTF Ulysses
$Team: Friendly
$Location: -2395.817871, 1646.789307, -327.794342
$Orientation:
	0.599089, 0.000000, -0.800682,
	0.192963, 0.970526, 0.144379,
	0.777083, -0.240998, 0.581431
$IFF: IFF 1
$AI Behavior: None
+AI Class: Colonel
$Cargo 1:  XSTR("Nothing", 611)
+Initial Hull: 100
+Subsystem: Pilot
+Primary Banks: ( "Prometheus" "Leech Cannon" )
+Secondary Banks: ( "Interceptor" )
$Arrival Location: Hyperspace
$Arrival Cue: ( false ) 
$Departure Location: Hyperspace
$Departure Cue: ( false ) 
$Determination: 10
+Flags: ( "cargo-known" )
+Respawn priority: 0
+Group: 0
+Score: 12
+Persona Index: 0

$Name: Alpha 3		;! Object #2
$Display Name: XSTR("Alpha 3", 4324)
$Class: GTF Ulysses
$Team: Friendly
$Location: -2594.796875, 1615.246094, -301.510406
$Orientation:
	0.570871, 0.000000, -0.821039,
	0.185173, 0.974235, 0.128751,
	0.799886, -0.225535, 0.556163
$IFF: IFF 1
$AI Behavior: None
+AI Class: Colonel
$Cargo 1:  XSTR("Nothing", 611)
+Initial Hull: 100
+Subsystem: Pilot
+Primary Banks: ( "Prometheus" "Leech Cannon" )
+Secondary Banks: ( "Interceptor" )
$Arrival Location: Hyperspace
$Arrival Cue: ( false ) 
$Departure Location: Hyperspace
$Departure Cue: ( false ) 
$Determination: 10
+Flags: ( "cargo-known" )
+Respawn priority: 0
+Group: 0
+Score: 12
+Persona Index: 3

$Name: Alpha 4		;! Object #3
$Display Name: XSTR("Alpha 4", 4325)
$Class: GTF Ulysses
$Team: Friendly
$Location: -2513.503906, 1602.235596, -249.433746
$Orientation:
	0.571633, 0.000000, -0.820509,
	0.186849, 0.973726, 0.130174,
	0.798951, -0.227724, 0.556614
$IFF: IFF 1
$AI Behavior: None
+AI Class: Colonel
$Cargo 1:  XSTR("Nothing", 611)
+Initial Hull: 100
+Subsystem: Pilot
+Primary Banks: ( "Prometheus" "Leech Cannon" )
+Secondary Banks: ( "Interceptor" )
$Arrival Location: Hyperspace
$Arrival Cue: ( false ) 
$Departure Location: Hyperspace
$Departure Cue: ( false ) 
$Determination: 10
+Flags: ( "cargo-known" )
+Respawn priority: 0
+Group: 0
+Score: 12
+Persona Index: 4

$Name: Beta 1		;! Object #4
$Display Name: XSTR("Beta 1", 4326)
$Class: GTF Hercules
$Team: Friendly
$Location: -2250.510498, 1488.855225, -401.309723
$Orientation:
	0.629267, 0.000000, -0.777189,
	0.160783, 0.978367, 0.130182,
	0.760376, -0.206878, 0.615654
$IFF: IFF 1
$AI Behavior: None
+AI Class: Colonel
$Cargo 1:  XSTR("Nothing", 611)
+Initial Hull: 100
+Subsystem: Pilot
+Primary Banks: ( "Prometheus" "Banshee" )
+Secondary Banks: ( "Hornet" "Phoenix V" )
$Arrival Location: Hyperspace
$Arrival Cue: ( false ) 
$Departure Location: Hyperspace
$Departure Cue: ( false ) 
$Determination: 10
+Flags: ( "cargo-known" )
+Respawn priority: 0
+Group: 0
+Score: 12
+Persona Index: 1

$Name: Beta 2		;! Object #5
$Display Name: XSTR("Beta 2", 4327)
$Class: GTF Hercules
$Team: Friendly
$Location: -2147.809326, 1497.688965, -396.813263
$Orientation:
	0.641908, 0.000000, -0.766782,
	0.163659, 0.976957, 0.137006,
	0.749113, -0.213436, 0.627116
$IFF: IFF 1
$AI Behavior: None
+AI Class: Colonel
$Cargo 1:  XSTR("Nothing", 611)
+Initial Hull: 100
+Subsystem: Pilot
+Primary Banks: ( "Prometheus" "Banshee" )
+Secondary Banks: ( "Hornet" "Phoenix V" )
$Arrival Location: Hyperspace
$Arrival Cue: ( false ) 
$Departure Location: Hyperspace
$Departure Cue: ( false ) 
$Determination: 10
+Flags: ( "cargo-known" )
+Respawn priority: 0
+Group: 0
+Score: 12
+Persona Index: 2

$Name: Beta 3		;! Object #6
$Display Name: XSTR("Beta 3", 4328)
$Class: GTF Hercules
$Team: Friendly
$Location: -2142.129639, 1423.613281, -215.707184
$Orientation:
	0.612782, 0.000000, -0.790252,
	0.158789, 0.979605, 0.123129,
	0.774135, -0.200935, 0.600284
$IFF: IFF 1
$AI Behavior: None
+AI Class: Colonel
$Cargo 1:  XSTR("Nothing", 611)
+Initial Hull: 100
+Subsystem: Pilot
+Primary Banks: ( "Prometheus" "Banshee" )
+Secondary Banks: ( "Hornet" "Phoenix V" )
$Arrival Location: Hyperspace
$Arrival Cue: ( false ) 
$Departure Location: Hyperspace
$Departure Cue: ( false ) 
$Determination: 10
+Flags: ( "cargo-known" )
+Respawn priority: 0
+Group: 0
+Score: 12
+Persona Index: 3

$Name: Beta 4		;! Object #7
$Display Name: XSTR("Beta 4", 4329)
$Class: GTF Hercules
$Team: Friendly
$Location: -2244.915283, 1413.456055, -217.015167
$Orientation:
	0.599458, 0.000000, -0.800406,
	0.155306, 0.980995, 0.116315,
	0.785194, -0.194034, 0.588065
$IFF: IFF 1
$AI Behavior: None
+AI Class: Colonel
$Cargo 1:  XSTR("Nothing", 611)
+Initial Hull: 100
+Subsystem: Pilot
+Primary Banks: ( "Prometheus" "Banshee" )
+Secondary Banks: ( "Hornet" "Phoenix V" )
$Arrival Location: Hyperspace
$Arrival Cue: ( false ) 
$Departure Location: Hyperspace
$Departure Cue: ( false ) 
$Determination: 10
+Flags: ( "cargo-known" )
+Respawn priority: 0
+Group: 0
+Score: 12
+Persona Index: 0

$Name: Gamma 1		;! Object #8
$Display Name: XSTR("Gamma 1", 4383)
$Class: PVF Horus
$Team: Friendly
$Location: 21.016973, -688.389343, -61.463196
$Orientation:
	-0.999749, 0.000000, 0.022388,
	0.013239, 0.806423, 0.591191,
	-0.018054, 0.591339, -0.806221
$IFF: IFF 1
$AI Behavior: None
+AI Class: Lieutenant
$Cargo 1:  XSTR("Nothing", 611)
+Initial Velocity: 33
+Initial Hull: 100
+Initial Shields: 66
+Subsystem: Pilot
+Primary Banks: ( "Banshee" "Flail" )
+Secondary Banks: ( "Interceptor" "Hornet" )
+Sbank Ammo: ( 100 0 )
$Arrival Location: Hyperspace
$Arrival Cue: ( false ) 
$Departure Location: Hyperspace
$Departure Cue: ( false ) 
$Determination: 10
+Flags: ( "cargo-known" )
+Respawn priority: 0
+Group: 0
+Score: 10
+Persona Index: 5

$Name: Gamma 2		;! Object #9
$Display Name: XSTR("Gamma 2", 4384)
$Class: PVF Horus
$Team: Friendly
$Location: 702.047180, -784.403625, 539.404846
$Orientation:
	-0.909850, 0.000000, 0.414938,
	0.174527, 0.907242, 0.382692,
	-0.376449, 0.420610, -0.825454
$IFF: IFF 1
$AI Behavior: None
$Cargo 1:  XSTR("Nothing", 611)
+Initial Velocity: 33
+Initial Hull: 4
+Subsystem: Pilot
+Primary Banks: ( "Banshee" "Flail" )
+Secondary Banks: ( "Interceptor" "Hornet" )
+Sbank Ammo: ( 0 100 )
$Arrival Location: Hyperspace
$Arrival Cue: ( false ) 
$Departure Location: Hyperspace
$Departure Cue: ( false ) 
$Determination: 10
+Flags: ( "cargo-known" )
+Respawn priority: 0
+Group: 0
+Score: 10
+Persona Index: 5

$Name: Gamma 3		;! Object #10
$Display Name: XSTR("Gamma 3", 4385)
$Class: PVF Horus
$Team: Friendly
$Location: -163.148529, -0.002841, 1334.821899
$Orientation:
	-0.997568, 0.000000, -0.069706,
	0.000000, 1.000000, 0.000001,
	0.069706, 0.000001, -0.997568
$IFF: IFF 1
$AI Behavior: None
+AI Class: Lieutenant
$Cargo 1:  XSTR("Nothing", 611)
+Initial Velocity: 33
+Initial Hull: 38
+Subsystem: Pilot
+Primary Banks: ( "Banshee" "Flail" )
+Secondary Banks: ( "Phoenix V" "Phoenix V" )
$Arrival Location: Hyperspace
$Arrival Cue: ( false ) 
$Departure Location: Hyperspace
$Departure Cue: ( false ) 
$Determination: 10
+Flags: ( "cargo-known" )
+Respawn priority: 0
+Group: 0
+Score: 10
+Persona Index: 5

$Name: Gamma 4		;! Object #11
$Display Name: XSTR("Gamma 4", 4386)
$Class: PVF Horus
$Team: Friendly
$Location: 616.484558, -18.134336, -48.551750
$Orientation:
	-0.656242, 0.000000, 0.754551,
	-0.051269, 0.997689, -0.044589,
	-0.752807, -0.067946, -0.654725
$IFF: IFF 1
$AI Behavior: None
$Cargo 1:  XSTR("Nothing", 611)
+Initial Velocity: 33
+Initial Hull: 99
+Subsystem: Pilot
+Primary Banks: ( "Banshee" "Flail" )
+Secondary Banks: ( "Interceptor" "Hornet" )
+Sbank Ammo: ( 50 50 )
$Arrival Location: Hyperspace
$Arrival Cue: ( false ) 
$Departure Location: Hyperspace
$Departure Cue: ( false ) 
$Determination: 10
+Flags: ( "cargo-known" )
+Respawn priority: 0
+Group: 0
+Score: 10
+Persona Index: 5

$Name: Delta 1		;! Object #12
$Display Name: XSTR("Delta 1", 4513)
$Class: PVB Osiris
$Team: Friendly
$Location: -460.899994, 0.000000, 1788.300049
$Orientation:
	-0.986612, 0.000000, -0.163085,
	0.000000, 1.000000, 0.000000,
	0.163085, 0.000000, -0.986612
$IFF: IFF 1
$AI Behavior: None
$Cargo 1:  XSTR("Nothing", 611)
+Initial Velocity: 33
+Initial Hull: 82
+Subsystem: Pilot
+Primary Banks: ( "Prometheus" )
+Secondary Banks: ( "Synaptic" "Barracuda" "Tsunami" )
+Sbank Ammo: ( 100 50 100 )
+Subsystem: turret01
+Subsystem: turret02
$Arrival Location: Hyperspace
$Arrival Cue: ( false ) 
$Departure Location: Hyperspace
$Departure Cue: ( false ) 
$Determination: 10
+Flags: ( "cargo-known" )
+Respawn priority: 0
+Group: 0
+Score: 17
+Persona Index: 5

$Name: Delta 2		;! Object #13
$Display Name: XSTR("Delta 2", 4514)
$Class: PVB Osiris
$Team: Friendly
$Location: -463.564636, -375.581390, 1241.239502
$Orientation:
	-0.979273, 0.000000, -0.202547,
	-0.032800, 0.986801, 0.158581,
	0.199873, 0.161938, -0.966347
$IFF: IFF 1
$AI Behavior: None
$Cargo 1:  XSTR("Nothing", 611)
+Initial Velocity: 33
+Initial Hull: 14
+Subsystem: Pilot
+Primary Banks: ( "Prometheus" )
+Secondary Banks: ( "Synaptic" "Barracuda" "Tsunami" )
+Sbank Ammo: ( 100 50 100 )
+Subsystem: turret01
+Subsystem: turret02
$Arrival Location: Hyperspace
$Arrival Cue: ( false ) 
$Departure Location: Hyperspace
$Departure Cue: ( false ) 
$Determination: 10
+Flags: ( "cargo-known" )
+Respawn priority: 0
+Group: 0
+Score: 17
+Persona Index: 5

$Name: Delta 3		;! Object #14
$Display Name: XSTR("Delta 3", 4515)
$Class: PVB Osiris
$Team: Friendly
$Location: -967.319885, -0.000179, 786.566406
$Orientation:
	-0.879375, 0.000000, -0.476130,
	0.000000, 1.000000, 0.000000,
	0.476130, 0.000000, -0.879375
$IFF: IFF 1
$AI Behavior: None
$Cargo 1:  XSTR("Nothing", 611)
+Initial Velocity: 33
+Initial Hull: 57
+Subsystem: Pilot
+Primary Banks: ( "Prometheus" )
+Secondary Banks: ( "Synaptic" "Barracuda" "Tsunami" )
+Sbank Ammo: ( 100 100 0 )
+Subsystem: turret01
+Subsystem: turret02
$Arrival Location: Hyperspace
$Arrival Cue: ( false ) 
$Departure Location: Hyperspace
$Departure Cue: ( false ) 
$Determination: 10
+Flags: ( "cargo-known" )
+Respawn priority: 0
+Group: 0
+Score: 17
+Persona Index: 5

$Name: Delta 4		;! Object #15
$Display Name: XSTR("Delta 4", 4679)
$Class: PVB Osiris
$Team: Friendly
$Location: -167.600906, -0.000523, 617.945496
$Orientation:
	-0.994677, 0.000000, -0.103037,
	0.000000, 1.000000, 0.000000,
	0.103037, 0.000000, -0.994677
$IFF: IFF 1
$AI Behavior: None
$Cargo 1:  XSTR("Nothing", 611)
+Initial Velocity: 33
+Initial Hull: 43
+Subsystem: Pilot
+Primary Banks: ( "Prometheus" )
+Secondary Banks: ( "Synaptic" "Barracuda" "Tsunami" )
+Sbank Ammo: ( 0 100 100 )
+Subsystem: turret01
+Subsystem: turret02
$Arrival Location: Hyperspace
$Arrival Cue: ( false ) 
$Departure Location: Hyperspace
$Departure Cue: ( false ) 
$Determination: 10
+Flags: ( "cargo-known" )
+Respawn priority: 0
+Group: 0
+Score: 17
+Persona Index: 5

$Name: Epsilon 1		;! Object #16
$Display Name: XSTR("Epsilon 1", 4516)
$Class: PVF Seth
$Team: Friendly
$Location: 747.863708, -648.145813, 1473.111328
$Orientation:
	-0.898759, 0.000000, 0.438443,
	0.096633, 0.975409, 0.198087,
	-0.427662, 0.220400, -0.876658
$IFF: IFF 1
$AI Behavior: None
$Cargo 1:  XSTR("Nothing", 611)
+Initial Velocity: 33
+Initial Hull: 87
+Subsystem: Pilot
+Primary Banks: ( "Avenger" "Banshee" )
+Secondary Banks: ( "Hornet" "Interceptor" )
+Sbank Ammo: ( 50 35 )
$Arrival Location: Hyperspace
$Arrival Cue: ( false ) 
$Departure Location: Hyperspace
$Departure Cue: ( false ) 
$Determination: 10
+Flags: ( "cargo-known" )
+Respawn priority: 0
+Group: 0
+Score: 12
+Persona Index: 5

$Name: Epsilon 2		;! Object #17
$Display Name: XSTR("Epsilon 2", 4517)
$Class: PVF Seth
$Team: Friendly
$Location: 445.810394, 0.000526, 1996.632935
$Orientation:
	-0.989114, 0.000000, 0.147151,
	0.000000, 1.000000, 0.000000,
	-0.147151, 0.000000, -0.989114
$IFF: IFF 1
$AI Behavior: None
+AI Class: Lieutenant
$Cargo 1:  XSTR("Nothing", 611)
+Initial Velocity: 33
+Initial Hull: 29
+Subsystem: Pilot
+Primary Banks: ( "Avenger" "Banshee" )
+Secondary Banks: ( "Hornet" "Interceptor" )
+Sbank Ammo: ( 0 100 )
$Arrival Location: Hyperspace
$Arrival Cue: ( false ) 
$Departure Location: Hyperspace
$Departure Cue: ( false ) 
$Determination: 10
+Flags: ( "cargo-known" )
+Respawn priority: 0
+Group: 0
+Score: 12
+Persona Index: 5

$Name: Epsilon 3		;! Object #18
$Display Name: XSTR("Epsilon 3", 4518)
$Class: PVF Seth
$Team: Friendly
$Location: -1104.906982, 493.250244, 1425.602051
$Orientation:
	-0.910033, 0.000000, -0.414537,
	0.075432, 0.983305, -0.165596,
	0.407616, -0.181967, -0.894839
$IFF: IFF 1
$AI Behavior: None
$Cargo 1:  XSTR("Nothing", 611)
+Initial Velocity: 33
+Initial Hull: 44
+Subsystem: Pilot
+Primary Banks: ( "Banshee" "Banshee" )
+Secondary Banks: ( "Hornet" "Interceptor" )
+Sbank Ammo: ( 50 0 )
$Arrival Location: Hyperspace
$Arrival Cue: ( false ) 
$Departure Location: Hyperspace
$Departure Cue: ( false ) 
$Determination: 10
+Flags: ( "cargo-known" )
+Respawn priority: 0
+Group: 0
+Score: 12
+Persona Index: 5

$Name: Epsilon 4		;! Object #19
$Display Name: XSTR("Epsilon 4", 4532)
$Class: PVF Seth
$Team: Friendly
$Location: -551.595520, 1035.805420, 605.583801
$Orientation:
	-0.945745, 0.000000, -0.324909,
	0.169225, 0.853656, -0.492580,
	0.277361, -0.520837, -0.807341
$IFF: IFF 1
$AI Behavior: None
+AI Class: Lieutenant
$Cargo 1:  XSTR("Nothing", 611)
+Initial Velocity: 33
+Initial Hull: 76
+Subsystem: Pilot
+Primary Banks: ( "Avenger" "Prometheus" )
+Secondary Banks: ( "Hornet" "Interceptor" )
+Sbank Ammo: ( 20 40 )
$Arrival Location: Hyperspace
$Arrival Cue: ( false ) 
$Departure Location: Hyperspace
$Departure Cue: ( false ) 
$Determination: 10
+Flags: ( "cargo-known" )
+Respawn priority: 0
+Group: 0
+Score: 12
+Persona Index: 5

$Name: PVD Hope		;! Object #20
$Display Name: XSTR("PVD Hope", 4949)
$Class: PVD Typhon
$Team: Friendly
$Location: 797.916931, 681.961853, 638.717651
$Orientation:
	0.680513, -0.732391, -0.022461,
	-0.704856, -0.662688, 0.253028,
	-0.200201, -0.156357, -0.967198
$IFF: IFF 1
$AI Behavior: None
$Cargo 1:  XSTR("Survivors", 3313)
+Initial Hull: 26
+Initial Shields: 100
+Subsystem: Pilot
+Subsystem: turret01
+Subsystem: turret02
+Subsystem: turret03
+Subsystem: turret04
+Subsystem: turret05
+Subsystem: turret06
+Subsystem: turret07
+Subsystem: turret08
+Subsystem: turret09
+Subsystem: turret10
+Subsystem: turret11
+Subsystem: turret12
+Subsystem: turret13
+Subsystem: turret14
+Subsystem: turret15
+Subsystem: engine
$Damage: 100
$Arrival Location: Hyperspace
$Arrival Cue: ( true ) 
$Departure Location: Hyperspace
$Departure Cue: ( is-event-true-delay "Repair 3" 45 ) 
$Determination: 10
+Flags: ( "cargo-known" "no-shields" "escort" )
+Respawn priority: 0
+Escort priority: 10
+Hotkey: 3
+Orders Accepted: 0		;! note that this is a bitfield!!!
+Group: 0
+Score: 2000

$Name: PVC Memphis		;! Object #21
$Display Name: XSTR("PVC Memphis", 4950)
$Class: PVC Aten
$Team: Friendly
$Location: -745.598755, -259.108704, 1302.236572
$Orientation:
	-0.928315, -0.187064, -0.321307,
	-0.209201, 0.977229, 0.035480,
	0.307353, 0.100154, -0.946310
$IFF: IFF 1
$AI Behavior: None
$Cargo 1:  XSTR("Survivors", 3313)
+Initial Hull: 36
+Initial Shields: 100
+Subsystem: Pilot
+Subsystem: turret01a
+Subsystem: turret02a
+Subsystem: turret03
+Subsystem: turret04
+Subsystem: turret05
+Subsystem: turret06
+Subsystem: communications
$Damage: 100
$Arrival Location: Hyperspace
$Arrival Cue: ( true ) 
$Departure Location: Hyperspace
$Departure Cue: ( false ) 
$Determination: 10
+Flags: ( "no-shields" "scannable" )
+Respawn priority: 0
+Orders Accepted: 0		;! note that this is a bitfield!!!
+Group: 0
+Score: 150

$Name: PVC Shaduf		;! Object #22
$Display Name: XSTR("PVC Shaduf", 4951)
$Class: PVC Aten
$Team: Friendly
$Location: 644.546814, -716.088867, 1236.516724
$Orientation:
	0.273211, -0.821434, -0.500601,
	-0.659692, -0.538744, 0.523985,
	-0.700115, 0.187084, -0.689085
$IFF: IFF 1
$AI Behavior: None
$Cargo 1:  XSTR("Survivors", 3313)
+Initial Hull: 9
+Initial Shields: 100
+Subsystem: Pilot
+Subsystem: turret01a
+Subsystem: turret02a
+Subsystem: turret03
+Subsystem: turret04
+Subsystem: turret05
+Subsystem: turret06
+Subsystem: engine
$Damage: 100
+Subsystem: weapons
$Damage: 100
$Arrival Location: Hyperspace
$Arrival Cue: ( true ) 
$Departure Location: Hyperspace
$Departure Cue: ( false ) 
$Determination: 10
+Flags: ( "protect-ship" "no-shields" "scannable" )
+Respawn priority: 0
+Orders Accepted: 0		;! note that this is a bitfield!!!
+Group: 0
+Score: 150

$Name: PVC Senet		;! Object #23
$Display Name: XSTR("PVC Senet", 4952)
$Class: PVC Aten
$Team: Friendly
$Location: -249.919006, 884.444702, 1037.367310
$Orientation:
	1.000000, 0.000000, 0.000000,
	0.000000, 0.440857, -0.897577,
	0.000000, 0.897577, 0.440857
$IFF: IFF 1
$AI Behavior: None
$Cargo 1:  XSTR("Survivors", 3313)
+Initial Hull: 28
+Initial Shields: 100
+Subsystem: Pilot
+Subsystem: turret01a
+Subsystem: turret02a
+Subsystem: turret03
+Subsystem: turret04
+Subsystem: turret05
+Subsystem: turret06
+Subsystem: engine
$Damage: 100
+Subsystem: sensors
$Damage: 100
$Arrival Location: Hyperspace
$Arrival Cue: ( true ) 
$Departure Location: Hyperspace
$Departure Cue: ( false ) 
$Determination: 10
+Flags: ( "no-shields" "scannable" )
+Respawn priority: 0
+Orders Accepted: 0		;! note that this is a bitfield!!!
+Group: 0
+Score: 150

$Name: Medic 1		;! Object #24
$Display Name: XSTR("Medic 1", 4953)
$Class: PVFr Satis
$Team: Friendly
$Location: -1993.699951, 0.000000, 990.700012
$Orientation:
	-0.125095, 0.000000, -0.992145,
	-0.233700, 0.971862, 0.029466,
	0.964228, 0.235550, -0.121575
$IFF: IFF 1
$AI Behavior: None
$AI Goals: ( goals ( ai-dock "PVC Memphis" "docking point" "main dock" 89 ) )
$Cargo 1:  XSTR("Boarding Party", 3462)
+Initial Hull: 100
+Initial Shields: 100
+Subsystem: Pilot
+Subsystem: turret01-main
+Primary Banks: ( "Avenger" )
+Subsystem: turret02
+Subsystem: turret03
+Subsystem: turret04
+Subsystem: turret05
$Arrival Location: Hyperspace
$Arrival Cue: ( is-event-true-delay 
   "Medic arrival cue" 
   0 
)
$Departure Location: Hyperspace
$Departure Cue: ( or 
   ( and 
      ( < 
         ( distance "Medic 1" "Friendly Exit:1" ) 
         500 
      )
      ( has-undocked-delay 
         "Medic 1" 
         "PVC Memphis" 
         1 
         0 
      )
   )
   ( and 
      ( is-destroyed-delay 0 "PVC Memphis" ) 
      ( not 
         ( is-event-true-delay 
            "Medic 1 transfer" 
            0 
         )
      )
   )
)
$Determination: 10
+Flags: ( "cargo-known" "no-shields" )
+Respawn priority: 0
+Orders Accepted: 0		;! note that this is a bitfield!!!
+Group: 0
+Score: 20

$Name: Medic 2		;! Object #25
$Display Name: XSTR("Medic 2", 4954)
$Class: PVFr Satis
$Team: Friendly
$Location: -2186.607666, 0.000041, 1086.873657
$Orientation:
	-0.148495, 0.000000, -0.988913,
	-0.217965, 0.975408, 0.032730,
	0.964593, 0.220409, -0.144843
$IFF: IFF 1
$AI Behavior: None
$AI Goals: ( goals ( ai-dock "PVC Shaduf" "docking point" "main dock" 89 ) )
$Cargo 1:  XSTR("Boarding Party", 3462)
+Initial Hull: 100
+Initial Shields: 100
+Subsystem: Pilot
+Subsystem: turret01-main
+Primary Banks: ( "Avenger" )
+Subsystem: turret02
+Subsystem: turret03
+Subsystem: turret04
+Subsystem: turret05
$Arrival Location: Hyperspace
$Arrival Cue: ( is-event-true-delay 
   "Medic arrival cue" 
   0 
)
$Departure Location: Hyperspace
$Departure Cue: ( or 
   ( and 
      ( < 
         ( distance "Medic 2" "Friendly Exit:1" ) 
         500 
      )
      ( has-undocked-delay 
         "Medic 2" 
         "PVC Shaduf" 
         1 
         0 
      )
   )
   ( and 
      ( is-destroyed-delay 0 "PVC Shaduf" ) 
      ( not 
         ( is-event-true-delay 
            "Medic 2 transfer" 
            0 
         )
      )
   )
)
$Determination: 10
+Flags: ( "cargo-known" "no-shields" )
+Respawn priority: 0
+Orders Accepted: 0		;! note that this is a bitfield!!!
+Group: 0
+Score: 20

$Name: Medic 3		;! Object #26
$Display Name: XSTR("Medic 3", 4955)
$Class: PVFr Satis
$Team: Friendly
$Location: -2407.214600, -55.800705, 806.053162
$Orientation:
	-0.052137, 0.000000, -0.998640,
	-0.223721, 0.974583, 0.011680,
	0.973258, 0.224026, -0.050812
$IFF: IFF 1
$AI Behavior: None
$AI Goals: ( goals ( ai-dock "PVC Senet" "docking point" "main dock" 89 ) )
$Cargo 1:  XSTR("Boarding Party", 3462)
+Initial Hull: 100
+Initial Shields: 100
+Subsystem: Pilot
+Subsystem: turret01-main
+Primary Banks: ( "Avenger" )
+Subsystem: turret02
+Subsystem: turret03
+Subsystem: turret04
+Subsystem: turret05
$Arrival Location: Hyperspace
$Arrival Cue: ( is-event-true-delay 
   "Medic arrival cue" 
   0 
)
$Departure Location: Hyperspace
$Departure Cue: ( or 
   ( and 
      ( < 
         ( distance "Medic 3" "Friendly Exit:1" ) 
         500 
      )
      ( has-undocked-delay 
         "Medic 3" 
         "PVC Senet" 
         1 
         0 
      )
   )
   ( and 
      ( is-destroyed-delay 0 "PVC Senet" ) 
      ( not 
         ( is-event-true-delay 
            "Medic 3 transfer" 
            0 
         )
      )
   )
)
$Determination: 10
+Flags: ( "cargo-known" "no-shields" )
+Respawn priority: 0
+Orders Accepted: 0		;! note that this is a bitfield!!!
+Group: 0
+Score: 20

$Name: Isis Repair 1		;! Object #27
$Display Name: XSTR("Isis Repair 1", 4956)
$Class: PVT Isis
$Team: Friendly
$Location: -2458.664551, 0.000042, 931.537354
$Orientation:
	-0.089555, 0.000000, -0.995982,
	-0.203355, 0.978934, 0.018285,
	0.975001, 0.204175, -0.087668
$IFF: IFF 1
$AI Behavior: None
$AI Goals: ( goals ( ai-dock "PVD Hope" "main dock" "topside dock" 89 ) )
$Cargo 1:  XSTR("Repair Crews", 3463)
+Initial Velocity: 33
+Initial Hull: 100
+Initial Shields: 100
+Subsystem: Pilot
+Subsystem: turret01
+Subsystem: turret02
$Arrival Location: Hyperspace
$Arrival Cue: ( is-event-true-delay 
   "Isis Repair arrival cue" 
   0 
)
$Departure Location: Hyperspace
$Departure Cue: ( and 
   ( < 
      ( distance 
         "Isis Repair 1" 
         "Friendly Exit:1" 
      )
      500 
   )
   ( has-undocked-delay 
      "Isis Repair 1" 
      "PVD Hope" 
      1 
      0 
   )
)
$Determination: 10
+Flags: ( "cargo-known" "protect-ship" "no-shields" )
+Respawn priority: 0
+Orders Accepted: 0		;! note that this is a bitfield!!!
+Group: 0
+Score: 15

$Name: Isis Repair 2		;! Object #28
$Display Name: XSTR("Isis Repair 2", 4957)
$Class: PVT Isis
$Team: Friendly
$Location: -2438.327881, 0.000057, 1055.897217
$Orientation:
	-0.127851, 0.000000, -0.991793,
	-0.202898, 0.978851, 0.026155,
	0.970818, 0.204577, -0.125147
$IFF: IFF 1
$AI Behavior: None
$AI Goals: ( goals ( ai-waypoints-once "Hinton WP" 89 ) )
$Cargo 1:  XSTR("Repair Crews", 3463)
+Initial Velocity: 33
+Initial Hull: 100
+Initial Shields: 100
+Subsystem: Pilot
+Subsystem: turret01
+Subsystem: turret02
$Arrival Location: Hyperspace
$Arrival Cue: ( is-event-true-delay 
   "Isis Repair arrival cue" 
   0 
)
$Departure Location: Hyperspace
$Departure Cue: ( and 
   ( < 
      ( distance 
         "Isis Repair 2" 
         "Friendly Exit:1" 
      )
      500 
   )
   ( has-undocked-delay 
      "Isis Repair 2" 
      "PVD Hope" 
      1 
      0 
   )
)
$Determination: 10
+Flags: ( "cargo-known" "protect-ship" "no-shields" )
+Respawn priority: 0
+Orders Accepted: 0		;! note that this is a bitfield!!!
+Group: 0
+Score: 15

$Name: GTD Intrepid		;! Object #29
$Display Name: XSTR("GTD Intrepid", 4363)
$Class: GTD Orion#Intrepid
$Team: Friendly
$Location: 5607.029297, 0.536558, 477.239624
$Orientation:
	-0.172227, -0.213739, 0.961589,
	-0.063426, 0.976556, 0.205705,
	-0.983013, -0.025562, -0.181746
$IFF: IFF 1
$AI Behavior: None
$Cargo 1:  XSTR("Nothing", 611)
+Initial Velocity: 33
+Initial Hull: 89
+Initial Shields: 100
+Subsystem: Pilot
+Subsystem: turret01a
+Primary Banks: ( "Prometheus" "" "" )
+Subsystem: turret02a
+Primary Banks: ( "Prometheus" "Terran Turret" "Terran Huge Turret" )
+Subsystem: turret03a
+Primary Banks: ( "Prometheus" "Terran Turret" "Terran Huge Turret" )
+Subsystem: turret04a
+Primary Banks: ( "Prometheus" "Terran Turret" "Terran Huge Turret" )
+Subsystem: turret05a
+Primary Banks: ( "Prometheus" "Terran Turret" "Terran Huge Turret" )
+Subsystem: turret06
+Subsystem: turret07
+Subsystem: turret08
+Subsystem: turret09
+Subsystem: turret10
+Subsystem: turret11
+Subsystem: turret12
+Subsystem: turret13
+Subsystem: turret14
+Subsystem: turret15
+Subsystem: turret16
$Arrival Location: Hyperspace
$Arrival Cue: ( and
   ( or 
      ( has-departed-delay 30 "PVD Hope" ) 
      ( is-destroyed-delay 60 "PVD Hope" ) 
   )
   ( or
      ( is-event-true-delay "successful blockade" 30 )
      ( is-event-true-delay "failed blockade" 60 )
   )
)
$Departure Location: Hyperspace
$Departure Cue: ( false ) 
$Determination: 10
+Flags: ( "cargo-known" "no-shields" "escort" )
+Respawn priority: 0
+Escort priority: 10
+Orders Accepted: 0		;! note that this is a bitfield!!!
+Group: 0
+Score: 1750
;;FSO 3.6.8;; $Texture Replace:
;;FSO 3.6.8;; +old: capital01-05a
;;FSO 3.6.8;; +new: nameplate-intrepid

$Name: GTSC Hinton		;! Object #30
$Display Name: XSTR("GTSC Hinton", 4958)
$Class: GTSC Faustus
$Team: Friendly
$Location: -2065.367188, -0.002101, 149.261520
$Orientation:
	0.306282, 0.098579, -0.946823,
	-0.082821, 0.993612, 0.076659,
	0.948331, 0.054938, 0.312489
$IFF: IFF 1
$AI Behavior: None
$AI Goals: ( goals ( ai-waypoints-once "Hinton WP" 89 ) )
$Cargo 1:  XSTR("Nothing", 611)
+Initial Velocity: 33
+Initial Hull: 100
+Initial Shields: 100
+Subsystem: Pilot
+Subsystem: turret01
+Subsystem: turret02
+Subsystem: turret03
+Primary Banks: ( "Avenger" )
+Subsystem: turret04
+Primary Banks: ( "Avenger" )
+Subsystem: turret05
+Primary Banks: ( "Avenger" )
+Subsystem: turret06
+Primary Banks: ( "Avenger" )
$Arrival Location: Hyperspace
$Arrival Cue: ( has-arrived-delay 17 "GTD Intrepid" ) 
$Departure Location: Hyperspace
$Departure Cue: ( false ) 
$Determination: 10
+Flags: ( "cargo-known" "no-shields" "escort" )
+Respawn priority: 0
+Escort priority: 6
+Orders Accepted: 0		;! note that this is a bitfield!!!
+Group: 0
+Score: 50
;;FSO 3.6.8;;$Texture Replace:
;;FSO 3.6.8;;+old: nameplate
;;FSO 3.6.8;;+new: GTSC_Hinton

$Name: Kappa 1		;! Object #31
$Display Name: XSTR("Kappa 1", 4435)
$Class: GTF Valkyrie
$Team: Friendly
$Location: 5133.805664, -0.000380, 1845.651855
$Orientation:
	1.000000, 0.000000, 0.000000,
	0.000000, 1.000000, 0.000000,
	0.000000, 0.000000, 1.000000
$IFF: IFF 1
$AI Behavior: None
$Cargo 1:  XSTR("Nothing", 611)
+Initial Velocity: 33
+Initial Hull: 100
+Subsystem: Pilot
+Primary Banks: ( "Banshee" "Prometheus" )
$Arrival Location: Hyperspace
$Arrival Cue: ( false ) 
$Departure Location: Hyperspace
$Departure Cue: ( false ) 
$Determination: 10
+Flags: ( "cargo-known" )
+Respawn priority: 0
+Orders Accepted: 0		;! note that this is a bitfield!!!
+Group: 0
+Score: 10
+Persona Index: 2

$Name: Kappa 2		;! Object #32
$Display Name: XSTR("Kappa 2", 4436)
$Class: GTF Valkyrie
$Team: Friendly
$Location: 5079.345703, -0.000356, 1907.308838
$Orientation:
	1.000000, 0.000000, 0.000000,
	0.000000, 1.000000, 0.000000,
	0.000000, 0.000000, 1.000000
$IFF: IFF 1
$AI Behavior: None
$Cargo 1:  XSTR("Nothing", 611)
+Initial Velocity: 33
+Initial Hull: 100
+Subsystem: Pilot
+Primary Banks: ( "Banshee" "Prometheus" )
$Arrival Location: Hyperspace
$Arrival Cue: ( false ) 
$Departure Location: Hyperspace
$Departure Cue: ( false ) 
$Determination: 10
+Flags: ( "cargo-known" )
+Respawn priority: 0
+Orders Accepted: 0		;! note that this is a bitfield!!!
+Group: 0
+Score: 10
+Persona Index: 3

$Name: Kappa 3		;! Object #33
$Display Name: XSTR("Kappa 3", 4437)
$Class: GTF Valkyrie
$Team: Friendly
$Location: 5007.483887, -0.000352, 1856.152954
$Orientation:
	1.000000, 0.000000, 0.000000,
	0.000000, 1.000000, 0.000000,
	0.000000, 0.000000, 1.000000
$IFF: IFF 1
$AI Behavior: None
$Cargo 1:  XSTR("Nothing", 611)
+Initial Velocity: 33
+Initial Hull: 100
+Subsystem: Pilot
+Primary Banks: ( "Banshee" "Prometheus" )
$Arrival Location: Hyperspace
$Arrival Cue: ( false ) 
$Departure Location: Hyperspace
$Departure Cue: ( false ) 
$Determination: 10
+Flags: ( "cargo-known" )
+Respawn priority: 0
+Orders Accepted: 0		;! note that this is a bitfield!!!
+Group: 0
+Score: 10
+Persona Index: 4

$Name: Kappa 4		;! Object #34
$Display Name: XSTR("Kappa 4", 4438)
$Class: GTF Valkyrie
$Team: Friendly
$Location: 5072.625000, -0.000348, 1800.591675
$Orientation:
	1.000000, 0.000000, 0.000000,
	0.000000, 1.000000, 0.000000,
	0.000000, 0.000000, 1.000000
$IFF: IFF 1
$AI Behavior: None
$Cargo 1:  XSTR("Nothing", 611)
+Initial Velocity: 33
+Initial Hull: 100
+Subsystem: Pilot
+Primary Banks: ( "Banshee" "Prometheus" )
$Arrival Location: Hyperspace
$Arrival Cue: ( false ) 
$Departure Location: Hyperspace
$Departure Cue: ( false ) 
$Determination: 10
