#Mission Info

$Version: 0.10
$Name:  XSTR("Betrayed", 3305)
$Author: Peter Oliver
$Created: 06/25/03 at 23:26:32
$Modified: 12/09/06 at 20:49:57
$Notes:
Note to self: protected ships are Beta 4, Gamma 1 and Delta 3.
Checks for difficulty- number of wingmen, difficulty level, hull strength, bomber or not.  Medusa max AB is 100 m/s.
$End Notes:

$Mission Desc:
 XSTR("Our hero returns from a successful mission against the Shivans, only to find the Krios under attack from GTI forces.", 3306)
$end_multi_text

+Game Type Flags: 1

+Flags: 65546

+Red Alert: 1

+Scramble: 0

+Disallow Support: 1

+Player Entry Delay:
20.000000

+Viewer pos: 191.751694, 3079.998535, -7582.316895
+Viewer orient:
	0.999905, -0.000001, 0.013813,
	-0.003142, 0.973767, 0.227524,
	-0.013451, -0.227546, 0.973674
+SquadReassignName: Galactic Terran Intelligence
+SquadReassignLogo: GTI.pcx

;;FSO 3.6.0;; $Skybox Model: starfield.pof

;;FSO 3.6.9;; $AI Profile: SILENT THREAT REBORN

#Plot Info

$Tour:  XSTR("Blah", 601)
$Pre-Briefing Cutscene: Blah
$Pre-Mission Cutscene: Blah
$Next Mission Success: Blah
$Next Mission Partial: Blah
$Next Mission Failure: Blah

#Sexp_variables

$Variables:
(
		0		"i18nVariable1"		"#GTD Soyakaze"		"string"
)

#Command Briefing

#Briefing
$start_briefing
$num_stages: 1
$start_stage
$multi_text
 XSTR("...This is the GTD Krios calling any allied ships!  We've been attacked by GTI bombers!  Weapons are offline!  Hull integrity critical!  Request immediate assistance!", 3307)
$end_multi_text
$voice: str11_b01.wav
$camera_pos: -5143.606934, 3571.958008, 9537.159180
$camera_orient:
	-0.535003, 0.000000, -0.844850,
	0.396046, 0.883317, -0.250797,
	0.746270, -0.468777, -0.472577
$camera_time: 500
$num_lines: 0
$num_icons: 3
$Flags: 0
$Formula: ( true ) 
$start_icon
$type: 1
$team: Hostile
$class: GTF Loki
$pos: 1844.421021, -0.001055, 7340.167480
+id: 1
$hlight: 0
$multi_text
$end_multi_text
$end_icon
$start_icon
$type: 17
$team: Friendly
$class: GTB Medusa
$pos: -1532.218750, -0.000430, 4424.054688
+id: 2
$hlight: 0
$multi_text
$end_multi_text
$end_icon
$start_icon
$type: 6
$team: Friendly
$class: GTD Orion#Krios
$pos: 6.332444, -0.000377, 5597.022949
$label: XSTR("GTD Krios", 10059)
+id: 3
$hlight: 1
$multi_text
$end_multi_text
$end_icon
$end_stage
$end_briefing

#Debriefing_info

$Num stages: 2

$Formula: ( is-event-true-delay 
   "continue campaign" 
   0 
)
$Multi text
    XSTR("This is Admiral Tess of the GTD Soyakaze.

I cannot imagine what you must be thinking, pilots.  To return to your command ship after what was to have been a great victory, only to find it under attack from your fellow officers.  Though you fought valiantly, the Krios and most of her crew were lost.  They died a bitter death, betrayed by the very organization they swore to defend.

This development has grave implications for the future of the Terran-Vasudan alliance.  Terran Command has already been notified of our situation and will be updated as we debrief the survivors of the Krios.  I will address the crew of the Soyakaze tomorrow with our findings.

In recognition of your contributions to the allied victory over the Shivans, the GTA has awarded you the Medal of Honor.  Take comfort in the fact that, though your return is not as triumphant as it should be, we will never have to fear the Shivans ever again.", 3308)
$end_multi_text
$Voice: str11_db01.wav
$Recommendation text:
    XSTR("There was nothing you could have done to save the Krios.", 3309)
$end_multi_text

$Formula: ( not 
   ( is-event-true-delay 
      "continue campaign" 
      0 
   )
)
$Multi text
    XSTR("This is Admiral Tess of the GTD Soyakaze.

I cannot imagine what you must be thinking, pilots.  To return to your command ship after what was to have been a great victory, only to find it under attack from Terran ships.  Though you fought valiantly, the Krios and her crew were lost.  The phantom attackers have since disappeared without a trace.

This development has grave implications for the future of the Terran-Vasudan alliance.  If a rogue cell is active in our military, it has the potential to significantly destabilize our reconstruction efforts.  Terran Command has ordered a full investigation, but without the crew or flight records from the Krios, I am afraid we have little to go on.", 3310)
$end_multi_text
$Voice: str11_db02.wav
$Recommendation text:
    XSTR("Try to save at least one escape pod.  If it's just too hard, try switching to an easier difficulty, or try doing better on the previous mission.", 3311)
$end_multi_text

#Players		;! 1 total

$Starting Shipname: Alpha 1
$Ship Choices: (
	"GTF Ulysses"	5
	"GTF Apollo"	5
	"GTF Valkyrie"	5
	"GTF Hercules"	5
	"GTF Loki"	5
	"GTB Athena"	5
	"GTB Zeus"	5
	"GTB Medusa"	5
	"GTB Ursa"	5
)

+Weaponry Pool: (
	"ML-16 Laser"	16
	"Disruptor"	16
	"D-Advanced"	16
	"Avenger"	16
	"Flail"	16
	"Prometheus"	28
	"Banshee"	24
	"S-Breaker"	16
	"Leech Cannon"	20
	"MX-50"	500
	"Fury"	500
	"Interceptor"	560
	"Hornet"	820
	"Phoenix V"	532
	"D-Missile"	500
	"Synaptic"	512
	"Cluster Bomb"	500
	"Stiletto"	500
	"EM Pulse"	500
	"Tsunami"	512
	"Harbinger"	500
)

#Objects		;! 67 total

$Name: GTD Krios		;! Object #0
$Display Name: XSTR("GTD Krios", 10059)
$Class: GTD Orion#Krios
$Team: Friendly
$Location: 6.332444, -0.000377, 5597.022949
$Orientation:
	-0.655765, -0.016010, 0.754796,
	-0.364773, -0.868613, -0.335338,
	0.660994, -0.495232, 0.563766
$IFF: IFF 1
$AI Behavior: None
$Cargo 1:  XSTR("Nothing", 611)
+Initial Hull: 30
+Initial Shields: 100
+Subsystem: Pilot
+Subsystem: turret01a
$Damage: 100
+Subsystem: turret02a
$Damage: 80
+Subsystem: turret03a
$Damage: 100
+Subsystem: turret04a
$Damage: 40
+Subsystem: turret05a
$Damage: 80
+Subsystem: turret06
$Damage: 100
+Subsystem: turret07
$Damage: 90
+Subsystem: turret08
+Subsystem: turret09
$Damage: 80
+Subsystem: turret10
$Damage: 10
+Subsystem: turret11
$Damage: 70
+Subsystem: turret12
$Damage: 20
+Subsystem: turret13
$Damage: 60
+Subsystem: turret14
$Damage: 30
+Subsystem: turret15
$Damage: 50
+Subsystem: turret16
$Damage: 40
+Subsystem: radardish01
$Damage: 100
+Subsystem: radardish03
$Damage: 100
+Subsystem: weapons
$Damage: 100
+Subsystem: engines
$Damage: 100
$Arrival Location: Hyperspace
$Arrival Cue: ( true ) 
$Departure Location: Hyperspace
$Departure Cue: ( false ) 
$Determination: 10
+Flags: ( "cargo-known" "no-shields" "escort" )
+Respawn priority: 0
+Escort priority: 10
+Orders Accepted: 0		;! note that this is a bitfield!!!
+Group: 0
+Score: 1750
;;FSO 3.6.8;; $Texture Replace:
;;FSO 3.6.8;; +old: capital01-05a
;;FSO 3.6.8;; +new: nameplate-krios

$Name: Alpha 1		;! Object #1
$Display Name: XSTR("Alpha 1", 10051)
$Class: GTF Hercules
$Team: Friendly
$Location: 0.000000, 159.201782, 0.000000
$Orientation:
	1.000000, 0.000000, 0.000000,
	0.000000, 1.000000, 0.000000,
	0.000000, 0.000000, 1.000000
$IFF: IFF 1
$AI Behavior: None
$Cargo 1:  XSTR("Nothing", 611)
+Initial Velocity: 100
+Initial Hull: 100
+Subsystem: Pilot
+Primary Banks: ( "Prometheus" "Banshee" )
+Secondary Banks: ( "Interceptor" "Phoenix V" )
$Arrival Location: Hyperspace
$Arrival Cue: ( false ) 
$Departure Location: Hyperspace
$Departure Cue: ( false ) 
$Determination: 10
+Flags: ( "cargo-known" "player-start" "red-alert-carry" )
+Respawn priority: 0
+Orders Accepted: 33023		;! note that this is a bitfield!!!
+Group: 0
+Score: 12

$Name: Alpha 2		;! Object #2
$Display Name: XSTR("Alpha 2", 10052)
$Class: GTF Hercules
$Team: Friendly
$Location: -102.493446, 159.201431, -91.395378
$Orientation:
	1.000000, 0.000000, 0.000000,
	0.000000, 1.000000, 0.000000,
	0.000000, 0.000000, 1.000000
$IFF: IFF 1
$AI Behavior: None
+AI Class: General
$Cargo 1:  XSTR("Nothing", 611)
+Initial Hull: 100
+Subsystem: Pilot
+Primary Banks: ( "Prometheus" "Banshee" )
+Secondary Banks: ( "Interceptor" "Phoenix V" )
$Arrival Location: Hyperspace
$Arrival Cue: ( false ) 
$Departure Location: Hyperspace
$Departure Cue: ( false ) 
$Determination: 10
+Flags: ( "cargo-known" "red-alert-carry" )
+Respawn priority: 0
+Orders Accepted: 33023		;! note that this is a bitfield!!!
+Group: 0
+Score: 12
+Persona Index: 2

$Name: Alpha 3		;! Object #3
$Display Name: XSTR("Alpha 3", 10053)
$Class: GTF Hercules
$Team: Friendly
$Location: 102.186249, 159.201447, -95.347412
$Orientation:
	1.000000, 0.000000, 0.000000,
	0.000000, 1.000000, 0.000000,
	0.000000, 0.000000, 1.000000
$IFF: IFF 1
$AI Behavior: None
+AI Class: General
$Cargo 1:  XSTR("Nothing", 611)
+Initial Hull: 100
+Subsystem: Pilot
+Primary Banks: ( "Prometheus" "Banshee" )
+Secondary Banks: ( "Interceptor" "Phoenix V" )
$Arrival Location: Hyperspace
$Arrival Cue: ( false ) 
$Departure Location: Hyperspace
$Departure Cue: ( false ) 
$Determination: 10
+Flags: ( "cargo-known" "red-alert-carry" )
+Respawn priority: 0
+Orders Accepted: 33023		;! note that this is a bitfield!!!
+Group: 0
+Score: 12
+Persona Index: 1

$Name: Alpha 4		;! Object #4
$Display Name: XSTR("Alpha 4", 10054)
$Class: GTF Hercules
$Team: Friendly
$Location: 0.207524, 159.201462, -298.662262
$Orientation:
	1.000000, 0.000000, 0.000000,
	0.000000, 1.000000, 0.000000,
	0.000000, 0.000000, 1.000000
$IFF: IFF 1
$AI Behavior: None
+AI Class: General
$Cargo 1:  XSTR("Nothing", 611)
+Initial Hull: 100
+Subsystem: Pilot
+Primary Banks: ( "Prometheus" "Banshee" )
+Secondary Banks: ( "Interceptor" "Phoenix V" )
$Arrival Location: Hyperspace
$Arrival Cue: ( false ) 
$Departure Location: Hyperspace
$Departure Cue: ( false ) 
$Determination: 10
+Flags: ( "cargo-known" "red-alert-carry" )
+Respawn priority: 0
+Orders Accepted: 33023		;! note that this is a bitfield!!!
+Group: 0
+Score: 12
+Persona Index: 0

$Name: Beta 1		;! Object #5
$Display Name: XSTR("Beta 1", 10055)
$Class: GTF Ulysses
$Team: Friendly
$Location: 632.505432, -0.000844, -596.358765
$Orientation:
	0.974234, 0.207375, 0.088673,
	-0.191157, 0.967877, -0.163317,
	-0.119693, 0.142159, 0.982581
$IFF: IFF 1
$AI Behavior: None
+AI Class: General
$AI Goals: ( goals ( ai-guard "Escape 2" 89 ) ( ai-guard "Escape 6" 89 ) ( ai-guard "Escape 1" 70 ) ( ai-guard "Escape 5" 70 ) ( ai-chase-any 50 ) )
$Cargo 1:  XSTR("Nothing", 611)
+Initial Velocity: 33
+Initial Hull: 100
+Subsystem: Pilot
+Primary Banks: ( "Prometheus" "Leech Cannon" )
+Secondary Banks: ( "Hornet" )
$Arrival Location: Hyperspace
$Arrival Cue: ( false ) 
$Departure Location: Hyperspace
$Departure Cue: ( false ) 
$Determination: 10
+Flags: ( "cargo-known" "red-alert-carry" )
+Respawn priority: 0
+Orders Accepted: 33023		;! note that this is a bitfield!!!
+Group: 0
+Score: 12
+Persona Index: 4

$Name: Beta 2		;! Object #6
$Display Name: XSTR("Beta 2", 10056)
$Class: GTF Ulysses
$Team: Friendly
$Location: 538.142517, -30.411106, -666.132629
$Orientation:
	0.974234, 0.207375, 0.088673,
	-0.191157, 0.967877, -0.163317,
	-0.119693, 0.142159, 0.982581
$IFF: IFF 1
$AI Behavior: None
+AI Class: General
$AI Goals: ( goals ( ai-guard "Escape 1" 89 ) ( ai-guard "Escape 5" 89 ) ( ai-guard "Escape 2" 70 ) ( ai-guard "Escape 6" 70 ) ( ai-chase-any 50 ) )
$Cargo 1:  XSTR("Nothing", 611)
+Initial Velocity: 33
+Initial Hull: 100
+Subsystem: Pilot
+Primary Banks: ( "Prometheus" "Leech Cannon" )
+Secondary Banks: ( "Hornet" )
$Arrival Location: Hyperspace
$Arrival Cue: ( false ) 
$Departure Location: Hyperspace
$Departure Cue: ( false ) 
$Determination: 10
+Flags: ( "cargo-known" "red-alert-carry" )
+Respawn priority: 0
+Orders Accepted: 33023		;! note that this is a bitfield!!!
+Group: 0
+Score: 12
+Persona Index: 3

$Name: Beta 3		;! Object #7
$Display Name: XSTR("Beta 3", 10057)
$Class: GTF Ulysses
$Team: Friendly
$Location: 796.569519, 17.909870, -682.243958
$Orientation:
	0.974234, 0.207375, 0.088673,
	-0.191157, 0.967877, -0.163317,
	-0.119693, 0.142159, 0.982581
$IFF: IFF 1
$AI Behavior: None
+AI Class: General
$AI Goals: ( goals ( ai-guard "Escape 3" 89 ) ( ai-guard "Escape 7" 89 ) ( ai-guard "Escape 4" 70 ) ( ai-guard "Escape 8" 70 ) ( ai-chase-any 50 ) )
$Cargo 1:  XSTR("Nothing", 611)
+Initial Velocity: 33
+Initial Hull: 100
+Subsystem: Pilot
+Primary Banks: ( "Prometheus" "Leech Cannon" )
+Secondary Banks: ( "Hornet" )
$Arrival Location: Hyperspace
$Arrival Cue: ( false ) 
$Departure Location: Hyperspace
$Departure Cue: ( false ) 
$Determination: 10
+Flags: ( "cargo-known" "red-alert-carry" )
+Respawn priority: 0
+Orders Accepted: 33023		;! note that this is a bitfield!!!
+Group: 0
+Score: 12
+Persona Index: 2

$Name: Beta 4		;! Object #8
$Display Name: XSTR("Beta 4", 10058)
$Class: GTF Ulysses
$Team: Friendly
$Location: 703.480530, -38.368683, -906.815369
$Orientation:
	0.974234, 0.207375, 0.088673,
	-0.191157, 0.967877, -0.163317,
	-0.119693, 0.142159, 0.982581
$IFF: IFF 1
$AI Behavior: None
+AI Class: General
$AI Goals: ( goals ( ai-guard "Escape 4" 89 ) ( ai-guard "Escape 8" 89 ) ( ai-guard "Escape 3" 70 ) ( ai-guard "Escape 7" 70 ) ( ai-chase-any 50 ) )
$Cargo 1:  XSTR("Nothing", 611)
+Initial Velocity: 33
+Initial Hull: 100
+Subsystem: Pilot
+Primary Banks: ( "Prometheus" "Leech Cannon" )
+Secondary Banks: ( "Hornet" )
$Arrival Location: Hyperspace
$Arrival Cue: ( false ) 
$Departure Location: Hyperspace
$Departure Cue: ( false ) 
$Determination: 10
+Flags: ( "cargo-known" "red-alert-carry" )
+Respawn priority: 0
+Orders Accepted: 33023		;! note that this is a bitfield!!!
+Group: 0
+Score: 12
+Persona Index: 1

$Name: Gamma 1		;! Object #9
$Display Name: XSTR("Gamma 1", 10111)
$Class: GTB Zeus
$Team: Friendly
$Location: 455.272278, 0.000012, -133.334198
$Orientation:
	0.949547, -0.290216, -0.118891,
	0.255306, 0.935456, -0.244422,
	0.182152, 0.201737, 0.962353
$IFF: IFF 1
$AI Behavior: None
+AI Class: General
$Cargo 1:  XSTR("Nothing", 611)
+Initial Velocity: 33
+Initial Hull: 100
+Subsystem: Pilot
+Primary Banks: ( "Banshee" "Prometheus" )
+Secondary Banks: ( "Synaptic" "Hornet" "Tsunami" )
$Arrival Location: Hyperspace
$Arrival Cue: ( false ) 
$Departure Location: Hyperspace
$Departure Cue: ( false ) 
$Determination: 10
+Flags: ( "cargo-known" "red-alert-carry" )
+Respawn priority: 0
+Orders Accepted: 33023		;! note that this is a bitfield!!!
+Group: 0
+Score: 15
+Persona Index: 0

$Name: Gamma 2		;! Object #10
$Display Name: XSTR("Gamma 2", 10112)
$Class: GTB Zeus
$Team: Friendly
$Location: 287.879761, 26.029863, -208.558685
$Orientation:
	0.949547, -0.290216, -0.118891,
	0.255306, 0.935456, -0.244422,
	0.182152, 0.201737, 0.962353
$IFF: IFF 1
$AI Behavior: None
+AI Class: General
$Cargo 1:  XSTR("Nothing", 611)
+Initial Velocity: 33
+Initial Hull: 100
+Subsystem: Pilot
+Primary Banks: ( "Banshee" "Prometheus" )
+Secondary Banks: ( "Synaptic" "Hornet" "Tsunami" )
$Arrival Location: Hyperspace
$Arrival Cue: ( false ) 
$Departure Location: Hyperspace
$Departure Cue: ( false ) 
$Determination: 10
+Flags: ( "cargo-known" "red-alert-carry" )
+Respawn priority: 0
+Orders Accepted: 33023		;! note that this is a bitfield!!!
+Group: 0
+Score: 15
+Persona Index: 3

$Name: Gamma 3		;! Object #11
$Display Name: XSTR("Gamma 3", 10113)
$Class: GTB Zeus
$Team: Friendly
$Location: 602.455933, -73.191658, -259.717529
$Orientation:
	0.949547, -0.290216, -0.118891,
	0.255306, 0.935456, -0.244422,
	0.182152, 0.201737, 0.962353
$IFF: IFF 1
$AI Behavior: None
+AI Class: General
$Cargo 1:  XSTR("Nothing", 611)
+Initial Velocity: 33
+Initial Hull: 100
+Subsystem: Pilot
+Primary Banks: ( "Banshee" "Prometheus" )
+Secondary Banks: ( "Synaptic" "Hornet" "Tsunami" )
$Arrival Location: Hyperspace
$Arrival Cue: ( false ) 
$Departure Location: Hyperspace
$Departure Cue: ( false ) 
$Determination: 10
+Flags: ( "cargo-known" "red-alert-carry" )
+Respawn priority: 0
+Orders Accepted: 33023		;! note that this is a bitfield!!!
+Group: 0
+Score: 15
+Persona Index: 4

$Name: Delta 1		;! Object #12
$Display Name: XSTR("Delta 1", 10241)
$Class: GTB Medusa
$Team: Friendly
$Location: -248.600479, -480.498871, -619.719055
$Orientation:
	1.000000, 0.000000, 0.000000,
	0.000000, 1.000000, 0.000000,
	0.000000, 0.000000, 1.000000
$IFF: IFF 1
$AI Behavior: None
+AI Class: Major
$Cargo 1:  XSTR("Nothing", 611)
+Initial Velocity: 33
+Initial Hull: 100
+Subsystem: Pilot
+Primary Banks: ( "Prometheus" )
+Secondary Banks: ( "Hornet" "Stiletto" "Tsunami" )
+Subsystem: turret01a
$Arrival Location: Hyperspace
$Arrival Cue: ( false ) 
$Departure Location: Hyperspace
$Departure Cue: ( false ) 
$Determination: 10
+Flags: ( "cargo-known" "red-alert-carry" )
+Respawn priority: 0
+Orders Accepted: 33023		;! note that this is a bitfield!!!
+Group: 0
+Score: 17
+Persona Index: 0

$Name: Delta 2		;! Object #13
$Display Name: XSTR("Delta 2", 10242)
$Class: GTB Medusa
$Team: Friendly
$Location: -90.593300, -480.498932, -454.971039
$Orientation:
	1.000000, 0.000000, 0.000000,
	0.000000, 1.000000, 0.000000,
	0.000000, 0.000000, 1.000000
$IFF: IFF 1
$AI Behavior: None
+AI Class: Major
$Cargo 1:  XSTR("Nothing", 611)
+Initial Velocity: 33
+Initial Hull: 100
+Subsystem: Pilot
+Primary Banks: ( "Prometheus" )
+Secondary Banks: ( "Hornet" "Stiletto" "Tsunami" )
+Subsystem: turret01a
$Arrival Location: Hyperspace
$Arrival Cue: ( false ) 
$Departure Location: Hyperspace
$Departure Cue: ( false ) 
$Determination: 10
+Flags: ( "cargo-known" "red-alert-carry" )
+Respawn priority: 0
+Orders Accepted: 33023		;! note that this is a bitfield!!!
+Group: 0
+Score: 17
+Persona Index: 1

$Name: Delta 3		;! Object #14
$Display Name: XSTR("Delta 3", 10243)
$Class: GTB Medusa
$Team: Friendly
$Location: 138.106735, -480.498871, -455.304932
$Orientation:
	1.000000, 0.000000, 0.000000,
	0.000000, 1.000000, 0.000000,
	0.000000, 0.000000, 1.000000
$IFF: IFF 1
$AI Behavior: None
+AI Class: Major
$Cargo 1:  XSTR("Nothing", 611)
+Initial Velocity: 33
+Initial Hull: 100
+Subsystem: Pilot
+Primary Banks: ( "Prometheus" )
+Secondary Banks: ( "Hornet" "Stiletto" "Tsunami" )
+Subsystem: turret01a
$Arrival Location: Hyperspace
$Arrival Cue: ( false ) 
$Departure Location: Hyperspace
$Departure Cue: ( false ) 
$Determination: 10
+Flags: ( "cargo-known" "red-alert-carry" )
+Respawn priority: 0
+Orders Accepted: 33023		;! note that this is a bitfield!!!
+Group: 0
+Score: 17
+Persona Index: 2

$Name: Epsilon 1		;! Object #15
$Display Name: XSTR("Epsilon 1", 10244)
$Class: GTB Ursa
$Team: Friendly
$Location: 7.000484, 521.799622, -603.761597
$Orientation:
	1.000000, 0.000000, 0.000000,
	0.000000, 1.000000, 0.000000,
	0.000000, 0.000000, 1.000000
$IFF: IFF 1
$AI Behavior: None
+AI Class: Major
$Cargo 1:  XSTR("Nothing", 611)
+Initial Velocity: 33
+Initial Hull: 100
+Subsystem: Pilot
+Primary Banks: ( "Prometheus" "Prometheus" )
+Secondary Banks: ( "Hornet" "Synaptic" "Harbinger" )
+Subsystem: b05-turreta
$Arrival Location: Hyperspace
$Arrival Cue: ( false ) 
$Departure Location: Hyperspace
$Departure Cue: ( false ) 
$Determination: 10
+Flags: ( "cargo-known" "red-alert-carry" )
+Respawn priority: 0
+Orders Accepted: 33023		;! note that this is a bitfield!!!
+Group: 0
+Score: 20
+Persona Index: 3

$Name: Epsilon 2		;! Object #16
$Display Name: XSTR("Epsilon 2", 10245)
$Class: GTB Ursa
$Team: Friendly
$Location: -151.381531, 521.799561, -793.854126
$Orientation:
	1.000000, 0.000000, 0.000000,
	0.000000, 1.000000, 0.000000,
	0.000000, 0.000000, 1.000000
$IFF: IFF 1
$AI Behavior: None
+AI Class: Major
$Cargo 1:  XSTR("Nothing", 611)
+Initial Velocity: 33
+Initial Hull: 100
+Subsystem: Pilot
+Primary Banks: ( "Prometheus" "Prometheus" )
+Secondary Banks: ( "Hornet" "Synaptic" "Harbinger" )
+Subsystem: b05-turreta
$Arrival Location: Hyperspace
$Arrival Cue: ( false ) 
$Departure Location: Hyperspace
$Departure Cue: ( false ) 
$Determination: 10
+Flags: ( "cargo-known" "red-alert-carry" )
+Respawn priority: 0
+Orders Accepted: 33023		;! note that this is a bitfield!!!
+Group: 0
+Score: 20
+Persona Index: 4

$Name: Epsilon 3		;! Object #17
$Display Name: XSTR("Epsilon 3", 10246)
$Class: GTB Ursa
$Team: Friendly
$Location: 168.172348, 521.799622, -797.698425
$Orientation:
	1.000000, 0.000000, 0.000000,
	0.000000, 1.000000, 0.000000,
	0.000000, 0.000000, 1.000000
$IFF: IFF 1
$AI Behavior: None
+AI Class: Major
$Cargo 1:  XSTR("Nothing", 611)
+Initial Velocity: 33
+Initial Hull: 100
+Subsystem: Pilot
+Primary Banks: ( "Prometheus" "Prometheus" )
+Secondary Banks: ( "Hornet" "Synaptic" "Harbinger" )
+Subsystem: b05-turreta
$Arrival Location: Hyperspace
$Arrival Cue: ( false ) 
$Departure Location: Hyperspace
$Departure Cue: ( false ) 
$Determination: 10
+Flags: ( "cargo-known" "red-alert-carry" )
+Respawn priority: 0
+Orders Accepted: 33023		;! note that this is a bitfield!!!
+Group: 0
+Score: 20
+Persona Index: 0

$Name: GTD Soyakaze		;! Object #18
$Display Name: XSTR("GTD Soyakaze", 10585)
$Class: GTD Orion#Soyakaze
$Team: Friendly
$Location: -1254.780273, -48.342968, 500.028809
$Orientation:
	0.998492, 0.000000, -0.054890,
	-0.004485, 0.996656, -0.081583,
	0.054706, 0.081706, 0.995154
$IFF: IFF 1
$AI Behavior: None
$Cargo 1:  XSTR("Nothing", 611)
+Initial Velocity: 33
+Initial Hull: 100
+Initial Shields: 100
+Subsystem: Pilot
+Subsystem: turret01a
+Subsystem: turret02a
+Subsystem: turret03a
+Subsystem: turret04a
+Subsystem: turret05a
+Subsystem: turret06
+Subsystem: turret07
+Subsystem: turret08
+Subsystem: turret09
+Subsystem: turret10
+Subsystem: turret11
+Subsystem: turret12
+Subsystem: turret13
+Subsystem: turret14
+Subsystem: turret15
+Subsystem: turret16
$Arrival Location: Hyperspace
$Arrival Cue: ( is-event-true-delay 
   "Soyakaze arrival cue" 
   0 
)
$Departure Location: Hyperspace
$Departure Cue: ( is-event-true-delay 
   "Soyakaze can leave" 
   6 
)
$Determination: 10
+Flags: ( "cargo-known" "no-shields" "escort" )
+Respawn priority: 0
+Escort priority: 10
+Orders Accepted: 0		;! note that this is a bitfield!!!
+Group: 0
+Score: 1750
;;FSO 3.6.8;; $Texture Replace:
;;FSO 3.6.8;; +old: capital01-05a
;;FSO 3.6.8;; +new: nameplate-soyakaze

$Name: Sigma 1		;! Object #19
$Display Name: XSTR("Sigma 1", 10327)
$Class: GTF Valkyrie
$Team: Friendly
$Location: 342.068542, -0.000302, -2696.524902
$Orientation:
	1.000000, 0.000000, 0.000000,
	0.000000, 1.000000, 0.000000,
	0.000000, 0.000000, 1.000000
$IFF: IFF 1
$AI Behavior: None
$Cargo 1:  XSTR("Nothing", 611)
+Initial Velocity: 33
+Initial Hull: 100
+Subsystem: Pilot
+Primary Banks: ( "Banshee" "Prometheus" )
+Secondary Banks: ( "Interceptor" )
$Arrival Location: Hyperspace
$Arrival Cue: ( false ) 
$Departure Location: Hyperspace
$Departure Cue: ( false ) 
$Determination: 10
+Flags: ( "cargo-known" )
+Respawn priority: 0
+Group: 0
+Score: 10
+Persona Index: 3

$Name: Sigma 2		;! Object #20
$Display Name: XSTR("Sigma 2", 10328)
$Class: GTF Valkyrie
$Team: Friendly
$Location: 168.920349, -0.000185, -2685.411621
$Orientation:
	1.000000, 0.000000, 0.000000,
	0.000000, 1.000000, 0.000000,
	0.000000, 0.000000, 1.000000
$IFF: IFF 1
$AI Behavior: None
$Cargo 1:  XSTR("Nothing", 611)
+Initial Velocity: 33
+Initial Hull: 100
+Subsystem: Pilot
+Primary Banks: ( "Banshee" "Prometheus" )
+Secondary Banks: ( "Interceptor" )
$Arrival Location: Hyperspace
$Arrival Cue: ( false ) 
$Departure Location: Hyperspace
$Departure Cue: ( false ) 
$Determination: 10
+Flags: ( "cargo-known" )
+Respawn priority: 0
+Group: 0
+Score: 10
+Persona Index: 1

$Name: Sigma 3		;! Object #21
$Display Name: XSTR("Sigma 3", 10329)
$Class: GTF Valkyrie
$Team: Friendly
$Location: -10.534363, -0.000311, -2662.654297
$Orientation:
	1.000000, 0.000000, 0.000000,
	0.000000, 1.000000, 0.000000,
	0.000000, 0.000000, 1.000000
$IFF: IFF 1
$AI Behavior: None
$Cargo 1:  XSTR("Nothing", 611)
+Initial Velocity: 33
+Initial Hull: 100
+Subsystem: Pilot
+Primary Banks: ( "Banshee" "Prometheus" )
+Secondary Banks: ( "Interceptor" )
$Arrival Location: Hyperspace
$Arrival Cue: ( false ) 
$Departure Location: Hyperspace
$Departure Cue: ( false ) 
$Determination: 10
+Flags: ( "cargo-known" )
+Respawn priority: 0
+Group: 0
+Score: 10
+Persona Index: 2

$Name: Sigma 4		;! Object #22
$Display Name: XSTR("Sigma 4", 10330)
$Class: GTF Valkyrie
$Team: Friendly
$Location: -176.069397, -0.000230, -2649.042480
$Orientation:
	1.000000, 0.000000, 0.000000,
	0.000000, 1.000000, 0.000000,
	0.000000, 0.000000, 1.000000
$IFF: IFF 1
$AI Behavior: None
$Cargo 1:  XSTR("Nothing", 611)
+Initial Velocity: 33
+Initial Hull: 100
+Subsystem: Pilot
+Primary Banks: ( "Banshee" "Prometheus" )
+Secondary Banks: ( "Interceptor" )
$Arrival Location: Hyperspace
$Arrival Cue: ( false ) 
$Departure Location: Hyperspace
$Departure Cue: ( false ) 
$Determination: 10
+Flags: ( "cargo-known" )
+Respawn priority: 0
+Group: 0
+Score: 10
+Persona Index: 4

$Name: Tau 1		;! Object #23
$Display Name: XSTR("Tau 1", 10586)
$Class: GTF Hercules
$Team: Friendly
$Location: -547.299988, -328.657166, 6785.899902
$Orientation:
	-0.906527, 0.000000, -0.422148,
	0.000000, 1.000000, 0.000000,
	0.422148, 0.000000, -0.906527
$IFF: IFF 1
$AI Behavior: None
$Cargo 1:  XSTR("Nothing", 611)
+Initial Velocity: 33
+Initial Hull: 100
+Subsystem: Pilot
+Primary Banks: ( "Prometheus" "Banshee" )
$Arrival Location: Hyperspace
$Arrival Cue: ( false ) 
$Departure Location: Hyperspace
$Departure Cue: ( false ) 
$Determination: 10
+Flags: ( "cargo-known" )
+Respawn priority: 0
+Group: 0
+Score: 12
+Persona Index: 0

$Name: Tau 2		;! Object #24
$Display Name: XSTR("Tau 2", 10587)
$Class: GTF Hercules
$Team: Friendly
$Location: -609.023315, -328.657166, 6801.991211
$Orientation:
	-0.890589, 0.000000, -0.454808,
	0.000000, 1.000000, 0.000000,
	0.454808, 0.000000, -0.890589
$IFF: IFF 1
$AI Behavior: None
$Cargo 1:  XSTR("Nothing", 611)
+Initial Velocity: 33
+Initial Hull: 100
+Subsystem: Pilot
+Primary Banks: ( "Prometheus" "Banshee" )
$Arrival Location: Hyperspace
$Arrival Cue: ( false ) 
$Departure Location: Hyperspace
$Departure Cue: ( false ) 
$Determination: 10
+Flags: ( "cargo-known" )
+Respawn priority: 0
+Group: 0
+Score: 12
+Persona Index: 1

$Name: Tau 3		;! Object #25
$Display Name: XSTR("Tau 3", 10588)
$Class: GTF Hercules
$Team: Friendly
$Location: -531.662292, -328.657135, 6848.714355
$Orientation:
	-0.918731, 0.000000, -0.394884,
	0.000000, 1.000000, 0.000000,
	0.394884, 0.000000, -0.918731
$IFF: IFF 1
$AI Behavior: None
$Cargo 1:  XSTR("Nothing", 611)
+Initial Velocity: 33
+Initial Hull: 100
+Subsystem: Pilot
+Primary Banks: ( "Prometheus" "Banshee" )
$Arrival Location: Hyperspace
$Arrival Cue: ( false ) 
$Departure Location: Hyperspace
$Departure Cue: ( false ) 
$Determination: 10
+Flags: ( "cargo-known" )
+Respawn priority: 0
+Group: 0
+Score: 12
+Persona Index: 2

$Name: Tau 4		;! Object #26
$Display Name: XSTR("Tau 4", 10589)
$Class: GTF Hercules
$Team: Friendly
$Location: -612.693726, -328.657166, 6921.231934
$Orientation:
	-0.905905, 0.000000, -0.423482,
	0.000000, 1.000000, 0.000000,
	0.423482, 0.000000, -0.905905
$IFF: IFF 1
$AI Behavior: None
$Cargo 1:  XSTR("Nothing", 611)
+Initial Velocity: 33
+Initial Hull: 100
+Subsystem: Pilot
+Primary Banks: ( "Prometheus" "Banshee" )
$Arrival Location: Hyperspace
$Arrival Cue: ( false ) 
$Departure Location: Hyperspace
$Departure Cue: ( false ) 
$Determination: 10
+Flags: ( "cargo-known" )
+Respawn priority: 0
+Group: 0
+Score: 12
+Persona Index: 3

$Name: GTSC Ymir		;! Object #27
$Display Name: XSTR("GTSC Ymir", 10590)
$Class: GTSC Faustus
$Team: Hostile
$Location: 2088.816406, 0.001798, 4158.096680
$Orientation:
	-0.831874, 0.000000, -0.554965,
	0.011422, 0.999788, -0.017121,
	0.554847, -0.020582, -0.831698
$IFF: IFF 1
$AI Behavior: None
$Cargo 1:  XSTR("Communications Jammer", 3312)
+Initial Hull: 100
+Initial Shields: 100
+Subsystem: Pilot
+Subsystem: turret01
+Subsystem: turret02
+Subsystem: turret03
+Subsystem: turret04
+Subsystem: turret05
+Subsystem: turret06
$Arrival Location: Hyperspace
$Arrival Cue: ( true ) 
$Departure Location: Hyperspace
$Departure Cue: ( false ) 
$Determination: 10
+Flags: ( "protect-ship" "no-shields" "escort" "hidden-from-sensors" )
+Respawn priority: 0
+Escort priority: 7
+Orders Accepted: 1		;! note that this is a bitfield!!!
+Group: 0
+Score: 50
;;FSO 3.6.8;;$Texture Replace:
;;FSO 3.6.8;;+old: nameplate
;;FSO 3.6.8;;+new: GTSC_Ymir

$Name: Bragi 1		;! Object #28
$Display Name: XSTR("Bragi 1", 10591)
$Class: GTF Loki
$Team: Hostile
$Location: 35.500000, 419.100006, 4813.700195
$Orientation:
	0.999307, 0.000000, 0.037210,
	-0.017544, 0.881867, 0.471171,
	-0.032814, -0.471498, 0.881257
$IFF: IFF 1
$AI Behavior: None
$Cargo 1:  XSTR("Nothing", 611)
+Initial Velocity: 33
+Initial Hull: 100
+Subsystem: Pilot
+Primary Banks: ( "Prometheus" "Avenger" )
$Arrival Location: Hyperspace
$Arrival Cue: ( false ) 
$Departure Location: Hyperspace
$Departure Cue: ( false ) 
$Determination: 10
+Flags: ( "cargo-known" "hidden-from-sensors" )
+Respawn priority: 0
+Group: 0
+Score: 10

$Name: Bragi 2		;! Object #29
$Display Name: XSTR("Bragi 2", 10592)
$Class: GTF Loki
$Team: Hostile
$Location: -959.859192, 139.867950, 5198.034668
$Orientation:
	0.381686, 0.000000, -0.924292,
	0.122580, 0.991167, 0.050620,
	0.916128, -0.132621, 0.378314
$IFF: IFF 1
$AI Behavior: None
$Cargo 1:  XSTR("Nothing", 611)
+Initial Velocity: 33
+Initial Hull: 100
+Subsystem: Pilot
+Primary Banks: ( "Prometheus" "Avenger" )
$Arrival Location: Hyperspace
$Arrival Cue: ( false ) 
$Departure Location: Hyperspace
$Departure Cue: ( false ) 
$Determination: 10
+Flags: ( "cargo-known" "hidden-from-sensors" )
+Respawn priority: 0
+Group: 0
+Score: 10

$Name: Bragi 3		;! Object #30
$Display Name: XSTR("Bragi 3", 10593)
$Class: GTF Loki
$Team: Hostile
$Location: -446.081543, -85.211884, 4745.805176
$Orientation:
	0.883028, 0.000000, -0.469321,
	-0.041325, 0.996116, -0.077753,
	0.467498, 0.088053, 0.879598
$IFF: IFF 1
$AI Behavior: None
$Cargo 1:  XSTR("Nothing", 611)
+Initial Velocity: 33
+Initial Hull: 100
+Subsystem: Pilot
+Primary Banks: ( "Prometheus" "Avenger" )
$Arrival Location: Hyperspace
$Arrival Cue: ( false ) 
$Departure Location: Hyperspace
$Departure Cue: ( false ) 
$Determination: 10
+Flags: ( "cargo-known" "hidden-from-sensors" )
+Respawn priority: 0
+Group: 0
+Score: 10

$Name: Bragi 4		;! Object #31
$Display Name: XSTR("Bragi 4", 10594)
$Class: GTF Loki
$Team: Hostile
$Location: 671.354858, -339.691040, 5723.867188
$Orientation:
	-0.187359, 0.000000, 0.982291,
	0.440523, 0.893800, 0.084024,
	-0.877973, 0.448465, -0.167462
$IFF: IFF 1
$AI Behavior: None
$Cargo 1:  XSTR("Nothing", 611)
+Initial Velocity: 33
+Initial Hull: 100
+Subsystem: Pilot
+Primary Banks: ( "Prometheus" "Avenger" )
$Arrival Location: Hyperspace
$Arrival Cue: ( false ) 
$Departure Location: Hyperspace
$Departure Cue: ( false ) 
$Determination: 10
+Flags: ( "cargo-known" "hidden-from-sensors" )
+Respawn priority: 0
+Group: 0
+Score: 10

$Name: Skadi 1		;! Object #32
$Display Name: XSTR("Skadi 1", 10595)
$Class: GTF Loki
$Team: Hostile
$Location: -154.058151, -0.035572, 4812.537109
$Orientation:
	0.979733, 0.000000, -0.200309,
	-0.000009, 1.000000, -0.000043,
	0.200309, 0.000044, 0.979733
$IFF: IFF 1
$AI Behavior: None
$Cargo 1:  XSTR("Nothing", 611)
+Initial Hull: 100
+Subsystem: Pilot
+Primary Banks: ( "Banshee" "Banshee" )
$Arrival Location: Hyperspace
$Arrival Cue: ( false ) 
$Departure Location: Hyperspace
$Departure Cue: ( false ) 
$Determination: 10
+Flags: ( "cargo-known" "hidden-from-sensors" )
+Respawn priority: 0
+Group: 0
+Score: 10

$Name: Skadi 2		;! Object #33
$Display Name: XSTR("Skadi 2", 10596)
$Class: GTF Loki
$Team: Hostile
$Location: -676.729797, -222.479309, 5856.321289
$Orientation:
	-0.354900, 0.000000, -0.934904,
	-0.272338, 0.956632, 0.103382,
	0.894359, 0.291300, -0.339509
$IFF: IFF 1
$AI Behavior: None
$Cargo 1:  XSTR("Nothing", 611)
+Initial Hull: 100
+Subsystem: Pilot
+Primary Banks: ( "Banshee" "Banshee" )
$Arrival Location: Hyperspace
$Arrival Cue: ( false ) 
$Departure Location: Hyperspace
$Departure Cue: ( false ) 
$Determination: 10
+Flags: ( "cargo-known" "hidden-from-sensors" )
+Respawn priority: 0
+Group: 0
+Score: 10

$Name: Skadi 3		;! Object #34
$Display Name: XSTR("Skadi 3", 10597)
$Class: GTF Loki
$Team: Hostile
$Location: -74.467667, -596.072998, 5687.106934
$Orientation:
	-0.744425, 0.000000, -0.667706,
	-0.654358, 0.198956, 0.729543,
	0.132844, 0.980008, -0.148108
$IFF: IFF 1
$AI Behavior: None
$Cargo 1:  XSTR("Nothing", 611)
+Initial Hull: 100
+Subsystem: Pilot
+Primary Banks: ( "Banshee" "Banshee" )
$Arrival Location: Hyperspace
$Arrival Cue: ( false ) 
$Departure Location: Hyperspace
$Departure Cue: ( false ) 
$Determination: 10
+Flags: ( "cargo-known" "hidden-from-sensors" )
+Respawn priority: 0
+Group: 0
+Score: 10

$Name: Skadi 4		;! Object #35
$Display Name: XSTR("Skadi 4", 10598)
$Class: GTF Loki
$Team: Hostile
$Location: -327.317017, -0.035359, 6272.860352
$Orientation:
	-0.896681, 0.000000, -0.442676,
	-0.000021, 1.000000, 0.000042,
	0.442676, 0.000046, -0.896681
$IFF: IFF 1
$AI Behavior: None
$Cargo 1:  XSTR("Nothing", 611)
+Initial Hull: 100
+Subsystem: Pilot
+Primary Banks: ( "Banshee" "Banshee" )
$Arrival Location: Hyperspace
$Arrival Cue: ( false ) 
$Departure Location: Hyperspace
$Departure Cue: ( false ) 
$Determination: 10
+Flags: ( "cargo-known" "hidden-from-sensors" )
+Respawn priority: 0
+Group: 0
+Score: 10

$Name: Geri 1		;! Object #36
$Display Name: XSTR("Geri 1", 10521)
$Class: GTB Medusa
$Team: Hostile
$Location: 548.247681, -0.037915, 5059.217285
$Orientation:
	0.704410, 0.000000, 0.709793,
	0.000035, 1.000000, -0.000035,
	-0.709793, 0.000049, 0.704410
$IFF: IFF 1
$AI Behavior: None
$Cargo 1:  XSTR("Nothing", 611)
+Initial Velocity: 33
+Initial Hull: 100
+Subsystem: Pilot
+Primary Banks: ( "Prometheus" )
+Secondary Banks: ( "Hornet" "Synaptic" "Tsunami" )
+Subsystem: turret01a
$Arrival Location: Hyperspace
$Arrival Cue: ( false ) 
$Departure Location: Hyperspace
$Departure Cue: ( false ) 
$Determination: 10
+Flags: ( "cargo-known" )
+Respawn priority: 0
+Group: 0
+Score: 17

$Name: Geri 2		;! Object #37
$Display Name: XSTR("Geri 2", 10522)
$Class: GTB Medusa
$Team: Hostile
$Location: 797.862488, -119.014999, 6239.718750
$Orientation:
	-0.630343, 0.000000, 0.776317,
	0.090006, 0.993256, 0.073082,
	-0.771081, 0.115940, -0.626092
$IFF: IFF 1
$AI Behavior: None
$Cargo 1:  XSTR("Nothing", 611)
+Initial Velocity: 33
+Initial Hull: 100
+Subsystem: Pilot
+Primary Banks: ( "Prometheus" )
+Secondary Banks: ( "Hornet" "Synaptic" "Tsunami" )
+Subsystem: turret01a
$Arrival Location: Hyperspace
$Arrival Cue: ( false ) 
$Departure Location: Hyperspace
$Departure Cue: ( false ) 
$Determination: 10
+Flags: ( "cargo-known" )
+Respawn priority: 0
+Group: 0
+Score: 17

$Name: Geri 3		;! Object #38
$Display Name: XSTR("Geri 3", 10523)
$Class: GTB Medusa
$Team: Hostile
$Location: -772.011658, -0.037958, 5420.526367
$Orientation:
	0.221145, 0.000000, -0.975241,
	-0.000046, 1.000000, -0.000010,
	0.975241, 0.000047, 0.221145
$IFF: IFF 1
$AI Behavior: None
$Cargo 1:  XSTR("Nothing", 611)
+Initial Velocity: 33
+Initial Hull: 100
+Subsystem: Pilot
+Primary Banks: ( "Prometheus" )
+Secondary Banks: ( "Hornet" "Synaptic" "Tsunami" )
+Subsystem: turret01a
$Arrival Location: Hyperspace
$Arrival Cue: ( false ) 
$Departure Location: Hyperspace
$Departure Cue: ( false ) 
$Determination: 10
+Flags: ( "cargo-known" )
+Respawn priority: 0
+Group: 0
+Score: 17

$Name: Geri 4		;! Object #39
$Display Name: XSTR("Geri 4", 10599)
$Class: GTB Medusa
$Team: Hostile
$Location: -737.357300, -349.823730, 5020.066406
$Orientation:
	0.612968, 0.000000, -0.790108,
	-0.275254, 0.937355, -0.213543,
	0.740612, 0.348375, 0.574569
$IFF: IFF 1
$AI Behavior: None
$Cargo 1:  XSTR("Nothing", 611)
+Initial Velocity: 33
+Initial Hull: 100
+Subsystem: Pilot
+Primary Banks: ( "Prometheus" )
+Secondary Banks: ( "Hornet" "Synaptic" "Tsunami" )
+Subsystem: turret01a
$Arrival Location: Hyperspace
$Arrival Cue: ( false ) 
$Departure Location: Hyperspace
$Departure Cue: ( false ) 
$Determination: 10
+Flags: ( "cargo-known" )
+Respawn priority: 0
+Group: 0
+Score: 17

$Name: Buri 1		;! Object #40
$Display Name: XSTR("Buri 1", 10600)
$Class: GTB Ursa
$Team: Hostile
$Location: 160.680878, 187.462601, 6476.206543
$Orientation:
	-0.984937, 0.000000, 0.172914,
	-0.035539, 0.978651, -0.202433,
	-0.169223, -0.205529, -0.963910
$IFF: IFF 1
$AI Behavior: None
$AI Goals: ( goals ( ai-chase "GTD Krios" 50 ) )
$Cargo 1:  XSTR("Nothing", 611)
+Initial Hull: 100
+Subsystem: Pilot
+Primary Banks: ( "Banshee" "Disruptor" )
+Secondary Banks: ( "Interceptor" "Tsunami" "Harbinger" )
+Subsystem: b05-turreta
$Arrival Location: Hyperspace
$Arrival Cue: ( false ) 
$Departure Location: Hyperspace
$Departure Cue: ( false ) 
$Determination: 10
+Flags: ( "cargo-known" )
+Respawn priority: 0
+Group: 0
+Score: 20

$Name: Buri 2		;! Object #41
$Display Name: XSTR("Buri 2", 10601)
$Class: GTB Ursa
$Team: Hostile
$Location: 4.435395, -615.200439, 5124.058594
$Orientation:
	0.999992, 0.000000, -0.004011,
	-0.003180, 0.609498, -0.792781,
	0.002445, 0.792788, 0.609493
$IFF: IFF 1
$AI Behavior: None
$AI Goals: ( goals ( ai-chase "GTD Krios" 50 ) )
$Cargo 1:  XSTR("Nothing", 611)
+Initial Hull: 100
+Subsystem: Pilot
+Primary Banks: ( "Banshee" "Disruptor" )
+Secondary Banks: ( "Interceptor" "Tsunami" "Harbinger" )
+Subsystem: b05-turreta
$Arrival Location: Hyperspace
$Arrival Cue: ( false ) 
$Departure Location: Hyperspace
$Departure Cue: ( false ) 
$Determination: 10
+Flags: ( "cargo-known" )
+Respawn priority: 0
+Group: 0
+Score: 20

$Name: Buri 3		;! Object #42
$Display Name: XSTR("Buri 3", 10602)
$Class: GTB Ursa
$Team: Hostile
$Location: 572.752930, -0.036107, 5474.461914
$Orientation:
	0.211484, 0.000000, 0.977381,
	0.000060, 1.000000, -0.000013,
	-0.977381, 0.000062, 0.211484
$IFF: IFF 1
$AI Behavior: None
$AI Goals: ( goals ( ai-chase "GTD Krios" 50 ) )
$Cargo 1:  XSTR("Nothing", 611)
+Initial Hull: 100
+Subsystem: Pilot
+Primary Banks: ( "Banshee" "Disruptor" )
+Secondary Banks: ( "Interceptor" "Tsunami" "Harbinger" )
+Subsystem: b05-turreta
$Arrival Location: Hyperspace
$Arrival Cue: ( false ) 
$Departure Location: Hyperspace
$Departure Cue: ( false ) 
$Determination: 10
+Flags: ( "cargo-known" )
+Respawn priority: 0
+Group: 0
+Score: 20

$Name: Buri 4		;! Object #43
$Display Name: XSTR("Buri 4", 10603)
$Class: GTB Ursa
$Team: Hostile
$Location: 893.668152, 445.427551, 6018.914551
$Orientation:
	-0.429395, 0.000000, 0.903117,
	-0.372897, 0.910776, -0.177297,
	-0.822537, -0.412900, -0.391083
$IFF: IFF 1
$AI Behavior: None
$AI Goals: ( goals ( ai-chase "GTD Krios" 50 ) )
$Cargo 1:  XSTR("Nothing", 611)
+Initial Hull: 100
+Subsystem: Pilot
+Primary Banks: ( "Banshee" "Disruptor" )
+Secondary Banks: ( "Interceptor" "Tsunami" "Harbinger" )
+Subsystem: b05-turreta
$Arrival Location: Hyperspace
$Arrival Cue: ( false ) 
$Departure Location: Hyperspace
$Departure Cue: ( false ) 
$Determination: 10
+Flags: ( "cargo-known" )
+Respawn priority: 0
+Group: 0
+Score: 20

$Name: Hrid 1		;! Object #44
$Display Name: XSTR("Hrid 1", 10527)
$Class: GTF Hercules
$Team: Hostile
$Location: 1.433746, 743.350037, 5374.153320
$Orientation:
	0.999759, 0.000000, -0.021975,
	0.021049, 0.287251, 0.957624,
	0.006312, -0.957855, 0.287182
$IFF: IFF 1
$AI Behavior: None
$Cargo 1:  XSTR("Nothing", 611)
+Initial Velocity: 33
+Initial Hull: 100
+Subsystem: Pilot
+Primary Banks: ( "Prometheus" "Avenger" )
$Arrival Location: Hyperspace
$Arrival Cue: ( false ) 
$Departure Location: Hyperspace
$Departure Cue: ( false ) 
$Determination: 10
+Flags: ( "cargo-known" )
+Respawn priority: 0
+Group: 0
+Score: 12

$Name: Hrid 2		;! Object #45
$Display Name: XSTR("Hrid 2", 10528)
$Class: GTF Hercules
$Team: Hostile
$Location: -529.543274, 528.403687, 6111.090332
$Orientation:
	-0.692270, 0.000000, -0.721638,
	0.418388, 0.814776, -0.401361,
	0.587974, -0.579776, -0.564045
$IFF: IFF 1
$AI Behavior: None
$Cargo 1:  XSTR("Nothing", 611)
+Initial Velocity: 33
+Initial Hull: 100
+Subsystem: Pilot
+Primary Banks: ( "Prometheus" "Avenger" )
$Arrival Location: Hyperspace
$Arrival Cue: ( false ) 
$Departure Location: Hyperspace
$Departure Cue: ( false ) 
$Determination: 10
