#Mission Info

$Version: 0.10
$Name:  XSTR("Secrets Reborn", 3515)
$Author: Reborn by Peter OIiver
$Created: 07/21/98 at 16:53:36
$Modified: 02/11/06 at 02:47:51
$Notes:
This is a FRED created mission.
$End Notes:

$Mission Desc:
 XSTR("The GTI headquarters has been located and you must destroy all GTI opposition.", 3516)
$end_multi_text

+Game Type Flags: 1

+Flags: 0

+Red Alert: 0

+Scramble: 0

+Disallow Support: 0

+Player Entry Delay:
1.000000

+Viewer pos: -11450.350586, 5681.986816, 10829.281250
+Viewer orient:
	-0.069955, 0.000001, -0.997550,
	0.427409, 0.903561, -0.029972,
	0.901348, -0.428459, -0.063209

#Plot Info

$Tour:  XSTR("Blah", 601)
$Pre-Briefing Cutscene: Blah
$Pre-Mission Cutscene: Blah
$Next Mission Success: Blah
$Next Mission Partial: Blah
$Next Mission Failure: Blah

#Sexp_variables

$Variables:
(
		0		"autoGenVar1"		"#Command"		"string"
)

#Command Briefing

#Briefing
$start_briefing
$num_stages: 4
$start_stage
$multi_text
 XSTR("With the data collected from the $h Repulse, we have traced the rebel $h R&D faction to their base of operations, the $h Jotunheim installation in $b Beta $b Aquilae.  This installation is a secret facility for xenobiological research and engineering.  We believe R&D has been studying Shivan physiology, psychology, and technology here since first contact.", 4987)
$end_multi_text
$voice: None
$camera_pos: 268.275543, 2697.057129, 1314.779175
$camera_orient:
	0.999661, 0.000001, 0.026030,
	-0.012748, 0.871889, 0.489537,
	-0.022695, -0.489703, 0.871594
$camera_time: 500
$num_lines: 0
$num_icons: 1
$Flags: 0
$Formula: ( true ) 
$start_icon
$type: 15
$team: Hostile
$class: GTI Arcadia
$pos: 155.339340, 260.186157, 5652.022949
$label: XSTR("Jotunheim", 4988)
+id: 1
$hlight: 1
$multi_text
$end_multi_text
$end_icon
$end_stage
$start_stage
$multi_text
 XSTR("Three fighter wings and the $f GTC $f Gladiator will launch an immediate assault against the R&D stronghold.  We have contacted the Vasudan government and have their full cooperation.  They will deploy reinforcements when available. ", 4989)
$end_multi_text
$voice: None
$camera_pos: 263.372467, 2743.915039, 1503.102539
$camera_orient:
	0.999661, 0.000001, 0.026031,
	-0.015161, 0.812900, 0.582206,
	-0.021160, -0.582403, 0.812625
$camera_time: 500
$num_lines: 0
$num_icons: 5
$Flags: 0
$Formula: ( true ) 
$start_icon
$type: 15
$team: Hostile
$class: GTI Arcadia
$pos: 155.339340, 260.186157, 5652.022949
$label: XSTR("Jotunheim", 4988)
+id: 1
$hlight: 0
$multi_text
$end_multi_text
$end_icon
$start_icon
$type: 1
$team: Friendly
$class: GTF Hercules
$pos: -562.710510, 215.331253, 4258.530273
$label: XSTR("Alpha", 4320)
+id: 2
$hlight: 0
$multi_text
$end_multi_text
$end_icon
$start_icon
$type: 17
$team: Friendly
$class: GTB Ursa
$pos: 52.399994, 215.330780, 4564.899902
$label: XSTR("Beta", 4321)
+id: 3
$hlight: 0
$multi_text
$end_multi_text
$end_icon
$start_icon
$type: 1
$team: Friendly
$class: GTF Ulysses
$pos: 1138.644287, 215.331070, 4312.970703
$label: XSTR("Gamma", 4715)
+id: 4
$hlight: 0
$multi_text
$end_multi_text
$end_icon
$start_icon
$type: 18
$team: Friendly
$class: GTC Fenris
$pos: 547.778442, 460.278839, 4301.416992
$label: XSTR("GTC Gladiator", 4990)
+id: 5
$hlight: 0
$multi_text
$end_multi_text
$end_icon
$end_stage
$start_stage
$multi_text
 XSTR("The GTI has used the Jotunheim for ship and weapons research, so prepare to engage exotic prototypes with unknown capabilities.  Use discretion when choosing your targets.  If you suffer heavy losses, Delta and Epsilon wings will be deployed to assist you.", 4991)
$end_multi_text
$voice: None
$camera_pos: 263.372467, 2743.915039, 1503.102539
$camera_orient:
	0.999661, 0.000001, 0.026031,
	-0.012202, 0.883343, 0.468569,
	-0.022994, -0.468727, 0.883044
$camera_time: 500
$num_lines: 0
$num_icons: 8
$Flags: 0
$Formula: ( true ) 
$start_icon
$type: 15
$team: Hostile
$class: GTI Arcadia
$pos: 245.097733, 260.186005, 5552.625977
$label: XSTR("Jotunheim", 4988)
+id: 1
$hlight: 0
$multi_text
$end_multi_text
$end_icon
$start_icon
$type: 1
$team: Friendly
$class: GTF Hercules
$pos: -562.710510, 215.331253, 4258.530273
$label: XSTR("Alpha", 4320)
+id: 2
$hlight: 0
$multi_text
$end_multi_text
$end_icon
$start_icon
$type: 17
$team: Friendly
$class: GTB Ursa
$pos: 52.399994, 215.330780, 4564.899902
$label: XSTR("Beta", 4321)
+id: 3
$hlight: 0
$multi_text
$end_multi_text
$end_icon
$start_icon
$type: 1
$team: Friendly
$class: GTF Ulysses
$pos: 1138.644287, 215.331070, 4312.970703
$label: XSTR("Gamma", 4715)
+id: 4
$hlight: 0
$multi_text
$end_multi_text
$end_icon
$start_icon
$type: 18
$team: Friendly
$class: GTC Fenris
$pos: 547.778442, 460.278839, 4301.416992
$label: XSTR("GTC Gladiator", 4990)
+id: 5
$hlight: 0
$multi_text
$end_multi_text
$end_icon
$start_icon
$type: 20
$team: Hostile
$class: GTD Hades
$pos: 2365.592773, 260.186035, 7781.734375
+id: 8
$hlight: 0
$multi_text
$end_multi_text
$end_icon
$start_icon
$type: 18
$team: Friendly
$class: PVC Aten
$pos: -2572.023438, 260.186035, 8412.213867
$label: XSTR("Reinforcements", 4678)
+id: 9
$hlight: 0
$multi_text
$end_multi_text
$end_icon
$start_icon
$type: 17
$team: Friendly
$class: GTB Medusa
$pos: -1841.066650, 260.185974, 6345.953613
+id: 10
$hlight: 0
$multi_text
$end_multi_text
$end_icon
$end_stage
$start_stage
$multi_text
 XSTR("GTI's activities, besides being morally reprehensible, threaten to destroy our alliance with the Vasudans and destabilize Terran society at large.  Destroying the Jotunheim will remove R&D's ability to organize their forces and finally bring an end to this rebellion.  You must not fail.

Dismissed.", 4992)
$end_multi_text
$voice: None
$camera_pos: 6247.172363, 2673.824219, 1694.883301
$camera_orient:
	0.544741, 0.000000, 0.838604,
	-0.264423, 0.948988, 0.171764,
	-0.795825, -0.315313, 0.516953
$camera_time: 500
$num_lines: 0
$num_icons: 4
$Flags: 0
$Formula: ( true ) 
$start_icon
$type: 15
$team: Hostile
$class: GTI Arcadia
$pos: 245.097733, 260.186005, 5552.625977
$label: XSTR("Jotunheim", 4988)
+id: 1
$hlight: 0
$multi_text
$end_multi_text
$end_icon
$start_icon
$type: 18
$team: Friendly
$class: GTC Fenris
$pos: 247.798965, 460.278809, 3584.522705
$label: XSTR("GTC Gladiator", 4990)
+id: 5
$hlight: 0
$multi_text
$end_multi_text
$end_icon
$start_icon
$type: 1
$team: Hostile
$class: GTF Hercules
$pos: 482.606659, -223.729248, 3567.565186
+id: 7
$hlight: 0
$multi_text
$end_multi_text
$end_icon
$start_icon
$type: 20
$team: Hostile
$class: GTD Hades
$pos: 368.182434, 260.186035, 9662.339844
+id: 8
$hlight: 0
$multi_text
$end_multi_text
$end_icon
$end_stage
$end_briefing

#Debriefing_info

$Num stages: 4

$Formula: ( is-destroyed-delay 0 "Jotunheim" ) 
$Multi text
    XSTR("Excellent work, pilot.  Jotunheim station has been destroyed, and with it most of the rebels' Shivan experiments.  Your superior flying and leadership skills successfully overcame the enemy's technological advantage.", 4993)
$end_multi_text
$Voice: None
$Recommendation text:
    XSTR("", 606)
$end_multi_text

$Formula: ( and 
   ( is-goal-true-delay 
      "Destroy Jotunheim" 
      0 
   )
   ( is-goal-true-delay 
      "Destroy stuff" 
      0 
   )
)
$Multi text
    XSTR("Your team also destroyed all escaping GTI craft.  Without that research, the rebels will not be able to rebuild their military.  Well done.", 4994)
$end_multi_text
$Voice: None
$Recommendation text:
    XSTR("", 606)
$end_multi_text

$Formula: ( is-destroyed-delay 0 "Jotunheim" ) 
$Multi text
    XSTR("Unfortunately, this war isn't over yet.  The rebel juggernaut you encountered has been identified as a Terran-Shivan hybrid, possessing advanced weapons capable of annihilating one of our warships in a single shot.  We have designated this new class of destroyer 'Hades'.

We don't quite know what we're up against, but Command intends to find out.", 4995)
$end_multi_text
$Voice: None
$Recommendation text:
    XSTR("Yes, there's more!  Keep playing.", 3530)
$end_multi_text

$Formula: ( not 
   ( is-destroyed-delay 0 "Jotunheim" ) 
)
$Multi text
    XSTR("Our forces have been routed by the GTI rebels.  Their advanced technologies have apparently won the battle, and now a destroyer of incredible proportions is headed towards our base.  Your failure today will likely collapse the Terran-Vasudan alliance and put the rebellion in charge.", 4996)
$end_multi_text
$Voice: None
$Recommendation text:
    XSTR("Keep your bombers guarded.  Consider flying an Ursa, Medusa, or Zeus yourself to finish off the installation.", 4997)
$end_multi_text

#Players		;! 1 total

$Starting Shipname: Alpha 1
$Ship Choices: (
	"GTF Ulysses"	4
	"GTF Apollo"	8
	"GTF Valkyrie"	8
	"GTF Hercules"	4
	"GTF Loki"	8
	"GTB Athena"	8
	"GTB Zeus"	8
	"GTB Medusa"	8
	"GTB Ursa"	4
)

+Weaponry Pool: (
	"ML-16 Laser"	16
	"Disruptor"	16
	"Avenger"	32
	"Flail"	12
	"Prometheus"	16
	"Banshee"	12
	"S-Breaker"	8
	"Leech Cannon"	8
	"MX-50"	80
	"Fury"	140
	"Interceptor"	220
	"Hornet"	440
	"Phoenix V"	92
	"D-Missile"	40
	"Synaptic"	84
	"Cluster Bomb"	40
	"Stiletto"	40
	"EM Pulse"	40
	"Tsunami"	40
	"Harbinger"	28
)

#Objects		;! 64 total

$Name: Alpha 1		;! Object #0
$Display Name: XSTR("Alpha 1", 4322)
$Class: GTF Hercules
$Team: Friendly
$Location: 6016.225586, -1.284196, 1092.175171
$Orientation:
	0.497358, 0.000000, 0.867546,
	0.069185, 0.996815, -0.039663,
	-0.864783, 0.079748, 0.495774
$IFF: IFF 1
$AI Behavior: None
$Cargo 1:  XSTR("Nothing", 611)
+Initial Velocity: 50
+Initial Hull: 100
+Subsystem: Pilot
+Primary Banks: ( "Prometheus" "Banshee" )
+Secondary Banks: ( "Interceptor" "Phoenix V" )
$Arrival Location: Hyperspace
$Arrival Cue: ( false ) 
$Departure Location: Hyperspace
$Departure Cue: ( false ) 
$Determination: 10
+Flags: ( "cargo-known" "player-start" )+Respawn priority: 0

+Group: 0
+Score: 12

$Name: Jotunheim		;! Object #1
$Display Name: XSTR("Jotunheim", 4988)
$Class: GTI Arcadia
$Team: Hostile
$Location: 155.339340, 260.186157, 5652.022949
$Orientation:
	0.843568, 0.000000, 0.537022,
	0.000000, 1.000000, 0.000000,
	-0.537022, 0.000000, 0.843568
$IFF: IFF 1
$AI Behavior: None
+AI Class: Major
$Cargo 1:  XSTR("Nothing", 611)
+Initial Velocity: 33
+Initial Hull: 100
+Initial Shields: 100
+Subsystem: Pilot
+Subsystem: turret01
+Primary Banks: ( "Shivan Turret Laser" )
+Subsystem: turret02
+Primary Banks: ( "Shivan Turret Laser" )
+Subsystem: turret03
+Primary Banks: ( "Shivan Turret Laser" )
+Subsystem: turret04
+Primary Banks: ( "Shivan Turret Laser" )
+Subsystem: turret05
+Primary Banks: ( "Shivan Turret Laser" )
+Subsystem: turret06
+Primary Banks: ( "Shivan Turret Laser" )
+Subsystem: turret07
+Primary Banks: ( "Shivan Turret Laser" )
+Subsystem: turret08
+Primary Banks: ( "Shivan Turret Laser" )
+Subsystem: turret09
+Primary Banks: ( "Shivan Turret Laser" )
+Subsystem: turret10
+Primary Banks: ( "Shivan Turret Laser" )
+Subsystem: turret11
+Primary Banks: ( "Shivan Turret Laser" )
+Subsystem: turret12
+Sbank Ammo: ( 0 )
+Subsystem: turret13
+Sbank Ammo: ( 0 )
+Subsystem: turret14
+Sbank Ammo: ( 0 )
+Subsystem: turret15
+Sbank Ammo: ( 0 )
+Subsystem: turret16
+Sbank Ammo: ( 0 )
+Subsystem: turret17
+Subsystem: turret18
+Subsystem: turret19
+Subsystem: turret20
+Subsystem: turret21
+Subsystem: turret22
+Subsystem: turret23
+Subsystem: turret24
$Arrival Location: Hyperspace
$Arrival Cue: ( true ) 
$Departure Location: Hyperspace
$Departure Cue: ( false ) 
$Determination: 10
+Flags: ( "cargo-known" "protect-ship" "no-shields" "escort" )+Respawn priority: 0

+Escort priority: 10
+Orders Accepted: 0		;! note that this is a bitfield!!!
+Group: 0
+Score: 1000

$Name: Alpha 2		;! Object #2
$Display Name: XSTR("Alpha 2", 4323)
$Class: GTF Hercules
$Team: Friendly
$Location: 5807.096680, 79.270027, 863.701050
$Orientation:
	0.577100, 0.000000, 0.816673,
	0.066210, 0.996708, -0.046787,
	-0.813985, 0.081072, 0.575200
$IFF: IFF 1
$AI Behavior: None
+AI Class: Colonel
$AI Goals: ( goals ( ai-chase "Freki" 89 ) ( ai-chase-any 50 ) )
$Cargo 1:  XSTR("Nothing", 611)
+Initial Velocity: 50
+Initial Hull: 100
+Subsystem: Pilot
+Primary Banks: ( "Prometheus" "Banshee" )
+Secondary Banks: ( "Interceptor" "Phoenix V" )
$Arrival Location: Hyperspace
$Arrival Cue: ( false ) 
$Departure Location: Hyperspace
$Departure Cue: ( false ) 
$Determination: 10
+Flags: ( "cargo-known" )+Respawn priority: 0

+Group: 0
+Score: 12
+Persona Index: 0

$Name: Alpha 3		;! Object #3
$Display Name: XSTR("Alpha 3", 4324)
$Class: GTF Hercules
$Team: Friendly
$Location: 6295.919434, 79.269905, 930.987427
$Orientation:
	0.507740, 0.000000, 0.861511,
	0.061496, 0.997449, -0.036243,
	-0.859313, 0.071381, 0.506445
$IFF: IFF 1
$AI Behavior: None
+AI Class: Colonel
$AI Goals: ( goals ( ai-chase "Aesir" 89 ) ( ai-chase-any 50 ) )
$Cargo 1:  XSTR("Nothing", 611)
+Initial Velocity: 50
+Initial Hull: 100
+Subsystem: Pilot
+Primary Banks: ( "Prometheus" "Banshee" )
+Secondary Banks: ( "Interceptor" "Phoenix V" )
$Arrival Location: Hyperspace
$Arrival Cue: ( false ) 
$Departure Location: Hyperspace
$Departure Cue: ( false ) 
$Determination: 10
+Flags: ( "cargo-known" )+Respawn priority: 0

+Group: 0
+Score: 12
+Persona Index: 0

$Name: GTC Gladiator		;! Object #4
$Display Name: XSTR("GTC Gladiator", 4990)
$Class: GTC Fenris
$Team: Friendly
$Location: 4159.140625, 1054.983276, 3064.245850
$Orientation:
	0.567634, 0.000000, 0.823281,
	0.029391, 0.999363, -0.020264,
	-0.822756, 0.035699, 0.567272
$IFF: IFF 1
$AI Behavior: None
$AI Goals: ( goals ( ai-chase "Jotunheim" 50 ) )
$Cargo 1:  XSTR("Nothing", 611)
+Initial Velocity: 33
+Initial Hull: 100
+Initial Shields: 100
+Subsystem: Pilot
+Subsystem: turret01
+Subsystem: turret02
+Subsystem: turret03
+Subsystem: turret04
+Subsystem: turret05
+Subsystem: turret06
+Subsystem: turret07
+Subsystem: turret08
+Subsystem: turret09a-01-main
+Sbank Ammo: ( 0 )
$Arrival Location: Hyperspace
+Arrival Delay: 5
$Arrival Cue: ( true ) 
$Departure Location: Hyperspace
$Departure Cue: ( false ) 
$Determination: 10
+Flags: ( "cargo-known" "no-shields" "escort" )+Respawn priority: 0

+Escort priority: 8
+Orders Accepted: 0		;! note that this is a bitfield!!!
+Group: 0
+Score: 200

$Name: Freki		;! Object #5
$Display Name: XSTR("Freki", 4998)
$Class: GTFr Chronos
$Team: Hostile
$Location: 702.360962, 131.830124, 5840.370117
$Orientation:
	0.573520, -0.002538, -0.819188,
	0.000000, 0.999995, -0.003098,
	0.819192, 0.001777, 0.573517
$IFF: IFF 1
$AI Behavior: None
$AI Goals: ( goals ( ai-waypoints-once "Waypoint path 2" 89 ) ( ai-dock "Cargo 1" "cargo dockpoint" "cargo dockpoint" 80 ) ( ai-waypoints-once "Waypoint path 5" 70 ) )
$Cargo 1:  XSTR("Nothing", 611)
+Initial Velocity: 33
+Initial Hull: 100
+Initial Shields: 100
+Subsystem: Pilot
+Subsystem: turreta
+Primary Banks: ( "ML-16 Laser" )
$Arrival Location: Hyperspace
$Arrival Cue: ( true ) 
$Departure Location: Hyperspace
$Departure Cue: ( are-waypoints-done-delay 
   "Freki" 
   "Waypoint path 5" 
   0 
)
$Determination: 10
+Flags: ( "cargo-known" "no-shields" )+Respawn priority: 0

+Orders Accepted: 257		;! note that this is a bitfield!!!
+Group: 0
+Score: 20

$Name: Aesir		;! Object #6
$Display Name: XSTR("Aesir", 4999)
$Class: GTFr Poseidon
$Team: Hostile
$Location: -397.362244, -215.039536, 4349.509277
$Orientation:
	0.235091, 0.000000, -0.971973,
	0.000399, 1.000000, 0.000096,
	0.971973, -0.000411, 0.235091
$IFF: IFF 1
$AI Behavior: None
$AI Goals: ( goals ( ai-waypoints-once "Waypoint path 3" 89 ) )
$Cargo 1:  XSTR("Nothing", 611)
+Initial Velocity: 33
+Initial Hull: 100
+Initial Shields: 100
+Subsystem: Pilot
+Subsystem: turret01
+Subsystem: turret02
+Primary Banks: ( "Flail" )
+Subsystem: turret03
+Primary Banks: ( "Flail" )
+Subsystem: turret04
$Arrival Location: Hyperspace
$Arrival Cue: ( true ) 
$Departure Location: Hyperspace
$Departure Cue: ( are-waypoints-done-delay 
   "Aesir" 
   "Waypoint path 3" 
   0 
)
$Determination: 10
+Flags: ( "cargo-known" "no-shields" )+Respawn priority: 0

+Orders Accepted: 257		;! note that this is a bitfield!!!
+Group: 0
+Score: 20

$Name: Ymir		;! Object #7
$Display Name: XSTR("Ymir", 5000)
$Class: GTFr Poseidon
$Team: Hostile
$Location: 26.470104, -215.039444, 4088.666504
$Orientation:
	0.304891, 0.000000, -0.952387,
	0.000419, 1.000000, 0.000134,
	0.952387, -0.000439, 0.304891
$IFF: IFF 1
$AI Behavior: None
$AI Goals: ( goals ( ai-waypoints-once "Waypoint path 4" 89 ) )
$Cargo 1:  XSTR("Nothing", 611)
+Initial Velocity: 33
+Initial Hull: 100
+Initial Shields: 100
+Subsystem: Pilot
+Subsystem: turret01
+Subsystem: turret02
+Primary Banks: ( "Flail" )
+Subsystem: turret03
+Primary Banks: ( "Flail" )
+Subsystem: turret04
$Arrival Location: Hyperspace
$Arrival Cue: ( true ) 
$Departure Location: Hyperspace
$Departure Cue: ( are-waypoints-done-delay 
   "Ymir" 
   "Waypoint path 4" 
   0 
)
$Determination: 10
+Flags: ( "cargo-known" "no-shields" )+Respawn priority: 0

+Orders Accepted: 257		;! note that this is a bitfield!!!
+Group: 0
+Score: 20

$Name: Beta 1		;! Object #8
$Display Name: XSTR("Beta 1", 4326)
$Class: GTB Ursa
$Team: Friendly
$Location: 6667.307617, -1.284196, 2187.751953
$Orientation:
	0.125766, 0.000000, 0.992060,
	0.086717, 0.996172, -0.010993,
	-0.988263, 0.087411, 0.125285
$IFF: IFF 1
$AI Behavior: None
+AI Class: Colonel
$Cargo 1:  XSTR("Nothing", 611)
+Initial Velocity: 33
+Initial Hull: 100
+Subsystem: Pilot
+Primary Banks: ( "Prometheus" "Disruptor" )
+Secondary Banks: ( "Hornet" "Synaptic" "Harbinger" )
+Subsystem: b05-turreta
$Arrival Location: Hyperspace
$Arrival Cue: ( false ) 
$Departure Location: Hyperspace
$Departure Cue: ( false ) 
$Determination: 10
+Flags: ( "cargo-known" )+Respawn priority: 0

+Group: 0
+Score: 20
+Persona Index: 2

$Name: Beta 2		;! Object #9
$Display Name: XSTR("Beta 2", 4327)
$Class: GTB Ursa
$Team: Friendly
$Location: 6874.721680, -1.284562, 1942.131104
$Orientation:
	0.192738, 0.000000, 0.981250,
	0.079294, 0.996730, -0.015575,
	-0.978041, 0.080809, 0.192108
$IFF: IFF 1
$AI Behavior: None
+AI Class: Colonel
$Cargo 1:  XSTR("Nothing", 611)
+Initial Velocity: 33
+Initial Hull: 100
+Subsystem: Pilot
+Primary Banks: ( "Prometheus" "Disruptor" )
+Secondary Banks: ( "Hornet" "Synaptic" "Harbinger" )
+Subsystem: b05-turreta
$Arrival Location: Hyperspace
$Arrival Cue: ( false ) 
$Departure Location: Hyperspace
$Departure Cue: ( false ) 
$Determination: 10
+Flags: ( "cargo-known" )+Respawn priority: 0

+Group: 0
+Score: 20
+Persona Index: 2

$Name: Beta 3		;! Object #10
$Display Name: XSTR("Beta 3", 4328)
$Class: GTB Ursa
$Team: Friendly
$Location: 7068.000977, -1.284257, 2519.099609
$Orientation:
	0.012438, 0.000000, 0.999923,
	0.077598, 0.996984, -0.000965,
	-0.996907, 0.077604, 0.012401
$IFF: IFF 1
$AI Behavior: None
+AI Class: Colonel
$Cargo 1:  XSTR("Nothing", 611)
+Initial Velocity: 33
+Initial Hull: 100
+Subsystem: Pilot
+Primary Banks: ( "Prometheus" "Disruptor" )
+Secondary Banks: ( "Hornet" "Synaptic" "Harbinger" )
+Subsystem: b05-turreta
$Arrival Location: Hyperspace
$Arrival Cue: ( false ) 
$Departure Location: Hyperspace
$Departure Cue: ( false ) 
$Determination: 10
+Flags: ( "cargo-known" )+Respawn priority: 0

+Group: 0
+Score: 20
+Persona Index: 2

$Name: Unknown		;! Object #11
$Display Name: XSTR("Unknown", 4528)
$Class: GTD Hades
$Team: Hostile
$Location: -650.986511, 1741.938477, 11408.910156
$Orientation:
	-0.994626, 0.000000, -0.103529,
	-0.010083, 0.995246, 0.096865,
	0.103037, 0.097389, -0.989898
$IFF: IFF 1
$AI Behavior: None
+AI Class: General
$AI Goals: ( goals ( ai-waypoints-once "Waypoint path U1" 89 ) )
$Cargo 1:  XSTR("Scanned", 3649)
+Initial Hull: 100
+Initial Shields: 100
+Subsystem: Pilot
+Subsystem: turret01a
+Subsystem: turret02a
+Subsystem: turret03a
+Subsystem: turret04a
+Subsystem: turret05a
+Subsystem: turret06a
+Subsystem: turret07a
+Subsystem: turret08
+Subsystem: turret09
+Subsystem: turret10
+Subsystem: turret11
+Subsystem: turret12
+Subsystem: turret13
+Subsystem: turret14
+Subsystem: turret15
+Subsystem: turret16
+Subsystem: turret17
+Subsystem: turret18
+Subsystem: turret19
+Subsystem: turret20
+Subsystem: turret21
+Subsystem: turret22
$Arrival Location: Hyperspace
$Arrival Cue: ( < ( hits-left "Jotunheim" ) 40 ) 
$Departure Location: Hyperspace
+Departure delay: 28
$Departure Cue: ( is-event-true-delay 
   "Hades depart cue" 
   0 
)
$Determination: 10
+Flags: ( "no-shields" "escort" "scannable" )+Respawn priority: 0

+Escort priority: 20
+Orders Accepted: 0		;! note that this is a bitfield!!!
+Group: 0
+Score: 5000

$Name: PVC Shaduf		;! Object #12
$Display Name: XSTR("PVC Shaduf", 4951)
$Class: PVC Aten
$Team: Friendly
$Location: -4192.899902, 549.099976, 7572.899902
$Orientation:
	-0.404087, 0.000000, -0.914721,
	0.000000, 1.000000, 0.000000,
	0.914721, 0.000000, -0.404087
$IFF: IFF 1
$AI Behavior: None
$AI Goals: ( goals ( ai-chase "Unknown" 89 ) ( ai-chase "Jotunheim" 50 ) )
$Cargo 1:  XSTR("Nothing", 611)
+Initial Hull: 100
+Initial Shields: 100
+Subsystem: Pilot
+Subsystem: turret01a
+Subsystem: turret02a
+Subsystem: turret03
+Subsystem: turret04
+Subsystem: turret05
+Subsystem: turret06
$Arrival Location: Hyperspace
$Arrival Cue: ( has-arrived-delay 60 "Unknown" ) 
$Departure Location: Hyperspace
$Departure Cue: ( destroyed-or-departed-delay 
   60 
   "Jotunheim" 
   "Unknown" 
)
$Determination: 10
+Flags: ( "cargo-known" "no-shields" "escort" )+Respawn priority: 0

+Escort priority: 0
+Orders Accepted: 1		;! note that this is a bitfield!!!
+Group: 0
+Score: 100

$Name: Kappa 1		;! Object #13
$Display Name: XSTR("Kappa 1", 4435)
$Class: PVF Thoth
$Team: Friendly
$Location: -4517.857422, 549.100098, 7264.219727
$Orientation:
	-0.332766, 0.000000, -0.943009,
	0.000000, 1.000000, 0.000000,
	0.943009, 0.000000, -0.332766
$IFF: IFF 1
$AI Behavior: None
$Cargo 1:  XSTR("Nothing", 611)
+Initial Hull: 100
+Subsystem: Pilot
$Arrival Location: Hyperspace
$Arrival Cue: ( false ) 
$Departure Location: Hyperspace
$Departure Cue: ( false ) 
$Determination: 10
+Flags: ( "cargo-known" )+Respawn priority: 0

+Group: 0
+Score: 10

$Name: Kappa 2		;! Object #14
$Display Name: XSTR("Kappa 2", 4436)
$Class: PVF Thoth
$Team: Friendly
$Location: -4354.765137, 549.099854, 7419.808594
$Orientation:
	-0.342710, 0.000000, -0.939441,
	0.000000, 1.000000, 0.000000,
	0.939441, 0.000000, -0.342710
$IFF: IFF 1
$AI Behavior: None
$Cargo 1:  XSTR("Nothing", 611)
+Initial Hull: 100
+Subsystem: Pilot
$Arrival Location: Hyperspace
$Arrival Cue: ( false ) 
$Departure Location: Hyperspace
$Departure Cue: ( false ) 
$Determination: 10
+Flags: ( "cargo-known" "invulnerable" )+Respawn priority: 0

+Group: 0
+Score: 10

$Name: Kappa 3		;! Object #15
$Display Name: XSTR("Kappa 3", 4437)
$Class: PVF Thoth
$Team: Friendly
$Location: -4332.937500, 549.100037, 7158.317383
$Orientation:
	-0.357925, 0.000000, -0.933750,
	0.000000, 1.000000, 0.000000,
	0.933750, 0.000000, -0.357925
$IFF: IFF 1
$AI Behavior: None
$Cargo 1:  XSTR("Nothing", 611)
+Initial Hull: 100
+Subsystem: Pilot
$Arrival Location: Hyperspace
$Arrival Cue: ( false ) 
$Departure Location: Hyperspace
$Departure Cue: ( false ) 
$Determination: 10
+Flags: ( "cargo-known" )+Respawn priority: 0

+Group: 0
+Score: 10

$Name: Kappa 4		;! Object #16
$Display Name: XSTR("Kappa 4", 4438)
$Class: PVF Thoth
$Team: Friendly
$Location: -4062.440430, 549.099854, 7249.768066
$Orientation:
	-0.365893, 0.000000, -0.930657,
	0.000000, 1.000000, 0.000000,
	0.930657, 0.000000, -0.365893
$IFF: IFF 1
$AI Behavior: None
$Cargo 1:  XSTR("Nothing", 611)
+Initial Hull: 100
+Subsystem: Pilot
$Arrival Location: Hyperspace
$Arrival Cue: ( false ) 
$Departure Location: Hyperspace
$Departure Cue: ( false ) 
$Determination: 10
+Flags: ( "cargo-known" )+Respawn priority: 0

+Group: 0
+Score: 10

$Name: Zeta 1		;! Object #17
$Display Name: XSTR("Zeta 1", 4335)
$Class: PVB Amun
$Team: Friendly
$Location: -4847.342773, 549.099854, 8500.809570
$Orientation:
	-0.431842, 0.000000, -0.901949,
	0.000000, 1.000000, 0.000000,
	0.901949, 0.000000, -0.431842
$IFF: IFF 1
$AI Behavior: None
$Cargo 1:  XSTR("Nothing", 611)
+Initial Hull: 100
+Subsystem: Pilot
+Primary Banks: ( "Prometheus" "Banshee" )
+Secondary Banks: ( "Hornet" "Synaptic" "Tsunami" )
+Subsystem: turret02
+Subsystem: turret01
$Arrival Location: Hyperspace
$Arrival Cue: ( false ) 
$Departure Location: Hyperspace
$Departure Cue: ( false ) 
$Determination: 10
+Flags: ( "cargo-known" )+Respawn priority: 0

+Group: 0
+Score: 10

$Name: Zeta 2		;! Object #18
$Display Name: XSTR("Zeta 2", 4336)
$Class: PVB Amun
$Team: Friendly
$Location: -4380.578125, 549.099854, 8855.958984
$Orientation:
	-0.470018, 0.000000, -0.882657,
	0.000000, 1.000000, 0.000000,
	0.882657, 0.000000, -0.470018
$IFF: IFF 1
$AI Behavior: None
$Cargo 1:  XSTR("Nothing", 611)
+Initial Hull: 100
+Subsystem: Pilot
+Primary Banks: ( "Prometheus" "Banshee" )
+Secondary Banks: ( "Hornet" "Synaptic" "Tsunami" )
+Subsystem: turret02
+Subsystem: turret01
$Arrival Location: Hyperspace
$Arrival Cue: ( false ) 
$Departure Location: Hyperspace
$Departure Cue: ( false ) 
$Determination: 10
+Flags: ( "cargo-known" )+Respawn priority: 0

+Group: 0
+Score: 10

$Name: Zeta 3		;! Object #19
$Display Name: XSTR("Zeta 3", 4337)
$Class: PVB Amun
$Team: Friendly
$Location: -4289.719727, 549.100037, 7907.241699
$Orientation:
	-0.433600, 0.000000, -0.901106,
	0.000000, 1.000000, 0.000000,
	0.901106, 0.000000, -0.433600
$IFF: IFF 1
$AI Behavior: None
$Cargo 1:  XSTR("Nothing", 611)
+Initial Hull: 100
+Subsystem: Pilot
+Primary Banks: ( "Prometheus" "Banshee" )
+Secondary Banks: ( "Hornet" "Synaptic" "Tsunami" )
+Subsystem: turret02
+Subsystem: turret01
$Arrival Location: Hyperspace
$Arrival Cue: ( false ) 
$Departure Location: Hyperspace
$Departure Cue: ( false ) 
$Determination: 10
+Flags: ( "cargo-known" )+Respawn priority: 0

+Group: 0
+Score: 10

$Name: Alpha 4		;! Object #20
$Display Name: XSTR("Alpha 4", 4325)
$Class: GTF Hercules
$Team: Friendly
$Location: 6108.852051, 79.269905, 740.485596
$Orientation:
	0.507740, 0.000000, 0.861511,
	0.061496, 0.997449, -0.036243,
	-0.859313, 0.071381, 0.506445
$IFF: IFF 1
$AI Behavior: None
+AI Class: Colonel
$AI Goals: ( goals ( ai-chase "Ymir" 89 ) ( ai-chase-any 50 ) )
$Cargo 1:  XSTR("Nothing", 611)
+Initial Velocity: 50
+Initial Hull: 100
+Subsystem: Pilot
+Primary Banks: ( "Prometheus" "Banshee" )
+Secondary Banks: ( "Interceptor" "Phoenix V" )
$Arrival Location: Hyperspace
$Arrival Cue: ( false ) 
$Departure Location: Hyperspace
$Departure Cue: ( false ) 
$Determination: 10
+Flags: ( "cargo-known" )+Respawn priority: 0

+Group: 0
+Score: 12
+Persona Index: 0

$Name: Beta 4		;! Object #21
$Display Name: XSTR("Beta 4", 4329)
$Class: GTB Ursa
$Team: Friendly
$Location: 7117.544434, -1.284562, 2062.781250
$Orientation:
	0.192738, 0.000000, 0.981250,
	0.079294, 0.996730, -0.015575,
	-0.978041, 0.080809, 0.192108
$IFF: IFF 1
$AI Behavior: None
+AI Class: Colonel
$Cargo 1:  XSTR("Nothing", 611)
+Initial Velocity: 33
+Initial Hull: 100
+Subsystem: Pilot
+Primary Banks: ( "Prometheus" "Disruptor" )
+Secondary Banks: ( "Hornet" "Synaptic" "Harbinger" )
+Subsystem: b05-turreta
$Arrival Location: Hyperspace
$Arrival Cue: ( false ) 
$Departure Location: Hyperspace
$Departure Cue: ( false ) 
$Determination: 10
+Flags: ( "cargo-known" )+Respawn priority: 0

+Group: 0
+Score: 20
+Persona Index: 2

$Name: Gamma 1		;! Object #22
$Display Name: XSTR("Gamma 1", 4383)
$Class: GTF Ulysses
$Team: Friendly
$Location: 8011.604980, -1.284440, 2905.646484
$Orientation:
	0.283712, 0.000000, 0.958910,
	0.037102, 0.999251, -0.010977,
	-0.958192, 0.038692, 0.283500
$IFF: IFF 1
$AI Behavior: None
+AI Class: Colonel
$Cargo 1:  XSTR("Nothing", 611)
+Initial Velocity: 33
+Initial Hull: 100
+Subsystem: Pilot
+Primary Banks: ( "Prometheus" "Flail" )
+Secondary Banks: ( "Interceptor" )
$Arrival Location: Hyperspace
$Arrival Cue: ( false ) 
$Departure Location: Hyperspace
$Departure Cue: ( false ) 
$Determination: 10
+Flags: ( "cargo-known" )+Respawn priority: 0

+Group: 0
+Score: 12
+Persona Index: 1

$Name: Gamma 2		;! Object #23
$Display Name: XSTR("Gamma 2", 4384)
$Class: GTF Ulysses
$Team: Friendly
$Location: 8084.069824, -1.284379, 2670.763184
$Orientation:
	0.312201, 0.000000, 0.950016,
	0.036013, 0.999281, -0.011835,
	-0.949333, 0.037908, 0.311976
$IFF: IFF 1
$AI Behavior: None
+AI Class: Colonel
$Cargo 1:  XSTR("Nothing", 611)
+Initial Velocity: 33
+Initial Hull: 100
+Subsystem: Pilot
+Primary Banks: ( "Prometheus" "Flail" )
+Secondary Banks: ( "Interceptor" )
$Arrival Location: Hyperspace
$Arrival Cue: ( false ) 
$Departure Location: Hyperspace
$Departure Cue: ( false ) 
$Determination: 10
+Flags: ( "cargo-known" )+Respawn priority: 0

+Group: 0
+Score: 12
+Persona Index: 1

$Name: Gamma 3		;! Object #24
$Display Name: XSTR("Gamma 3", 4385)
$Class: GTF Ulysses
$Team: Friendly
$Location: 8347.047852, -1.284440, 2883.094238
$Orientation:
	0.273691, 0.000000, 0.961818,
	0.035483, 0.999319, -0.010097,
	-0.961163, 0.036891, 0.273504
$IFF: IFF 1
$AI Behavior: None
+AI Class: Colonel
$Cargo 1:  XSTR("Nothing", 611)
+Initial Velocity: 33
+Initial Hull: 100
+Subsystem: Pilot
+Primary Banks: ( "Prometheus" "Flail" )
+Secondary Banks: ( "Interceptor" )
$Arrival Location: Hyperspace
$Arrival Cue: ( false ) 
$Departure Location: Hyperspace
$Departure Cue: ( false ) 
$Determination: 10
+Flags: ( "cargo-known" )+Respawn priority: 0

+Group: 0
+Score: 12
+Persona Index: 1

$Name: Gamma 4		;! Object #25
$Display Name: XSTR("Gamma 4", 4386)
$Class: GTF Ulysses
$Team: Friendly
$Location: 8348.096680, -1.284318, 2698.976074
$Orientation:
	0.297551, 0.000000, 0.954706,
	0.034955, 0.999330, -0.010894,
	-0.954066, 0.036613, 0.297352
$IFF: IFF 1
$AI Behavior: None
+AI Class: Colonel
$Cargo 1:  XSTR("Nothing", 611)
+Initial Velocity: 33
+Initial Hull: 100
+Subsystem: Pilot
+Primary Banks: ( "Prometheus" "Flail" )
+Secondary Banks: ( "Interceptor" )
$Arrival Location: Hyperspace
$Arrival Cue: ( false ) 
$Departure Location: Hyperspace
$Departure Cue: ( false ) 
$Determination: 10
+Flags: ( "cargo-known" )+Respawn priority: 0

+Group: 0
+Score: 12
+Persona Index: 1

$Name: Asgard		;! Object #26
$Display Name: XSTR("Asgard", 5001)
$Class: GTSC Faustus
$Team: Hostile
$Location: 1113.964966, 460.278717, 5262.364258
$Orientation:
	0.611040, 0.000000, -0.791600,
	0.000000, 1.000000, 0.000000,
	0.791600, 0.000000, 0.611040
$IFF: IFF 1
$AI Behavior: None
$Cargo 1:  XSTR("Nothing", 611)
+Initial Velocity: 33
+Initial Hull: 100
+Initial Shields: 100
+Subsystem: Pilot
+Subsystem: turret01
+Subsystem: turret02
+Subsystem: turret03
+Primary Banks: ( "Terran Turret Weak" )
+Subsystem: turret04
+Primary Banks: ( "Shivan Weak Turret Laser" )
+Subsystem: turret05
+Primary Banks: ( "Shivan Weak Turret Laser" )
+Subsystem: turret06
+Primary Banks: ( "Shivan Weak Turret Laser" )
$Arrival Location: Hyperspace
$Arrival Cue: ( true ) 
$Departure Location: Hyperspace
$Departure Cue: ( false ) 
$Determination: 10
+Flags: ( "cargo-known" "no-shields" )+Respawn priority: 0

+Orders Accepted: 1		;! note that this is a bitfield!!!
+Group: 0
+Score: 50

$Name: Hrid 1		;! Object #27
$Display Name: XSTR("Hrid 1", 4797)
$Class: GTF Loki
$Team: Hostile
$Location: 398.540588, 0.001289, 6579.598145
$Orientation:
	1.000000, 0.000000, 0.000000,
	0.000000, 1.000000, 0.000000,
	0.000000, 0.000000, 1.000000
$IFF: IFF 1
$AI Behavior: None
$Cargo 1:  XSTR("Nothing", 611)
+Initial Velocity: 33
+Initial Hull: 100
+Subsystem: Pilot
+Primary Banks: ( "" "" )
+Secondary Banks: ( "Interceptor#Weak" )
$Arrival Location: Hyperspace
$Arrival Cue: ( false ) 
$Departure Location: Hyperspace
$Departure Cue: ( false ) 
$Determination: 10
+Flags: ( "cargo-known" )+Respawn priority: 0

+Group: 0
+Score: 7

$Name: Hrid 2		;! Object #28
$Display Name: XSTR("Hrid 2", 4798)
$Class: GTF Loki
$Team: Hostile
$Location: 447.047485, 0.001356, 6646.233398
$Orientation:
	1.000000, 0.000000, 0.000000,
	0.000000, 1.000000, 0.000000,
	0.000000, 0.000000, 1.000000
$IFF: IFF 1
$AI Behavior: None
$Cargo 1:  XSTR("Nothing", 611)
+Initial Velocity: 33
+Initial Hull: 100
+Subsystem: Pilot
+Primary Banks: ( "" "" )
+Secondary Banks: ( "Interceptor#Weak" )
$Arrival Location: Hyperspace
$Arrival Cue: ( false ) 
$Departure Location: Hyperspace
$Departure Cue: ( false ) 
$Determination: 10
+Flags: ( "cargo-known" )+Respawn priority: 0

+Group: 0
+Score: 7

$Name: Hrid 3		;! Object #29
$Display Name: XSTR("Hrid 3", 4799)
$Class: GTF Loki
$Team: Hostile
$Location: 317.125122, 0.001362, 6645.606934
$Orientation:
	1.000000, 0.000000, 0.000000,
	0.000000, 1.000000, 0.000000,
	0.000000, 0.000000, 1.000000
$IFF: IFF 1
$AI Behavior: None
$Cargo 1:  XSTR("Nothing", 611)
+Initial Velocity: 33
+Initial Hull: 100
+Subsystem: Pilot
+Primary Banks: ( "" "" )
+Secondary Banks: ( "Interceptor#Weak" )
$Arrival Location: Hyperspace
$Arrival Cue: ( false ) 
$Departure Location: Hyperspace
$Departure Cue: ( false ) 
$Determination: 10
+Flags: ( "cargo-known" )+Respawn priority: 0

+Group: 0
+Score: 7

$Name: Hrid 4		;! Object #30
$Display Name: XSTR("Hrid 4", 4873)
$Class: GTF Loki
$Team: Hostile
$Location: 375.328278, 0.001310, 6695.317871
$Orientation:
	1.000000, 0.000000, 0.000000,
	0.000000, 1.000000, 0.000000,
	0.000000, 0.000000, 1.000000
$IFF: IFF 1
$AI Behavior: None
$Cargo 1:  XSTR("Nothing", 611)
+Initial Velocity: 33
+Initial Hull: 100
+Subsystem: Pilot
+Primary Banks: ( "" "" )
+Secondary Banks: ( "Interceptor#Weak" )
$Arrival Location: Hyperspace
$Arrival Cue: ( false ) 
$Departure Location: Hyperspace
$Departure Cue: ( false ) 
$Determination: 10
+Flags: ( "cargo-known" )+Respawn priority: 0

+Group: 0
+Score: 7

$Name: Bragi 1		;! Object #31
$Display Name: XSTR("Bragi 1", 4860)
$Class: GTF Hercules
$Team: Hostile
$Location: -61.480122, 0.001390, 6472.997070
$Orientation:
	1.000000, 0.000000, 0.000000,
	0.000000, 1.000000, 0.000000,
	0.000000, 0.000000, 1.000000
$IFF: IFF 1
$AI Behavior: None
+AI Class: Major
$Cargo 1:  XSTR("Nothing", 611)
+Initial Velocity: 33
+Initial Hull: 100
+Subsystem: Pilot
+Primary Banks: ( "Shivan Mega Laser" "" )
+Secondary Banks: ( "Hornet" "" )
+Sbank Ammo: ( 13 100 )
$Arrival Location: Hyperspace
$Arrival Cue: ( false ) 
$Departure Location: Hyperspace
$Departure Cue: ( false ) 
$Determination: 10
+Flags: ( "cargo-known" )+Respawn priority: 0

+Group: 0
+Score: 10

$Name: Bragi 2		;! Object #32
$Display Name: XSTR("Bragi 2", 4861)
$Class: GTF Hercules
$Team: Hostile
$Location: -139.380936, 0.001353, 6445.460449
$Orientation:
	1.000000, 0.000000, 0.000000,
	0.000000, 1.000000, 0.000000,
	0.000000, 0.000000, 1.000000
$IFF: IFF 1
$AI Behavior: None
+AI Class: Major
$Cargo 1:  XSTR("Nothing", 611)
+Initial Velocity: 33
+Initial Hull: 100
+Subsystem: Pilot
+Primary Banks: ( "Shivan Mega Laser" "" )
+Secondary Banks: ( "Hornet" "" )
+Sbank Ammo: ( 13 100 )
$Arrival Location: Hyperspace
$Arrival Cue: ( false ) 
$Departure Location: Hyperspace
$Departure Cue: ( false ) 
$Determination: 10
+Flags: ( "cargo-known" )+Respawn priority: 0

+Group: 0
+Score: 10

$Name: Bragi 3		;! Object #33
$Display Name: XSTR("Bragi 3", 4862)
$Class: GTF Hercules
$Team: Hostile
$Location: -147.898544, 0.001331, 6546.574219
$Orientation:
	1.000000, 0.000000, 0.000000,
	0.000000, 1.000000, 0.000000,
	0.000000, 0.000000, 1.000000
$IFF: IFF 1
$AI Behavior: None
+AI Class: Major
$Cargo 1:  XSTR("Nothing", 611)
+Initial Velocity: 33
+Initial Hull: 100
+Subsystem: Pilot
+Primary Banks: ( "Shivan Mega Laser" "" )
+Secondary Banks: ( "Hornet" "" )
+Sbank Ammo: ( 13 100 )
$Arrival Location: Hyperspace
$Arrival Cue: ( false ) 
$Departure Location: Hyperspace
$Departure Cue: ( false ) 
$Determination: 10
+Flags: ( "cargo-known" )+Respawn priority: 0

+Group: 0
+Score: 10

$Name: Bragi 4		;! Object #34
$Display Name: XSTR("Bragi 4", 4863)
$Class: GTF Hercules
$Team: Hostile
$Location: -71.209518, 0.001397, 6569.420898
$Orientation:
	1.000000, 0.000000, 0.000000,
	0.000000, 1.000000, 0.000000,
	0.000000, 0.000000, 1.000000
$IFF: IFF 1
$AI Behavior: None
+AI Class: Major
$Cargo 1:  XSTR("Nothing", 611)
+Initial Velocity: 33
+Initial Hull: 100
+Subsystem: Pilot
+Primary Banks: ( "Shivan Mega Laser" "" )
+Secondary Banks: ( "Hornet" "" )
+Sbank Ammo: ( 13 100 )
$Arrival Location: Hyperspace
$Arrival Cue: ( false ) 
$Departure Location: Hyperspace
$Departure Cue: ( false ) 
$Determination: 10
+Flags: ( "cargo-known" )+Respawn priority: 0

+Group: 0
+Score: 10

$Name: Epsilon 1		;! Object #35
$Display Name: XSTR("Epsilon 1", 4516)
$Class: GTB Medusa
$Team: Friendly
$Location: 7157.287109, 0.000007, 1326.463745
$Orientation:
	1.000000, 0.000000, 0.000000,
	0.000000, 1.000000, 0.000000,
	0.000000, 0.000000, 1.000000
$IFF: IFF 1
$AI Behavior: None
$Cargo 1:  XSTR("Nothing", 611)
+Initial Hull: 100
+Subsystem: Pilot
+Primary Banks: ( "Prometheus" )
+Secondary Banks: ( "Synaptic" "Tsunami" "Tsunami" )
+Subsystem: turret01a
$Arrival Location: Hyperspace
$Arrival Cue: ( false ) 
$Departure Location: Hyperspace
$Departure Cue: ( false ) 
$Determination: 10
+Flags: ( "cargo-known" )+Respawn priority: 0

+Group: 0
+Score: 10
+Persona Index: 3

$Name: Epsilon 2		;! Object #36
$Display Name: XSTR("Epsilon 2", 4517)
$Class: GTB Medusa
$Team: Friendly
$Location: 7145.920898, -0.000020, 1190.994507
$Orientation:
	1.000000, 0.000000, 0.000000,
	0.000000, 1.000000, 0.000000,
	0.000000, 0.000000, 1.000000
$IFF: IFF 1
$AI Behavior: None
$Cargo 1:  XSTR("Nothing", 611)
+Initial Hull: 100
+Subsystem: Pilot
+Primary Banks: ( "Prometheus" )
+Secondary Banks: ( "Synaptic" "Tsunami" "Tsunami" )
+Subsystem: turret01a
$Arrival Location: Hyperspace
$Arrival Cue: ( false ) 
$Departure Location: Hyperspace
$Departure Cue: ( false ) 
$Determination: 10
+Flags: ( "cargo-known" )+Respawn priority: 0

+Group: 0
+Score: 10
+Persona Index: 3

$Name: Epsilon 3		;! Object #37
$Display Name: XSTR("Epsilon 3", 4518)
$Class: GTB Medusa
$Team: Friendly
$Location: 7231.279297, -0.000027, 1251.914185
$Orientation:
	1.000000, 0.000000, 0.000000,
	0.000000, 1.000000, 0.000000,
	0.000000, 0.000000, 1.000000
$IFF: IFF 1
$AI Behavior: None
$Cargo 1:  XSTR("Nothing", 611)
+Initial Hull: 100
+Subsystem: Pilot
+Primary Banks: ( "Prometheus" )
+Secondary Banks: ( "Synaptic" "Tsunami" "Tsunami" )
+Subsystem: turret01a
$Arrival Location: Hyperspace
$Arrival Cue: ( false ) 
$Departure Location: Hyperspace
$Departure Cue: ( false ) 
$Determination: 10
+Flags: ( "cargo-known" )+Respawn priority: 0

+Group: 0
+Score: 10
+Persona Index: 3

$Name: Epsilon 4		;! Object #38
$Display Name: XSTR("Epsilon 4", 4532)
$Class: GTB Medusa
$Team: Friendly
$Location: 7255.224121, -0.000011, 1114.622803
$Orientation:
	1.000000, 0.000000, 0.000000,
	0.000000, 1.000000, 0.000000,
	0.000000, 0.000000, 1.000000
$IFF: IFF 1
$AI Behavior: None
$Cargo 1:  XSTR("Nothing", 611)
+Initial Hull: 100
+Subsystem: Pilot
+Primary Banks: ( "Prometheus" )
+Secondary Banks: ( "Synaptic" "Tsunami" "Tsunami" )
+Subsystem: turret01a
$Arrival Location: Hyperspace
$Arrival Cue: ( false ) 
$Departure Location: Hyperspace
$Departure Cue: ( false ) 
$Determination: 10
+Flags: ( "cargo-known" )+Respawn priority: 0

+Group: 0
+Score: 10
+Persona Index: 3

$Name: Delta 1		;! Object #39
$Display Name: XSTR("Delta 1", 4513)
$Class: GTF Valkyrie
$Team: Friendly
$Location: 7650.514160, -0.000074, 1749.765869
$Orientation:
	1.000000, 0.000000, 0.000000,
	0.000000, 1.000000, 0.000000,
	0.000000, 0.000000, 1.000000
$IFF: IFF 1
$AI Behavior: None
$Cargo 1:  XSTR("Nothing", 611)
+Initial Velocity: 33
+Initial Hull: 100
+Subsystem: Pilot
+Primary Banks: ( "Prometheus" "Banshee" )
$Arrival Location: Hyperspace
$Arrival Cue: ( false ) 
$Departure Location: Hyperspace
$Departure Cue: ( false ) 
$Determination: 10
+Flags: ( "cargo-known" )+Respawn priority: 0

+Group: 0
+Score: 14
+Persona Index: 4

$Name: Delta 2		;! Object #40
$Display Name: XSTR("Delta 2", 4514)
$Class: GTF Valkyrie
$Team: Friendly
$Location: 7632.479980, 0.000081, 1603.004272
$Orientation:
	1.000000, 0.000000, 0.000000,
