#Mission Info

$Version: 0.10
$Name:  XSTR("Age of Aquarius", 7718)
$Author: Darius
$Created: 06/23/14 at 20:12:54
$Modified: 10/23/15 at 23:08:20
$Notes:
This is a FRED2_OPEN created mission.
$End Notes:

$Mission Desc:
 XSTR("Put mission description here
", 6406)
$end_multi_text
+Game Type Flags: 1
+Flags: 265352
+Fog Near Mult: 1.000000

+Fog Far Mult: 1.000000

+Disallow Support: 1
+Hull Repair Ceiling: 0.000000
+Subsystem Repair Ceiling: 100.000000

+Viewer pos: -11950.026367, 29810.998047, -30077.169922
+Viewer orient:
	0.860091, -0.000001, -0.510140,
	0.337640, 0.749630, 0.569257,
	0.382416, -0.661857, 0.644751

$Load Screen 640: bp-00
$Load Screen 1024: 2_LoadingBGM00.png

$Skybox Model: earthskybox.pof

$AI Profile: BP2 R2

#Sexp_variables

$Variables:
(
		0		"CameraTarget"		"Alpha 1"		"string"
)

#Command Briefing

#Briefing
$start_briefing
$num_stages: 0
$end_briefing

#Debriefing_info

$Num stages: 0

#Players		;! 1 total

$Starting Shipname: Alpha 1
$Ship Choices: (
	"GTF Ulysses"	5
)

+Weaponry Pool: (
	"Subach HL-7"	2
	"Prometheus R"	2
	"Harpoon"	32
)

#Objects		;! 33 total

$Name: Alpha 1		;! Object #0
$Display Name: XSTR("Alpha 1", 6407)
$Class: GTF Ulysses
$Team: Friendly
$Location: 0.000000, -447.209625, -0.000000
$Orientation:
	1.000000, 0.000000, -0.000341,
	-0.000000, 1.000000, 0.000000,
	0.000341, 0.000000, 1.000000
$AI Behavior: None
$Cargo 1:  XSTR("Nothing", 13)
+Initial Hull: 100
+Initial Shields: 100
+Subsystem: Pilot
$Arrival Location: Hyperspace
$Arrival Cue: ( false ) 
$Departure Location: Hyperspace
$Departure Cue: ( false ) 
$Determination: 10
+Flags: ( "cargo-known" "no-shields" "player-start" )
+Flags2: ( )
+Respawn priority: 0
+Group: 0
+Use Table Score:
+Score: 8

$Name: Protagonist 1		;! Object #1
$Display Name: XSTR("Protagonist 1", 7719)
$Class: GTF Erinyes
$Team: Friendly
$Location: 5085.296875, 396.199799, -1314.413086
$Orientation:
	-0.869556, 0.000004, 0.493834,
	0.000003, 1.000000, -0.000002,
	-0.493834, -0.000000, -0.869556
$AI Behavior: None
$Cargo 1:  XSTR("Nothing", 13)
+Initial Hull: 100
+Subsystem: Pilot
$Arrival Location: Hyperspace
$Arrival Cue: ( false ) 
$Departure Location: Hyperspace
$Departure Cue: ( false ) 
$Determination: 10
+Flags: ( "cargo-known" )
+Flags2: ( )
+Respawn priority: 0
+Group: 0
+Use Table Score:
+Score: 12

$Name: Protagonist 2		;! Object #2
$Display Name: XSTR("Protagonist 2", 7720)
$Class: GTF Erinyes
$Team: Friendly
$Location: 5075.511719, 390.104431, -1367.043213
$Orientation:
	-0.869448, 0.000004, 0.494025,
	0.000003, 1.000000, -0.000002,
	-0.494025, -0.000000, -0.869448
$AI Behavior: None
$Cargo 1:  XSTR("Nothing", 13)
+Initial Hull: 100
+Subsystem: Pilot
$Arrival Location: Hyperspace
$Arrival Cue: ( false ) 
$Departure Location: Hyperspace
$Departure Cue: ( false ) 
$Determination: 10
+Flags: ( "cargo-known" )
+Flags2: ( )
+Respawn priority: 0
+Group: 0
+Use Table Score:
+Score: 12

$Name: Protagonist 3		;! Object #3
$Display Name: XSTR("Protagonist 3", 7721)
$Class: GTF Erinyes
$Team: Friendly
$Location: 5117.899902, 400.000000, -1341.199951
$Orientation:
	-0.869556, 0.000004, 0.493834,
	0.000003, 1.000000, -0.000002,
	-0.493834, -0.000000, -0.869556
$AI Behavior: None
$Cargo 1:  XSTR("Nothing", 13)
+Initial Hull: 100
+Subsystem: Pilot
$Arrival Location: Hyperspace
$Arrival Cue: ( false ) 
$Departure Location: Hyperspace
$Departure Cue: ( false ) 
$Determination: 10
+Flags: ( "cargo-known" )
+Flags2: ( )
+Respawn priority: 0
+Group: 0
+Use Table Score:
+Score: 12

$Name: Orestes		;! Object #4
$Display Name: XSTR("Orestes", 6458)
$Class: GTD Erebus
$Team: Friendly
$Location: 3073.955566, 787.127930, 3004.218262
$Orientation:
	-0.752962, 0.000000, -0.658064,
	0.000000, 1.000000, 0.000000,
	0.658064, 0.000000, -0.752962
$AI Behavior: None
$AI Goals: ( goals ( ai-play-dead 50 ) )
$Cargo 1:  XSTR("Nothing", 13)
+Initial Hull: 100
+Initial Shields: 100
+Subsystem: Pilot
+Subsystem: turret01
+Primary Banks: ( "" )
+Subsystem: turret02
+Subsystem: turret03
+Primary Banks: ( "" )
+Subsystem: turret04
+Primary Banks: ( "" )
+Subsystem: turret05
+Primary Banks: ( "" )
+Subsystem: turret06
+Primary Banks: ( "" )
+Subsystem: turret07
+Primary Banks: ( "" )
+Subsystem: turret08
+Primary Banks: ( "" )
+Subsystem: turret09
+Primary Banks: ( "" )
+Subsystem: turret10
+Primary Banks: ( "" )
+Subsystem: turret11
+Primary Banks: ( "" )
+Subsystem: turret12
+Primary Banks: ( "" )
+Subsystem: turret13
+Primary Banks: ( "" )
+Subsystem: turret14
+Primary Banks: ( "" )
+Subsystem: turret15
+Primary Banks: ( "" )
+Subsystem: turret16
+Primary Banks: ( "" )
+Subsystem: turret17
+Primary Banks: ( "" )
+Subsystem: turret18
+Primary Banks: ( "" )
+Subsystem: turret19
+Primary Banks: ( "" )
+Subsystem: turret20
+Primary Banks: ( "" )
+Subsystem: turret21
+Primary Banks: ( "" )
+Subsystem: turret22
+Primary Banks: ( "" )
+Subsystem: turret23
+Subsystem: turret24
+Subsystem: turret25
+Subsystem: turret26
+Subsystem: turret27
+Subsystem: turret28
+Subsystem: turret29
+Primary Banks: ( "" )
+Subsystem: turret30
+Primary Banks: ( "" )
+Subsystem: turret31
+Primary Banks: ( "" )
+Subsystem: turret32
+Primary Banks: ( "" )
+Subsystem: turret33
+Primary Banks: ( "" )
+Subsystem: turret34
+Primary Banks: ( "" )
+Subsystem: turret35
+Primary Banks: ( "" )
+Subsystem: turret36
+Primary Banks: ( "" )
+Subsystem: turret37
+Primary Banks: ( "" )
+Subsystem: turret38
+Primary Banks: ( "" )
+Subsystem: turret39
+Primary Banks: ( "" )
+Subsystem: turret40
+Primary Banks: ( "" )
+Subsystem: turret41
+Primary Banks: ( "" )
+Subsystem: turret42
+Primary Banks: ( "" )
+Subsystem: turret43
+Primary Banks: ( "" )
+Subsystem: turret44
+Primary Banks: ( "" )
+Subsystem: turret45
+Primary Banks: ( "" )
+Subsystem: turret46
+Primary Banks: ( "" )
+Subsystem: turret47
+Primary Banks: ( "" )
+Subsystem: turret48
+Primary Banks: ( "" )
+Subsystem: turret49
+Primary Banks: ( "" )
+Subsystem: turret50
+Primary Banks: ( "" )
+Subsystem: turret51
+Primary Banks: ( "" )
+Subsystem: turret52
+Primary Banks: ( "" )
+Subsystem: turret53
+Primary Banks: ( "" )
+Subsystem: turret54
+Primary Banks: ( "" )
+Subsystem: turret55
+Primary Banks: ( "" )
+Subsystem: turret56
+Primary Banks: ( "" )
+Subsystem: turret57
+Primary Banks: ( "" )
+Subsystem: turret58
+Primary Banks: ( "" )
+Subsystem: turret59
+Subsystem: turret60
+Subsystem: turret61
+Subsystem: turret62
+Subsystem: turret63
+Subsystem: turret64
+Subsystem: turret65
+Subsystem: turret66
$Arrival Location: Hyperspace
$Arrival Cue: ( true ) 
$Departure Location: Hyperspace
$Departure Cue: ( false ) 
$Determination: 10
+Flags: ( "cargo-known" "no-shields" "no-arrival-warp" )
+Flags2: ( )
+Respawn priority: 0
+Orders Accepted: 0		;! note that this is a bitfield!!!
+Group: 0
+Use Table Score:
+Score: 1000

$Name: Bei's Shuttle		;! Object #5
$Display Name: XSTR("Bei's Shuttle", 7722)
$Class: GTSh Mercury
$Team: Friendly
$Location: 4873.239258, 70.939850, -1051.123291
$Orientation:
	-0.480638, -0.214430, 0.850298,
	-0.370225, 0.928608, 0.024905,
	-0.794934, -0.302831, -0.525711
$AI Behavior: None
$Cargo 1:  XSTR("Nothing", 13)
+Initial Hull: 100
+Initial Shields: 100
+Subsystem: Pilot
$Arrival Location: Hyperspace
$Arrival Cue: ( is-event-true-delay "slow cam1" 0 ) 
$Departure Location: Hyperspace
$Departure Cue: ( false ) 
$Determination: 10
+Flags: ( "cargo-known" "no-shields" "no-arrival-warp" )
+Flags2: ( )
+Respawn priority: 0
+Orders Accepted: 257		;! note that this is a bitfield!!!
+Group: 0
+Use Table Score:
+Score: 15

$Name: Temeraire		;! Object #6
$Display Name: XSTR("Temeraire", 6459)
$Class: GTD Titan
$Team: Friendly
$Location: 2577.296387, 3900.709717, 8853.769531
$Orientation:
	0.999961, -0.000000, 0.008821,
	0.000000, 1.000000, 0.000000,
	-0.008821, 0.000000, 0.999961
$AI Behavior: None
$Cargo 1:  XSTR("Nothing", 13)
+Initial Hull: 100
+Initial Shields: 100
+Subsystem: Pilot
+Subsystem: turret01
+Primary Banks: ( "" )
+Subsystem: turret02
+Primary Banks: ( "" )
+Subsystem: turret03
+Primary Banks: ( "" )
+Subsystem: turret04
+Primary Banks: ( "" )
+Subsystem: turret05
+Primary Banks: ( "" )
+Subsystem: turret06
+Primary Banks: ( "" )
+Subsystem: turret07
+Primary Banks: ( "" )
+Subsystem: turret08
+Primary Banks: ( "" )
+Subsystem: turret09
+Primary Banks: ( "" )
+Subsystem: turret10
+Primary Banks: ( "" )
+Subsystem: turret11
+Primary Banks: ( "" )
+Subsystem: turret12
+Primary Banks: ( "" )
+Subsystem: turret13
+Primary Banks: ( "" )
+Subsystem: turret14
+Primary Banks: ( "" )
+Subsystem: turret15
+Primary Banks: ( "" )
+Subsystem: turret16
+Primary Banks: ( "" )
+Subsystem: turret17
+Primary Banks: ( "" )
+Subsystem: turret18
+Primary Banks: ( "" )
+Subsystem: turret19
+Primary Banks: ( "" )
+Subsystem: turret20
+Primary Banks: ( "" )
+Subsystem: turret21
+Primary Banks: ( "" )
+Subsystem: turret22
+Primary Banks: ( "" )
+Subsystem: turret23
+Primary Banks: ( "" )
+Subsystem: turret24
+Primary Banks: ( "" )
+Subsystem: turret25
+Primary Banks: ( "" )
+Subsystem: turret26
+Primary Banks: ( "" )
+Subsystem: turret27
+Primary Banks: ( "" )
+Subsystem: turret28
+Primary Banks: ( "" )
+Subsystem: turret29
+Primary Banks: ( "" )
+Subsystem: turret30
+Primary Banks: ( "" )
+Subsystem: turret31
+Primary Banks: ( "" )
+Subsystem: turret32
+Primary Banks: ( "" )
+Subsystem: turret33
+Primary Banks: ( "" )
+Subsystem: turret34
+Subsystem: turret35
$Arrival Location: Hyperspace
$Arrival Cue: ( is-event-true-delay "Cam 4" 0 ) 
$Departure Location: Hyperspace
$Departure Cue: ( false ) 
$Determination: 10
+Flags: ( "cargo-known" "no-shields" "no-arrival-warp" )
+Flags2: ( )
+Respawn priority: 0
+Orders Accepted: 0		;! note that this is a bitfield!!!
+Group: 0
+Use Table Score:
+Score: 40

$Name: Orion Refit 7		;! Object #7
$Display Name: XSTR("Orion Refit 7", 7723)
$Class: Orion Refit
$Team: Friendly
$Location: 2946.398193, 3311.736572, 7570.271973
$Orientation:
	1.000000, 0.000000, 0.000000,
	0.000000, 1.000000, 0.000000,
	0.000000, 0.000000, 1.000000
$AI Behavior: None
$Cargo 1:  XSTR("Nothing", 13)
+Initial Hull: 100
+Initial Shields: 100
+Subsystem: Pilot
+Subsystem: turret01a
+Primary Banks: ( "" )
+Subsystem: turret02a
+Primary Banks: ( "" )
+Subsystem: turret03a
+Primary Banks: ( "" )
+Subsystem: turret04a
+Primary Banks: ( "" )
+Subsystem: turret05a
+Primary Banks: ( "" )
+Subsystem: turret06
+Primary Banks: ( "" )
+Subsystem: turret07
+Primary Banks: ( "" )
+Subsystem: turret08
+Primary Banks: ( "" )
+Subsystem: turret09
+Primary Banks: ( "" )
+Subsystem: turret10
+Primary Banks: ( "" )
+Subsystem: turret11
+Primary Banks: ( "" )
+Subsystem: turret12
+Primary Banks: ( "" )
+Subsystem: turret13
+Primary Banks: ( "" )
+Subsystem: turret14
+Primary Banks: ( "" )
+Subsystem: turret15
+Primary Banks: ( "" )
+Subsystem: turret16
+Primary Banks: ( "" )
$Arrival Location: Hyperspace
$Arrival Cue: ( is-event-true-delay "Cam 4" 0 ) 
$Departure Location: Hyperspace
$Departure Cue: ( false ) 
$Determination: 10
+Flags: ( "cargo-known" "no-shields" "no-arrival-warp" )
+Flags2: ( )
+Respawn priority: 0
+Orders Accepted: 0		;! note that this is a bitfield!!!
+Group: 0
+Use Table Score:
+Score: 1000

$Name: Uglies 1		;! Object #8
$Display Name: XSTR("Uglies 1", 7724)
$Class: GTF Comanche
$Team: Friendly
$Location: 5166.053711, 3565.223145, 7804.409180
$Orientation:
	0.109853, 0.000000, -0.993948,
	-0.000000, 1.000000, 0.000000,
	0.993948, 0.000000, 0.109853
$AI Behavior: None
$Cargo 1:  XSTR("Nothing", 13)
+Initial Hull: 100
+Subsystem: Pilot
$Arrival Location: Hyperspace
$Arrival Cue: ( false ) 
$Departure Location: Hyperspace
$Departure Cue: ( false ) 
$Determination: 10
+Flags: ( "cargo-known" )
+Flags2: ( )
+Respawn priority: 0
+Group: 0
+Use Table Score:
+Score: 7

$Name: Uglies 2		;! Object #9
$Display Name: XSTR("Uglies 2", 7725)
$Class: GTF Seminole
$Team: Friendly
$Location: 5127.917969, 3574.293945, 7833.545410
$Orientation:
	0.316365, 0.000000, -0.948638,
	0.000000, 1.000000, 0.000000,
	0.948638, 0.000000, 0.316365
$AI Behavior: None
$Cargo 1:  XSTR("Nothing", 13)
+Initial Hull: 100
+Subsystem: Pilot
$Arrival Location: Hyperspace
$Arrival Cue: ( false ) 
$Departure Location: Hyperspace
$Departure Cue: ( false ) 
$Determination: 10
+Flags: ( "cargo-known" )
+Flags2: ( )
+Respawn priority: 0
+Group: 0
+Use Table Score:
+Score: 6

$Name: Uglies 3		;! Object #10
$Display Name: XSTR("Uglies 3", 7726)
$Class: GTF Cherokee
$Team: Friendly
$Location: 5159.385742, 3571.791748, 7786.173828
$Orientation:
	-0.037837, 0.000000, -0.999284,
	0.000000, 1.000000, 0.000000,
	0.999284, 0.000000, -0.037837
$AI Behavior: None
$Cargo 1:  XSTR("Nothing", 13)
+Initial Hull: 100
+Subsystem: Pilot
$Arrival Location: Hyperspace
$Arrival Cue: ( false ) 
$Departure Location: Hyperspace
$Departure Cue: ( false ) 
$Determination: 10
+Flags: ( "cargo-known" )
+Flags2: ( )
+Respawn priority: 0
+Group: 0
+Use Table Score:
+Score: 10

$Name: Uglies 4		;! Object #11
$Display Name: XSTR("Uglies 4", 7727)
$Class: GTB Yurok
$Team: Friendly
$Location: 5065.419434, 3567.045410, 7744.850586
$Orientation:
	-0.193226, 0.000000, -0.981154,
	0.000000, 1.000000, 0.000000,
	0.981154, 0.000000, -0.193226
$AI Behavior: None
$Cargo 1:  XSTR("Nothing", 13)
+Initial Hull: 100
+Subsystem: Pilot
+Subsystem: Turret01
$Arrival Location: Hyperspace
$Arrival Cue: ( false ) 
$Departure Location: Hyperspace
$Departure Cue: ( false ) 
$Determination: 10
+Flags: ( "cargo-known" )
+Flags2: ( )
+Respawn priority: 0
+Group: 0
+Use Table Score:
+Score: 10

$Name: Uglies 5		;! Object #12
$Display Name: XSTR("Uglies 5", 7728)
$Class: GTB Navajo
$Team: Friendly
$Location: 5087.376953, 3571.765137, 7864.086426
$Orientation:
	0.625843, 0.000000, -0.779949,
	0.000000, 1.000000, 0.000000,
	0.779949, 0.000000, 0.625843
$AI Behavior: None
$Cargo 1:  XSTR("Nothing", 13)
+Initial Hull: 100
+Subsystem: Pilot
$Arrival Location: Hyperspace
$Arrival Cue: ( false ) 
$Departure Location: Hyperspace
$Departure Cue: ( false ) 
$Determination: 10
+Flags: ( "cargo-known" )
+Flags2: ( )
+Respawn priority: 0
+Group: 0
+Use Table Score:
+Score: 10

$Name: GTT Elysium 13		;! Object #13
$Display Name: XSTR("GTT Elysium 13", 7729)
$Class: GTT Elysium
$Team: Friendly
$Location: 10234.121094, -221.929749, -24325.328125
$Orientation:
	-0.922562, 0.188966, 0.336409,
	0.198604, 0.980062, -0.005868,
	-0.330811, 0.061399, -0.941698
$AI Behavior: None
$Cargo 1:  XSTR("Nothing", 13)
+Initial Hull: 100
+Initial Shields: 100
+Subsystem: Pilot
+Subsystem: turret01
$Arrival Location: Hyperspace
$Arrival Cue: ( true ) 
$Departure Location: Hyperspace
$Departure Cue: ( false ) 
$Determination: 10
+Flags: ( "cargo-known" "no-shields" )
+Flags2: ( )
+Respawn priority: 0
+Orders Accepted: 257		;! note that this is a bitfield!!!
+Group: 0
+Use Table Score:
+Score: 10

$Name: GTT Elysium 14		;! Object #14
$Display Name: XSTR("GTT Elysium 14", 7730)
$Class: GTT Elysium
$Team: Friendly
$Location: 10555.872070, -255.078949, -24454.390625
$Orientation:
	-0.922562, 0.188966, 0.336408,
	0.198604, 0.980062, -0.005868,
	-0.330810, 0.061399, -0.941698
$AI Behavior: None
$Cargo 1:  XSTR("Nothing", 13)
+Initial Hull: 100
+Initial Shields: 100
+Subsystem: Pilot
+Subsystem: turret01
$Arrival Location: Hyperspace
$Arrival Cue: ( true ) 
$Departure Location: Hyperspace
$Departure Cue: ( false ) 
$Determination: 10
+Flags: ( "cargo-known" "no-shields" )
+Flags2: ( )
+Respawn priority: 0
+Orders Accepted: 257		;! note that this is a bitfield!!!
+Group: 0
+Use Table Score:
+Score: 10

$Name: GTF Myrmidon 15		;! Object #15
$Display Name: XSTR("GTF Myrmidon 15", 7731)
$Class: GTF Myrmidon
$Team: Friendly
$Location: 10272.747070, -203.309631, -24499.890625
$Orientation:
	-0.922562, 0.188966, 0.336408,
	0.198604, 0.980062, -0.005868,
	-0.330810, 0.061399, -0.941698
$AI Behavior: None
$AI Goals: ( goals ( ai-play-dead 50 ) )
$Cargo 1:  XSTR("Nothing", 13)
+Initial Hull: 100
+Subsystem: Pilot
$Arrival Location: Hyperspace
$Arrival Cue: ( true ) 
$Departure Location: Hyperspace
$Departure Cue: ( false ) 
$Determination: 10
+Flags: ( "cargo-known" )
+Flags2: ( )
+Respawn priority: 0
+Group: 0
+Use Table Score:
+Score: 10

$Name: GTF Myrmidon 16		;! Object #16
$Display Name: XSTR("GTF Myrmidon 16", 7732)
$Class: GTF Myrmidon
$Team: Friendly
$Location: 10311.903320, -227.821655, -24565.890625
$Orientation:
	-0.922562, 0.188966, 0.336408,
	0.198604, 0.980062, -0.005868,
	-0.330810, 0.061399, -0.941698
$AI Behavior: None
$AI Goals: ( goals ( ai-play-dead 50 ) )
$Cargo 1:  XSTR("Nothing", 13)
+Initial Hull: 100
+Subsystem: Pilot
$Arrival Location: Hyperspace
$Arrival Cue: ( true ) 
$Departure Location: Hyperspace
$Departure Cue: ( false ) 
$Determination: 10
+Flags: ( "cargo-known" )
+Flags2: ( )
+Respawn priority: 0
+Group: 0
+Use Table Score:
+Score: 10

$Name: GTF Myrmidon 17		;! Object #17
$Display Name: XSTR("GTF Myrmidon 17", 7733)
$Class: GTF Myrmidon
$Team: Friendly
$Location: 10373.715820, -256.545166, -24499.515625
$Orientation:
	-0.922562, 0.188966, 0.336408,
	0.198604, 0.980062, -0.005868,
	-0.330810, 0.061399, -0.941698
$AI Behavior: None
$AI Goals: ( goals ( ai-play-dead 50 ) )
$Cargo 1:  XSTR("Nothing", 13)
+Initial Hull: 100
+Subsystem: Pilot
$Arrival Location: Hyperspace
$Arrival Cue: ( true ) 
$Departure Location: Hyperspace
$Departure Cue: ( false ) 
$Determination: 10
+Flags: ( "cargo-known" )
+Flags2: ( )
+Respawn priority: 0
+Group: 0
+Use Table Score:
+Score: 10

$Name: GTF Perseus 18		;! Object #18
$Display Name: XSTR("GTF Perseus 18", 7734)
$Class: GTF Perseus
$Team: Friendly
$Location: 10324.153320, -246.148590, -24633.140625
$Orientation:
	-0.922562, 0.188966, 0.336408,
	0.198604, 0.980062, -0.005868,
	-0.330810, 0.061399, -0.941698
$AI Behavior: None
$AI Goals: ( goals ( ai-play-dead 50 ) )
$Cargo 1:  XSTR("Nothing", 13)
+Initial Hull: 100
+Subsystem: Pilot
$Arrival Location: Hyperspace
$Arrival Cue: ( true ) 
$Departure Location: Hyperspace
$Departure Cue: ( false ) 
$Determination: 10
+Flags: ( "cargo-known" )
+Flags2: ( )
+Respawn priority: 0
+Group: 0
+Use Table Score:
+Score: 14

$Name: GTF Perseus 19		;! Object #19
$Display Name: XSTR("GTF Perseus 19", 7735)
$Class: GTF Perseus
$Team: Friendly
$Location: 10248.558594, -205.406525, -24602.265625
$Orientation:
	-0.922562, 0.188966, 0.336408,
	0.198604, 0.980062, -0.005868,
	-0.330810, 0.061399, -0.941698
$AI Behavior: None
$AI Goals: ( goals ( ai-play-dead 50 ) )
$Cargo 1:  XSTR("Nothing", 13)
+Initial Hull: 100
+Subsystem: Pilot
$Arrival Location: Hyperspace
$Arrival Cue: ( true ) 
$Departure Location: Hyperspace
$Departure Cue: ( false ) 
$Determination: 10
+Flags: ( "cargo-known" )
+Flags2: ( )
+Respawn priority: 0
+Group: 0
+Use Table Score:
+Score: 14

$Name: GTL Anemoi 20		;! Object #20
$Display Name: XSTR("GTL Anemoi 20", 7736)
$Class: GTL Anemoi
$Team: Friendly
$Location: 13259.370117, -1844.553711, -20804.609375
$Orientation:
	-0.927453, 0.167735, 0.334210,
	0.176303, 0.984325, -0.004768,
	-0.329771, 0.054500, -0.942486
$AI Behavior: None
$Cargo 1:  XSTR("Nothing", 13)
+Initial Hull: 100
+Initial Shields: 100
+Subsystem: Pilot
+Subsystem: Turret01
+Primary Banks: ( "" )
+Subsystem: Turret02
+Primary Banks: ( "" )
+Subsystem: Turret03
+Primary Banks: ( "" )
+Subsystem: Turret04
+Primary Banks: ( "" )
+Subsystem: Turret05
+Primary Banks: ( "" )
+Subsystem: Turret06
+Primary Banks: ( "" )
+Subsystem: Turret07
+Primary Banks: ( "" )
+Subsystem: Turret08
+Primary Banks: ( "" )
+Subsystem: Turret09
+Primary Banks: ( "" )
+Subsystem: Turret10
+Primary Banks: ( "" )
+Subsystem: Turret11
+Primary Banks: ( "" )
+Subsystem: Turret12
+Primary Banks: ( "" )
+Subsystem: Turret13
+Primary Banks: ( "" )
+Subsystem: Turret14
+Primary Banks: ( "" )
+Subsystem: Turret15
+Primary Banks: ( "" )
$Arrival Location: Hyperspace
$Arrival Cue: ( true ) 
$Departure Location: Hyperspace
$Departure Cue: ( false ) 
$Determination: 10
+Flags: ( "cargo-known" "no-shields" )
+Flags2: ( )
+Respawn priority: 0
+Orders Accepted: 0		;! note that this is a bitfield!!!
+Group: 0
+Use Table Score:
+Score: 1300

$Name: GTL Anemoi 21		;! Object #21
$Display Name: XSTR("GTL Anemoi 21", 7737)
$Class: GTL Anemoi
$Team: Friendly
$Location: 9897.527344, -1159.548096, -19649.734375
$Orientation:
	-0.927453, 0.167735, 0.334210,
	0.176303, 0.984325, -0.004768,
	-0.329771, 0.054500, -0.942486
$AI Behavior: None
$Cargo 1:  XSTR("Nothing", 13)
+Initial Hull: 100
+Initial Shields: 100
+Subsystem: Pilot
+Subsystem: Turret01
+Primary Banks: ( "" )
+Subsystem: Turret02
+Primary Banks: ( "" )
+Subsystem: Turret03
+Primary Banks: ( "" )
+Subsystem: Turret04
+Primary Banks: ( "" )
+Subsystem: Turret05
+Primary Banks: ( "" )
+Subsystem: Turret06
+Primary Banks: ( "" )
+Subsystem: Turret07
+Primary Banks: ( "" )
+Subsystem: Turret08
+Primary Banks: ( "" )
+Subsystem: Turret09
+Primary Banks: ( "" )
+Subsystem: Turret10
+Primary Banks: ( "" )
+Subsystem: Turret11
+Primary Banks: ( "" )
+Subsystem: Turret12
+Primary Banks: ( "" )
+Subsystem: Turret13
+Primary Banks: ( "" )
+Subsystem: Turret14
+Primary Banks: ( "" )
+Subsystem: Turret15
+Primary Banks: ( "" )
$Arrival Location: Hyperspace
$Arrival Cue: ( true ) 
$Departure Location: Hyperspace
$Departure Cue: ( false ) 
$Determination: 10
+Flags: ( "cargo-known" "no-shields" )
+Flags2: ( )
+Respawn priority: 0
+Orders Accepted: 0		;! note that this is a bitfield!!!
+Group: 0
+Use Table Score:
+Score: 1300

$Name: GTCv Chimera 22		;! Object #22
$Display Name: XSTR("GTCv Chimera 22", 7738)
$Class: GTCv Chimera
$Team: Friendly
$Location: 10580.590820, -1111.135254, -21643.609375
$Orientation:
	-0.924627, 0.167735, 0.341949,
	0.176257, 0.984325, -0.006241,
	-0.337636, 0.054500, -0.939698
$AI Behavior: None
$Cargo 1:  XSTR("Nothing", 13)
+Initial Hull: 100
+Initial Shields: 100
+Subsystem: Pilot
+Subsystem: turret01
+Primary Banks: ( "" )
+Subsystem: turret02
+Primary Banks: ( "" )
+Subsystem: turret03
+Primary Banks: ( "" )
+Subsystem: turret04
+Primary Banks: ( "" )
+Subsystem: turret05
+Primary Banks: ( "" )
+Subsystem: turret06
+Primary Banks: ( "" )
+Subsystem: turret07
+Primary Banks: ( "" )
+Subsystem: turret08
+Primary Banks: ( "" )
+Subsystem: turret09
+Primary Banks: ( "" )
+Subsystem: turret10
+Primary Banks: ( "" )
+Subsystem: turret11
+Primary Banks: ( "" )
+Subsystem: turret12
+Primary Banks: ( "" )
+Subsystem: turret13
+Primary Banks: ( "" )
+Subsystem: turret14
+Primary Banks: ( "" )
+Subsystem: turret15
+Primary Banks: ( "" )
+Subsystem: turret16
+Primary Banks: ( "" )
+Subsystem: turret17
+Primary Banks: ( "" )
+Subsystem: turret18
+Primary Banks: ( "" )
+Subsystem: turret19
+Primary Banks: ( "" )
+Subsystem: turret20
+Primary Banks: ( "" )
+Subsystem: turret21
+Primary Banks: ( "" )
+Subsystem: turret22
+Primary Banks: ( "" )
+Subsystem: turret23
+Primary Banks: ( "" )
+Subsystem: turret24
+Primary Banks: ( "" )
+Subsystem: turret25
+Primary Banks: ( "" )
+Subsystem: turret26
+Primary Banks: ( "" )
+Subsystem: turret27
+Primary Banks: ( "" )
$Arrival Location: Hyperspace
$Arrival Cue: ( true ) 
$Departure Location: Hyperspace
$Departure Cue: ( false ) 
$Determination: 10
+Flags: ( "cargo-known" "no-shields" )
+Flags2: ( )
+Respawn priority: 0
+Orders Accepted: 1		;! note that this is a bitfield!!!
+Group: 0
+Use Table Score:
+Score: 40

$Name: GTCv Chimera 23		;! Object #23
$Display Name: XSTR("GTCv Chimera 23", 7739)
$Class: GTCv Chimera
$Team: Friendly
$Location: 11439.340820, -1288.790039, -22036.109375
$Orientation:
	-0.924627, 0.167735, 0.341949,
	0.176257, 0.984325, -0.006241,
	-0.337636, 0.054500, -0.939698
$AI Behavior: None
$Cargo 1:  XSTR("Nothing", 13)
+Initial Hull: 100
+Initial Shields: 100
+Subsystem: Pilot
+Subsystem: turret01
+Primary Banks: ( "" )
+Subsystem: turret02
+Primary Banks: ( "" )
+Subsystem: turret03
+Primary Banks: ( "" )
+Subsystem: turret04
+Primary Banks: ( "" )
+Subsystem: turret05
+Primary Banks: ( "" )
+Subsystem: turret06
+Primary Banks: ( "" )
+Subsystem: turret07
+Primary Banks: ( "" )
+Subsystem: turret08
+Primary Banks: ( "" )
+Subsystem: turret09
+Primary Banks: ( "" )
+Subsystem: turret10
+Primary Banks: ( "" )
+Subsystem: turret11
+Primary Banks: ( "" )
+Subsystem: turret12
+Primary Banks: ( "" )
+Subsystem: turret13
+Primary Banks: ( "" )
+Subsystem: turret14
+Primary Banks: ( "" )
+Subsystem: turret15
+Primary Banks: ( "" )
+Subsystem: turret16
+Primary Banks: ( "" )
+Subsystem: turret17
+Primary Banks: ( "" )
+Subsystem: turret18
+Primary Banks: ( "" )
+Subsystem: turret19
+Primary Banks: ( "" )
+Subsystem: turret20
+Primary Banks: ( "" )
+Subsystem: turret21
+Primary Banks: ( "" )
+Subsystem: turret22
+Primary Banks: ( "" )
+Subsystem: turret23
+Primary Banks: ( "" )
+Subsystem: turret24
+Primary Banks: ( "" )
+Subsystem: turret25
+Primary Banks: ( "" )
+Subsystem: turret26
+Primary Banks: ( "" )
+Subsystem: turret27
+Primary Banks: ( "" )
$Arrival Location: Hyperspace
$Arrival Cue: ( true ) 
$Departure Location: Hyperspace
$Departure Cue: ( false ) 
$Determination: 10
+Flags: ( "cargo-known" "no-shields" )
+Flags2: ( )
+Respawn priority: 0
+Orders Accepted: 1		;! note that this is a bitfield!!!
+Group: 0
+Use Table Score:
+Score: 40

$Name: GTCv Chimera 24		;! Object #24
$Display Name: XSTR("GTCv Chimera 24", 7740)
$Class: GTCv Bellerophon
$Team: Friendly
$Location: 11239.309570, -231.433899, -21806.859375
$Orientation:
	-0.924627, 0.167735, 0.341949,
	0.176257, 0.984325, -0.006241,
	-0.337636, 0.054500, -0.939698
$AI Behavior: None
$Cargo 1:  XSTR("Nothing", 13)
+Initial Hull: 100
+Initial Shields: 100
+Subsystem: Pilot
+Subsystem: turret01
+Primary Banks: ( "" )
+Subsystem: turret02
+Primary Banks: ( "" )
+Subsystem: turret03
+Primary Banks: ( "" )
+Subsystem: turret04
+Primary Banks: ( "" )
+Subsystem: turret05
+Primary Banks: ( "" )
+Subsystem: turret06
+Primary Banks: ( "" )
+Subsystem: turret07
+Primary Banks: ( "" )
+Subsystem: turret08
+Primary Banks: ( "" )
+Subsystem: turret09
+Primary Banks: ( "" )
+Subsystem: turret10
+Primary Banks: ( "" )
+Subsystem: turret11
+Primary Banks: ( "" )
+Subsystem: turret12
+Primary Banks: ( "" )
+Subsystem: turret13
+Primary Banks: ( "" )
+Subsystem: turret14
+Primary Banks: ( "" )
+Subsystem: turret15
+Primary Banks: ( "" )
+Subsystem: turret16
+Primary Banks: ( "" )
+Subsystem: turret17
+Primary Banks: ( "" )
+Subsystem: turret18
+Primary Banks: ( "" )
+Subsystem: turret19
+Primary Banks: ( "" )
+Subsystem: turret20
+Primary Banks: ( "" )
+Subsystem: turret21
+Primary Banks: ( "" )
+Subsystem: turret22
+Primary Banks: ( "" )
+Subsystem: turret23
+Primary Banks: ( "" )
+Subsystem: turret24
+Primary Banks: ( "" )
$Arrival Location: Hyperspace
$Arrival Cue: ( true ) 
$Departure Location: Hyperspace
$Departure Cue: ( false ) 
$Determination: 10
+Flags: ( "cargo-known" "no-shields" )
+Flags2: ( )
+Respawn priority: 0
+Orders Accepted: 1		;! note that this is a bitfield!!!
+Group: 0
+Use Table Score:
+Score: 40

$Name: GTC Hyperion 26		;! Object #26
$Display Name: XSTR("GTC Hyperion 26", 7741)
$Class: GTC Hyperion
$Team: Friendly
$Location: 12496.528320, -174.003326, -20521.734375
$Orientation:
	-0.931605, 0.167738, 0.322455,
	0.176351, 0.984324, -0.002538,
	-0.317826, 0.054501, -0.946582
$AI Behavior: None
$Cargo 1:  XSTR("Nothing", 13)
+Initial Hull: 100
+Initial Shields: 100
+Subsystem: Pilot
+Subsystem: turret01
+Primary Banks: ( "" )
+Subsystem: turret02
+Primary Banks: ( "" )
+Subsystem: turret03
+Primary Banks: ( "" )
+Subsystem: turret04
+Primary Banks: ( "" )
+Subsystem: turret05
+Primary Banks: ( "" )
+Subsystem: turret06
+Primary Banks: ( "" )
+Subsystem: turret07
+Primary Banks: ( "" )
+Subsystem: turret08
+Primary Banks: ( "" )
+Subsystem: turret09
+Primary Banks: ( "" )
+Subsystem: turret10
+Primary Banks: ( "" )
+Subsystem: turret11
+Primary Banks: ( "" )
+Subsystem: turret12
+Primary Banks: ( "" )
+Subsystem: turret13
+Primary Banks: ( "" )
+Subsystem: turret14
+Subsystem: turret15
$Arrival Location: Hyperspace
$Arrival Cue: ( true ) 
$Departure Location: Hyperspace
$Departure Cue: ( false ) 
$Determination: 10
+Flags: ( "cargo-known" "no-shields" )
+Flags2: ( )
+Respawn priority: 0
+Orders Accepted: 1		;! note that this is a bitfield!!!
+Group: 0
+Use Table Score:
+Score: 500

$Name: GTC Hyperion 27		;! Object #27
$Display Name: XSTR("GTC Hyperion 27", 7742)
$Class: GTC Hyperion
$Team: Friendly
$Location: 10289.997070, -348.170044, -21533.109375
$Orientation:
	-0.931605, 0.167738, 0.322455,
	0.176351, 0.984324, -0.002538,
	-0.317826, 0.054501, -0.946582
$AI Behavior: None
$Cargo 1:  XSTR("Nothing", 13)
+Initial Hull: 100
+Initial Shields: 100
+Subsystem: Pilot
+Subsystem: turret01
+Primary Banks: ( "" )
+Subsystem: turret02
+Primary Banks: ( "" )
+Subsystem: turret03
+Primary Banks: ( "" )
+Subsystem: turret04
+Primary Banks: ( "" )
+Subsystem: turret05
+Primary Banks: ( "" )
+Subsystem: turret06
+Primary Banks: ( "" )
+Subsystem: turret07
+Primary Banks: ( "" )
+Subsystem: turret08
+Primary Banks: ( "" )
+Subsystem: turret09
+Primary Banks: ( "" )
+Subsystem: turret10
+Primary Banks: ( "" )
+Subsystem: turret11
+Primary Banks: ( "" )
+Subsystem: turret12
+Primary Banks: ( "" )
+Subsystem: turret13
+Primary Banks: ( "" )
+Subsystem: turret14
+Subsystem: turret15
$Arrival Location: Hyperspace
$Arrival Cue: ( true ) 
$Departure Location: Hyperspace
$Departure Cue: ( false ) 
$Determination: 10
+Flags: ( "cargo-known" "no-shields" )
+Flags2: ( )
+Respawn priority: 0
+Orders Accepted: 1		;! note that this is a bitfield!!!
+Group: 0
+Use Table Score:
+Score: 500

$Name: GTC Hyperion 28		;! Object #28
$Display Name: XSTR("GTC Hyperion 28", 7743)
$Class: GTC Hyperion
$Team: Friendly
$Location: 11864.528320, -668.562988, -22058.484375
$Orientation:
	-0.931605, 0.167738, 0.322455,
	0.176351, 0.984324, -0.002538,
	-0.317826, 0.054501, -0.946582
$AI Behavior: None
$Cargo 1:  XSTR("Nothing", 13)
+Initial Hull: 100
+Initial Shields: 100
+Subsystem: Pilot
+Subsystem: turret01
+Primary Banks: ( "" )
+Subsystem: turret02
+Primary Banks: ( "" )
+Subsystem: turret03
+Primary Banks: ( "" )
+Subsystem: turret04
+Primary Banks: ( "" )
+Subsystem: turret05
+Primary Banks: ( "" )
+Subsystem: turret06
+Primary Banks: ( "" )
+Subsystem: turret07
+Primary Banks: ( "" )
+Subsystem: turret08
+Primary Banks: ( "" )
+Subsystem: turret09
+Primary Banks: ( "" )
+Subsystem: turret10
+Primary Banks: ( "" )
+Subsystem: turret11
+Primary Banks: ( "" )
+Subsystem: turret12
+Primary Banks: ( "" )
+Subsystem: turret13
+Primary Banks: ( "" )
+Subsystem: turret14
+Subsystem: turret15
$Arrival Location: Hyperspace
$Arrival Cue: ( true ) 
$Departure Location: Hyperspace
$Departure Cue: ( false ) 
$Determination: 10
+Flags: ( "cargo-known" "no-shields" )
+Flags2: ( )
+Respawn priority: 0
+Orders Accepted: 1		;! note that this is a bitfield!!!
+Group: 0
+Use Table Score:
+Score: 500

$Name: GTI Arcadia 29		;! Object #29
$Display Name: XSTR("GTI Arcadia 29", 7744)
$Class: GTI Arcadia
$Team: Friendly
$Location: 12388.434570, 1227.244385, -19102.109375
$Orientation:
	-0.931145, 0.167736, 0.323779,
	0.176346, 0.984324, -0.002788,
	-0.319171, 0.054501, -0.946129
$AI Behavior: None
$Cargo 1:  XSTR("Nothing", 13)
+Initial Velocity: 33
+Initial Hull: 100
+Initial Shields: 100
+Subsystem: Pilot
+Subsystem: turret01
+Primary Banks: ( "" )
+Subsystem: turret02
+Primary Banks: ( "" )
+Subsystem: turret03
+Primary Banks: ( "" )
+Subsystem: turret04
+Primary Banks: ( "" )
+Subsystem: turret05
+Primary Banks: ( "" )
+Subsystem: turret06
+Primary Banks: ( "" )
+Subsystem: turret07
+Primary Banks: ( "" )
+Subsystem: turret08
+Primary Banks: ( "" )
+Subsystem: turret09
+Primary Banks: ( "" )
+Subsystem: turret10
+Primary Banks: ( "" )
+Subsystem: turret11
+Primary Banks: ( "" )
+Subsystem: turret12
+Subsystem: turret13
+Subsystem: turret14
+Subsystem: turret15
+Subsystem: turret16
+Subsystem: turret17
+Primary Banks: ( "" )
+Subsystem: turret18
+Primary Banks: ( "" )
+Subsystem: turret19
+Primary Banks: ( "" )
+Subsystem: turret20
+Primary Banks: ( "" )
+Subsystem: turret21
+Primary Banks: ( "" )
+Subsystem: turret22
+Primary Banks: ( "" )
+Subsystem: turret23
+Primary Banks: ( "" )
+Subsystem: turret24
+Primary Banks: ( "" )
$Arrival Location: Hyperspace
$Arrival Cue: ( true ) 
$Departure Location: Hyperspace
$Departure Cue: ( false ) 
$Determination: 10
+Flags: ( "cargo-known" "no-shields" )
+Flags2: ( )
+Respawn priority: 0
+Orders Accepted: 0		;! note that this is a bitfield!!!
+Group: 0
+Use Table Score:
+Score: 800

$Name: Preserver		;! Object #30
$Display Name: XSTR("Preserver", 7504)
$Class: Vishnan Preserver
$Team: Friendly
$Location: 10231.652344, -7218.164063, -18074.875000
$Orientation:
	-0.931146, 0.167736, 0.323777,
	0.176346, 0.984324, -0.002788,
	-0.319169, 0.054501, -0.946129
$AI Behavior: None
$Cargo 1:  XSTR("Nothing", 13)
+Initial Hull: 100
+Initial Shields: 100
+Subsystem: Pilot
+Subsystem: mainturret01
+Primary Banks: ( "" )
+Subsystem: tTurret01
+Subsystem: tTurret02
+Subsystem: mTurret01
+Subsystem: mTurret02
+Subsystem: mTurret03
+Subsystem: mTurret04
+Subsystem: mTurret05
+Subsystem: mTurret06
+Subsystem: mTurret07
+Subsystem: mTurret08
+Subsystem: gTurret01
+Subsystem: gTurret02
+Subsystem: gTurret03
+Subsystem: gTurret04
+Subsystem: gTurret05
+Subsystem: gTurret06
+Subsystem: gTurret07
+Subsystem: gTurret08
+Primary Banks: ( "" )
+Subsystem: gTurret09
+Primary Banks: ( "" )
+Subsystem: gTurret10
+Primary Banks: ( "" )
+Subsystem: gTurret11
+Subsystem: gTurret12
+Subsystem: gTurret13
+Subsystem: gTurret14
+Subsystem: gTurret15
+Subsystem: gTurret16
+Subsystem: gTurret17
+Subsystem: gTurret18
+Subsystem: gTurret19
+Subsystem: gTurret20
+Subsystem: gTurret21
+Subsystem: gTurret22
+Subsystem: gTurret23
+Subsystem: gTurret24
+Subsystem: gTurret25
+Subsystem: gTurret26
+Subsystem: gTurret27
+Subsystem: gTurret28
+Subsystem: gTurret29
+Primary Banks: ( "" )
+Subsystem: gTurret30
+Primary Banks: ( "" )
+Subsystem: gTurret31
+Primary Banks: ( "" )
+Subsystem: gTurret32
+Primary Banks: ( "" )
+Subsystem: gTurret33
+Primary Banks: ( "" )
+Subsystem: gTurret34
+Primary Banks: ( "" )
+Subsystem: gTurret35
+Primary Banks: ( "" )
+Subsystem: gTurret36
+Primary Banks: ( "" )
+Subsystem: gTurret37
+Primary Banks: ( "" )
+Subsystem: gTurret38
+Primary Banks: ( "" )
+Subsystem: gTurret39
+Primary Banks: ( "" )
+Subsystem: gTurret40
+Primary Banks: ( "" )
+Subsystem: gTurret41
+Primary Banks: ( "" )
+Subsystem: gTurret42
+Primary Banks: ( "" )
+Subsystem: gTurret43
+Primary Banks: ( "" )
+Subsystem: gTurret44
+Primary Banks: ( "" )
+Subsystem: gTurret45
+Primary Banks: ( "" )
+Subsystem: gTurret46
+Primary Banks: ( "" )
+Subsystem: gTurret47
+Primary Banks: ( "" )
+Subsystem: gTurret48
+Primary Banks: ( "" )
+Subsystem: gTurret49
+Primary Banks: ( "" )
+Subsystem: gTurret50
+Primary Banks: ( "" )
+Subsystem: gTurret51
+Primary Banks: ( "" )
+Subsystem: gTurret52
+Primary Banks: ( "" )
+Subsystem: gTurret53
+Primary Banks: ( "" )
+Subsystem: gTurret54
+Primary Banks: ( "" )
+Subsystem: gTurret55
+Primary Banks: ( "" )
+Subsystem: gTurret56
+Primary Banks: ( "" )
+Subsystem: gTurret57
+Primary Banks: ( "" )
+Subsystem: gTurret58
+Primary Banks: ( "" )
+Subsystem: gTurret59
+Primary Banks: ( "" )
+Subsystem: gTurret60
+Primary Banks: ( "" )
+Subsystem: gTurret61
+Primary Banks: ( "" )
+Subsystem: gTurret62
+Primary Banks: ( "" )
+Subsystem: gTurret63
+Primary Banks: ( "" )
+Subsystem: gTurret64
+Primary Banks: ( "" )
+Subsystem: gTurret65
+Primary Banks: ( "" )
+Subsystem: gTurret66
+Primary Banks: ( "" )
+Subsystem: gTurret67
+Primary Banks: ( "" )
+Subsystem: gTurret68
+Primary Banks: ( "" )
$Arrival Location: Hyperspace
$Arrival Cue: ( is-event-true-delay "slow cam5" 0 ) 
$Departure Location: Hyperspace
$Departure Cue: ( false ) 
$Determination: 10
+Flags: ( "cargo-known" "no-shields" "no-arrival-warp" )
+Flags2: ( )
+Respawn priority: 0
+Group: 0
+Score: 800

$Name: Vishnan Preserver 31		;! Object #31
$Display Name: XSTR("Vishnan Preserver 31", 7745)
$Class: SJ Kalki
$Team: Friendly
$Location: 14787.401367, -4296.229492, -23497.421875
$Orientation:
	0.051576, -0.600563, 0.797913,
	0.254427, 0.780514, 0.571021,
	-0.965716, 0.173560, 0.193055
$AI Behavior: None
$Cargo 1:  XSTR("Nothing", 13)
+Initial Hull: 100
+Initial Shields: 100
+Subsystem: Pilot
+Subsystem: turret01
+Subsystem: turret02
+Subsystem: turret03
+Subsystem: turret04
+Subsystem: turret05
+Subsystem: turret06
+Subsystem: turret07
+Subsystem: turret08
+Subsystem: turret09
+Subsystem: turret10
+Subsystem: turret11
+Subsystem: turret12
+Subsystem: turret13
+Subsystem: turret14
+Subsystem: turret15
+Subsystem: turret16
+Subsystem: turret17
+Subsystem: turret18
+Subsystem: turret19
+Subsystem: turret20
+Subsystem: turret21
+Subsystem: turret22
+Subsystem: turret23
+Subsystem: turret24
+Subsystem: turret25
+Subsystem: turret26
+Subsystem: turret27
+Subsystem: turret28
+Subsystem: turret29
+Subsystem: turret30
+Subsystem: turret31
+Subsystem: turret32
+Subsystem: turret33
+Subsystem: turret34
+Subsystem: turret35
+Subsystem: turret36
+Subsystem: turret37
+Subsystem: turret38
+Subsystem: turret39
+Subsystem: turret40
+Subsystem: turret41
+Subsystem: turret42
+Subsystem: turret43
+Subsystem: turret44
+Subsystem: turret45
+Subsystem: turret46
+Subsystem: turret47
+Subsystem: turret48
+Subsystem: turret49
+Subsystem: turret50
+Subsystem: turret51
+Subsystem: turret52
+Subsystem: turret53
+Subsystem: turret54
+Subsystem: turret55
+Subsystem: turret56
+Subsystem: turret57
+Subsystem: turret58
+Subsystem: turret59
+Subsystem: turret60
+Subsystem: turret61
+Subsystem: turret62
+Subsystem: turret63
$Arrival Location: Hyperspace
$Arrival Cue: ( is-event-true-delay "slow cam5" 0 ) 
$Departure Location: Hyperspace
$Departure Cue: ( false ) 
$Determination: 10
+Flags: ( "cargo-known" "no-shields" "no-arrival-warp" )
+Flags2: ( )
+Respawn priority: 0
+Group: 0
+Score: 8

$Name: Karuna		;! Object #32
$Display Name: XSTR("Karuna", 7746)
$Class: UEFg Karuna
$Team: Friendly
$Team Color Setting: 3rdFleet
$Location: 11062.309570, -2339.242188, -21935.437500
$Orientation:
	-0.927452, 0.167737, 0.334210,
	0.174861, 0.984553, -0.008890,
	-0.330539, 0.050195, -0.942457
$AI Behavior: None
$Cargo 1:  XSTR("Nothing", 13)
+Initial Hull: 100
+Initial Shields: 100
+Subsystem: Pilot
+Subsystem: turret01
+Primary Banks: ( "" )
+Subsystem: turret02
+Primary Banks: ( "" )
+Subsystem: turret03
+Primary Banks: ( "" )
+Subsystem: turret04
+Primary Banks: ( "" )
+Subsystem: turret05
+Primary Banks: ( "" )
+Subsystem: turret28
+Primary Banks: ( "" )
+Subsystem: turret29
+Primary Banks: ( "" )
+Subsystem: turret30
+Primary Banks: ( "" )
+Subsystem: turret31
+Primary Banks: ( "" )
+Subsystem: turret32
+Subsystem: turret35
+Primary Banks: ( "" )
+Subsystem: turret36
+Subsystem: turret37
+Subsystem: turret38
+Primary Banks: ( "" )
+Subsystem: turret39
+Primary Banks: ( "" )
+Subsystem: turret40
+Primary Banks: ( "" )
+Subsystem: turret41
+Primary Banks: ( "" )
+Subsystem: turret42
+Primary Banks: ( "" )
+Subsystem: turret43
+Primary Banks: ( "" )
+Subsystem: turret44
+Primary Banks: ( "" )
+Subsystem: turret45
+Primary Banks: ( "" )
+Subsystem: turret46
+Primary Banks: ( "" )
+Subsystem: turret47
+Primary Banks: ( "" )
+Subsystem: turret48
+Primary Banks: ( "" )
+Subsystem: turret49
+Primary Banks: ( "" )
+Subsystem: turret50
+Primary Banks: ( "" )
+Subsystem: turret51
+Primary Banks: ( "" )
+Subsystem: Turret52
+Primary Banks: ( "" )
+Subsystem: Turret53
+Primary Banks: ( "" )
$Arrival Location: Hyperspace
$Arrival Cue: ( true ) 
$Departure Location: Hyperspace
$Departure Cue: ( false ) 
$Determination: 10
+Flags: ( "cargo-known" "no-shields" )
+Flags2: ( )
+Respawn priority: 0
+Group: 0
+Score: 1300

#Wings		;! 3 total

$Name: Alpha
$Waves: 1
$Wave Threshold: 0
$Special Ship: 0		;! Alpha 1

$Arrival Location: Hyperspace
$Arrival Cue: ( true ) 
$Departure Location: Hyperspace
$Departure Cue: ( false ) 
$Ships: (		;! 1 total
	"Alpha 1"
)
