#Mission Info

$Version: 0.10
$Name:  XSTR("One Perfect Moment", 9770)
$Author: Danial Bell
$Created: 09/29/09 at 09:23:47
$Modified: 10/16/15 at 15:24:20
$Notes:
This is a FRED2_OPEN created mission.
$End Notes:

$Mission Desc:
 XSTR("Laporte and Simms are tapped to escort a VIP to a secret meeting", 9771)
$end_multi_text
+Game Type Flags: 1
+Flags: 133248
+Fog Near Mult: 1.000000

+Fog Far Mult: 1.000000

+Disallow Support: 1
+Hull Repair Ceiling: 0.000000
+Subsystem Repair Ceiling: 100.000000

+Viewer pos: -32872.726563, -3023.148926, -3410.552246
+Viewer orient:
	-0.023351, -0.000001, -0.999727,
	0.226400, 0.974020, -0.005289,
	0.973754, -0.226462, -0.022744


$Skybox Model: lunabox.pof
+Skybox Orientation:
	0.974370, -0.224951, -0.000000,
	0.224951, 0.974370, 0.000000,
	0.000000, -0.000000, 1.000000

$AI Profile: BP

#Sexp_variables

$Variables:
(
		0		"autoGenVar1"		"Spaceport"		"string"
		1		"autoGenVar2"		"Elder's Shuttle"		"string"
		2		"autoGenVar3"		"#Alpha 2"		"string"
		3		"autoGenVar4"		"#Command"		"string"
)

#Fiction Viewer

$File: m12.txt

#Command Briefing

$Stage Text:
 XSTR("$b *** $b  FLEET WIDE $b  COMMUNIQUE $b  ***
General Distribution, Priority Urgent
FROM: Council of Elders
TO: All Serving Military Personnel

This is a priority message.

At 1420 hours yesterday, elements of $f Second $f Fleet $f Mars encountered and assisted the stricken logistics vessel $v Pesedjet of the $v Imperial $v Vasudan $v Medjai. It is now clear that $v Emperor $v Khonsu $v II's stance of neutrality has been abandoned, and that the Vasudans have now entered the war on the side of the $r Galactic $r Terran $r Assembly.

This is dire news for our fortunes in this war, and for our survival as a Federation.

So far Medjai support seems to be limited to logistics and freight only, but it has increased pressure on what was already a precarious situation. Vasudan vessels are not to be targeted, else we risk provoking the Emperor into providing direct military assistance to his Terran allies.

Diplomatic sessions are now underway between the Federation and the Imperium. If we can persuade Emperor Khonsu to deny the Assembly support, we will be one step closer to victory. Until then, we urge our military leaders to halt any activity that might provoke the Vasudans into catastrophic intervention.

For humanity, children of Ubuntu.", 9772)
$end_multi_text
$Ani Filename: uef_cb_default
+Wave Filename: bp212cb01.ogg

#Briefing
$start_briefing
$num_stages: 3
$start_stage
$multi_text
 XSTR("Okay, Laporte, take a seat. Don't look so surprised - Admiral Netreba just passed down a special assignment. It's just the two of us on this one.

As per yesterday's declassified memo, the Council of Elders is sending a delegation to Khonsu's representative in Sol, $v Admiral $v Recamai. Recamai's ship, the $v GVD $v Shepseskaf, is currently holding station in neutral territory near Charon. Since the $f Wargods were present during the $v Pesedjet operation, Command has asked me to send two fighter pilots to join up with the delegation's escort wing. 

Our presence should help give some extra leverage with the Vasudans, who are likely to react to us positively.", 9773)
$end_multi_text
$voice: bp212b01.ogg
$camera_pos: -6528.002441, 12971.151367, 419.669037
$camera_orient:
	0.000000, -0.000000, -1.000000,
	1.000000, -0.000079, 0.000000,
	-0.000079, -1.000000, 0.000000
$camera_time: 500
$num_lines: 0
$num_icons: 2
$Flags: 0
$Formula: ( true ) 
$start_icon
$type: 1
$team: Friendly
$class: UEF Kentauroi
$pos: -7111.517578, -6568.847168, 5812.587891
$label: XSTR("Alpha Wing", 8763)
+id: 1
$hlight: 0
$mirror: 0
$multi_text
$end_multi_text
$end_icon
$start_icon
$type: 7
$team: Friendly
$class: UEF Kentauroi
$pos: -7739.260254, -6568.847168, -7248.220215
$label: XSTR("Luna", 9774)
+id: 2
$hlight: 0
$mirror: 0
$multi_text
$end_multi_text
$end_icon
$end_stage
$start_stage
$multi_text
 XSTR("In fact, someone from the Pesedjet's crew requested you specifically. I have no idea why that might be, and Netreba didn't tell me. I can't help but question the good sense of the Vasudan species as a whole.

We'll meet up with the transport $f Reshadiye at Luna City, which was spared by the Tev bombardment in a humanitarian gesture. Two members of the $g White $g Guard are already on station as part of the Elder's security detail.

From there, we'll jump to a classified meeting location in the Kuiper Belt, where Admiral Recamai will meet us on a transport - bringing a destroyer along would draw Tev attention.", 9775)
$end_multi_text
$voice: bp212b02.ogg
$camera_pos: -3212.628174, 15545.173828, 419.669037
$camera_orient:
	0.000000, 0.000000, -1.000000,
	1.000000, 0.000000, 0.000000,
	0.000000, -1.000000, 0.000000
$camera_time: 500
$num_lines: 0
$num_icons: 3
$Flags: 0
$Formula: ( true ) 
$start_icon
$type: 1
$team: Friendly
$class: UEF Kentauroi
$pos: -401.176910, -6568.847168, 12328.020508
$label: XSTR("Alpha Wing", 8763)
+id: 1
$hlight: 0
$mirror: 0
$multi_text
$end_multi_text
$end_icon
$start_icon
$type: 7
$team: Friendly
$class: UEF Kentauroi
$pos: -2265.623535, -6568.847168, -8538.028320
$label: XSTR("Luna", 9774)
+id: 2
$hlight: 0
$mirror: 0
$multi_text
$end_multi_text
$end_icon
$start_icon
$type: 34
$team: Friendly
$class: UET Upanishad
$pos: -4113.659180, -3829.916260, 2777.962402
$label: XSTR("Reshadiye", 9776)
+id: 3
$hlight: 0
$mirror: 0
$multi_text
$end_multi_text
$end_icon
$end_stage
$start_stage
$multi_text
 XSTR("$f Elder $f Svetlana $f Henriksson was the obvious choice for this mission, as she worked with Vasudan physicists during the Great War and maintains close ties with Admiral Netreba. Unfortunately, she's in no physical condition for high-stress negotiation at the moment and had to decline.

The delegation will instead be led by $f Elder $f Lin $f Taudigani, who I am told is one of our finest political scientists and xenocultural specialists. She allegedly speaks Vasudan in both the sitting and standing forms. Very smart lady.

Remember, we're escorting an Elder to meet another species. If you can manage to act like a proper flight officer for just one day, make it today!", 9777)
$end_multi_text
$voice: bp212b03.ogg
$camera_pos: -3212.628174, 15545.173828, 419.669037
$camera_orient:
	0.000000, 0.000000, -1.000000,
	1.000000, 0.000000, 0.000000,
	0.000000, -1.000000, 0.000000
$camera_time: 500
$num_lines: 0
$num_icons: 3
$Flags: 0
$Formula: ( true ) 
$start_icon
$type: 1
$team: Friendly
$class: UEF Kentauroi
$pos: -401.176910, -6568.847168, 12328.020508
$label: XSTR("Alpha Wing", 8763)
+id: 1
$hlight: 0
$mirror: 0
$multi_text
$end_multi_text
$end_icon
$start_icon
$type: 7
$team: Friendly
$class: UEF Kentauroi
$pos: -2265.623535, -6568.847168, -8538.028320
$label: XSTR("Luna", 9774)
+id: 2
$hlight: 0
$mirror: 0
$multi_text
$end_multi_text
$end_icon
$start_icon
$type: 34
$team: Friendly
$class: UET Upanishad
$pos: -4113.659180, -3829.916260, 2777.962402
$label: XSTR("Reshadiye", 9776)
+id: 3
$hlight: 0
$mirror: 0
$multi_text
$end_multi_text
$end_icon
$end_stage
$end_briefing

#Debriefing_info

$Num stages: 0


#Callsigns:
$Callsign: XSTR("Brie", 7699)
$Callsign: XSTR("Ballard", 8575)
$Callsign: XSTR("Homura", 8576)
$Callsign: XSTR("Yutch", 8577)
$Callsign: XSTR("Laporte", 7701)
$Callsign: XSTR("Himmer", 8578)
$Callsign: XSTR("Wren", 8579)
$Callsign: XSTR("Sticker", 8580)
$Callsign: XSTR("Simms", 8008)
$Callsign: XSTR("Levi", 8013)

#end


#Players		;! 1 total

$Starting Shipname: Alpha 2
$Ship Choices: (
	"UEF Uhlan"	2
	"UEF Kentauroi"	4
)

+Weaponry Pool: (
	"Vulcan"	4
	"Maul"	6
	"Rapier"	4
	"Javelin"	93
	"Dart"	180
	"Dirk"	304
	"Hellfire"	608
	"Grimler"	12
)

#Objects		;! 127 total

$Name: Alpha 1		;! Object #0
$Display Name: XSTR("Alpha 1", 6244)
$Class: UEF Kentauroi
$Callsign: XSTR("Simms", 8008)

$Team: Friendly
$Location: -18512.300781, -6343.100098, -3771.199951
$Orientation:
	0.364095, 0.000000, -0.931362,
	-0.000000, 1.000000, 0.000000,
	0.931362, 0.000000, 0.364095
$AI Behavior: None
+AI Class: BP2-Colonel
$Cargo 1:  XSTR("Nothing", 13)
+Initial Hull: 100
+Subsystem: Pilot
$Arrival Location: Hyperspace
$Arrival Cue: ( false ) 
$Departure Location: Hyperspace
$Departure Cue: ( false ) 
$Determination: 10
+Flags: ( "cargo-known" "invulnerable" )
+Flags2: ( "no-builtin-messages" "ship-locked" "weapons-locked" )
+Respawn priority: 0
+Orders Accepted: 0		;! note that this is a bitfield!!!
+Group: 0
+Use Table Score:
+Score: 12

$Name: Alpha 2		;! Object #1
$Display Name: XSTR("Alpha 2", 6303)
$Class: UEF Kentauroi
$Callsign: XSTR("Laporte", 7701)

$Team: Friendly
$Location: -18597.845703, -6343.000000, -3743.970947
$Orientation:
	0.222558, 0.000351, -0.974920,
	0.097364, 0.994993, 0.022585,
	0.970046, -0.099949, 0.221409
$AI Behavior: None
$Cargo 1:  XSTR("Nothing", 13)
+Initial Velocity: 33
+Initial Hull: 100
+Subsystem: Pilot
$Arrival Location: Hyperspace
$Arrival Cue: ( false ) 
$Departure Location: Hyperspace
$Departure Cue: ( false ) 
$Determination: 10
+Flags: ( "cargo-known" "ignore-count" "protect-ship" "player-start" "invulnerable" "hidden-from-sensors" "beam-protect-ship" "vaporize" "stealth" "friendly-stealth-invisible" )
+Flags2: ( "no-builtin-messages" "primaries-locked" "secondaries-locked" "no-death-scream" )
+Respawn priority: 0
+Orders Accepted: 0		;! note that this is a bitfield!!!
+Group: 0
+Score: 10

$Name: Moon Landscape 6		;! Object #2
$Display Name: XSTR("Moon Landscape 6", 9778)
$Class: Moon Landscape
$Team: Neutral
$Location: 23860.257813, -8235.610352, -3144.285645
$Orientation:
	-0.082526, -0.000000, 0.996589,
	0.000348, 1.000000, 0.000029,
	-0.996589, 0.000349, -0.082526
$AI Behavior: None
$Cargo 1:  XSTR("Nothing", 13)
+Initial Velocity: 33
+Initial Hull: 100
+Initial Shields: 100
+Subsystem: Pilot
$Arrival Location: Hyperspace
$Arrival Cue: ( true ) 
$Departure Location: Hyperspace
$Departure Cue: ( false ) 
$Determination: 10
+Flags: ( "cargo-known" "protect-ship" "no-shields" "invulnerable" "hidden-from-sensors" "stealth" "friendly-stealth-invisible" )
+Flags2: ( )
+Respawn priority: 0
+Group: 0
+Use Table Score:
+Score: 0

$Name: Luna Spaceport		;! Object #3
$Display Name: XSTR("Luna Spaceport", 9779)
$Class: Space Port

$Team: Unknown
$Location: 3825.542480, -7693.161133, 512.074219
$Orientation:
	-0.999987, -0.000000, 0.005003,
	0.000000, 1.000000, 0.000001,
	-0.005003, 0.000001, -0.999987
$AI Behavior: None
$Cargo 1:  XSTR("Nothing", 13)
+Initial Hull: 100
+Initial Shields: 100
+Subsystem: Pilot
$Arrival Location: Hyperspace
$Arrival Cue: ( true ) 
$Departure Location: Hyperspace
$Departure Cue: ( false ) 
$Determination: 10
+Flags: ( "cargo-known" "ignore-count" "protect-ship" "no-shields" "escort" "invulnerable" "hidden-from-sensors" "beam-protect-ship" "vaporize" "stealth" "friendly-stealth-invisible" )
+Flags2: ( "no-builtin-messages" "no-death-scream" )
+Respawn priority: 0
+Escort priority: 0
+Orders Accepted: 0		;! note that this is a bitfield!!!
+Group: 0
+Use Table Score:
+Score: 0

$Name: Reshadiye		;! Object #4
$Display Name: XSTR("Reshadiye", 9776)
$Class: UET Upanishad
$Team: Friendly
$Location: 4620.483887, -6018.880859, 1006.157349
$Orientation:
	-0.808773, -0.000002, 0.588121,
	0.000000, 1.000000, 0.000003,
	-0.588121, 0.000002, -0.808773
$AI Behavior: None
+AI Class: None
$AI Goals: ( goals ( ai-play-dead 50 ) )
$Cargo 1:  XSTR("Nothing", 13)
+Initial Hull: 100
+Initial Shields: 100
+Subsystem: Pilot
+Subsystem: gunturret-0
+Subsystem: gunturret-1
+Subsystem: gunturret-2
+Subsystem: gunturret-3
+Subsystem: gunturret-4
$Arrival Location: Hyperspace
$Arrival Cue: ( true ) 
$Departure Location: Hyperspace
+Departure delay: 8
$Departure Cue: ( is-event-true-delay "jump" 0 ) 
$Determination: 10
+Flags: ( "cargo-known" "no-shields" "escort" "invulnerable" )
+Flags2: ( )
+Respawn priority: 0
+Escort priority: 99
+Orders Accepted: 0		;! note that this is a bitfield!!!
+Group: 0
+Score: 0

$Name: Knight 1		;! Object #5
$Display Name: XSTR("Knight 1", 9780)
$Class: UEF Lao Tze
$Team: Friendly
$Location: 3645.472168, -6074.379395, -1163.525146
$Orientation:
	0.841901, 0.000000, -0.539632,
	-0.000000, 1.000000, 0.000000,
	0.539632, 0.000000, 0.841901
$AI Behavior: None
+AI Class: BP2-Colonel
$Cargo 1:  XSTR("Nothing", 13)
+Initial Velocity: 33
+Initial Hull: 100
+Subsystem: Pilot
+Secondary Banks: ( "Dart" "Slammer" "Hellfire" )
$Arrival Location: Hyperspace
$Arrival Cue: ( false ) 
$Departure Location: Hyperspace
$Departure Cue: ( false ) 
$Determination: 10
+Flags: ( "cargo-known" )
+Flags2: ( )
+Respawn priority: 0
+Orders Accepted: 0		;! note that this is a bitfield!!!
+Group: 0
+Use Table Score:
+Score: 50

$Name: Knight 2		;! Object #6
$Display Name: XSTR("Knight 2", 9781)
$Class: UEF Lao Tze
$Team: Friendly
$Location: 3388.893066, -6074.379395, -1215.710327
$Orientation:
	0.841901, 0.000000, -0.539632,
	-0.000000, 1.000000, 0.000000,
	0.539632, 0.000000, 0.841901
$AI Behavior: None
+AI Class: BP2-Colonel
$Cargo 1:  XSTR("Nothing", 13)
+Initial Velocity: 33
+Initial Hull: 100
+Subsystem: Pilot
+Secondary Banks: ( "Dart" "Slammer" "Hellfire" )
$Arrival Location: Hyperspace
$Arrival Cue: ( false ) 
$Departure Location: Hyperspace
$Departure Cue: ( false ) 
$Determination: 10
+Flags: ( "cargo-known" )
+Flags2: ( )
+Respawn priority: 0
+Orders Accepted: 0		;! note that this is a bitfield!!!
+Group: 0
+Use Table Score:
+Score: 50

$Name: Shuttle		;! Object #7
$Display Name: XSTR("Shuttle", 7505)
$Class: UESh Mercury

$Team: Friendly
$Location: 4020.041504, -7673.468262, 1374.134888
$Orientation:
	0.887592, 0.000234, -0.460629,
	-0.000176, 1.000000, 0.000168,
	0.460629, -0.000068, 0.887593
$AI Behavior: None
$Cargo 1:  XSTR("Nothing", 13)
+Initial Hull: 100
+Initial Shields: 100
+Subsystem: Pilot
$Arrival Location: Hyperspace
$Arrival Cue: ( true ) 
$Departure Location: Docking Bay
$Departure Anchor: Reshadiye
$Departure Cue: ( is-event-true-delay 
   "Reshadiye launches" 
   0 
)
$Determination: 10
+Flags: ( "cargo-known" "protect-ship" "no-shields" "escort" "invulnerable" "beam-protect-ship" )
+Flags2: ( "no-builtin-messages" )
+Respawn priority: 0
+Escort priority: 0
+Orders Accepted: 0		;! note that this is a bitfield!!!
+Group: 0
+Score: 5

$Name: Luna City		;! Object #8
$Display Name: XSTR("Luna City", 4569)
$Class: Luna City
$Team: Unknown
$Location: 8630.810547, -7923.527832, -1346.520264
$Orientation:
	1.000000, 0.000000, 0.000000,
	0.000000, 1.000000, 0.000000,
	0.000000, 0.000000, 1.000000
$AI Behavior: None
$Cargo 1:  XSTR("Nothing", 13)
+Initial Velocity: 33
+Initial Hull: 100
+Initial Shields: 100
+Subsystem: Pilot
$Arrival Location: Hyperspace
$Arrival Cue: ( true ) 
$Departure Location: Hyperspace
$Departure Cue: ( false ) 
$Determination: 10
+Flags: ( "cargo-known" "ignore-count" "protect-ship" "no-shields" "invulnerable" "hidden-from-sensors" "beam-protect-ship" "vaporize" "stealth" "friendly-stealth-invisible" )
+Flags2: ( "no-builtin-messages" "no-death-scream" )
+Respawn priority: 0
+Orders Accepted: 0		;! note that this is a bitfield!!!
+Group: 0
+Use Table Score:
+Score: 0

$Name: Skyscraper 2 7		;! Object #9
$Display Name: XSTR("Skyscraper 2 7", 9782)
$Class: Skyscraper 3
$Team: Unknown
$Location: 7856.476563, -7854.518555, -1896.554932
$Orientation:
	-0.797066, 0.000000, -0.603892,
	0.000000, 1.000000, 0.000000,
	0.603892, 0.000000, -0.797066
$AI Behavior: None
$Cargo 1:  XSTR("Nothing", 13)
+Initial Hull: 100
+Initial Shields: 100
+Subsystem: Pilot
$Arrival Location: Hyperspace
$Arrival Cue: ( true ) 
$Departure Location: Hyperspace
$Departure Cue: ( false ) 
$Determination: 10
+Flags: ( "cargo-known" "ignore-count" "protect-ship" "no-shields" "escort" "invulnerable" "hidden-from-sensors" "beam-protect-ship" "vaporize" "stealth" "friendly-stealth-invisible" )
+Flags2: ( "no-builtin-messages" "no-death-scream" )
+Respawn priority: 0
+Escort priority: 0
+Orders Accepted: 0		;! note that this is a bitfield!!!
+Group: 0
+Use Table Score:
+Score: 0

$Name: Skyscraper 2 8		;! Object #10
$Display Name: XSTR("Skyscraper 2 8", 9783)
$Class: Skyscraper 2
$Team: Unknown
$Location: 8061.247070, -7687.527344, -1919.000488
$Orientation:
	-0.574186, 0.000000, -0.818725,
	0.000000, 1.000000, 0.000000,
	0.818725, 0.000000, -0.574186
$AI Behavior: None
$Cargo 1:  XSTR("Nothing", 13)
+Initial Velocity: 33
+Initial Hull: 100
+Initial Shields: 100
+Subsystem: Pilot
$Arrival Location: Hyperspace
$Arrival Cue: ( true ) 
$Departure Location: Hyperspace
$Departure Cue: ( false ) 
$Determination: 10
+Flags: ( "cargo-known" "ignore-count" "protect-ship" "no-shields" "escort" "invulnerable" "hidden-from-sensors" "beam-protect-ship" "vaporize" "stealth" "friendly-stealth-invisible" )
+Flags2: ( "no-builtin-messages" "no-death-scream" )
+Respawn priority: 0
+Escort priority: 0
+Orders Accepted: 0		;! note that this is a bitfield!!!
+Group: 0
+Use Table Score:
+Score: 0

$Name: Skyscraper 2 9		;! Object #11
$Display Name: XSTR("Skyscraper 2 9", 9784)
$Class: Skyscraper 2
$Team: Unknown
$Location: 7615.271484, -7687.527344, -1204.788940
$Orientation:
	-0.967908, 0.000000, -0.251304,
	0.000000, 1.000000, 0.000000,
	0.251304, 0.000000, -0.967908
$AI Behavior: None
$Cargo 1:  XSTR("Nothing", 13)
+Initial Velocity: 33
+Initial Hull: 100
+Initial Shields: 100
+Subsystem: Pilot
$Arrival Location: Hyperspace
$Arrival Cue: ( true ) 
$Departure Location: Hyperspace
$Departure Cue: ( false ) 
$Determination: 10
+Flags: ( "cargo-known" "ignore-count" "protect-ship" "no-shields" "escort" "invulnerable" "hidden-from-sensors" "beam-protect-ship" "vaporize" "stealth" "friendly-stealth-invisible" )
+Flags2: ( "no-builtin-messages" "no-death-scream" )
+Respawn priority: 0
+Escort priority: 0
+Orders Accepted: 0		;! note that this is a bitfield!!!
+Group: 0
+Use Table Score:
+Score: 0

$Name: Skyscraper 2 10		;! Object #12
$Display Name: XSTR("Skyscraper 2 10", 9785)
$Class: Skyscraper 2
$Team: Unknown
$Location: 8472.556641, -7712.912598, -2097.232910
$Orientation:
	0.226206, 0.000000, -0.974080,
	-0.000000, 1.000000, 0.000000,
	0.974080, 0.000000, 0.226206
$AI Behavior: None
$Cargo 1:  XSTR("Nothing", 13)
+Initial Velocity: 33
+Initial Hull: 100
+Initial Shields: 100
+Subsystem: Pilot
$Arrival Location: Hyperspace
$Arrival Cue: ( true ) 
$Departure Location: Hyperspace
$Departure Cue: ( false ) 
$Determination: 10
+Flags: ( "cargo-known" "ignore-count" "protect-ship" "no-shields" "escort" "invulnerable" "hidden-from-sensors" "beam-protect-ship" "vaporize" "stealth" "friendly-stealth-invisible" )
+Flags2: ( "no-builtin-messages" "no-death-scream" )
+Respawn priority: 0
+Escort priority: 0
+Orders Accepted: 0		;! note that this is a bitfield!!!
+Group: 0
+Use Table Score:
+Score: 0

$Name: Tower1 34		;! Object #13
$Display Name: XSTR("Tower1 34", 9786)
$Class: Skyscraper 4
$Team: Unknown
$Location: 9263.595703, -7706.204590, -663.755981
$Orientation:
	-0.985490, 0.000000, 0.169734,
	0.000000, 1.000000, 0.000000,
	-0.169734, 0.000000, -0.985490
$AI Behavior: None
$Cargo 1:  XSTR("Nothing", 13)
+Initial Hull: 100
+Initial Shields: 100
+Subsystem: Pilot
$Arrival Location: Hyperspace
$Arrival Cue: ( true ) 
$Departure Location: Hyperspace
$Departure Cue: ( false ) 
$Determination: 10
+Flags: ( "cargo-known" "ignore-count" "protect-ship" "no-shields" "escort" "invulnerable" "hidden-from-sensors" "beam-protect-ship" "vaporize" "stealth" "friendly-stealth-invisible" )
+Flags2: ( "no-builtin-messages" "no-death-scream" )
+Respawn priority: 0
+Escort priority: 0
+Orders Accepted: 0		;! note that this is a bitfield!!!
+Group: 0
+Use Table Score:
+Score: 0

$Name: Tower1 35		;! Object #14
$Display Name: XSTR("Tower1 35", 9787)
$Class: Skyscraper 2
$Team: Unknown
$Location: 9643.484375, -7719.770508, -1853.261963
$Orientation:
	0.984133, 0.000000, -0.177433,
	-0.000000, 1.000000, 0.000000,
	0.177433, 0.000000, 0.984133
$AI Behavior: None
$Cargo 1:  XSTR("Nothing", 13)
+Initial Hull: 100
+Initial Shields: 100
+Subsystem: Pilot
$Arrival Location: Hyperspace
$Arrival Cue: ( true ) 
$Departure Location: Hyperspace
$Departure Cue: ( false ) 
$Determination: 10
+Flags: ( "cargo-known" "ignore-count" "protect-ship" "no-shields" "escort" "invulnerable" "hidden-from-sensors" "beam-protect-ship" "vaporize" "stealth" "friendly-stealth-invisible" )
+Flags2: ( "no-builtin-messages" "no-death-scream" )
+Respawn priority: 0
+Escort priority: 0
+Orders Accepted: 0		;! note that this is a bitfield!!!
+Group: 0
+Use Table Score:
+Score: 0

$Name: Skyscraper 2 38		;! Object #15
$Display Name: XSTR("Skyscraper 2 38", 9788)
$Class: Skyscraper 2
$Team: Unknown
$Location: 7980.347168, -7797.636719, -186.010056
$Orientation:
	-0.557337, 0.000000, 0.830287,
	0.000000, 1.000000, 0.000000,
	-0.830287, 0.000000, -0.557337
$AI Behavior: None
$Cargo 1:  XSTR("Nothing", 13)
+Initial Velocity: 33
+Initial Hull: 100
+Initial Shields: 100
+Subsystem: Pilot
$Arrival Location: Hyperspace
$Arrival Cue: ( true ) 
$Departure Location: Hyperspace
$Departure Cue: ( false ) 
$Determination: 10
+Flags: ( "cargo-known" "ignore-count" "protect-ship" "no-shields" "escort" "invulnerable" "hidden-from-sensors" "beam-protect-ship" "vaporize" "stealth" "friendly-stealth-invisible" )
+Flags2: ( "no-builtin-messages" "no-death-scream" )
+Respawn priority: 0
+Escort priority: 0
+Orders Accepted: 0		;! note that this is a bitfield!!!
+Group: 0
+Use Table Score:
+Score: 0

$Name: Skyscraper 2 39		;! Object #16
$Display Name: XSTR("Skyscraper 2 39", 9789)
$Class: Skyscraper 3
$Team: Unknown
$Location: 8489.070313, -7687.528320, -345.384033
$Orientation:
	-0.107003, 0.000000, 0.994259,
	0.000000, 1.000000, 0.000000,
	-0.994259, 0.000000, -0.107003
$AI Behavior: None
$Cargo 1:  XSTR("Nothing", 13)
+Initial Hull: 100
+Initial Shields: 100
+Subsystem: Pilot
$Arrival Location: Hyperspace
$Arrival Cue: ( true ) 
$Departure Location: Hyperspace
$Departure Cue: ( false ) 
$Determination: 10
+Flags: ( "cargo-known" "ignore-count" "protect-ship" "no-shields" "escort" "invulnerable" "hidden-from-sensors" "beam-protect-ship" "vaporize" "stealth" "friendly-stealth-invisible" )
+Flags2: ( "no-builtin-messages" "no-death-scream" )
+Respawn priority: 0
+Escort priority: 0
+Orders Accepted: 0		;! note that this is a bitfield!!!
+Group: 0
+Use Table Score:
+Score: 0

$Name: Tower1 45		;! Object #17
$Display Name: XSTR("Tower1 45", 9790)
$Class: Skyscraper 2
$Team: Unknown
$Location: 9213.285156, -7719.770508, -1926.518066
$Orientation:
	0.351326, 0.000000, -0.936253,
	-0.000000, 1.000000, 0.000000,
	0.936253, 0.000000, 0.351326
$AI Behavior: None
$Cargo 1:  XSTR("Nothing", 13)
+Initial Hull: 100
+Initial Shields: 100
+Subsystem: Pilot
$Arrival Location: Hyperspace
$Arrival Cue: ( true ) 
$Departure Location: Hyperspace
$Departure Cue: ( false ) 
$Determination: 10
+Flags: ( "cargo-known" "ignore-count" "protect-ship" "no-shields" "escort" "invulnerable" "hidden-from-sensors" "beam-protect-ship" "vaporize" "stealth" "friendly-stealth-invisible" )
+Flags2: ( "no-builtin-messages" "no-death-scream" )
+Respawn priority: 0
+Escort priority: 0
+Orders Accepted: 0		;! note that this is a bitfield!!!
+Group: 0
+Use Table Score:
+Score: 0

$Name: Valles Marineris Line		;! Object #18
$Display Name: XSTR("Valles Marineris Line", 9791)
$Class: Lunar Magnetic Levitator
$Team: Surrendered
$Location: -26716.253906, -7661.799805, -37090.019531
$Orientation:
	0.712439, -0.000001, -0.701734,
	0.000649, 1.000000, 0.000658,
	0.701734, -0.000924, 0.712439
$AI Behavior: None
$Cargo 1:  XSTR("Nothing", 13)
+Initial Velocity: 33
+Initial Hull: 100
+Initial Shields: 100
+Subsystem: Pilot
$Arrival Location: Hyperspace
$Arrival Cue: ( true ) 
$Departure Location: Hyperspace
$Departure Cue: ( false ) 
$Determination: 10
+Flags: ( "cargo-known" "ignore-count" "protect-ship" "no-shields" "invulnerable" "hidden-from-sensors" "beam-protect-ship" "vaporize" "stealth" "friendly-stealth-invisible" )
+Flags2: ( "no-builtin-messages" "no-death-scream" )
+Respawn priority: 0
+Orders Accepted: 0		;! note that this is a bitfield!!!
+Group: 0
+Use Table Score:
+Score: 0

$Name: Lunar Tower 71		;! Object #19
$Display Name: XSTR("Lunar Tower 71", 9792)
$Class: Lunar Tower
$Team: Unknown
$Location: 14827.566406, -7660.290039, -1453.675781
$Orientation:
	0.999378, -0.000000, 0.035278,
	0.000000, 1.000000, 0.000000,
	-0.035278, 0.000000, 0.999378
$AI Behavior: None
$Cargo 1:  XSTR("Nothing", 13)
+Initial Velocity: 33
+Initial Hull: 100
+Initial Shields: 100
+Subsystem: Pilot
$Arrival Location: Hyperspace
$Arrival Cue: ( true ) 
$Departure Location: Hyperspace
$Departure Cue: ( false ) 
$Determination: 10
+Flags: ( "cargo-known" "ignore-count" "protect-ship" "no-shields" "escort" "invulnerable" "hidden-from-sensors" "beam-protect-ship" "vaporize" "stealth" "friendly-stealth-invisible" )
+Flags2: ( "no-builtin-messages" "no-death-scream" )
+Respawn priority: 0
+Escort priority: 0
+Orders Accepted: 0		;! note that this is a bitfield!!!
+Group: 0
+Use Table Score:
+Score: 0

$Name: Lunar Tower 74		;! Object #20
$Display Name: XSTR("Lunar Tower 74", 9793)
$Class: Lunar Tower
$Team: Unknown
$Location: 8714.196289, -7658.872070, 4801.858398
$Orientation:
	0.835842, -0.000000, 0.548969,
	0.000000, 1.000000, 0.000000,
	-0.548969, 0.000000, 0.835843
$AI Behavior: None
$Cargo 1:  XSTR("Nothing", 13)
+Initial Velocity: 33
+Initial Hull: 100
+Initial Shields: 100
+Subsystem: Pilot
$Arrival Location: Hyperspace
$Arrival Cue: ( true ) 
$Departure Location: Hyperspace
$Departure Cue: ( false ) 
$Determination: 10
+Flags: ( "cargo-known" "ignore-count" "protect-ship" "no-shields" "invulnerable" "hidden-from-sensors" "beam-protect-ship" "vaporize" "stealth" "friendly-stealth-invisible" )
+Flags2: ( "no-builtin-messages" "no-death-scream" )
+Respawn priority: 0
+Orders Accepted: 0		;! note that this is a bitfield!!!
+Group: 0
+Use Table Score:
+Score: 0

$Name: Lunar Tower 77		;! Object #21
$Display Name: XSTR("Lunar Tower 77", 9794)
$Class: Lunar Tower
$Team: Unknown
$Location: 4163.820313, -7662.708008, -5840.662109
$Orientation:
	0.948461, 0.000000, -0.316894,
	-0.000000, 1.000000, 0.000000,
	0.316894, 0.000000, 0.948461
$AI Behavior: None
$Cargo 1:  XSTR("Nothing", 13)
+Initial Velocity: 33
+Initial Hull: 100
+Initial Shields: 100
+Subsystem: Pilot
$Arrival Location: Hyperspace
$Arrival Cue: ( true ) 
$Departure Location: Hyperspace
$Departure Cue: ( false ) 
$Determination: 10
+Flags: ( "cargo-known" "ignore-count" "protect-ship" "no-shields" "invulnerable" "hidden-from-sensors" "beam-protect-ship" "vaporize" "stealth" "friendly-stealth-invisible" )
+Flags2: ( "no-builtin-messages" "no-death-scream" )
+Respawn priority: 0
+Orders Accepted: 0		;! note that this is a bitfield!!!
+Group: 0
+Use Table Score:
+Score: 0

$Name: Olympus Mons Line		;! Object #22
$Display Name: XSTR("Olympus Mons Line", 9795)
$Class: Lunar Magnetic Levitator
$Team: Surrendered
$Location: 75148.835938, -7700.823242, -1222.039307
$Orientation:
	0.000560, -0.000000, -1.000000,
	0.000004, 1.000000, -0.000000,
	1.000000, -0.000004, 0.000560
$AI Behavior: None
$Cargo 1:  XSTR("Nothing", 13)
+Initial Velocity: 33
+Initial Hull: 100
+Initial Shields: 100
+Subsystem: Pilot
$Arrival Location: Hyperspace
$Arrival Cue: ( true ) 
$Departure Location: Hyperspace
$Departure Cue: ( false ) 
$Determination: 10
+Flags: ( "cargo-known" "ignore-count" "protect-ship" "no-shields" "escort" "invulnerable" "hidden-from-sensors" "beam-protect-ship" "vaporize" "stealth" "friendly-stealth-invisible" )
+Flags2: ( "no-builtin-messages" "no-death-scream" )
+Respawn priority: 0
+Escort priority: 0
+Orders Accepted: 0		;! note that this is a bitfield!!!
+Group: 0
+Use Table Score:
+Score: 0

$Name: Pavonis Mons Line		;! Object #23
$Display Name: XSTR("Pavonis Mons Line", 9796)
$Class: Lunar Magnetic Levitator
$Team: Surrendered
$Location: 9248.176758, -7369.368164, 65346.367188
$Orientation:
	0.999942, 0.000000, -0.010809,
	-0.000058, 0.999986, -0.005328,
	0.010809, 0.005328, 0.999927
$AI Behavior: None
$Cargo 1:  XSTR("Nothing", 13)
+Initial Velocity: 33
+Initial Hull: 100
+Initial Shields: 100
+Subsystem: Pilot
$Arrival Location: Hyperspace
$Arrival Cue: ( true ) 
$Departure Location: Hyperspace
$Departure Cue: ( false ) 
$Determination: 10
+Flags: ( "cargo-known" "protect-ship" "no-shields" "invulnerable" "hidden-from-sensors" "stealth" "friendly-stealth-invisible" )
+Flags2: ( )
+Respawn priority: 0
+Orders Accepted: 0		;! note that this is a bitfield!!!
+Group: 0
+Use Table Score:
+Score: 0

$Name: Lunar Tower 100		;! Object #24
$Display Name: XSTR("Lunar Tower 100", 9797)
$Class: Lunar Tower
$Team: Unknown
$Location: 12981.955078, -7660.290039, 2938.284180
$Orientation:
	0.975906, 0.000000, -0.218192,
	-0.000000, 1.000000, 0.000000,
	0.218192, 0.000000, 0.975906
$AI Behavior: None
$Cargo 1:  XSTR("Nothing", 13)
+Initial Velocity: 33
+Initial Hull: 100
+Initial Shields: 100
+Subsystem: Pilot
$Arrival Location: Hyperspace
$Arrival Cue: ( true ) 
$Departure Location: Hyperspace
$Departure Cue: ( false ) 
$Determination: 10
+Flags: ( "cargo-known" "ignore-count" "protect-ship" "no-shields" "invulnerable" "hidden-from-sensors" "beam-protect-ship" "vaporize" "stealth" "friendly-stealth-invisible" )
+Flags2: ( "no-builtin-messages" "no-death-scream" )
+Respawn priority: 0
+Orders Accepted: 0		;! note that this is a bitfield!!!
+Group: 0
+Use Table Score:
+Score: 0

$Name: Lunar Tower 101		;! Object #25
$Display Name: XSTR("Lunar Tower 101", 9798)
$Class: Lunar Tower
$Team: Unknown
$Location: 4261.916504, -7658.846680, 2908.875488
$Orientation:
	0.972292, -0.000000, 0.233770,
	0.000000, 1.000000, 0.000000,
	-0.233770, 0.000000, 0.972292
$AI Behavior: None
$Cargo 1:  XSTR("Nothing", 13)
+Initial Velocity: 33
+Initial Hull: 100
+Initial Shields: 100
+Subsystem: Pilot
$Arrival Location: Hyperspace
$Arrival Cue: ( true ) 
$Departure Location: Hyperspace
$Departure Cue: ( false ) 
$Determination: 10
+Flags: ( "cargo-known" "ignore-count" "protect-ship" "no-shields" "invulnerable" "hidden-from-sensors" "beam-protect-ship" "vaporize" "stealth" "friendly-stealth-invisible" )
+Flags2: ( "no-builtin-messages" "no-death-scream" )
+Respawn priority: 0
+Orders Accepted: 0		;! note that this is a bitfield!!!
+Group: 0
+Use Table Score:
+Score: 0

$Name: Lunar Tower 102		;! Object #26
$Display Name: XSTR("Lunar Tower 102", 9799)
$Class: Lunar Tower
$Team: Unknown
$Location: 2422.859863, -7658.846680, -1440.650146
$Orientation:
	0.999894, -0.000000, 0.014556,
	0.000000, 1.000000, 0.000000,
	-0.014556, 0.000000, 0.999894
$AI Behavior: None
$Cargo 1:  XSTR("Nothing", 13)
+Initial Velocity: 33
+Initial Hull: 100
+Initial Shields: 100
+Subsystem: Pilot
$Arrival Location: Hyperspace
$Arrival Cue: ( true ) 
$Departure Location: Hyperspace
$Departure Cue: ( false ) 
$Determination: 10
+Flags: ( "cargo-known" "ignore-count" "protect-ship" "no-shields" "escort" "invulnerable" "hidden-from-sensors" "beam-protect-ship" "vaporize" "stealth" "friendly-stealth-invisible" )
+Flags2: ( "no-builtin-messages" "no-death-scream" )
+Respawn priority: 0
+Escort priority: 0
+Orders Accepted: 0		;! note that this is a bitfield!!!
+Group: 0
+Use Table Score:
+Score: 0

$Name: Lunar Tower 103		;! Object #27
$Display Name: XSTR("Lunar Tower 103", 9800)
$Class: Lunar Tower
$Team: Unknown
$Location: 8564.601563, -7662.708008, -7409.628418
$Orientation:
	-0.849883, 0.000000, -0.526971,
	0.000000, 1.000000, 0.000000,
	0.526971, 0.000000, -0.849883
$AI Behavior: None
$Cargo 1:  XSTR("Nothing", 13)
+Initial Velocity: 33
+Initial Hull: 100
+Initial Shields: 100
+Subsystem: Pilot
$Arrival Location: Hyperspace
$Arrival Cue: ( true ) 
$Departure Location: Hyperspace
$Departure Cue: ( false ) 
$Determination: 10
+Flags: ( "cargo-known" "ignore-count" "protect-ship" "no-shields" "escort" "invulnerable" "hidden-from-sensors" "beam-protect-ship" "vaporize" "stealth" "friendly-stealth-invisible" )
+Flags2: ( "no-builtin-messages" "no-death-scream" )
+Respawn priority: 0
+Escort priority: 0
+Orders Accepted: 0		;! note that this is a bitfield!!!
+Group: 0
+Use Table Score:
+Score: 0

$Name: Lunar Tower 104		;! Object #28
$Display Name: XSTR("Lunar Tower 104", 9801)
$Class: Lunar Tower
$Team: Unknown
$Location: 13023.427734, -7662.708008, -5627.068359
$Orientation:
	-0.980761, 0.000000, -0.195211,
	0.000000, 1.000000, 0.000000,
	0.195211, 0.000000, -0.980761
$AI Behavior: None
$Cargo 1:  XSTR("Nothing", 13)
+Initial Velocity: 33
+Initial Hull: 100
+Initial Shields: 100
+Subsystem: Pilot
$Arrival Location: Hyperspace
$Arrival Cue: ( true ) 
$Departure Location: Hyperspace
$Departure Cue: ( false ) 
$Determination: 10
+Flags: ( "cargo-known" "ignore-count" "protect-ship" "no-shields" "escort" "invulnerable" "hidden-from-sensors" "beam-protect-ship" "vaporize" "stealth" "friendly-stealth-invisible" )
+Flags2: ( "no-builtin-messages" "no-death-scream" )
+Respawn priority: 0
+Escort priority: 0
+Orders Accepted: 0		;! note that this is a bitfield!!!
+Group: 0
+Use Table Score:
+Score: 0

$Name: Lunar Tower 129		;! Object #29
$Display Name: XSTR("Lunar Tower 129", 9802)
$Class: Lunar Tower
$Team: Unknown
$Location: 9544.861328, -7663.608398, -518.811890
$Orientation:
	0.975906, 0.000000, -0.218192,
	-0.000000, 1.000000, 0.000000,
	0.218192, 0.000000, 0.975906
$AI Behavior: None
$Cargo 1:  XSTR("Nothing", 13)
+Initial Velocity: 33
+Initial Hull: 100
+Initial Shields: 100
+Subsystem: Pilot
$Arrival Location: Hyperspace
$Arrival Cue: ( true ) 
$Departure Location: Hyperspace
$Departure Cue: ( false ) 
$Determination: 10
+Flags: ( "cargo-known" "ignore-count" "protect-ship" "no-shields" "escort" "invulnerable" "hidden-from-sensors" "beam-protect-ship" "vaporize" "stealth" "friendly-stealth-invisible" )
+Flags2: ( "no-builtin-messages" "no-death-scream" )
+Respawn priority: 0
+Escort priority: 0
+Orders Accepted: 0		;! note that this is a bitfield!!!
+Group: 0
+Use Table Score:
+Score: 0

$Name: Lunar Tower 130		;! Object #30
$Display Name: XSTR("Lunar Tower 130", 9803)
$Class: Lunar Tower
$Team: Unknown
$Location: 8530.189453, -7662.521484, -101.046509
$Orientation:
	0.797409, 0.000000, -0.603439,
	-0.000000, 1.000000, 0.000000,
	0.603439, 0.000000, 0.797409
$AI Behavior: None
$Cargo 1:  XSTR("Nothing", 13)
+Initial Velocity: 33
+Initial Hull: 100
+Initial Shields: 100
+Subsystem: Pilot
$Arrival Location: Hyperspace
$Arrival Cue: ( true ) 
$Departure Location: Hyperspace
$Departure Cue: ( false ) 
$Determination: 10
+Flags: ( "cargo-known" "ignore-count" "protect-ship" "no-shields" "escort" "invulnerable" "hidden-from-sensors" "beam-protect-ship" "vaporize" "stealth" "friendly-stealth-invisible" )
+Flags2: ( "no-builtin-messages" "no-death-scream" )
+Respawn priority: 0
+Escort priority: 0
+Orders Accepted: 0		;! note that this is a bitfield!!!
+Group: 0
+Use Table Score:
+Score: 0

$Name: Lunar Tower 131		;! Object #31
$Display Name: XSTR("Lunar Tower 131", 9804)
$Class: Lunar Tower
$Team: Unknown
$Location: 7587.308594, -7659.750977, -520.094849
$Orientation:
	0.657723, 0.000000, -0.753260,
	-0.000000, 1.000000, 0.000000,
	0.753260, 0.000000, 0.657723
$AI Behavior: None
$Cargo 1:  XSTR("Nothing", 13)
+Initial Velocity: 33
+Initial Hull: 100
+Initial Shields: 100
+Subsystem: Pilot
$Arrival Location: Hyperspace
$Arrival Cue: ( true ) 
$Departure Location: Hyperspace
$Departure Cue: ( false ) 
$Determination: 10
+Flags: ( "cargo-known" "ignore-count" "protect-ship" "no-shields" "escort" "invulnerable" "hidden-from-sensors" "beam-protect-ship" "vaporize" "stealth" "friendly-stealth-invisible" )
+Flags2: ( "no-builtin-messages" "no-death-scream" )
+Respawn priority: 0
+Escort priority: 0
+Orders Accepted: 0		;! note that this is a bitfield!!!
+Group: 0
+Use Table Score:
+Score: 0

$Name: Lunar Tower 132		;! Object #32
$Display Name: XSTR("Lunar Tower 132", 9805)
$Class: Lunar Tower
$Team: Unknown
$Location: 7186.303711, -7659.750977, -1385.453369
$Orientation:
	0.426302, 0.000000, -0.904581,
	-0.000000, 1.000000, 0.000000,
	0.904581, 0.000000, 0.426302
$AI Behavior: None
$Cargo 1:  XSTR("Nothing", 13)
+Initial Velocity: 33
+Initial Hull: 100
+Initial Shields: 100
+Subsystem: Pilot
$Arrival Location: Hyperspace
$Arrival Cue: ( true ) 
$Departure Location: Hyperspace
$Departure Cue: ( false ) 
$Determination: 10
+Flags: ( "cargo-known" "ignore-count" "protect-ship" "no-shields" "escort" "invulnerable" "hidden-from-sensors" "beam-protect-ship" "vaporize" "stealth" "friendly-stealth-invisible" )
+Flags2: ( "no-builtin-messages" "no-death-scream" )
+Respawn priority: 0
+Escort priority: 0
+Orders Accepted: 0		;! note that this is a bitfield!!!
+Group: 0
+Use Table Score:
+Score: 0

$Name: Lunar Tower 133		;! Object #33
$Display Name: XSTR("Lunar Tower 133", 9806)
$Class: Lunar Tower
$Team: Unknown
$Location: 7655.595703, -7659.750000, -2366.091553
$Orientation:
	0.945399, 0.000000, -0.325915,
	-0.000000, 1.000000, 0.000000,
	0.325915, 0.000000, 0.945399
$AI Behavior: None
$Cargo 1:  XSTR("Nothing", 13)
+Initial Velocity: 33
+Initial Hull: 100
+Initial Shields: 100
+Subsystem: Pilot
$Arrival Location: Hyperspace
$Arrival Cue: ( true ) 
$Departure Location: Hyperspace
$Departure Cue: ( false ) 
$Determination: 10
+Flags: ( "cargo-known" "ignore-count" "protect-ship" "no-shields" "escort" "invulnerable" "hidden-from-sensors" "beam-protect-ship" "vaporize" "stealth" "friendly-stealth-invisible" )
+Flags2: ( "no-builtin-messages" "no-death-scream" )
+Respawn priority: 0
+Escort priority: 0
+Orders Accepted: 0		;! note that this is a bitfield!!!
+Group: 0
+Use Table Score:
+Score: 0

$Name: Lunar Tower 134		;! Object #34
$Display Name: XSTR("Lunar Tower 134", 9807)
$Class: Lunar Tower
$Team: Unknown
$Location: 8694.669922, -7659.750977, -2775.629639
$Orientation:
	0.882417, -0.000000, 0.470469,
	0.000000, 1.000000, 0.000000,
	-0.470469, 0.000000, 0.882417
$AI Behavior: None
$Cargo 1:  XSTR("Nothing", 13)
+Initial Velocity: 33
+Initial Hull: 100
+Initial Shields: 100
+Subsystem: Pilot
$Arrival Location: Hyperspace
$Arrival Cue: ( true ) 
$Departure Location: Hyperspace
$Departure Cue: ( false ) 
$Determination: 10
+Flags: ( "cargo-known" "ignore-count" "protect-ship" "no-shields" "escort" "invulnerable" "hidden-from-sensors" "beam-protect-ship" "vaporize" "stealth" "friendly-stealth-invisible" )
+Flags2: ( "no-builtin-messages" "no-death-scream" )
+Respawn priority: 0
+Escort priority: 0
+Orders Accepted: 0		;! note that this is a bitfield!!!
+Group: 0
+Use Table Score:
+Score: 0

$Name: Lunar Tower 135		;! Object #35
$Display Name: XSTR("Lunar Tower 135", 9808)
$Class: Lunar Tower
$Team: Unknown
$Location: 9599.570313, -7659.750977, -2414.142090
$Orientation:
	0.981163, -0.000000, 0.193184,
	0.000000, 1.000000, 0.000000,
	-0.193184, 0.000000, 0.981163
$AI Behavior: None
$Cargo 1:  XSTR("Nothing", 13)
+Initial Velocity: 33
+Initial Hull: 100
+Initial Shields: 100
+Subsystem: Pilot
$Arrival Location: Hyperspace
$Arrival Cue: ( true ) 
$Departure Location: Hyperspace
$Departure Cue: ( false ) 
$Determination: 10
+Flags: ( "cargo-known" "ignore-count" "protect-ship" "no-shields" "escort" "invulnerable" "hidden-from-sensors" "beam-protect-ship" "vaporize" "stealth" "friendly-stealth-invisible" )
+Flags2: ( "no-builtin-messages" "no-death-scream" )
+Respawn priority: 0
+Escort priority: 0
+Orders Accepted: 0		;! note that this is a bitfield!!!
+Group: 0
+Use Table Score:
+Score: 0

$Name: Lunar Tower 136		;! Object #36
$Display Name: XSTR("Lunar Tower 136", 9809)
$Class: Lunar Tower
$Team: Unknown
$Location: 9951.406250, -7659.750977, -1460.469482
$Orientation:
	0.999799, 0.000000, -0.020036,
	-0.000000, 1.000000, 0.000000,
	0.020036, 0.000000, 0.999799
$AI Behavior: None
$Cargo 1:  XSTR("Nothing", 13)
+Initial Velocity: 33
+Initial Hull: 100
+Initial Shields: 100
+Subsystem: Pilot
$Arrival Location: Hyperspace
$Arrival Cue: ( true ) 
$Departure Location: Hyperspace
$Departure Cue: ( false ) 
$Determination: 10
