#Mission Info

$Version: 0.10
$Name:  XSTR("Apocalypse", 1942)
$Author: James Agay @ V
$Created: 06/14/99 at 14:59:27
$Modified: 07/25/22 at 21:47:58
$Notes:
This is a FRED created mission
$End Notes:

$Mission Desc:
 XSTR("The 70th Blue Lions must cover the escape of the Allied fleet through the Vega jump node.", 1943)
$end_multi_text
+Game Type Flags: 1
+Flags: 65536
+Fog Near Mult: 1.000000

+Fog Far Mult: 1.000000

+Disallow Support: 0
+Hull Repair Ceiling: 0.000000
+Subsystem Repair Ceiling: 100.000000

+Player Entry Delay:
2.000000

+Viewer pos: -2723.906982, 3958.798096, -16905.488281
+Viewer orient:
	0.999912, 0.000003, -0.013253,
	0.009489, 0.697940, 0.716093,
	0.009252, -0.716156, 0.697879
+SquadReassignName: 70th Blue Lions
+SquadReassignLogo: lion1.pcx

$Squadron wing names: ( "Alpha" "Beta" "Gamma" "Delta" "Theta" )

$Skybox Model: Starfield.pof

$AI Profile: FSBlue

#Sexp_variables

$Variables:
(
		0		"autoGenVar1"		"#Command"		"string"
		1		"autoGenVar2"		"#CIC Lemnos"		"string"
)

#Command Briefing

#Briefing
$start_briefing
$num_stages: 1
$start_stage
$multi_text
 XSTR("Excellent work. The detonation of the $f Bastion's $y Meson bombs created a subspace cataclysm that sealed off the node. You and the $w 70th $w Blue $w Lions deserve the highest commendation.

The Security Council has authorized the deployment of the $f GTD $f Nereid$|. The destroyer will depart from the $b Vega system and collapse the node in fifteen minutes. We must therefore complete our evacuation of $b Capella by that time. Any ship that remains behind will be trapped with the Shivan armada.

Your objective is to defend our convoys as they flee through the $b Vega node. Cargo ships, personnel transports, medical vessels, and the remnants of the allied fleet are now in transit. These convoys are under heavy bomber fire. If we don't provide cover, thousands will die. 

Your secondary objective is to prevent Shivan warships from entering the $b Vega node. The Allied fleet has been pulverized, so for the sake of all Terrans and Vasudans, the war must end here. You will receive authorization to enter the $b Vega node and leave the system once the $f Nereid has been deployed.", 1944)
$end_multi_text
$voice: SM310_MB_01.wav
$camera_pos: 5910.959961, 4649.241699, 193.832443
$camera_orient:
	0.999829, 0.000000, -0.018516,
	0.018515, -0.008694, 0.999791,
	-0.000161, -0.999962, -0.008693
$camera_time: 500
$num_lines: 0
$num_icons: 0
$Flags: 0
$Formula: ( true ) 
$end_stage
$end_briefing

#Debriefing_info

$Num stages: 0

#Players		;! 1 total

$Starting Shipname: Alpha 1
$Ship Choices: (
)

+Weaponry Pool: (
	"Subach HL-7"	4
	"Prometheus R"	4
	"Prometheus S"	10
	"TAG-A"	1000
	"UD-8 Kayser"	6
	"Circe"	4
	"Tornado"	128
	"Harpoon"	64
	"Trebuchet"	84
	"TAG-B"	100
	"Infyrno"	40
)

#Objects		;! 86 total

$Name: Alpha 1		;! Object #0
$Display Name: XSTR("Alpha 1", 6581)
$Class: GTF Hercules Mark II
$Team: Friendly
$Location: -5508.541504, 60.999985, -9393.277344
$Orientation:
	-0.666328, 0.000000, -0.745659,
	0.164433, 0.975382, -0.146939,
	0.727302, -0.220520, -0.649925
$AI Behavior: None
$Cargo 1:  XSTR("Nothing", 13)
+Initial Velocity: 100
+Initial Hull: 78
+Subsystem: Pilot
+Primary Banks: ( "UD-8 Kayser" "Circe" )
+Secondary Banks: ( "Trebuchet" "Infyrno" )
$Arrival Location: Hyperspace
$Arrival Cue: ( false ) 
$Departure Location: Hyperspace
$Departure Cue: ( false ) 
$Determination: 10
+Flags: ( "cargo-known" "player-start" )
+Flags2: ( )
+Respawn priority: 0
+Orders Accepted List: ( "attack ship" "disable ship" "disarm ship" "guard ship" "ignore ship" "form on wing" "cover me" "attack any" "disable subsys" )
+Group: 0
+Use Table Score:
+Score: 12

$Name: Alpha 2		;! Object #1
$Display Name: XSTR("Alpha 2", 6640)
$Class: GTF Hercules Mark II
$Team: Friendly
$Location: -5505.667480, 61.001476, -9339.396484
$Orientation:
	-0.687868, 0.000000, -0.725836,
	0.145927, 0.979582, -0.138294,
	0.711016, -0.201047, -0.673822
$AI Behavior: None
+AI Class: General
$Cargo 1:  XSTR("Nothing", 13)
+Initial Velocity: 60
+Initial Hull: 100
+Subsystem: Pilot
+Primary Banks: ( "UD-8 Kayser" "Circe" )
+Secondary Banks: ( "Trebuchet" "Infyrno" )
$Arrival Location: Hyperspace
$Arrival Cue: ( false ) 
$Departure Location: Hyperspace
$Departure Cue: ( false ) 
$Determination: 10
+Flags: ( "cargo-known" )
+Flags2: ( )
+Respawn priority: 0
+Orders Accepted List: ( "attack ship" "disable ship" "disarm ship" "guard ship" "ignore ship" "form on wing" "cover me" "attack any" "disable subsys" )
+Group: 1
+Score: 10

$Name: Alpha 3		;! Object #2
$Display Name: XSTR("Alpha 3", 6641)
$Class: GTF Hercules Mark II
$Team: Friendly
$Location: -5552.464844, 61.001480, -9380.881836
$Orientation:
	-0.730710, 0.000000, -0.682688,
	0.147102, 0.976509, -0.157450,
	0.666651, -0.215475, -0.713546
$AI Behavior: None
+AI Class: General
$Cargo 1:  XSTR("Nothing", 13)
+Initial Velocity: 60
+Initial Hull: 100
+Subsystem: Pilot
+Primary Banks: ( "UD-8 Kayser" "Circe" )
+Secondary Banks: ( "Trebuchet" "Infyrno" )
$Arrival Location: Hyperspace
$Arrival Cue: ( false ) 
$Departure Location: Hyperspace
$Departure Cue: ( false ) 
$Determination: 10
+Flags: ( "cargo-known" )
+Flags2: ( )
+Respawn priority: 0
+Orders Accepted List: ( "attack ship" "disable ship" "disarm ship" "guard ship" "ignore ship" "form on wing" "cover me" "attack any" "disable subsys" )
+Group: 1
+Score: 10

$Name: Alpha 4		;! Object #3
$Display Name: XSTR("Alpha 4", 6771)
$Class: GTF Hercules Mark II
$Team: Friendly
$Location: -5552.141113, 61.001495, -9324.596680
$Orientation:
	-0.734763, 0.000000, -0.678324,
	0.137285, 0.979305, -0.148708,
	0.664287, -0.202389, -0.719557
$AI Behavior: None
+AI Class: General
$Cargo 1:  XSTR("Nothing", 13)
+Initial Velocity: 60
+Initial Hull: 100
+Subsystem: Pilot
+Primary Banks: ( "UD-8 Kayser" "Circe" )
+Secondary Banks: ( "Trebuchet" "Infyrno" )
$Arrival Location: Hyperspace
$Arrival Cue: ( false ) 
$Departure Location: Hyperspace
$Departure Cue: ( false ) 
$Determination: 10
+Flags: ( "cargo-known" )
+Flags2: ( )
+Respawn priority: 0
+Orders Accepted List: ( "attack ship" "disable ship" "disarm ship" "guard ship" "ignore ship" "form on wing" "cover me" "attack any" "disable subsys" )
+Group: 1
+Score: 10

$Name: Malta		;! Object #4
$Display Name: XSTR("Malta", 15310)
$Class: GTC Aeolus
$Team: Friendly
$Location: -4405.842773, -10.977936, -12720.207031
$Orientation:
	-1.000000, 0.000000, 0.000508,
	0.000001, 0.999999, 0.001630,
	-0.000508, 0.001630, -0.999999
$AI Behavior: None
$AI Goals: ( goals ( ai-waypoints-once "Jump Node Left" 50 ) )
$Cargo 1:  XSTR("Nothing", 13)
+Initial Velocity: 33
+Initial Hull: 12
+Initial Shields: 100
+Subsystem: Pilot
+Subsystem: Turret01
+Primary Banks: ( "Heavy Flak" )
+Subsystem: Turret02
+Subsystem: Turret03
+Subsystem: Turret04
+Subsystem: Turret05
+Subsystem: Turret06
+Subsystem: turret07
+Subsystem: turret08
+Subsystem: turret09
+Subsystem: turret10
+Subsystem: turret11
+Subsystem: turret12
$Arrival Location: Hyperspace
$Arrival Cue: ( true ) 
$Departure Location: Hyperspace
$Departure Cue: ( < 
   ( distance "Jump Node Left:1" "Malta" ) 
   300 
)
$Determination: 10
+Flags: ( "cargo-known" "no-shields" "escort" "red-alert-carry" )
+Flags2: ( )
+Respawn priority: 0
+Escort priority: 99
+Orders Accepted List: ( )
+Group: 0
+Score: 400
$Texture Replace:
+old: nameplate
+new: GTC_Malta

$Name: Ertanax		;! Object #5
$Display Name: XSTR("Ertanax", 15311)
$Class: GTC Aeolus
$Team: Friendly
$Location: -6241.943848, 0.017260, -13710.547852
$Orientation:
	-0.999263, 0.000000, 0.038398,
	0.000000, 1.000000, 0.000000,
	-0.038398, 0.000000, -0.999263
$AI Behavior: None
$AI Goals: ( goals ( ai-waypoints-once "Jump Node right" 50 ) )
$Cargo 1:  XSTR("Nothing", 13)
+Initial Velocity: 33
+Initial Hull: 32
+Initial Shields: 100
+Subsystem: Pilot
+Subsystem: Turret01
+Primary Banks: ( "Heavy Flak" )
+Subsystem: Turret02
+Subsystem: Turret03
+Subsystem: Turret04
+Subsystem: Turret05
+Subsystem: Turret06
+Subsystem: turret07
+Subsystem: turret08
+Subsystem: turret09
+Subsystem: turret10
+Subsystem: turret11
+Subsystem: turret12
$Arrival Location: Hyperspace
+Arrival Delay: 1
$Arrival Cue: ( true ) 
$Departure Location: Hyperspace
$Departure Cue: ( < 
   ( distance 
      "Jump Node right:1" 
      "Ertanax" 
   )
   300 
)
$Determination: 10
+Flags: ( "cargo-known" "no-shields" "escort" "red-alert-carry" )
+Flags2: ( )
+Respawn priority: 0
+Escort priority: 99
+Destroy At: 1
+Orders Accepted List: ( )
+Group: 0
+Score: 400
$Texture Replace:
+old: nameplate
+new: GTC_Ertanax

$Name: SJD Sathanas 15		;! Object #6
$Display Name: XSTR("SJD Sathanas 15", 15285)
$Class: SJD Sathanas
$Team: Hostile
$Location: 218824.890625, -4996.616211, -11096.304688
$Orientation:
	1.000000, 0.000000, 0.000000,
	0.000000, 1.000000, 0.000000,
	0.000000, 0.000000, 1.000000
$AI Behavior: None
+AI Class: None
$Cargo 1:  XSTR("Nothing", 13)
+Initial Velocity: 33
+Initial Hull: 100
+Initial Shields: 100
+Subsystem: Pilot
$Arrival Location: Hyperspace
$Arrival Cue: ( true ) 
$Departure Location: Hyperspace
$Departure Cue: ( false ) 
$Determination: 10
+Flags: ( "ignore-count" "protect-ship" "no-shields" "invulnerable" "hidden-from-sensors" "no-dynamic" "beam-protect-ship" )
+Flags2: ( )
+Respawn priority: 0
+Group: 0
+Score: 10000

$Name: SJD Sathanas 16		;! Object #7
$Display Name: XSTR("SJD Sathanas 16", 15312)
$Class: SJD Sathanas
$Team: Hostile
$Location: 217169.390625, -4996.615723, -19390.552734
$Orientation:
	1.000000, 0.000000, 0.000000,
	0.000000, 1.000000, 0.000000,
	0.000000, 0.000000, 1.000000
$AI Behavior: None
+AI Class: None
$Cargo 1:  XSTR("Nothing", 13)
+Initial Velocity: 33
+Initial Hull: 100
+Initial Shields: 100
+Subsystem: Pilot
$Arrival Location: Hyperspace
$Arrival Cue: ( true ) 
$Departure Location: Hyperspace
$Departure Cue: ( false ) 
$Determination: 10
+Flags: ( "ignore-count" "protect-ship" "no-shields" "invulnerable" "hidden-from-sensors" "no-dynamic" "beam-protect-ship" )
+Flags2: ( )
+Respawn priority: 0
+Group: 0
+Score: 10000

$Name: SJD Sathanas 17		;! Object #8
$Display Name: XSTR("SJD Sathanas 17", 15286)
$Class: SJD Sathanas
$Team: Hostile
$Location: 228056.421875, -4996.616211, -28355.302734
$Orientation:
	1.000000, 0.000000, 0.000000,
	0.000000, 1.000000, 0.000000,
	0.000000, 0.000000, 1.000000
$AI Behavior: None
+AI Class: None
$Cargo 1:  XSTR("Nothing", 13)
+Initial Velocity: 33
+Initial Hull: 100
+Initial Shields: 100
+Subsystem: Pilot
$Arrival Location: Hyperspace
$Arrival Cue: ( true ) 
$Departure Location: Hyperspace
$Departure Cue: ( false ) 
$Determination: 10
+Flags: ( "ignore-count" "protect-ship" "no-shields" "invulnerable" "hidden-from-sensors" "no-dynamic" "beam-protect-ship" )
+Flags2: ( )
+Respawn priority: 0
+Group: 0
+Score: 10000

$Name: SJD Sathanas 18		;! Object #9
$Display Name: XSTR("SJD Sathanas 18", 15287)
$Class: SJD Sathanas
$Team: Hostile
$Location: 179800.203125, 216.317627, -8354.054688
$Orientation:
	1.000000, 0.000000, 0.000000,
	0.000000, 1.000000, 0.000000,
	0.000000, 0.000000, 1.000000
$AI Behavior: None
+AI Class: None
$Cargo 1:  XSTR("Nothing", 13)
+Initial Velocity: 33
+Initial Hull: 100
+Initial Shields: 100
+Subsystem: Pilot
$Arrival Location: Hyperspace
$Arrival Cue: ( true ) 
$Departure Location: Hyperspace
$Departure Cue: ( false ) 
$Determination: 10
+Flags: ( "ignore-count" "protect-ship" "no-shields" "invulnerable" "hidden-from-sensors" "no-dynamic" "beam-protect-ship" )
+Flags2: ( )
+Respawn priority: 0
+Group: 0
+Score: 10000

$Name: SJD Sathanas 19		;! Object #10
$Display Name: XSTR("SJD Sathanas 19", 15313)
$Class: SJD Sathanas
$Team: Hostile
$Location: 177143.625000, 216.318115, -15357.053711
$Orientation:
	1.000000, 0.000000, 0.000000,
	0.000000, 1.000000, 0.000000,
	0.000000, 0.000000, 1.000000
$AI Behavior: None
+AI Class: None
$Cargo 1:  XSTR("Nothing", 13)
+Initial Velocity: 33
+Initial Hull: 100
+Initial Shields: 100
+Subsystem: Pilot
$Arrival Location: Hyperspace
$Arrival Cue: ( true ) 
$Departure Location: Hyperspace
$Departure Cue: ( false ) 
$Determination: 10
+Flags: ( "ignore-count" "protect-ship" "no-shields" "invulnerable" "hidden-from-sensors" "no-dynamic" "beam-protect-ship" )
+Flags2: ( )
+Respawn priority: 0
$Special Explosion:
+Special Exp Damage: 475
+Special Exp Blast: 3500
+Special Exp Inner Radius: 500
+Special Exp Outer Radius: 4400
+Special Exp Shockwave Speed: 600
+Group: 0
+Score: 10000

$Name: SJD Sathanas 20		;! Object #11
$Display Name: XSTR("SJD Sathanas 20", 15314)
$Class: SJD Sathanas
$Team: Hostile
$Location: 192303.234375, 3550.367676, -12355.554688
$Orientation:
	1.000000, 0.000000, 0.000000,
	0.000000, 1.000000, 0.000000,
	0.000000, 0.000000, 1.000000
$AI Behavior: None
+AI Class: None
$Cargo 1:  XSTR("Nothing", 13)
+Initial Velocity: 33
+Initial Hull: 100
+Initial Shields: 100
+Subsystem: Pilot
$Arrival Location: Hyperspace
$Arrival Cue: ( true ) 
$Departure Location: Hyperspace
$Departure Cue: ( false ) 
$Determination: 10
+Flags: ( "ignore-count" "protect-ship" "no-shields" "invulnerable" "hidden-from-sensors" "no-dynamic" "beam-protect-ship" )
+Flags2: ( )
+Respawn priority: 0
+Group: 0
+Score: 10000

$Name: Templar		;! Object #12
$Display Name: XSTR("Templar", 15315)
$Class: GTC Aeolus
$Team: Friendly
$Location: -4545.148438, 818.604553, -13695.993164
$Orientation:
	-0.999263, 0.000000, 0.038398,
	0.000000, 1.000000, 0.000000,
	-0.038398, 0.000000, -0.999263
$AI Behavior: None
$AI Goals: ( goals ( ai-waypoints-once "Jump node high" 50 ) )
$Cargo 1:  XSTR("Nothing", 13)
+Initial Velocity: 88
+Initial Hull: 87
+Initial Shields: 100
+Subsystem: Pilot
+Subsystem: Turret01
+Subsystem: Turret02
+Subsystem: Turret03
+Subsystem: Turret04
+Subsystem: Turret05
+Subsystem: Turret06
+Subsystem: turret07
+Subsystem: turret08
+Subsystem: turret09
+Subsystem: turret10
+Subsystem: turret11
+Subsystem: turret12
$Arrival Location: Hyperspace
+Arrival Delay: 1
$Arrival Cue: ( true ) 
$Departure Location: Hyperspace
$Departure Cue: ( < 
   ( distance 
      "Jump node high:1" 
      "Templar" 
   )
   300 
)
$Determination: 10
+Flags: ( "cargo-known" "no-shields" "escort" "red-alert-carry" )
+Flags2: ( )
+Respawn priority: 0
+Escort priority: 99
+Destroy At: 1
+Orders Accepted List: ( )
+Group: 0
+Score: 400
$Texture Replace:
+old: nameplate
+new: GTC_Templar

$Name: Gamma 1		;! Object #13
$Display Name: XSTR("Gamma 1", 7154)
$Class: GTF Perseus
$Team: Friendly
$Location: -5492.509766, -0.010450, -13255.564453
$Orientation:
	-0.999263, 0.000000, 0.038398,
	0.000000, 1.000000, 0.000000,
	-0.038398, 0.000000, -0.999263
$AI Behavior: None
+AI Class: Colonel
;+ai class Major
$Cargo 1:  XSTR("Nothing", 13)
+Initial Velocity: 33
+Initial Hull: 3
+Subsystem: Pilot
+Primary Banks: ( "UD-8 Kayser" "Prometheus S" )
+Secondary Banks: ( "Tornado" "Tornado" )
$Arrival Location: Hyperspace
$Arrival Cue: ( false ) 
$Departure Location: Hyperspace
$Departure Cue: ( false ) 
$Determination: 10
+Flags: ( "cargo-known" "red-alert-carry" )
+Flags2: ( )
+Respawn priority: 0
+Orders Accepted List: ( "attack ship" "disable ship" "disarm ship" "guard ship" "ignore ship" "form on wing" "cover me" "attack any" "disable subsys" )
+Group: 0
+Score: 10

$Name: Gamma 2		;! Object #14
$Display Name: XSTR("Gamma 2", 7155)
$Class: GTF Perseus
$Team: Friendly
$Location: -5455.043945, -0.010380, -13226.335938
$Orientation:
	-0.999263, 0.000000, 0.038398,
	0.000000, 1.000000, 0.000000,
	-0.038398, 0.000000, -0.999263
$AI Behavior: None
+AI Class: Colonel
;+ai class Major
$Cargo 1:  XSTR("Nothing", 13)
+Initial Velocity: 33
+Initial Hull: 43
+Subsystem: Pilot
+Primary Banks: ( "UD-8 Kayser" "Prometheus S" )
+Secondary Banks: ( "Tornado" "Tornado" )
$Arrival Location: Hyperspace
$Arrival Cue: ( false ) 
$Departure Location: Hyperspace
$Departure Cue: ( false ) 
$Determination: 10
+Flags: ( "cargo-known" "red-alert-carry" )
+Flags2: ( )
+Respawn priority: 0
+Orders Accepted List: ( "attack ship" "disable ship" "disarm ship" "guard ship" "ignore ship" "form on wing" "cover me" "attack any" "disable subsys" )
+Group: 0
+Score: 10

$Name: Lemnos		;! Object #15
$Display Name: XSTR("Lemnos", 15233)
$Class: GTCv Deimos
$Team: Friendly
$Location: -1625.696167, -315.148590, -18888.658203
$Orientation:
	0.324796, 0.000000, 0.945784,
	0.000000, 1.000000, 0.000000,
	-0.945784, 0.000000, 0.324796
$AI Behavior: None
+AI Class: Major
;+ai class Major
$AI Goals: ( goals ( ai-waypoints "Waypoint path 2" 50 ) )
$Cargo 1:  XSTR("Nothing", 13)
+Initial Velocity: 100
+Initial Hull: 100
+Initial Shields: 100
+Subsystem: Pilot
+Subsystem: Turret01
+Subsystem: Turret02
+Subsystem: Turret03
+Subsystem: Turret04
+Subsystem: Turret05
+Subsystem: Turret06
+Subsystem: Turret07
+Subsystem: Turret08
+Subsystem: Turret09
+Subsystem: Turret10
+Subsystem: Turret11
+Subsystem: Turret12
+Subsystem: Turret13
+Subsystem: Turret14
+Subsystem: Turret15
+Subsystem: Turret16
+Subsystem: Turret17
+Subsystem: Turret18
+Subsystem: Turret19
+Subsystem: Turret20
+Subsystem: Turret21
+Subsystem: Turret22
+Subsystem: Turret23
+Subsystem: Turret24
+Subsystem: Turret25
+Subsystem: Turret26
$Arrival Location: Hyperspace
$Arrival Cue: ( true ) 
$Departure Location: Hyperspace
$Departure Cue: ( and 
   ( < 
      ( distance "Jump Node:1" "Lemnos" ) 
      270 
   )
   ( is-event-true-delay 
      "May continue" 
      3 
   )
)
$Determination: 10
+Flags: ( "cargo-known" "no-shields" "escort" )
+Flags2: ( )
+Respawn priority: 0
+Escort priority: 98
+Orders Accepted List: ( )
+Group: 0
+Score: 400
$Texture Replace:
+old: nameplate
+new: GTCv_Lemnos

$Name: Zollner		;! Object #16
$Display Name: XSTR("Zollner", 15319)
$Class: GTC Leviathan
$Team: Friendly
$Location: -612.246216, 315.129272, -10258.337891
$Orientation:
	-0.938025, 0.000000, 0.346566,
	0.000000, 1.000000, 0.000000,
	-0.346566, 0.000000, -0.938025
$AI Behavior: None
+AI Class: Major
$AI Goals: ( goals ( ai-waypoints-once "Jump Node right" 50 ) )
$Cargo 1:  XSTR("Nothing", 13)
+Initial Velocity: 100
+Initial Hull: 100
+Initial Shields: 100
+Subsystem: Pilot
+Subsystem: Turret01
+Subsystem: turret02
+Subsystem: turret03
+Subsystem: turret04
+Subsystem: turret05
+Subsystem: turret06
+Subsystem: Turret07
+Subsystem: Turret08
+Subsystem: turret09a-01-main
$Arrival Location: Hyperspace
$Arrival Cue: ( is-event-true-delay "Second wave" 0 ) 
$Departure Location: Hyperspace
$Departure Cue: ( < 
   ( distance 
      "Jump Node right:1" 
      "Zollner" 
   )
   411 
)
$Determination: 10
+Flags: ( "cargo-known" "no-shields" "escort" )
+Flags2: ( )
+Respawn priority: 0
+Escort priority: 98
+Orders Accepted List: ( )
+Group: 2
+Use Table Score:
+Score: 200
$Texture Replace:
+old: nameplate
+new: GTC_Zollner

$Name: Notus		;! Object #17
$Display Name: XSTR("Notus", 15320)
$Class: GTT Argo
$Team: Friendly
$Location: 613.430176, 315.128784, -10586.659180
$Orientation:
	-0.925060, 0.000000, 0.379821,
	0.000000, 1.000000, 0.000000,
	-0.379821, 0.000000, -0.925060
$AI Behavior: None
+AI Class: Lieutenant
$AI Goals: ( goals ( ai-waypoints-once "Jump Node Left" 50 ) )
$Cargo 1:  XSTR("Nothing", 13)
+Initial Velocity: 33
+Initial Hull: 100
+Initial Shields: 100
+Subsystem: Pilot
+Subsystem: turret01
+Subsystem: turret02
$Arrival Location: Hyperspace
$Arrival Cue: ( is-event-true-delay 
   "Second wave" 
   ( rand 12 16 ) 
)
$Departure Location: Hyperspace
$Departure Cue: ( < 
   ( distance "Jump Node Left:1" "Notus" ) 
   300 
)
$Determination: 10
+Flags: ( "cargo-known" "no-shields" "escort" )
+Flags2: ( )
+Respawn priority: 0
+Escort priority: 74
+Orders Accepted List: ( )
+Group: 2
+Score: 10

$Name: Lambda 1		;! Object #18
$Display Name: XSTR("Lambda 1", 11644)
$Class: GTT Argo
$Team: Friendly
$Location: -3216.651367, 839.501953, -10705.197266
$Orientation:
	-0.997939, 0.000000, -0.064178,
	0.004085, 0.997972, -0.063527,
	0.064048, -0.063658, -0.995914
$AI Behavior: None
+AI Class: Lieutenant
$AI Goals: ( goals ( ai-waypoints "Jump Node" 50 ) )
$Cargo 1:  XSTR("Nothing", 13)
+Initial Velocity: 33
+Initial Hull: 100
+Initial Shields: 100
+Subsystem: Pilot
+Subsystem: turret01
+Subsystem: turret02
$Arrival Location: Hyperspace
$Arrival Cue: ( is-event-true-delay 
   "Third Wave" 
   ( rand 21 25 ) 
)
$Departure Location: Hyperspace
$Departure Cue: ( < 
   ( distance "Jump Node:1" "Lambda 1" ) 
   300 
)
$Determination: 10
+Flags: ( "cargo-known" "no-shields" "escort" )
+Flags2: ( )
+Respawn priority: 0
+Escort priority: 55
+Orders Accepted List: ( )
+Group: 4
+Score: 10

$Name: Lambda 2		;! Object #19
$Display Name: XSTR("Lambda 2", 11646)
$Class: GTT Argo
$Team: Friendly
$Location: -3298.327148, 839.501465, -10348.499023
$Orientation:
	-0.997651, 0.000000, -0.068503,
	0.004245, 0.998078, -0.061818,
	0.068371, -0.061963, -0.995734
$AI Behavior: None
+AI Class: Lieutenant
$AI Goals: ( goals ( ai-waypoints "Jump Node" 50 ) )
$Cargo 1:  XSTR("Nothing", 13)
+Initial Velocity: 33
+Initial Hull: 100
+Initial Shields: 100
+Subsystem: Pilot
+Subsystem: turret01
+Subsystem: turret02
$Arrival Location: Hyperspace
$Arrival Cue: ( is-event-true-delay 
   "Third Wave" 
   ( rand 21 25 ) 
)
$Departure Location: Hyperspace
$Departure Cue: ( < 
   ( distance "Jump Node:1" "Lambda 2" ) 
   300 
)
$Determination: 10
+Flags: ( "cargo-known" "no-shields" "escort" )
+Flags2: ( )
+Respawn priority: 0
+Escort priority: 55
+Orders Accepted List: ( )
+Group: 4
+Score: 10

$Name: Lambda 3		;! Object #20
$Display Name: XSTR("Lambda 3", 11648)
$Class: GTT Argo
$Team: Friendly
$Location: -3370.817871, 839.501465, -10069.668945
$Orientation:
	-0.997379, 0.000000, -0.072348,
	0.004391, 0.998156, -0.060538,
	0.072215, -0.060697, -0.995540
$AI Behavior: None
+AI Class: Lieutenant
$AI Goals: ( goals ( ai-waypoints "Jump Node" 50 ) )
$Cargo 1:  XSTR("Nothing", 13)
+Initial Velocity: 33
+Initial Hull: 100
+Initial Shields: 100
+Subsystem: Pilot
+Subsystem: turret01
+Subsystem: turret02
$Arrival Location: Hyperspace
$Arrival Cue: ( is-event-true-delay 
   "Third Wave" 
   ( rand 21 25 ) 
)
$Departure Location: Hyperspace
$Departure Cue: ( < 
   ( distance "Jump Node:1" "Lambda 3" ) 
   300 
)
$Determination: 10
+Flags: ( "cargo-known" "no-shields" "escort" )
+Flags2: ( )
+Respawn priority: 0
+Escort priority: 55
+Orders Accepted List: ( )
+Group: 4
+Score: 10

$Name: Lambda 4		;! Object #21
$Display Name: XSTR("Lambda 4", 14956)
$Class: GTT Argo
$Team: Friendly
$Location: -3426.449707, 839.501465, -9815.627930
$Orientation:
	-0.997185, 0.000000, -0.074980,
	0.004468, 0.998223, -0.059422,
	0.074847, -0.059590, -0.995413
$AI Behavior: None
+AI Class: Lieutenant
$AI Goals: ( goals ( ai-waypoints "Jump Node" 50 ) )
$Cargo 1:  XSTR("Nothing", 13)
+Initial Velocity: 33
+Initial Hull: 100
+Initial Shields: 100
+Subsystem: Pilot
+Subsystem: turret01
+Subsystem: turret02
$Arrival Location: Hyperspace
$Arrival Cue: ( is-event-true-delay 
   "Third Wave" 
   ( rand 21 25 ) 
)
$Departure Location: Hyperspace
$Departure Cue: ( < 
   ( distance "Jump Node:1" "Lambda 4" ) 
   300 
)
$Determination: 10
+Flags: ( "cargo-known" "no-shields" "escort" )
+Flags2: ( )
+Respawn priority: 0
+Escort priority: 55
+Orders Accepted List: ( )
+Group: 4
+Score: 10

$Name: Sparta		;! Object #22
$Display Name: XSTR("Sparta", 15321)
$Class: GTC Aeolus
$Team: Friendly
$Location: -3451.403320, 1129.082520, -10753.767578
$Orientation:
	-0.996615, 0.000000, -0.082210,
	0.007044, 0.996323, -0.085388,
	0.081908, -0.085678, -0.992950
$AI Behavior: None
+AI Class: Major
$AI Goals: ( goals ( ai-waypoints "Jump node high" 50 ) )
$Cargo 1:  XSTR("Nothing", 13)
+Initial Velocity: 33
+Initial Hull: 100
+Initial Shields: 100
+Subsystem: Pilot
+Subsystem: Turret01
+Subsystem: Turret02
+Subsystem: Turret03
+Subsystem: Turret04
+Subsystem: Turret05
+Subsystem: Turret06
+Subsystem: turret07
+Subsystem: turret08
+Subsystem: turret09
+Subsystem: turret10
+Subsystem: turret11
+Subsystem: turret12
$Arrival Location: Hyperspace
$Arrival Cue: ( is-event-true-delay 
   "Third Wave" 
   ( rand 12 17 ) 
)
$Departure Location: Hyperspace
$Departure Cue: ( < 
   ( distance 
      "Jump node high:1" 
      "Sparta" 
   )
   300 
)
$Determination: 10
+Flags: ( "cargo-known" "no-shields" "escort" "no-departure-warp" )
+Flags2: ( )
+Respawn priority: 0
+Escort priority: 98
+Orders Accepted List: ( )
+Group: 4
+Score: 400
$Texture Replace:
+old: nameplate
+new: GTC_Sparta

$Name: Sydenham		;! Object #23
$Display Name: XSTR("Sydenham", 15322)
$Class: GTM Hippocrates
$Team: Friendly
$Location: 0.088135, 620.466187, -10860.742188
$Orientation:
	-0.877161, 0.000000, 0.480196,
	0.000000, 1.000000, 0.000000,
	-0.480196, 0.000000, -0.877161
$AI Behavior: None
+AI Class: Lieutenant
$AI Goals: ( goals ( ai-waypoints "Jump Node Left" 50 ) )
$Cargo 1:  XSTR("Nothing", 13)
+Initial Velocity: 33
+Initial Hull: 100
+Initial Shields: 100
+Subsystem: Pilot
+Subsystem: turret01
+Subsystem: turret02
+Subsystem: turret03
+Subsystem: turret04
+Subsystem: turret05
$Arrival Location: Hyperspace
$Arrival Cue: ( is-event-true-delay 
   "Second wave" 
   ( rand 12 32 ) 
)
$Departure Location: Hyperspace
$Departure Cue: ( < 
   ( distance 
      "Jump Node Left:1" 
      "Sydenham" 
   )
   300 
)
$Determination: 10
+Flags: ( "cargo-known" "no-shields" "escort" )
+Flags2: ( )
+Respawn priority: 0
+Escort priority: 65
+Orders Accepted List: ( )
+Group: 2
+Use Table Score:
+Score: 100

$Name: Boerhaave		;! Object #24
$Display Name: XSTR("Boerhaave", 15323)
$Class: GTM Hippocrates
$Team: Friendly
$Location: -2612.080078, -21.826012, -10169.632813
$Orientation:
	-0.998966, 0.000000, -0.045474,
	-0.000072, 0.999999, 0.001592,
	0.045474, 0.001594, -0.998964
$AI Behavior: None
+AI Class: Lieutenant
$AI Goals: ( goals ( ai-waypoints "Jump Node Left" 50 ) )
$Cargo 1:  XSTR("Nothing", 13)
+Initial Velocity: 33
+Initial Hull: 100
+Initial Shields: 100
+Subsystem: Pilot
+Subsystem: turret01
+Subsystem: turret02
+Subsystem: turret03
+Subsystem: turret04
+Subsystem: turret05
$Arrival Location: Hyperspace
$Arrival Cue: ( is-event-true-delay 
   "Third Wave" 
   ( rand 12 17 ) 
)
$Departure Location: Hyperspace
$Departure Cue: ( < 
   ( distance 
      "Jump Node Left:1" 
      "Boerhaave" 
   )
   300 
)
$Determination: 10
+Flags: ( "cargo-known" "no-shields" "escort" )
+Flags2: ( )
+Respawn priority: 0
+Escort priority: 55
+Orders Accepted List: ( )
+Group: 4
+Use Table Score:
+Score: 100

$Name: Io		;! Object #25
$Display Name: XSTR("Io", 15324)
$Class: GTFR Triton
$Team: Friendly
$Location: -3755.572998, -666.236084, -10355.275391
$Orientation:
	1.000000, 0.000001, -0.000038,
	0.000002, -0.999601, 0.028224,
	-0.000038, -0.028224, -0.999601
$AI Behavior: None
+AI Class: Lieutenant
$AI Goals: ( goals ( ai-waypoints "Jump node low" 50 ) )
$Cargo 1:  XSTR("Nothing", 13)
+Initial Velocity: 33
+Initial Hull: 100
+Initial Shields: 100
+Subsystem: Pilot
+Subsystem: Turret01
+Subsystem: Turret02
$Arrival Location: Hyperspace
$Arrival Cue: ( is-event-true-delay 
   "Third Wave" 
   ( rand 12 17 ) 
)
$Departure Location: Hyperspace
$Departure Cue: ( < 
   ( distance "Jump node low:1" "Io" ) 
   300 
)
$Determination: 10
+Flags: ( "cargo-known" "no-shields" "escort" )
+Flags2: ( )
+Respawn priority: 0
+Escort priority: 54
+Orders Accepted List: ( )
+Group: 4
+Use Table Score:
+Score: 20

$Name: TC-TRI 78		;! Object #26
$Display Name: XSTR("TC-TRI 78", 15325)
$Class: TC-TRI
$Team: Friendly
$Location: -3755.580078, -689.133972, -10528.445313
$Orientation:
	1.000000, 0.000001, -0.000042,
	0.000002, -0.999598, 0.028332,
	-0.000042, -0.028332, -0.999598
$AI Behavior: None
$Cargo 1:  XSTR("Medical Supplies", 148)
+Initial Hull: 100
+Initial Shields: 100
+Subsystem: Pilot
$Arrival Location: Hyperspace
$Arrival Cue: ( false ) 
$Departure Location: Hyperspace
$Departure Cue: ( false ) 
$Determination: 10
+Flags: ( "cargo-known" "no-shields" )
+Flags2: ( )
+Respawn priority: 0
+Docked With: Io
$Docker Point: Cargo Dock01
$Dockee Point: Cargo Dockpoint
+Group: 0
+Score: 5
$Texture Replace:
+old: nameplate
+new: GTFr_Io

$Name: Miranda		;! Object #27
$Display Name: XSTR("Miranda", 6635)
$Class: GTFR Triton
$Team: Friendly
$Location: -452.671631, -223.302277, -11188.222656
$Orientation:
	0.904189, 0.089572, -0.417637,
	0.081219, -0.995981, -0.037773,
	-0.419342, 0.000234, -0.907829
$AI Behavior: None
+AI Class: Lieutenant
$AI Goals: ( goals ( ai-waypoints-once "Jump node low" 50 ) )
$Cargo 1:  XSTR("Nothing", 13)
+Initial Velocity: 33
+Initial Hull: 100
+Initial Shields: 100
+Subsystem: Pilot
+Subsystem: Turret01
+Subsystem: Turret02
$Arrival Location: Hyperspace
$Arrival Cue: ( is-event-true-delay 
   "Second wave" 
   ( rand 12 15 ) 
)
$Departure Location: Hyperspace
$Departure Cue: ( < 
   ( distance 
      "Jump node low:1" 
      "Miranda" 
   )
   300 
)
$Determination: 10
+Flags: ( "cargo-known" "no-shields" "escort" )
+Flags2: ( )
+Respawn priority: 0
+Escort priority: 68
+Orders Accepted List: ( )
+Group: 2
+Use Table Score:
+Score: 20

$Name: TSC 2 60		;! Object #28
$Display Name: XSTR("TSC 2 60", 15326)
$Class: TC-TRI
$Team: Friendly
$Location: -524.069458, -241.190628, -11346.635742
$Orientation:
	0.904187, 0.089572, -0.417641,
	0.081264, -0.995981, -0.037675,
	-0.419337, 0.000126, -0.907831
$AI Behavior: None
$Cargo 1:  XSTR("Dravis' diary", 1948)
+Initial Hull: 100
+Initial Shields: 100
+Subsystem: Pilot
$Arrival Location: Hyperspace
$Arrival Cue: ( false ) 
$Departure Location: Hyperspace
$Departure Cue: ( false ) 
$Determination: 10
+Flags: ( "no-shields" )
+Flags2: ( )
+Respawn priority: 0
+Docked With: Miranda
$Docker Point: Cargo Dock01
$Dockee Point: Cargo Dockpoint
+Group: 2
+Score: 5
$Texture Replace:
+old: nameplate
+new: GTFr_Miranda

$Name: Sophron		;! Object #29
$Display Name: XSTR("Sophron", 15327)
$Class: GTFR Poseidon
$Team: Friendly
$Location: -5799.397461, -50.299534, -11195.843750
$Orientation:
	-0.961585, 0.000000, -0.274507,
	-0.001353, 0.999988, 0.004741,
	0.274504, 0.004930, -0.961573
$AI Behavior: None
+AI Class: Lieutenant
$AI Goals: ( goals ( ai-waypoints-once "Jump node low" 50 ) )
$Cargo 1:  XSTR("Nothing", 13)
+Initial Velocity: 33
+Initial Hull: 100
+Initial Shields: 100
+Subsystem: Pilot
+Subsystem: turret01
+Subsystem: turret02
+Subsystem: turret03
+Subsystem: turret04
$Arrival Location: Hyperspace
$Arrival Cue: ( true ) 
$Departure Location: Hyperspace
$Departure Cue: ( < 
   ( distance 
      "Jump node low:1" 
      "Sophron" 
   )
   300 
)
$Determination: 10
+Flags: ( "cargo-known" "no-shields" "escort" )
+Flags2: ( )
+Respawn priority: 0
+Escort priority: 85
+Orders Accepted List: ( )
+Group: 1
+Score: 20

$Name: TSC 2 79		;! Object #30
$Display Name: XSTR("TSC 2 79", 15328)
$Class: TSC 2
$Team: Friendly
$Location: -5800.721191, -67.705032, -11191.192383
$Orientation:
	-0.961585, 0.000001, -0.274508,
	-0.001352, 0.999988, 0.004739,
	0.274505, 0.004928, -0.961573
$AI Behavior: None
$Cargo 1:  XSTR("Foodstuffs", 959)
+Initial Hull: 100
+Initial Shields: 100
+Subsystem: Pilot
$Arrival Location: Hyperspace
$Arrival Cue: ( false ) 
$Departure Location: Hyperspace
$Departure Cue: ( false ) 
$Determination: 10
+Flags: ( "cargo-known" "no-shields" )
+Flags2: ( )
+Respawn priority: 0
+Docked With: Sophron
$Docker Point: cargo dock
$Dockee Point: cargo dock
+Group: 0
+Score: 5
$Texture Replace:
+old: nameplate
+new: GTFr_Sophron

$Name: Har-Wer		;! Object #31
$Display Name: XSTR("Har-Wer", 15329)
$Class: GVFr Satis
$Team: Friendly
$Location: -307.739014, -29.995117, -11227.388672
$Orientation:
	-0.933934, 0.000000, 0.357446,
	0.000000, 1.000000, 0.000000,
	-0.357446, 0.000000, -0.933934
$AI Behavior: None
+AI Class: Lieutenant
$AI Goals: ( goals ( ai-waypoints-once "Jump node high" 50 ) )
$Cargo 1:  XSTR("Nothing", 13)
+Initial Velocity: 33
+Initial Hull: 100
+Initial Shields: 100
+Subsystem: Pilot
+Subsystem: turret01-main
+Subsystem: turret02
+Subsystem: turret03
+Subsystem: turret04
+Subsystem: turret05
$Arrival Location: Hyperspace
$Arrival Cue: ( is-event-true-delay 
   "Second wave" 
   ( rand 12 15 ) 
)
$Departure Location: Hyperspace
$Departure Cue: ( < 
   ( distance 
      "Jump node high:1" 
      "Har-Wer" 
   )
   300 
)
$Determination: 10
+Flags: ( "cargo-known" "no-shields" "escort" )
+Flags2: ( )
+Respawn priority: 0
+Escort priority: 65
+Orders Accepted List: ( )
+Group: 2
+Score: 20

$Name: Kebechet		;! Object #32
$Display Name: XSTR("Kebechet", 15330)
$Class: GVFr Satis
$Team: Friendly
$Location: -5729.125000, -51.135231, -11372.181641
$Orientation:
	-0.963744, 0.000000, -0.266828,
	-0.001120, 0.999991, 0.004046,
	0.266826, 0.004198, -0.963736
$AI Behavior: None
+AI Class: Lieutenant
$AI Goals: ( goals ( ai-waypoints-once "Jump node low" 50 ) )
$Cargo 1:  XSTR("Machine tool parts", 1945)
+Initial Velocity: 33
+Initial Hull: 100
+Initial Shields: 100
+Subsystem: Pilot
+Subsystem: turret01-main
+Subsystem: turret02
+Subsystem: turret03
+Subsystem: turret04
+Subsystem: turret05
$Arrival Location: Hyperspace
$Arrival Cue: ( true ) 
$Departure Location: Hyperspace
$Departure Cue: ( < 
   ( distance 
      "Jump node low:1" 
      "Kebechet" 
   )
   300 
)
$Determination: 10
+Flags: ( "cargo-known" "no-shields" "escort" )
+Flags2: ( )
+Respawn priority: 0
+Escort priority: 87
+Orders Accepted List: ( )
+Group: 1
+Score: 20

$Name: Ptah-Nu		;! Object #33
$Display Name: XSTR("Ptah-Nu", 15331)
$Class: GVC Mentu
$Team: Friendly
$Location: -5468.143555, -142.435989, -11940.273438
$Orientation:
	-0.960484, 0.000000, -0.278337,
	-0.003300, 0.999930, 0.011389,
	0.278317, 0.011857, -0.960416
$AI Behavior: None
+AI Class: Major
$AI Goals: ( goals ( ai-chase "Thanatos" 50 ) ( ai-chase "Bane" 33 ) ( ai-chase "Melchom" 32 ) ( ai-waypoints-once "Jump node low" 12 ) )
$Cargo 1:  XSTR("Nothing", 13)
+Initial Velocity: 33
+Initial Hull: 100
+Initial Shields: 100
+Subsystem: Pilot
+Subsystem: Turret01
+Subsystem: Turret02
+Subsystem: Turret03
+Primary Banks: ( "" )
+Subsystem: Turret04
+Subsystem: Turret05
+Primary Banks: ( "Subach HL-7" )
+Subsystem: Turret06
+Subsystem: Turret07
+Subsystem: Turret08
+Subsystem: Turret09
+Subsystem: Turret10
+Subsystem: Turret11
+Subsystem: Turret12
+Subsystem: Turret13
+Subsystem: Turret14
+Subsystem: Turret15
+Subsystem: Turret16
$Arrival Location: Hyperspace
$Arrival Cue: ( true ) 
$Departure Location: Hyperspace
$Departure Cue: ( < 
   ( distance 
      "Jump node low:1" 
      "Ptah-Nu" 
   )
   300 
)
$Determination: 10
+Flags: ( "cargo-known" "no-shields" "escort" )
+Flags2: ( )
+Respawn priority: 0
+Escort priority: 98
+Orders Accepted List: ( )
+Group: 1
+Score: 90

$Name: Darwin		;! Object #34
$Display Name: XSTR("Darwin", 15332)
$Class: GTSC Faustus
$Team: Friendly
$Location: -280.600159, -442.372711, -11674.076172
$Orientation:
	-0.924408, 0.000000, 0.381406,
	0.000000, 1.000000, 0.000000,
	-0.381406, 0.000000, -0.924408
$AI Behavior: None
+AI Class: Lieutenant
$AI Goals: ( goals ( ai-waypoints "Jump node low" 50 ) )
$Cargo 1:  XSTR("Nothing", 13)
+Initial Hull: 100
+Initial Shields: 100
+Subsystem: Pilot
+Subsystem: Turret01
+Subsystem: Turret02
+Subsystem: Turret03
+Subsystem: Turret04
+Subsystem: Turret05
+Subsystem: Turret06
$Arrival Location: Hyperspace
$Arrival Cue: ( is-event-true-delay 
   "Second wave" 
   ( rand 8 14 ) 
)
$Departure Location: Hyperspace
$Departure Cue: ( < 
   ( distance "Jump node low:1" "Darwin" ) 
   300 
)
$Determination: 10
+Flags: ( "cargo-known" "no-shields" "escort" )
+Flags2: ( )
+Respawn priority: 0
+Escort priority: 66
+Orders Accepted List: ( )
+Group: 2
+Score: 400
$Texture Replace:
+old: nameplate
+new: GTSC_Darwin

$Name: Mihos		;! Object #35
$Display Name: XSTR("Mihos", 15333)
$Class: GVT Isis
$Team: Friendly
$Location: -6008.311523, 116.443474, -11131.539063
$Orientation:
	-0.966821, 0.000000, -0.255453,
	0.002379, 0.999957, -0.009003,
	0.255442, -0.009312, -0.966779
$AI Behavior: None
+AI Class: Lieutenant
$AI Goals: ( goals ( ai-waypoints-once "Jump Node Left" 50 ) )
$Cargo 1:  XSTR("Nothing", 13)
+Initial Velocity: 33
+Initial Hull: 100
+Initial Shields: 100
+Subsystem: Pilot
+Subsystem: Turret01
+Subsystem: Turret02
$Arrival Location: Hyperspace
$Arrival Cue: ( true ) 
$Departure Location: Hyperspace
$Departure Cue: ( < 
   ( distance "Jump Node Left:1" "Mihos" ) 
   300 
)
$Determination: 10
+Flags: ( "cargo-known" "no-shields" )
+Flags2: ( )
+Respawn priority: 0
+Orders Accepted List: ( )
+Group: 1
+Use Table Score:
+Score: 15

$Name: Resheph		;! Object #36
$Display Name: XSTR("Resheph", 15334)
$Class: PVFR Ma'at
$Team: Friendly
$Location: -432.802002, -88.405807, -11698.953125
$Orientation:
	-0.928073, -0.012988, 0.372173,
	0.000001, 0.999391, 0.034880,
	-0.372399, 0.032371, -0.927508
$AI Behavior: None
+AI Class: Lieutenant
$AI Goals: ( goals ( ai-waypoints-once "Jump Node Left" 50 ) )
$Cargo 1:  XSTR("Nothing", 13)
+Initial Velocity: 33
+Initial Hull: 100
+Initial Shields: 100
+Subsystem: Pilot
+Subsystem: Turret01
+Subsystem: Turret02
+Subsystem: Turret03
$Arrival Location: Hyperspace
$Arrival Cue: ( is-event-true-delay 
   "Second wave" 
   ( rand 12 15 ) 
)
$Departure Location: Hyperspace
$Departure Cue: ( < 
   ( distance 
      "Jump Node Left:1" 
      "Resheph" 
   )
   300 
)
$Determination: 10
+Flags: ( "cargo-known" "no-shields" )
+Flags2: ( )
+Respawn priority: 0
+Orders Accepted List: ( )
+Group: 2
+Score: 10

$Name: VAC 4 61		;! Object #37
$Display Name: XSTR("VAC 4 61", 15335)
$Class: VAC 4
$Team: Friendly
$Location: -428.898254, -80.314514, -11686.136719
$Orientation:
	-0.928073, -0.012988, 0.372172,
	0.012990, 0.997654, 0.067210,
	-0.372172, 0.067210, -0.925727
$AI Behavior: None
$Cargo 1:  XSTR("Abbot Laurent's Journal", 1949)
+Initial Hull: 100
+Initial Shields: 100
+Subsystem: Pilot
$Arrival Location: Hyperspace
$Arrival Cue: ( false ) 
$Departure Location: Hyperspace
$Departure Cue: ( false ) 
$Determination: 10
+Flags: ( "no-shields" )
+Flags2: ( )
+Respawn priority: 0
+Docked With: Resheph
$Docker Point: cargo dock
$Dockee Point: cargo dock
+Group: 2
+Use Table Score:
+Score: 3

$Name: Nephthys		;! Object #38
$Display Name: XSTR("Nephthys", 15336)
$Class: PVFR Ma'at
$Team: Friendly
$Location: -5593.555664, 101.622887, -11297.728516
$Orientation:
	-0.966087, 0.000000, -0.258218,
