#Mission Info

$Version: 0.10
$Name:  XSTR("No Time to Bleed", 7927)
$Author: Lepanto
$Created: 07/01/13 at 15:02:53
$Modified: 04/27/23 at 12:55:50
$Notes:
This is a FRED2_OPEN created mission.
$End Notes:

$Mission Desc:
 XSTR("Commander Cyrus Severanti fends off the NTF attack on Luzon Station while covering its evacuation, despite suffering personal injuries.", 7928)
$end_multi_text
+Game Type Flags: 1
+Flags: 131216
+Fog Near Mult: 1.000000

+Fog Far Mult: 1.000000

+Disallow Support: 1
+Hull Repair Ceiling: 0.000000
+Subsystem Repair Ceiling: 100.000000

+Viewer pos: 5961.227539, 8035.397461, -1720.222778
+Viewer orient:
	0.429297, 0.000000, 0.903163,
	-0.660784, 0.681699, 0.314088,
	-0.615686, -0.731633, 0.292652

$Starting wing names: ( "Steadfast#" "Alpha" "Beta" )
$Squadron wing names: ( "Steadfast#" "Alpha" "Beta" "Gamma" "Delta" )
$Team-versus-team wing names: ( "Steadfast#" "Zeta" )

$Skybox Model: skybox_EPegasi.pof

$AI Profile: BP2 R2

#Sexp_variables

$Variables:
(
		0		"ablecountdown"		"0"		"number"
		1		"ablecountup"		"0"		"number"
		2		"AfterburnerCharge"		"59"		"number"
		3		"beamCooldown"		"0"		"number"
		4		"beamRefireRate"		"10"		"number"
		5		"dfC"		"0"		"number"
		6		"fD"		"5"		"number"
		7		"flareChargeCounter"		"0"		"number"
		8		"flaresLeft"		"10"		"number"
		9		"inasteroid"		"0"		"number"
		10		"lastColor"		"0"		"number"
		11		"menuon"		"1"		"number"
		12		"playersecondary"		"0"		"number"
		13		"SalvoFire"		"0"		"number"
		14		"useTrainingMsgs"		"0"		"number"
		15		"i18nVariable1"		"NTB Zeus"		"string"
		16		"i18nVariable2"		"NTF Hercules"		"string"
		17		"i18nVariable3"		"TACTICAL INTERFACE"		"string"
		18		"i18nVariable4"		"   ==OFFLINE=="		"string"
		19		"i18nVariable5"		" "		"string"
		20		"i18nVariable6"		"$1$ - Overload Beams"		"string"
		21		"i18nVariable7"		"$2$ - Jamming Burst"		"string"
		22		"i18nVariable8"		"$3$ - Thruster Boost"		"string"
		23		"i18nVariable9"		"boosting plasma feed"		"string"
		24		"i18nVariable10"		"charging overloads"		"string"
		25		"i18nVariable11"		"firing overloads"		"string"
		26		"i18nVariable12"		"capacitors discharging"		"string"
		27		"i18nVariable13"		"hostiles disrupted"		"string"
		28		"i18nVariable14"		"jamming active"		"string"
		29		"i18nVariable15"		"hostiles adapting"		"string"
		30		"i18nVariable16"		"cycling frequencies"		"string"
		31		"i18nVariable17"		"thrusters boosted"		"string"
		32		"i18nVariable18"		"boost complete"		"string"
		33		"i18nVariable19"		"thrusters cooling"		"string"
		34		"i18nVariable20"		"Beam Ready In"		"string"
		35		"i18nVariable21"		"Cycle Time"		"string"
		36		"i18nVariable22"		"HULL INTEGRITY CRITICAL"		"string"
		37		"i18nVariable23"		"#Gunnery"		"string"
		38		"i18nVariable24"		"#Severanti"		"string"
		39		"i18nVariable25"		"#Steadfast XO"		"string"
		40		"i18nVariable26"		"GTVA Personnel"		"string"
)

#Command Briefing

$Stage Text:
 XSTR("$b April $b 4, $b 2366

The Neo-Terran Front Rebellion has dragged on for nearly a year. The Lost Generation's anti-Vasudan hate and blame, which Aken Bosch whipped into a storm of fury, continues to ravage GTVA space. Polaris, Regulus, and Sirius continue to produce NTF warships, crewed by the eager youth of the Lost Generation, which are hurled into battle against the Alliance across multiple fronts. The Rebels are unaware that they are merely puppets in Bosch's grand, mad scheme to save humanity by forging an alliance with the Shivans, but they eagerly kill Terran and Vasudan soldiers and civilians alike, all the same.

The Alliance battles the NTF in Alpha Centauri, Deneb, Vega, and Epsilon Pegasi. After an initial series of costly battles around the NTF home systems, the war has largely devolved into a stalemate. Neither side is willing to risk a major offensive, and risk losing everything$semicolon most fighting is limited to probes and raids. The Security Council has repeatedly proposed cease-fires, which the NTF has abused to recover its strength and launch covert attacks.

Cyrus Severanti, captain of the 6th Fleet's GTCv Steadfast, is already a stalwart commander and veteran of months of war. The 6th is assigned to the Epsilon Pegasi theater, against the NTF's own 6th Fleet, which has recently fallen under the command of the fiery Rear Admiral Koth. Koth has launched a series of probing attacks at the GTVA's scattered holdings in the system. Admiral West, the GTVA 6th Fleet's CO, is worried that Koth is planning a major offensive, and has dispatched ships to reinforce poorly-defended Allied holdings . . .", 7929)
$end_multi_text
$Ani Filename: <default>
+Wave Filename: Severanti_CBR01.ogg

$Stage Text:
 XSTR("$bFrom: $b cseveranti2@6flt.navy.mil
$b To: $b gwest5@6flt.navy.mil
$b Subject: $b Re: $b Your $b performance $b evaluation

Admiral,

You are most kind. During these months, I have resolved to do my duty as a corvette captain, but I feel honored that you would consider recommending me for fast-track promotion. You have been a most generous patron, Sir.

Frankly, I am amazed that Admiral Koth was ever given a theater command. His tactics are unduly aggressive, especially his frequent attacks with his flagship. His fleet, and the NTF as a whole, are losing the war of attrition. Even if Bosch has the operational genius of a Robert E. Lee, as long as we play Grant and grind the Rebels down under our superior numbers and industrial might, our eventual victory is assured. You know me, Sir$semicolon I simply cannot abide commanders taking foolish gambles.

On a lighter note, the Steadfast's maintenance has finished. The ETS is working at peak efficiency, and my Chief Engineer has devised some new power-distribution programs. My ship stands ready to fight, Admiral.

Yours,
Cpt. Cyrus Severanti", 7930)
$end_multi_text
$Ani Filename: <default>
+Wave Filename: Severanti_CBR02.ogg

$Stage Text:
 XSTR("$b CAPTAIN'S $b REFERENCE
$b GTCv $b Steadfast $b (CV-73)
$b TACTICAL $b SUMMARY

The GTCv Deimos is an effective multirole combatant, protected by modern molybdenum armor, and mounting weaponry capable of engaging all classes of hostile vessels.

The Deimos is equipped with an Energy Transfer System, allowing you to shift power between the ship's weapons and engines as the situation dictates.", 7931)
$end_multi_text
$Ani Filename: <default>
+Wave Filename: Severanti_CBR03.ogg

$Stage Text:
 XSTR("The Deimos's main anti-capital weapons systems are its four 'Forge Eagle' slash beam cannons$semicolon two are mounted in the nose, and one on each side of the vessel. These beams have a range of 4 km.

You can set your beams to $y fire $y manually when you press $b Left $b CTRL on your console, $y engage $y automatically, fire on your current main target $y(track $y mode), or fire on a designated secondary target $y(lock $y mode). Designate secondary targets by targeting them and then pulling the 'primary fire' trigger. Your HUD will track your current secondary target in the gunnery display.

To toggle between Manual Fire and the three automatic modes, press $b Alt-X on your console. To toggle between the individual automatic modes, press the $b Left and $b Right keys.

The Deimos also mounts 10 laser turrets, 6 flak cannons, 4 AAA beams, and 2 Piranha missile launchers. These weapons are primarily placed to cover the Deimos's side, ventral, and stern arcs$semicolon if you are attacked by enemy bombers from ahead or from the top, maneuver into a more favorable firing arc. Your anti-fighter weapons are all automated.", 7932)
$end_multi_text
$Ani Filename: <default>
+Wave Filename: Severanti_CBR04.ogg

$Stage Text:
 XSTR("$b ADDENDUM

The GTCv Steadfast mounts nonstandard upgrades to its ETS, giving it three alternate energy-transfer modes, to be used according to tactical exigency.

Pressing $b 1 on your console will start overcharging your main beams to fire a single overloaded volley. The plasma cores will require 30 seconds to charge, temporarily taking all your beams and turrets offline$semicolon once charging is complete, your overloaded beams will fire on your target.

Press $b 2 to fire a heavy jamming burst. All enemy ships in the battlespace will lose fire control and avionics for 20 seconds$semicolon your capacitors must cycle for 10 seconds afterward.

Press $b 3 to channel more plasma to your engines, temporarily mimicking a strikecraft's afterburner. You will have 20 seconds of afterburner power, but your engines will take 15 seconds to recover.", 7933)
$end_multi_text
$Ani Filename: <default>
+Wave Filename: Severanti_CBR05.ogg

#Briefing
$start_briefing
$num_stages: 2
$start_stage
$multi_text
 XSTR("Looks like $h Koth's finally making a move. Our scout wings have detected an $h NTF $h strike $h force mobilizing at the $h Polaris $h node beachhead. We are unsure of their intended target, but $f Luzon $f Station, in Orbital Sector 137 of Epsilon Pegasi V, is too vulnerable to be left uncovered. Therefore, Commander, you are ordered to deploy the $f Steadfast to $f Luzon, and prepare for defensive action. You will be supported by $f Luzon's four onboard $f fighter $f squadrons, which should be sufficient to repulse any expected attack. All other operational $f 6th $f Fleet units are being kept in reserve to counter other potential $h NTF attacks.", 7934)
$end_multi_text
$voice: Severanti_BR01.ogg
$camera_pos: 0.000000, 5496.619629, -9460.607422
$camera_orient:
	1.000000, 0.000000, -0.000000,
	0.000000, 0.866025, 0.500000,
	0.000000, -0.500000, 0.866025
$camera_time: 500
$num_lines: 1
$line_start: 0
$line_end: 2
$num_icons: 4
$Flags: 0
$Formula: ( true ) 
$start_icon
$type: 15
$team: Friendly
$class: GTI Arcadia
$pos: -3536.682617, -0.000969, 1975.515625
$label:  XSTR("Luzon Station", 7935)
+id: 1
$hlight: 1
$mirror: 0
$multi_text
$end_multi_text
$end_icon
$start_icon
$type: 28
$team: Friendly
$class: GTCv Deimos#Player
$pos: -4165.955566, -0.001220, -3556.783203
$label:  XSTR("GTCv Steadfast", 7936)
+id: 2
$hlight: 0
$mirror: 0
$multi_text
$end_multi_text
$end_icon
$start_icon
$type: 19
$team: Neutral
$class: GTC Leviathan
$pos: 7941.571777, 0.000681, 6236.583984
$label:  XSTR("NTF Attackers", 7937)
+id: 3
$hlight: 0
$mirror: 0
$multi_text
$end_multi_text
$end_icon
$start_icon
$type: 1
$team: Friendly
$class: GTF Myrmidon
$pos: -671.066772, -0.003395, -3457.496338
$label:  XSTR("Luzon Defense Squadrons", 7938)
+id: 5
$hlight: 0
$mirror: 0
$multi_text
$end_multi_text
$end_icon
$end_stage
$start_stage
$multi_text
 XSTR("The $f 341st $f Bomber $f Squadron is on Jump Five, in case the $f Luzon $f Station situation becomes critical. They will be deployed at my discretion. Between the $f Steadfast, the Luzon $f defense $f fighters, and the $f 341st, $f Luzon should be able to repel any assault force under battlegroup strength.

Should the $h NTF attack with overwhelming force and $f Luzon $f Station be in critical danger, it will be evacuated in accordance with General Order 22. If this occurs, you are ordered to cover the $f evacuation $f transports' exit pattern. $f Luzon $f Station is manned by over 12,000 military and civilian personnel. Their safety is a high priority, especially the civilians'.

Godspeed, Commander Severanti.
Dismissed.", 7939)
$end_multi_text
$voice: Severanti_BR02.ogg
$camera_pos: -0.000000, 5142.111816, -8939.438477
$camera_orient:
	1.000000, 0.000000, -0.000000,
	0.000000, 0.856620, 0.515948,
	0.000000, -0.515948, 0.856620
$camera_time: 500
$num_lines: 1
$line_start: 0
$line_end: 3
$num_icons: 5
$Flags: 0
$Formula: ( true ) 
$start_icon
$type: 15
$team: Friendly
$class: GTI Arcadia
$pos: -6372.683105, -0.001101, 2768.188721
$label:  XSTR("Luzon Station", 7935)
+id: 1
$hlight: 1
$mirror: 0
$multi_text
$end_multi_text
$end_icon
$start_icon
$type: 19
$team: Neutral
$class: GTC Leviathan
$pos: 7701.519531, 0.000773, 4833.833984
$label:  XSTR("NTF Attackers", 7937)
+id: 3
$hlight: 0
$mirror: 0
$multi_text
$end_multi_text
$end_icon
$start_icon
$type: 17
$team: Friendly
$class: GTB Ursa
$pos: 3865.748535, -0.001866, -3735.659424
$label:  XSTR("341st Bomber Squadron", 7940)
+id: 4
$hlight: 0
$mirror: 0
$multi_text
$end_multi_text
$end_icon
$start_icon
$type: 27
$team: Friendly
$class: GTT Elysium
$pos: -4046.393799, -0.000193, -3531.674805
$label:  XSTR("Evac Transports", 7941)
+id: 6
$hlight: 0
$mirror: 0
$multi_text
$end_multi_text
$end_icon
$start_icon
$type: 28
$team: Friendly
$class: GTCv Deimos#Player
$pos: -250.291534, 0.000694, -1998.155518
$label:  XSTR("GTCv Steadfast", 7936)
+id: 7
$hlight: 0
$mirror: 0
$multi_text
$end_multi_text
$end_icon
$end_stage
$end_briefing

#Debriefing_info

$Num stages: 2

$Formula: ( is-event-true-delay 
   "Too Many Transps Dead" 
   0 
)
$Multi text
    XSTR("Captain Cyrus Severanti, already heavily injured in the back and arm when the Steadfast's gravity plating failed under enemy bombardment, passed out and died on his ship's bridge.

The NTF attack did heavy damage to Luzon Station, crippling GTVA efforts in Epsilon Pegasi.

Over a decade later, when the GTVA declared war on the United Earth Federation, Admiral Chiwetel Steele was quickly appointed to supreme command in the Sol theater. Without Severanti's grinding fourteen-month campaign to wear the UEF down, or the TEI ships which would enter service in the near future, the ambitious Steele overplayed his hand, and the GTVA took heavy losses in a failed Blitz on Earth . . .", 7942)
$end_multi_text
$Voice: Severanti_DBR01.ogg
$Recommendation text:
    XSTR("To stop the NTF cruisers from firing on the evac ships, move in close enough to distract them. To stop the fighters, move in and engage them with your AAA. Proper positioning, and use of the Deimos's capabilities, is key.", 7943)
$end_multi_text

$Formula: ( is-event-true-delay "Fade Out" 0 ) 
$Multi text
    XSTR("For his heroic defense of Luzon Station on April 4, 2366, and for staying in command of the Steadfast despite heavy personal injury, Captain Cyrus Severanti was awarded the Order of Galatea.

With Luzon Station intact, the GTVA could hold Epsilon Pegasi without needing to reroute forces from other theaters.

Between his wartime achievements and his connections in GTVA high command, Severanti would rise in rank over the ensuing years.

Over a decade later, when the GTVA invaded the United Earth Federation, Severanti would take supreme command of the Sol theater. Thanks to his slow, attrition-based strategy, the war would drag on for eighteen months, before the mounting impatience of his political masters pressured him into the foolish gamble of attacking Luna. After nearly losing his flagship to a UEF counterattack, he was ignominiously relieved of command, and rotated back home. His war of attrition did succeed in depleting UEF logistical assets, and rendered Sol more vulnerable to his successor, the more aggressive Admiral Steele . . .", 7944)
$end_multi_text
$Voice: Severanti_DBR02.ogg
$Recommendation text:
    XSTR("", 10)
$end_multi_text


#Callsigns:
$Callsign: XSTR("90th Hetairoi", 7945)
$Callsign: XSTR("163rd Sirius Lancers", 7946)
$Callsign: XSTR("341st Bomber Squadron", 7940)
$Callsign: XSTR("308th Berserkers", 7947)
$Callsign: XSTR("308th Purifiers", 7948)
$Callsign: XSTR("240th Saracens", 7949)

#end


#Players		;! 1 total

$Starting Shipname: Steadfast# 1
$Ship Choices: (
	"GVF Ptah"	5
)

+Weaponry Pool: (
	"Subach HL-7"	16
	"Subach HL-D"	16
	"Mekhu HL-7"	16
	"Mekhu HL-7D"	16
	"Akheton SDG"	16
	"Morning Star"	16
	"MorningStar D"	16
	"Prometheus R"	30
	"Prometheus S"	16
	"Prometheus D"	16
	"Maxim"	16
	"Maxim D"	16
	"UD-8 Kayser"	16
	"UD-D Kayser"	16
	"Circe"	16
	"Lamprey"	16
	"Rockeye"	500
	"Rockeye D"	500
	"Tempest"	500
	"Tempest D"	500
	"Hornet"	500
	"Hornet D"	500
	"Tornado"	500
	"Tornado D"	500
	"Harpoon"	500
	"Harpoon D"	500
	"Trebuchet"	500
	"TAG-A"	500
	"TAG-B"	500
	"TAG-C"	500
)

#Objects		;! 44 total

$Name: Steadfast# 1		;! Object #0
$Display Name: XSTR("Steadfast", 7950)
$Class: GTCv Deimos#Player
$Team: Friendly
$Location: 1211.339355, -255.149734, -4261.530762
$Orientation:
	0.446049, -0.887973, 0.112000,
	0.888130, 0.454626, 0.067384,
	-0.110753, 0.069414, 0.991421
+AI Class: BP2-Captain
$Cargo 1:  XSTR("Nothing", 13)
+Initial Hull: 100
+Initial Shields: 100
+Subsystem: Pilot
+Subsystem: Turret01
+Subsystem: Turret02
+Subsystem: Turret03
+Subsystem: Turret04
+Subsystem: Turret05
+Subsystem: Turret06
+Subsystem: Turret07
+Subsystem: Turret08
+Subsystem: Turret09
+Subsystem: Turret10
+Subsystem: Turret11
+Subsystem: Turret12
+Subsystem: Turret13
+Subsystem: Turret14
+Subsystem: Turret15
+Subsystem: Turret16
+Subsystem: Turret17
+Subsystem: Turret18
+Subsystem: Turret19
+Subsystem: Turret20
+Subsystem: Turret21
+Subsystem: Turret22
+Subsystem: Turret23
+Subsystem: Turret24
+Subsystem: Turret25
+Subsystem: Turret26
$Arrival Location: Hyperspace
$Arrival Cue: ( false ) 
$Departure Location: Hyperspace
$Departure Cue: ( false ) 
$Determination: 10
+Flags: ( "cargo-known" "no-shields" "player-start" )
+Flags2: ( "no-subspace-drive" )
+Respawn priority: 0
+Group: 0
+Score: 8
$Texture Replace:
+old: nameplate
+new: gtcv_steadfast

$Name: Luzon Station		;! Object #1
$Display Name: XSTR("Luzon Station", 7935)
$Class: GTI Arcadia
$Team: Friendly
$Location: 40.473114, -17.220978, 2945.337891
$Orientation:
	0.780536, -0.574042, -0.247476,
	-0.621635, -0.754488, -0.210529,
	-0.065865, 0.318164, -0.945749
+AI Class: BP2-General
$Cargo 1:  XSTR("Nothing", 13)
+Initial Velocity: 33
+Initial Hull: 100
+Initial Shields: 100
+Subsystem: Pilot
+Subsystem: turret01
+Subsystem: turret02
+Subsystem: turret03
+Subsystem: turret04
+Subsystem: turret05
+Subsystem: turret06
+Subsystem: turret07
+Subsystem: turret08
+Subsystem: turret09
+Subsystem: turret10
+Primary Banks: ( "Terran Turret Weak" )
+Subsystem: turret11
+Subsystem: turret12
+Subsystem: turret13
+Subsystem: turret14
+Subsystem: turret15
+Subsystem: turret16
+Subsystem: turret17
+Subsystem: turret18
+Subsystem: turret19
+Subsystem: turret20
+Subsystem: turret21
+Subsystem: turret22
+Subsystem: turret23
+Subsystem: turret24
$Arrival Location: Hyperspace
$Arrival Cue: ( true ) 
$Departure Location: Hyperspace
$Departure Cue: ( false ) 
$Determination: 10
+Flags: ( "cargo-known" "no-shields" "escort" "guardian" )
+Flags2: ( )
+Respawn priority: 0
+Escort priority: 0
+Docked With: Julius
$Docker Point: Bottom dock
$Dockee Point: topside docking
+Docked With: Hortense
$Docker Point: Frontside dock
$Dockee Point: Bigship docking
+Orders Accepted List: ( )
+Group: 0
+Use Table Score:
+Score: 800

$Name: Hortense		;! Object #2
$Display Name: XSTR("Hortense", 7951)
$Class: GTT Argo
$Team: Friendly
$Location: -468.501831, -117.577850, 2835.899902
$Orientation:
	-0.780550, 0.574025, 0.247471,
	0.065782, -0.318264, 0.945721,
	0.621626, 0.754459, 0.210660
+AI Class: BP2-Lieutenant
$Cargo 1:  XSTR("GTVA Personnel", 7952)
+Initial Velocity: 33
+Initial Hull: 100
+Initial Shields: 100
+Subsystem: Pilot
+Subsystem: turret01
+Subsystem: turret02
$Arrival Location: Hyperspace
$Arrival Cue: ( false ) 
$Departure Location: Hyperspace
$Departure Cue: ( false ) 
$Determination: 10
+Flags: ( "cargo-known" "no-shields" "beam-protect-ship" )
+Flags2: ( )
+Respawn priority: 0
+Special Hitpoints: 15500
+Hotkey: 4
+Docked With: Luzon Station
$Docker Point: Bigship docking
$Dockee Point: Frontside dock
+Orders Accepted List: ( )
+Group: 0
+Use Table Score:
+Score: 40

$Name: Julius		;! Object #3
$Display Name: XSTR("Julius", 7953)
$Class: GTT Argo
$Team: Friendly
$Location: -668.935730, 576.959473, 3227.960449
$Orientation:
	0.780536, -0.574042, -0.247477,
	-0.621637, -0.754477, -0.210562,
	-0.065844, 0.318191, -0.945741
+AI Class: BP2-Lieutenant
$Cargo 1:  XSTR("GTVA Personnel", 7952)
+Initial Hull: 100
+Initial Shields: 100
+Subsystem: Pilot
+Subsystem: turret01
+Subsystem: turret02
$Arrival Location: Hyperspace
$Arrival Cue: ( false ) 
$Departure Location: Hyperspace
$Departure Cue: ( false ) 
$Determination: 10
+Flags: ( "cargo-known" "no-shields" "beam-protect-ship" )
+Flags2: ( )
+Respawn priority: 0
+Special Hitpoints: 15500
+Hotkey: 4
+Docked With: Luzon Station
$Docker Point: topside docking
$Dockee Point: Bottom dock
+Orders Accepted List: ( )
+Group: 0
+Use Table Score:
+Score: 40

$Name: Nakura		;! Object #4
$Display Name: XSTR("Nakura", 7954)
$Class: GTC Leviathan
$Team: Neutral
$Location: -4354.054688, 2061.393555, 2142.353027
$Orientation:
	0.317870, 0.771745, 0.550789,
	-0.187582, -0.518247, 0.834406,
	0.929393, -0.368551, -0.019970
+AI Class: BP2-Colonel
$Cargo 1:  XSTR("Nothing", 13)
+Initial Velocity: 33
+Initial Hull: 100
+Initial Shields: 100
+Subsystem: Pilot
+Subsystem: Turret01
+Subsystem: turret02
+Subsystem: turret03
+Primary Banks: ( "AAAh" )
+Subsystem: turret04
+Primary Banks: ( "AAAh" )
+Subsystem: turret05
+Primary Banks: ( "AAAh" )
+Subsystem: turret06
+Primary Banks: ( "AAAh" )
+Subsystem: Turret07
+Subsystem: Turret08
+Subsystem: turret09a-01-main
$Arrival Location: Hyperspace
$Arrival Cue: ( has-time-elapsed 21 ) 
$Departure Location: Hyperspace
$Departure Cue: ( false ) 
$Determination: 10
+Flags: ( "cargo-known" "no-shields" "escort" )
+Flags2: ( )
+Respawn priority: 0
+Escort priority: 1
+Orders Accepted List: ( "attack ship" )
+Group: 0
+Use Table Score:
+Score: 200
$Texture Replace:
+old: nameplate
+new: ntcnakura
+old: LeviathanMain
+new: NTFLevyMain

$Name: Kiowa		;! Object #5
$Display Name: XSTR("Kiowa", 7955)
$Class: GTC Leviathan
$Team: Neutral
$Location: -3496.299316, 2383.433105, 3468.727539
$Orientation:
	0.683460, 0.541257, 0.489820,
	-0.187581, -0.518247, 0.834407,
	0.705477, -0.662164, -0.252670
+AI Class: BP2-Colonel
$Cargo 1:  XSTR("Nothing", 13)
+Initial Velocity: 33
+Initial Hull: 100
+Initial Shields: 100
+Subsystem: Pilot
+Subsystem: Turret01
+Subsystem: turret02
+Subsystem: turret03
+Primary Banks: ( "AAAh" )
+Subsystem: turret04
+Primary Banks: ( "AAAh" )
+Subsystem: turret05
+Primary Banks: ( "AAAh" )
+Subsystem: turret06
+Primary Banks: ( "AAAh" )
+Subsystem: Turret07
+Subsystem: Turret08
+Subsystem: turret09a-01-main
$Arrival Location: Hyperspace
$Arrival Cue: ( has-time-elapsed 21 ) 
$Departure Location: Hyperspace
$Departure Cue: ( <= ( hits-left "Kiowa" ) 32 ) 
$Determination: 10
+Flags: ( "cargo-known" "no-shields" "escort" )
+Flags2: ( )
+Respawn priority: 0
+Escort priority: 1
+Orders Accepted List: ( "attack ship" )
+Group: 0
+Use Table Score:
+Score: 200
$Texture Replace:
+old: nameplate
+new: ntckiowa
+old: LeviathanMain
+new: NTFLevyMain

$Name: Mali		;! Object #6
$Display Name: XSTR("Mali", 7956)
$Class: GTT Elysium
$Team: Friendly
$Location: -3167.402344, 0.000532, 1054.350952
$Orientation:
	1.000000, 0.000000, 0.000000,
	0.000000, 1.000000, 0.000000,
	0.000000, 0.000000, 1.000000
+AI Class: BP2-Lieutenant
$AI Goals: ( goals ( ai-waypoints-once "Julius Jump" 50 ) ( ai-warp-out 50 ) )
$Cargo 1:  XSTR("GTVA Personnel", 7952)
+Initial Velocity: 33
+Initial Hull: 100
+Initial Shields: 100
+Subsystem: Pilot
+Subsystem: turret01
$Arrival Location: Docking Bay
+Arrival Distance: 0
$Arrival Anchor: Luzon Station
$Arrival Cue: ( is-event-true-delay 
   "Kill Bombers" 
   25 
)
$Departure Location: Hyperspace
$Departure Cue: ( false ) 
$Determination: 10
+Flags: ( "cargo-known" "no-shields" "escort" "beam-protect-ship" )
+Flags2: ( )
+Respawn priority: 0
+Escort priority: 7
+Hotkey: 4
+Orders Accepted List: ( )
+Group: 0
+Use Table Score:
+Score: 10

$Name: Alpha 1		;! Object #7
$Display Name: XSTR("Alpha 1", 7384)
$Class: GTF Myrmidon
$Callsign: XSTR("90th Hetairoi", 7945)

$Team: Friendly
$Location: 1163.247559, -965.931213, 5003.918945
$Orientation:
	0.952382, 0.301203, 0.047385,
	-0.302124, 0.911272, 0.279829,
	0.041104, -0.280821, 0.958880
+AI Class: BP2-Lieutenant
$Cargo 1:  XSTR("Nothing", 13)
+Initial Velocity: 33
+Initial Hull: 100
+Subsystem: Pilot
+Primary Banks: ( "Prometheus R" "Prometheus R" )
+Secondary Banks: ( "" "" "" )
$Arrival Location: Hyperspace
$Arrival Cue: ( false ) 
$Departure Location: Hyperspace
$Departure Cue: ( false ) 
$Determination: 10
+Flags: ( "cargo-known" )
+Flags2: ( "no-death-scream" )
+Respawn priority: 0
+Orders Accepted List: ( )
+Group: 0
+Use Table Score:
+Score: 10
+Persona Index: 0

$Name: Alpha 2		;! Object #8
$Display Name: XSTR("Alpha 2", 7383)
$Class: GTF Myrmidon
$Callsign: XSTR("90th Hetairoi", 7945)

$Team: Friendly
$Location: 1325.831055, -1031.146118, 5025.327637
$Orientation:
	0.952382, 0.301203, 0.047385,
	-0.302124, 0.911272, 0.279829,
	0.041104, -0.280821, 0.958880
+AI Class: Lieutenant
$Cargo 1:  XSTR("Nothing", 13)
+Initial Velocity: 33
+Initial Hull: 100
+Subsystem: Pilot
+Primary Banks: ( "Prometheus R" "Prometheus R" )
+Secondary Banks: ( "" "" "" )
$Arrival Location: Hyperspace
$Arrival Cue: ( false ) 
$Departure Location: Hyperspace
$Departure Cue: ( false ) 
$Determination: 10
+Flags: ( "cargo-known" )
+Flags2: ( "no-death-scream" )
+Respawn priority: 0
+Orders Accepted List: ( )
+Group: 0
+Use Table Score:
+Score: 10
+Persona Index: 0

$Name: Alpha 3		;! Object #9
$Display Name: XSTR("Alpha 3", 7381)
$Class: GTF Myrmidon
$Callsign: XSTR("90th Hetairoi", 7945)

$Team: Friendly
$Location: 1347.364746, -1114.336914, 5310.100098
$Orientation:
	0.952382, 0.301203, 0.047385,
	-0.302124, 0.911272, 0.279829,
	0.041104, -0.280821, 0.958880
+AI Class: Lieutenant
$Cargo 1:  XSTR("Nothing", 13)
+Initial Velocity: 33
+Initial Hull: 100
+Subsystem: Pilot
+Primary Banks: ( "Prometheus R" "Prometheus R" )
+Secondary Banks: ( "" "" "" )
$Arrival Location: Hyperspace
$Arrival Cue: ( false ) 
$Departure Location: Hyperspace
$Departure Cue: ( false ) 
$Determination: 10
+Flags: ( "cargo-known" )
+Flags2: ( "no-death-scream" )
+Respawn priority: 0
+Orders Accepted List: ( )
+Group: 0
+Use Table Score:
+Score: 10
+Persona Index: 0

$Name: Beta 1		;! Object #10
$Display Name: XSTR("Beta 1", 7378)
$Class: GTF Myrmidon
$Callsign: XSTR("90th Hetairoi", 7945)

$Team: Friendly
$Location: 87.527695, -2308.985596, 3241.361572
$Orientation:
	0.952382, 0.301203, 0.047385,
	-0.302124, 0.911272, 0.279829,
	0.041104, -0.280821, 0.958880
+AI Class: Lieutenant
$Cargo 1:  XSTR("Nothing", 13)
+Initial Velocity: 33
+Initial Hull: 100
+Subsystem: Pilot
+Primary Banks: ( "Prometheus R" "Prometheus R" )
+Secondary Banks: ( "" "" "" )
$Arrival Location: Hyperspace
$Arrival Cue: ( false ) 
$Departure Location: Hyperspace
$Departure Cue: ( false ) 
$Determination: 10
+Flags: ( "cargo-known" )
+Flags2: ( "no-death-scream" )
+Respawn priority: 0
+Orders Accepted List: ( )
+Group: 0
+Use Table Score:
+Score: 10
+Persona Index: 0

$Name: Beta 2		;! Object #11
$Display Name: XSTR("Beta 2", 7379)
$Class: GTF Myrmidon
$Callsign: XSTR("90th Hetairoi", 7945)

$Team: Friendly
$Location: 75.115128, -2243.531250, 3011.031494
$Orientation:
	0.952382, 0.301203, 0.047385,
	-0.302124, 0.911272, 0.279829,
	0.041104, -0.280821, 0.958880
+AI Class: Lieutenant
$Cargo 1:  XSTR("Nothing", 13)
+Initial Velocity: 33
+Initial Hull: 100
+Subsystem: Pilot
+Primary Banks: ( "Prometheus R" "Prometheus R" )
+Secondary Banks: ( "" "" "" )
$Arrival Location: Hyperspace
$Arrival Cue: ( false ) 
$Departure Location: Hyperspace
$Departure Cue: ( false ) 
$Determination: 10
+Flags: ( "cargo-known" )
+Flags2: ( "no-death-scream" )
+Respawn priority: 0
+Orders Accepted List: ( )
+Group: 0
+Use Table Score:
+Score: 10
+Persona Index: 0

$Name: Beta 3		;! Object #12
$Display Name: XSTR("Beta 3", 7380)
$Class: GTF Myrmidon
$Callsign: XSTR("90th Hetairoi", 7945)

$Team: Friendly
$Location: 193.526703, -2239.299561, 2831.009521
$Orientation:
	0.952382, 0.301203, 0.047385,
	-0.302124, 0.911272, 0.279829,
	0.041104, -0.280821, 0.958880
+AI Class: Lieutenant
$Cargo 1:  XSTR("Nothing", 13)
+Initial Velocity: 33
+Initial Hull: 100
+Subsystem: Pilot
+Primary Banks: ( "Prometheus R" "Prometheus R" )
+Secondary Banks: ( "" "" "" )
$Arrival Location: Hyperspace
$Arrival Cue: ( false ) 
$Departure Location: Hyperspace
$Departure Cue: ( false ) 
$Determination: 10
+Flags: ( "cargo-known" )
+Flags2: ( "no-death-scream" )
+Respawn priority: 0
+Orders Accepted List: ( )
+Group: 0
+Use Table Score:
+Score: 10
+Persona Index: 0

$Name: Beta 4		;! Object #13
$Display Name: XSTR("Beta 4", 7385)
$Class: GTF Myrmidon
$Team: Friendly
$Location: 295.815033, -2403.623047, 3310.728271
$Orientation:
	0.952382, 0.301203, 0.047385,
	-0.302124, 0.911272, 0.279829,
	0.041104, -0.280821, 0.958880
+AI Class: Lieutenant
$Cargo 1:  XSTR("Nothing", 13)
+Initial Velocity: 33
+Initial Hull: 100
+Subsystem: Pilot
+Primary Banks: ( "Prometheus R" "Prometheus R" )
+Secondary Banks: ( "" "" "" )
$Arrival Location: Hyperspace
$Arrival Cue: ( false ) 
$Departure Location: Hyperspace
$Departure Cue: ( false ) 
$Determination: 10
+Flags: ( "cargo-known" )
+Flags2: ( "no-death-scream" )
+Respawn priority: 0
+Orders Accepted List: ( )
+Group: 0
+Use Table Score:
+Score: 10
+Persona Index: 0

$Name: Gamma 1		;! Object #14
$Display Name: XSTR("Gamma 1", 7386)
$Class: GTB Ursa
$Callsign: XSTR("341st Bomber Squadron", 7940)

$Team: Friendly
$Location: -1060.944458, 2211.590820, -250.730972
$Orientation:
	0.758362, 0.000000, 0.651834,
	0.000000, 1.000000, 0.000000,
	-0.651834, 0.000000, 0.758362
$Cargo 1:  XSTR("Nothing", 13)
+Initial Velocity: 33
+Initial Hull: 100
+Subsystem: Pilot
+Primary Banks: ( "Subach HL-7" "Subach HL-7" )
+Secondary Banks: ( "Hornet" "Cyclops#short" "Cyclops#short" )
+Subsystem: b05-turreta
$Arrival Location: Hyperspace
$Arrival Cue: ( false ) 
$Departure Location: Hyperspace
$Departure Cue: ( false ) 
$Determination: 10
+Flags: ( "cargo-known" )
+Flags2: ( )
+Respawn priority: 0
+Group: 0
+Use Table Score:
+Score: 10

$Name: Gamma 2		;! Object #15
$Display Name: XSTR("Gamma 2", 7387)
$Class: GTB Ursa
$Callsign: XSTR("341st Bomber Squadron", 7940)

$Team: Friendly
$Location: -789.306519, 2211.591064, -123.199127
$Orientation:
	0.758362, -0.000000, 0.651834,
	0.000000, 1.000000, 0.000000,
	-0.651834, 0.000000, 0.758362
$Cargo 1:  XSTR("Nothing", 13)
+Initial Velocity: 33
+Initial Hull: 100
+Subsystem: Pilot
+Primary Banks: ( "Subach HL-7" "Subach HL-7" )
+Secondary Banks: ( "Hornet" "Cyclops#short" "Cyclops#short" )
+Subsystem: b05-turreta
$Arrival Location: Hyperspace
$Arrival Cue: ( false ) 
$Departure Location: Hyperspace
$Departure Cue: ( false ) 
$Determination: 10
+Flags: ( "cargo-known" )
+Flags2: ( )
+Respawn priority: 0
+Group: 0
+Use Table Score:
+Score: 10

$Name: Gamma 3		;! Object #16
$Display Name: XSTR("Gamma 3", 7388)
$Class: GTB Ursa
$Callsign: XSTR("341st Bomber Squadron", 7940)

$Team: Friendly
$Location: -933.065369, 2211.591064, 52.002548
$Orientation:
	0.758362, -0.000000, 0.651834,
	0.000000, 1.000000, 0.000000,
	-0.651834, 0.000000, 0.758362
$Cargo 1:  XSTR("Nothing", 13)
+Initial Velocity: 33
+Initial Hull: 100
+Subsystem: Pilot
+Primary Banks: ( "Subach HL-7" "Subach HL-7" )
+Secondary Banks: ( "Hornet" "Cyclops#short" "Cyclops#short" )
+Subsystem: b05-turreta
$Arrival Location: Hyperspace
$Arrival Cue: ( false ) 
$Departure Location: Hyperspace
$Departure Cue: ( false ) 
$Determination: 10
+Flags: ( "cargo-known" )
+Flags2: ( )
+Respawn priority: 0
+Group: 0
+Use Table Score:
+Score: 10

$Name: Gamma 4		;! Object #17
$Display Name: XSTR("Gamma 4", 7390)
$Class: GTB Ursa
$Callsign: XSTR("341st Bomber Squadron", 7940)

$Team: Friendly
$Location: -1244.350830, 2211.591064, -87.764511
$Orientation:
	0.758362, -0.000000, 0.651834,
	0.000000, 1.000000, 0.000000,
	-0.651834, 0.000000, 0.758362
$Cargo 1:  XSTR("Nothing", 13)
+Initial Velocity: 33
+Initial Hull: 100
+Subsystem: Pilot
+Primary Banks: ( "Subach HL-7" "Subach HL-7" )
+Secondary Banks: ( "Hornet" "Cyclops#short" "Cyclops#short" )
+Subsystem: b05-turreta
$Arrival Location: Hyperspace
$Arrival Cue: ( false ) 
$Departure Location: Hyperspace
$Departure Cue: ( false ) 
$Determination: 10
+Flags: ( "cargo-known" )
+Flags2: ( )
+Respawn priority: 0
+Group: 0
+Use Table Score:
+Score: 10

$Name: Delta 1		;! Object #18
$Display Name: XSTR("Delta 1", 7391)
$Class: GTB Ursa
$Callsign: XSTR("341st Bomber Squadron", 7940)

$Team: Friendly
$Location: -1224.500122, 2211.591064, -410.845154
$Orientation:
	0.758362, -0.000000, 0.651834,
	0.000000, 1.000000, 0.000000,
	-0.651834, 0.000000, 0.758362
$Cargo 1:  XSTR("Nothing", 13)
+Initial Velocity: 33
+Initial Hull: 100
+Subsystem: Pilot
+Primary Banks: ( "Subach HL-7" "Subach HL-7" )
+Secondary Banks: ( "Hornet" "Cyclops#short" "Cyclops#short" )
+Subsystem: b05-turreta
$Arrival Location: Hyperspace
$Arrival Cue: ( false ) 
$Departure Location: Hyperspace
$Departure Cue: ( false ) 
$Determination: 10
+Flags: ( "cargo-known" )
+Flags2: ( )
+Respawn priority: 0
+Group: 0
+Use Table Score:
+Score: 10

$Name: Delta 2		;! Object #19
$Display Name: XSTR("Delta 2", 7392)
$Class: GTB Ursa
$Callsign: XSTR("341st Bomber Squadron", 7940)

$Team: Friendly
$Location: -1469.656250, 2211.591064, -300.048462
$Orientation:
	0.758362, -0.000000, 0.651834,
	0.000000, 1.000000, 0.000000,
	-0.651834, 0.000000, 0.758362
$Cargo 1:  XSTR("Nothing", 13)
+Initial Velocity: 33
+Initial Hull: 100
+Subsystem: Pilot
+Primary Banks: ( "Subach HL-7" "Subach HL-7" )
+Secondary Banks: ( "Hornet" "Cyclops#short" "Cyclops#short" )
+Subsystem: b05-turreta
$Arrival Location: Hyperspace
$Arrival Cue: ( false ) 
$Departure Location: Hyperspace
$Departure Cue: ( false ) 
$Determination: 10
+Flags: ( "cargo-known" )
+Flags2: ( )
+Respawn priority: 0
+Group: 0
+Use Table Score:
+Score: 10

$Name: Delta 3		;! Object #20
$Display Name: XSTR("Delta 3", 7393)
$Class: GTB Ursa
$Callsign: XSTR("341st Bomber Squadron", 7940)

$Team: Friendly
$Location: -1591.965332, 2211.591064, -374.679749
$Orientation:
	0.758362, -0.000000, 0.651834,
	0.000000, 1.000000, 0.000000,
	-0.651834, 0.000000, 0.758362
$Cargo 1:  XSTR("Nothing", 13)
+Initial Velocity: 33
+Initial Hull: 100
+Subsystem: Pilot
+Primary Banks: ( "Subach HL-7" "Subach HL-7" )
+Secondary Banks: ( "Hornet" "Cyclops#short" "Cyclops#short" )
+Subsystem: b05-turreta
$Arrival Location: Hyperspace
$Arrival Cue: ( false ) 
$Departure Location: Hyperspace
$Departure Cue: ( false ) 
$Determination: 10
+Flags: ( "cargo-known" )
+Flags2: ( )
+Respawn priority: 0
+Group: 0
+Use Table Score:
+Score: 10

$Name: Delta 4		;! Object #21
$Display Name: XSTR("Delta 4", 7394)
$Class: GTB Ursa
$Callsign: XSTR("341st Bomber Squadron", 7940)

$Team: Friendly
$Location: -1337.330811, 2211.591064, -494.762604
$Orientation:
	0.758362, -0.000000, 0.651834,
	0.000000, 1.000000, 0.000000,
	-0.651834, 0.000000, 0.758362
$Cargo 1:  XSTR("Nothing", 13)
+Initial Velocity: 33
+Initial Hull: 100
+Subsystem: Pilot
+Primary Banks: ( "Subach HL-7" "Subach HL-7" )
+Secondary Banks: ( "Hornet" "Cyclops#short" "Cyclops#short" )
+Subsystem: b05-turreta
$Arrival Location: Hyperspace
$Arrival Cue: ( false ) 
$Departure Location: Hyperspace
$Departure Cue: ( false ) 
$Determination: 10
+Flags: ( "cargo-known" )
+Flags2: ( )
+Respawn priority: 0
+Group: 0
+Use Table Score:
+Score: 10

$Name: Sagittarius 1		;! Object #22
$Display Name: XSTR("Sagittarius 1", 7488)
$Class: GTB Zeus

$Callsign: XSTR("163rd Sirius Lancers", 7946)

$Team: Neutral
$Location: -7.845337, 1687.925049, -3402.982422
$Orientation:
	-0.410779, -0.486968, -0.770793,
	-0.755959, 0.654532, -0.010645,
	0.509693, 0.578316, -0.636996
+AI Class: BP2-Colonel
$Cargo 1:  XSTR("Nothing", 13)
+Initial Velocity: 33
+Initial Hull: 100
+Subsystem: Pilot
+Secondary Banks: ( "Harpoon" "Rebel Bomb" "Rebel Bomb" )
$Arrival Location: Hyperspace
$Arrival Cue: ( false ) 
$Departure Location: Hyperspace
$Departure Cue: ( false ) 
$Determination: 10
+Flags: ( "cargo-known" )
+Flags2: ( )
+Respawn priority: 0
+Group: 0
+Use Table Score:
+Score: 10

$Name: Sagittarius 2		;! Object #23
$Display Name: XSTR("Sagittarius 2", 7489)
$Class: GTB Zeus

$Callsign: XSTR("163rd Sirius Lancers", 7946)

$Team: Neutral
$Location: 84.000175, 1848.243774, -3335.724365
$Orientation:
	-0.410779, -0.486968, -0.770794,
	-0.755959, 0.654533, -0.010645,
	0.509694, 0.578315, -0.636996
+AI Class: BP2-Colonel
$Cargo 1:  XSTR("Nothing", 13)
+Initial Velocity: 33
+Initial Hull: 100
+Subsystem: Pilot
+Secondary Banks: ( "Harpoon" "Rebel Bomb" "Rebel Bomb" )
$Arrival Location: Hyperspace
$Arrival Cue: ( false ) 
$Departure Location: Hyperspace
$Departure Cue: ( false ) 
$Determination: 10
+Flags: ( "cargo-known" )
+Flags2: ( )
+Respawn priority: 0
+Group: 0
+Use Table Score:
+Score: 10

$Name: Sagittarius 3		;! Object #24
$Display Name: XSTR("Sagittarius 3", 7490)
$Class: GTB Zeus

$Callsign: XSTR("163rd Sirius Lancers", 7946)

$Team: Neutral
$Location: 9.416584, 1615.510010, -3587.975342
$Orientation:
	-0.410779, -0.486968, -0.770794,
	-0.755959, 0.654533, -0.010645,
	0.509694, 0.578315, -0.636996
+AI Class: BP2-Colonel
$Cargo 1:  XSTR("Nothing", 13)
+Initial Velocity: 33
+Initial Hull: 100
+Subsystem: Pilot
+Secondary Banks: ( "Harpoon" "Rebel Bomb" "Rebel Bomb" )
$Arrival Location: Hyperspace
$Arrival Cue: ( false ) 
$Departure Location: Hyperspace
$Departure Cue: ( false ) 
$Determination: 10
+Flags: ( "cargo-known" )
+Flags2: ( )
+Respawn priority: 0
+Group: 0
+Use Table Score:
+Score: 10

$Name: Sagittarius 4		;! Object #25
$Display Name: XSTR("Sagittarius 4", 7491)
$Class: GTB Zeus

$Callsign: XSTR("163rd Sirius Lancers", 7946)

$Team: Neutral
$Location: 178.903946, 1463.955933, -3323.404297
$Orientation:
	-0.410779, -0.486968, -0.770794,
	-0.755959, 0.654533, -0.010645,
	0.509694, 0.578315, -0.636996
+AI Class: BP2-Colonel
$Cargo 1:  XSTR("Nothing", 13)
+Initial Velocity: 33
+Initial Hull: 100
+Subsystem: Pilot
+Secondary Banks: ( "Harpoon" "Rebel Bomb" "Rebel Bomb" )
$Arrival Location: Hyperspace
$Arrival Cue: ( false ) 
$Departure Location: Hyperspace
$Departure Cue: ( false ) 
$Determination: 10
+Flags: ( "cargo-known" )
+Flags2: ( )
+Respawn priority: 0
+Group: 0
+Use Table Score:
+Score: 10

$Name: Libra 1		;! Object #26
$Display Name: XSTR("Libra 1", 7577)
$Class: GTB Zeus

$Callsign: XSTR("163rd Sirius Lancers", 7946)

$Team: Neutral
$Location: 2301.845215, 689.533569, -1427.738770
$Orientation:
	-0.379476, -0.451414, -0.807603,
	-0.755959, 0.654532, -0.010645,
	0.533408, 0.606476, -0.589630
+AI Class: BP2-Major
$Cargo 1:  XSTR("Nothing", 13)
+Initial Velocity: 33
+Initial Hull: 100
+Subsystem: Pilot
+Secondary Banks: ( "Harpoon" "Rebel Bomb" "Rebel Bomb" )
$Arrival Location: Hyperspace
$Arrival Cue: ( false ) 
$Departure Location: Hyperspace
$Departure Cue: ( false ) 
$Determination: 10
+Flags: ( "cargo-known" )
+Flags2: ( )
+Respawn priority: 0
+Group: 0
+Use Table Score:
+Score: 10

$Name: Libra 2		;! Object #27
$Display Name: XSTR("Libra 2", 7578)
$Class: GTB Zeus

$Callsign: XSTR("163rd Sirius Lancers", 7946)

$Team: Neutral
$Location: 2376.172119, 502.021790, -1542.838867
$Orientation:
	-0.379476, -0.451414, -0.807603,
	-0.755959, 0.654532, -0.010645,
	0.533408, 0.606476, -0.589630
+AI Class: BP2-Major
$Cargo 1:  XSTR("Nothing", 13)
+Initial Velocity: 33
+Initial Hull: 100
+Subsystem: Pilot
+Secondary Banks: ( "Harpoon" "Rebel Bomb" "Rebel Bomb" )
$Arrival Location: Hyperspace
$Arrival Cue: ( false ) 
$Departure Location: Hyperspace
$Departure Cue: ( false ) 
$Determination: 10
+Flags: ( "cargo-known" )
+Flags2: ( )
+Respawn priority: 0
+Group: 0
+Use Table Score:
+Score: 10

$Name: Libra 3		;! Object #28
$Display Name: XSTR("Libra 3", 7579)
$Class: GTB Zeus

$Callsign: XSTR("163rd Sirius Lancers", 7946)

$Team: Neutral
$Location: 2316.529785, 442.589966, -1419.728027
$Orientation:
	-0.379476, -0.451414, -0.807603,
	-0.755959, 0.654532, -0.010645,
	0.533408, 0.606476, -0.589630
+AI Class: BP2-Major
$Cargo 1:  XSTR("Nothing", 13)
+Initial Velocity: 33
+Initial Hull: 100
+Subsystem: Pilot
+Secondary Banks: ( "Harpoon" "Rebel Bomb" "Rebel Bomb" )
$Arrival Location: Hyperspace
$Arrival Cue: ( false ) 
$Departure Location: Hyperspace
$Departure Cue: ( false ) 
$Determination: 10
+Flags: ( "cargo-known" )
+Flags2: ( )
+Respawn priority: 0
