#Mission Info

$Version: 0.10
$Name:  XSTR("Eyes in the Dark", 2645)
$Author: Dan
$Created: 03/10/18 at 18:36:44
$Modified: 06/26/22 at 09:55:10
$Notes:
This is a FRED2_OPEN created mission.
$End Notes:

$Mission Desc:
 XSTR("Put mission description here
", 2646)
$end_multi_text
+Game Type Flags: 1
+Flags: 262210
+Fog Near Mult: 5000.000000

+Fog Far Mult: 5000.000000

+Disallow Support: 0
+Hull Repair Ceiling: 75.000000
+Subsystem Repair Ceiling: 100.000000

+Viewer pos: -4994.043457, 5121.807129, 3327.108643
+Viewer orient:
	0.996788, -0.000001, -0.080091,
	-0.001282, 0.999872, -0.015972,
	0.080081, 0.016023, 0.996660


$Load Screen 1024: 2_LoadingBGM00

$Skybox Model: skybox_ringsys.pof
+Skybox Orientation:
	0.981627, 0.190809, 0.000000,
	-0.190809, 0.981627, 0.000000,
	0.000000, -0.000000, 1.000000

$AI Profile: Solaris

#Sexp_variables

$Variables:
(
		0		"loadcheckpoint"		"0"		"number"
		1		"m1checkpoint"		"0"		"number"
		2		"saveexist"		"0"		"number"
		3		"VNdone"		"0"		"number"
		4		"autoGenVar1"		"Sensor Picket"		"string"
		5		"autoGenVar2"		"Elam Navy"		"string"
		6		"autoGenVar3"		"#Sina Control"		"string"
)

#Command Briefing

#Briefing
$start_briefing
$num_stages: 0
$end_briefing

#Debriefing_info

$Num stages: 1

$Formula: ( and 
   ( is-event-true-delay 
      "pleasure doing business" 
      0 
   )
   ( not ( is-destroyed-delay 0 "Sina" ) ) 
)
$Multi text
    XSTR("Intel data is already coming in from those sensor pickets. Good work. Those eyes out there will help us in our operations against Qahtadnan forces. 

You two handled those hostile wings well. Command believes these are advance scout parties of the main invasion force. Expect heavier enemy presence over the next few days as we engage the bulk of the incursion.

Hopefully today's patrol marks the first of many operations alongside the Elam Navy.

We're to stay in Durius. Rear Admiral Akrami has authorised a reconnaissance in force to flush out and engage other Qahtadnan assets.

Mission starts at 0700 hours. Rest up until then.", 2647)
$end_multi_text
$Voice: 01-db1
$Recommendation text:
    XSTR("", 2452)
$end_multi_text


#Callsigns:
$Callsign: XSTR("Ahab", 2648)
$Callsign: XSTR("Raptor", 2649)
$Callsign: XSTR("Cook", 2650)
$Callsign: XSTR("Punchy", 2651)
$Callsign: XSTR("Ross", 2652)

#end


#Players		;! 1 total

$Starting Shipname: Alpha 2
$Ship Choices: (
)

+Weaponry Pool: (
	"Maxim"	4
)

#Objects		;! 40 total

$Name: Alpha 1		;! Object #0
$Display Name: XSTR("Alpha 1", 2653)
$Class: Viper-class Fighter
$Callsign: XSTR("Ahab", 2648)

$Team: Friendly
$Location: -2958.271729, 222.054443, 611.060364
$Orientation:
	0.999366, -0.000000, 0.035604,
	0.000000, 1.000000, 0.000000,
	-0.035604, 0.000000, 0.999366
$AI Behavior: None
$Cargo 1:  XSTR("Nothing", 2654)
+Initial Velocity: 50
+Initial Hull: 100
+Initial Shields: 100
+Subsystem: Pilot
$Arrival Location: Hyperspace
$Arrival Cue: ( false ) 
$Departure Location: Hyperspace
$Departure Cue: ( false ) 
$Determination: 10
+Flags: ( "cargo-known" "no-shields" )
+Flags2: ( "no-subspace-drive" "no-builtin-messages" "no-ets" "ship-locked" "weapons-locked" )
+Respawn priority: 0
+Orders Accepted List: ( )
+Group: 0
+Use Table Score:
+Score: 10

$Name: Durius Installation		;! Object #1
$Display Name: XSTR("Durius Installation", 2655)
$Class: Commerce Hub
$Team: Friendly
$Location: -4044.793457, 345.015900, 3671.808594
$Orientation:
	1.000000, 0.000000, 0.000000,
	0.000000, 1.000000, 0.000000,
	0.000000, 0.000000, 1.000000
$AI Behavior: None
$Cargo 1:  XSTR("Nothing", 2654)
+Initial Hull: 100
+Initial Shields: 100
+Subsystem: Pilot
$Arrival Location: Hyperspace
$Arrival Cue: ( true ) 
$Departure Location: Hyperspace
$Departure Cue: ( false ) 
$Determination: 10
+Flags: ( "cargo-known" "no-shields" )
+Flags2: ( )
+Respawn priority: 0
+Group: 0
+Use Table Score:
+Score: 0

$Name: Hanging Fire		;! Object #2
$Display Name: XSTR("Hanging Fire", 2656)
$Class: Hauler-class Freighter
$Team: Friendly
$Location: -3076.723877, 199.281769, 5580.081543
$Orientation:
	0.091884, 0.000000, -0.995770,
	-0.037036, 0.999308, -0.003417,
	0.995081, 0.037193, 0.091820
$AI Behavior: None
$Cargo 1:  XSTR("Nothing", 2654)
+Initial Hull: 100
+Initial Shields: 100
+Subsystem: Pilot
$Arrival Location: Hyperspace
$Arrival Cue: ( true ) 
$Departure Location: Hyperspace
$Departure Cue: ( is-event-true-delay 
   "hanging fire jumps" 
   5 
)
$Determination: 10
+Flags: ( "cargo-known" "no-shields" )
+Flags2: ( "no-ets" )
+Respawn priority: 0
+Group: 0
+Use Table Score:
+Score: 0

$Name: Alpha 2		;! Object #3
$Display Name: XSTR("Alpha 2", 2657)
$Class: Viper-class Fighter
$Callsign: XSTR("Ross", 2652)

$Team: Friendly
$Location: -3226.035889, 222.054214, 609.329895
$Orientation:
	0.999366, -0.000000, 0.035604,
	0.000000, 1.000000, 0.000000,
	-0.035604, 0.000000, 0.999366
$AI Behavior: None
$Cargo 1:  XSTR("Nothing", 2654)
+Initial Velocity: 50
+Initial Hull: 100
+Initial Shields: 100
+Subsystem: Pilot
$Arrival Location: Hyperspace
$Arrival Cue: ( false ) 
$Departure Location: Hyperspace
$Departure Cue: ( false ) 
$Determination: 10
+Flags: ( "cargo-known" "no-shields" "player-start" )
+Flags2: ( "no-subspace-drive" "no-ets" "ship-locked" "weapons-locked" )
+Respawn priority: 0
+Orders Accepted List: ( )
+Group: 0
+Use Table Score:
+Score: 10
+Persona Index: 17

$Name: Nav Buoy		;! Object #4
$Display Name: XSTR("Nav Buoy", 2421)
$Class: Nav Buoy
$Team: Friendly
$Location: 4617.750000, 603.771423, 6970.872070
$Orientation:
	1.000000, 0.000000, 0.000000,
	0.000000, 1.000000, 0.000000,
	0.000000, 0.000000, 1.000000
$AI Behavior: None
$Cargo 1:  XSTR("Nothing", 2654)
+Initial Velocity: 33
+Initial Shields: 100
+Subsystem: Pilot
$Arrival Location: Hyperspace
$Arrival Cue: ( true ) 
$Departure Location: Hyperspace
$Departure Cue: ( false ) 
$Determination: 10
+Flags: ( "cargo-known" "no-shields" )
+Flags2: ( "no_collide" )
+Respawn priority: 0
+Group: 0
+Use Table Score:
+Score: 0

$Name: Scar Asteroid C 10		;! Object #5
$Display Name: XSTR("Scar Asteroid C 10", 2658)
$Class: Asteroid Field 3#3D
$Team: Unknown
$Location: -1655.581665, 2602.972656, 21535.582031
$Orientation:
	0.939621, -0.083457, -0.331884,
	0.198886, 0.922385, 0.331134,
	0.278490, -0.377147, 0.883291
$AI Behavior: None
$Cargo 1:  XSTR("Nothing", 2654)
+Initial Hull: 100
+Initial Shields: 100
+Subsystem: Pilot
$Arrival Location: Hyperspace
$Arrival Cue: ( true ) 
$Departure Location: Hyperspace
$Departure Cue: ( false ) 
$Determination: 10
+Flags: ( "cargo-known" "protect-ship" "no-shields" "invulnerable" "hidden-from-sensors" "stealth" "friendly-stealth-invisible" )
+Flags2: ( "primitive-sensors" "no-subspace-drive" )
+Respawn priority: 0
+Group: 0
+Use Table Score:
+Score: 10000

$Name: Scar Asteroid 11		;! Object #6
$Display Name: XSTR("Scar Asteroid 11", 2659)
$Class: Scar Asteroid
$Team: Unknown
$Location: -7758.441895, -173.730957, 14168.199219
$Orientation:
	-0.988520, 0.000000, -0.151088,
	0.000000, 1.000000, 0.000000,
	0.151088, 0.000000, -0.988520
$AI Behavior: None
$Cargo 1:  XSTR("Nothing", 2654)
+Initial Velocity: 33
+Initial Hull: 100
+Initial Shields: 100
+Subsystem: Pilot
$Arrival Location: Hyperspace
$Arrival Cue: ( true ) 
$Departure Location: Hyperspace
$Departure Cue: ( false ) 
$Determination: 10
+Flags: ( "cargo-known" "no-shields" "invulnerable" "hidden-from-sensors" "stealth" "friendly-stealth-invisible" )
+Flags2: ( "primitive-sensors" "no-subspace-drive" )
+Respawn priority: 0
+Group: 0
+Use Table Score:
+Score: 10000

$Name: AstLayer 12		;! Object #7
$Display Name: XSTR("AstLayer 12", 2660)
$Class: AstLayer
$Team: Neutral
$Location: -29416.621094, 0.000000, -16791.732422
$Orientation:
	1.000000, 0.000000, -0.000000,
	0.000000, 1.000000, 0.000292,
	0.000000, -0.000292, 1.000000
$AI Behavior: None
$Cargo 1:  XSTR("Nothing", 2654)
+Initial Velocity: 33
+Initial Shields: 100
+Subsystem: Pilot
$Arrival Location: Hyperspace
$Arrival Cue: ( true ) 
$Departure Location: Hyperspace
$Departure Cue: ( false ) 
$Determination: 10
+Flags: ( "cargo-known" "no-shields" "invulnerable" "hidden-from-sensors" "guardian" "stealth" "friendly-stealth-invisible" )
+Flags2: ( "primitive-sensors" "no-subspace-drive" "no_collide" )
+Respawn priority: 0
+Group: 0
+Use Table Score:
+Score: 0

$Name: Sina		;! Object #8
$Display Name: XSTR("Sina", 2661)
$Class: Pegasus-class Corvette

$Team: Friendly
$Location: -3114.124756, 421.172852, 2462.218018
$Orientation:
	0.992492, 0.000000, -0.122309,
	-0.002491, 0.999793, -0.020212,
	0.122284, 0.020365, 0.992286
$AI Behavior: None
$Cargo 1:  XSTR("Nothing", 2654)
+Initial Hull: 100
+Initial Shields: 100
+Subsystem: Pilot
+Subsystem: turret01
+Subsystem: turret02
+Subsystem: turret05
+Subsystem: turret06
+Subsystem: turret07
+Subsystem: turret08
+Subsystem: turret09
+Subsystem: turret10
$Arrival Location: Hyperspace
$Arrival Cue: ( true ) 
$Departure Location: Hyperspace
$Departure Cue: ( false ) 
$Determination: 10
+Flags: ( "cargo-known" "no-shields" "escort" )
+Flags2: ( "no-ets" )
+Respawn priority: 0
+Escort priority: 100
+Group: 0
+Use Table Score:
+Score: 0

$Name: Artemis		;! Object #9
$Display Name: XSTR("Artemis", 2662)
$Class: Leander-class Cruiser
$Team: Friendly
$Location: -2978.868408, -303.333282, -187.450684
$Orientation:
	0.997777, -0.000000, 0.066634,
	-0.000000, 1.000000, 0.000000,
	-0.066634, -0.000000, 0.997777
$AI Behavior: None
$Cargo 1:  XSTR("Nothing", 2654)
+Initial Hull: 100
+Initial Shields: 100
+Subsystem: Pilot
+Subsystem: turret01
+Subsystem: turret02
+Subsystem: turret07
+Subsystem: turret08
+Subsystem: turret09
+Subsystem: turret10
+Subsystem: turret11
+Subsystem: turret12
+Subsystem: turret13
+Subsystem: turret14
+Subsystem: turret15
+Subsystem: turret16
+Subsystem: turret17
+Subsystem: turret18
+Subsystem: turret19
+Subsystem: turret20
$Arrival Location: Hyperspace
$Arrival Cue: ( true ) 
$Departure Location: Hyperspace
$Departure Cue: ( false ) 
$Determination: 10
+Flags: ( "cargo-known" "no-shields" )
+Flags2: ( "no-ets" )
+Respawn priority: 0
+Group: 0
+Score: 10

$Name: Scar Asteroid C 12		;! Object #10
$Display Name: XSTR("Scar Asteroid C 12", 2663)
$Class: Scar Asteroid C
$Team: Unknown
$Location: -1031.468750, -6163.099121, 32617.564453
$Orientation:
	0.988519, 0.012146, -0.150611,
	0.047664, -0.970938, 0.234538,
	-0.143385, -0.239024, -0.960369
$AI Behavior: None
$Cargo 1:  XSTR("Nothing", 2654)
+Initial Velocity: 33
+Initial Hull: 100
+Initial Shields: 100
+Subsystem: Pilot
$Arrival Location: Hyperspace
$Arrival Cue: ( true ) 
$Departure Location: Hyperspace
$Departure Cue: ( false ) 
$Determination: 10
+Flags: ( "cargo-known" "no-shields" "invulnerable" "hidden-from-sensors" "stealth" "friendly-stealth-invisible" )
+Flags2: ( "primitive-sensors" "no-subspace-drive" )
+Respawn priority: 0
+Group: 0
+Use Table Score:
+Score: 10000

$Name: Scar Asteroid 13		;! Object #11
$Display Name: XSTR("Scar Asteroid 13", 2664)
$Class: Scar Asteroid
$Team: Unknown
$Location: 2014.998535, 1061.092285, 29250.927734
$Orientation:
	0.919379, -0.159374, 0.359642,
	-0.249401, -0.943174, 0.219597,
	0.304207, -0.291588, -0.906882
$AI Behavior: None
$Cargo 1:  XSTR("Nothing", 2654)
+Initial Velocity: 33
+Initial Hull: 100
+Initial Shields: 100
+Subsystem: Pilot
$Arrival Location: Hyperspace
$Arrival Cue: ( true ) 
$Departure Location: Hyperspace
$Departure Cue: ( false ) 
$Determination: 10
+Flags: ( "cargo-known" "no-shields" "invulnerable" "hidden-from-sensors" "stealth" "friendly-stealth-invisible" )
+Flags2: ( "primitive-sensors" "no-subspace-drive" )
+Respawn priority: 0
+Group: 0
+Use Table Score:
+Score: 10000

$Name: Taurus 1		;! Object #12
$Display Name: XSTR("Taurus 1", 2665)
$Class: Stalker-class Striker
$Team: Hostile
$Location: 5239.382324, 4214.420898, 27166.349609
$Orientation:
	-0.958433, 0.284601, 0.020206,
	0.273804, 0.937364, -0.215359,
	-0.080232, -0.200875, -0.976326
$AI Behavior: None
$Cargo 1:  XSTR("Nothing", 2654)
+Initial Hull: 100
+Initial Shields: 100
+Subsystem: Pilot
$Arrival Location: Hyperspace
$Arrival Cue: ( false ) 
$Departure Location: Hyperspace
$Departure Cue: ( false ) 
$Determination: 10
+Flags: ( "no-shields" "no-arrival-warp" "hidden-from-sensors" )
+Flags2: ( "no-subspace-drive" "no-ets" )
+Respawn priority: 0
+Orders Accepted List: ( )
+Group: 0
+Use Table Score:
+Score: 10
+Persona Index: 12
$Texture Replace:
+old: lfighter
+new: lfighter2

$Name: Taurus 2		;! Object #13
$Display Name: XSTR("Taurus 2", 2666)
$Class: Stalker-class Striker
$Team: Hostile
$Location: 5540.065918, 4153.929199, 27283.662109
$Orientation:
	-0.958433, 0.284601, 0.020206,
	0.273804, 0.937364, -0.215359,
	-0.080232, -0.200875, -0.976326
$AI Behavior: None
$Cargo 1:  XSTR("Nothing", 2654)
+Initial Hull: 100
+Initial Shields: 100
+Subsystem: Pilot
$Arrival Location: Hyperspace
$Arrival Cue: ( false ) 
$Departure Location: Hyperspace
$Departure Cue: ( false ) 
$Determination: 10
+Flags: ( "no-shields" "no-arrival-warp" "hidden-from-sensors" )
+Flags2: ( "no-subspace-drive" "no-ets" )
+Respawn priority: 0
+Orders Accepted List: ( )
+Group: 0
+Use Table Score:
+Score: 10
+Persona Index: 12
$Texture Replace:
+old: lfighter
+new: lfighter2

$Name: Lyra 1		;! Object #14
$Display Name: XSTR("Lyra 1", 2667)
$Class: Cobra-class Fighter
$Team: Hostile
$Location: 5486.581543, 4098.923828, 26972.984375
$Orientation:
	-0.958433, 0.284601, 0.020206,
	0.273804, 0.937364, -0.215359,
	-0.080232, -0.200875, -0.976326
$AI Behavior: None
$Cargo 1:  XSTR("Nothing", 2654)
+Initial Hull: 100
+Initial Shields: 100
+Subsystem: Pilot
$Arrival Location: Hyperspace
$Arrival Cue: ( false ) 
$Departure Location: Hyperspace
$Departure Cue: ( false ) 
$Determination: 10
+Flags: ( "no-shields" "no-arrival-warp" "hidden-from-sensors" )
+Flags2: ( "no-subspace-drive" "no-ets" )
+Respawn priority: 0
+Orders Accepted List: ( )
+Group: 0
+Use Table Score:
+Score: 10
$Texture Replace:
+old: scoutfighter
+new: scoutfighter2
+old: scoutfighter-reflect
+new: scoutfighter2-reflect

$Name: Picket 241		;! Object #15
$Display Name: XSTR("Picket 241", 2668)
$Class: Nav Buoy

$Team: Friendly
$Location: -4531.848145, 1885.406250, 11709.794922
$Orientation:
	0.696503, 0.005783, 0.717531,
	-0.067621, 0.996046, 0.057612,
	-0.714361, -0.088647, 0.694140
$AI Behavior: None
$Cargo 1:  XSTR("Nothing", 2654)
+Initial Velocity: 33
+Initial Shields: 100
+Subsystem: Pilot
$Arrival Location: Docking Bay
+Arrival Distance: 0
$Arrival Anchor: Sina
$Arrival Cue: ( is-event-true-delay 
   "sensor picket cue" 
   0 
)
$Departure Location: Hyperspace
$Departure Cue: ( false ) 
$Determination: 10
+Flags: ( "cargo-known" "protect-ship" "no-shields" "no-arrival-warp" "invulnerable" )
+Flags2: ( "no_collide" )
+Respawn priority: 0
+Group: 0
+Use Table Score:
+Score: 0

$Name: Picket 242		;! Object #16
$Display Name: XSTR("Picket 242", 2669)
$Class: Nav Buoy
$Team: Friendly
$Location: -5841.157227, 2077.443359, 14870.853516
$Orientation:
	0.978367, -0.142310, 0.150155,
	0.095554, 0.954605, 0.282131,
	-0.183489, -0.261680, 0.947552
$AI Behavior: None
$Cargo 1:  XSTR("Nothing", 2654)
+Initial Velocity: 33
+Initial Shields: 100
+Subsystem: Pilot
$Arrival Location: Docking Bay
+Arrival Distance: 0
$Arrival Anchor: Sina
$Arrival Cue: ( is-event-true-delay 
   "sensor picket cue 2" 
   0 
)
$Departure Location: Hyperspace
$Departure Cue: ( false ) 
$Determination: 10
+Flags: ( "cargo-known" "protect-ship" "no-shields" "no-arrival-warp" "invulnerable" "hidden-from-sensors" "stealth" "friendly-stealth-invisible" )
+Flags2: ( "primitive-sensors" "no-subspace-drive" "no_collide" )
+Respawn priority: 0
+Group: 0
+Use Table Score:
+Score: 0

$Name: Libra 1		;! Object #17
$Display Name: XSTR("Libra 1", 2670)
$Class: Stalker-class Striker
$Team: Hostile
$Location: -10817.946289, 1499.831055, 20839.560547
$Orientation:
	0.473199, 0.000000, -0.880956,
	-0.000000, 1.000000, 0.000000,
	0.880956, 0.000000, 0.473199
$AI Behavior: None
$Cargo 1:  XSTR("Nothing", 2654)
+Initial Hull: 100
+Initial Shields: 100
+Subsystem: Pilot
$Arrival Location: Hyperspace
$Arrival Cue: ( false ) 
$Departure Location: Hyperspace
$Departure Cue: ( false ) 
$Determination: 10
+Flags: ( "no-shields" "no-arrival-warp" "hidden-from-sensors" )
+Flags2: ( "no-subspace-drive" "no-ets" )
+Respawn priority: 0
+Orders Accepted List: ( )
+Group: 0
+Use Table Score:
+Score: 10
+Persona Index: 12
$Texture Replace:
+old: lfighter
+new: lfighter2

$Name: Draco 1		;! Object #18
$Display Name: XSTR("Draco 1", 2671)
$Class: Cobra-class Fighter
$Team: Hostile
$Location: -10850.474609, 1499.831543, 20699.048828
$Orientation:
	0.473199, 0.000000, -0.880956,
	-0.000000, 1.000000, 0.000000,
	0.880956, 0.000000, 0.473199
$AI Behavior: None
$Cargo 1:  XSTR("Nothing", 2654)
+Initial Hull: 100
+Initial Shields: 100
+Subsystem: Pilot
$Arrival Location: Hyperspace
$Arrival Cue: ( false ) 
$Departure Location: Hyperspace
$Departure Cue: ( false ) 
$Determination: 10
+Flags: ( "no-shields" "no-arrival-warp" "hidden-from-sensors" )
+Flags2: ( "no-subspace-drive" "no-ets" )
+Respawn priority: 0
+Orders Accepted List: ( )
+Group: 0
+Use Table Score:
+Score: 10
+Persona Index: 12
$Texture Replace:
+old: scoutfighter
+new: scoutfighter2
+old: scoutfighter-reflect
+new: scoutfighter2-reflect

$Name: Libra 2		;! Object #19
$Display Name: XSTR("Libra 2", 2672)
$Class: Stalker-class Striker
$Team: Hostile
$Location: -10926.400391, 1499.831543, 20862.800781
$Orientation:
	0.473199, 0.000000, -0.880956,
	-0.000000, 1.000000, 0.000000,
	0.880956, 0.000000, 0.473199
$AI Behavior: None
$Cargo 1:  XSTR("Nothing", 2654)
+Initial Hull: 100
+Initial Shields: 100
+Subsystem: Pilot
$Arrival Location: Hyperspace
$Arrival Cue: ( false ) 
$Departure Location: Hyperspace
$Departure Cue: ( false ) 
$Determination: 10
+Flags: ( "no-shields" "no-arrival-warp" "hidden-from-sensors" )
+Flags2: ( "no-subspace-drive" "no-ets" )
+Respawn priority: 0
+Orders Accepted List: ( )
+Group: 0
+Use Table Score:
+Score: 10
+Persona Index: 12
$Texture Replace:
+old: lfighter
+new: lfighter2

$Name: Scar Asteroid 24		;! Object #20
$Display Name: XSTR("Scar Asteroid 24", 2673)
$Class: Scar Asteroid
$Team: Unknown
$Location: 31121.177734, 1061.089844, 62442.101563
$Orientation:
	0.323213, -0.856852, -0.401669,
	-0.862769, -0.092428, -0.497078,
	0.388797, 0.507210, -0.769139
$AI Behavior: None
$Cargo 1:  XSTR("Nothing", 2654)
+Initial Velocity: 33
+Initial Hull: 100
+Initial Shields: 100
+Subsystem: Pilot
$Arrival Location: Hyperspace
$Arrival Cue: ( true ) 
$Departure Location: Hyperspace
$Departure Cue: ( false ) 
$Determination: 10
+Flags: ( "cargo-known" "no-shields" "invulnerable" "hidden-from-sensors" "stealth" "friendly-stealth-invisible" )
+Flags2: ( "no-subspace-drive" )
+Respawn priority: 0
+Group: 0
+Use Table Score:
+Score: 10000

$Name: Scar Asteroid C 25		;! Object #21
$Display Name: XSTR("Scar Asteroid C 25", 2674)
$Class: Scar Asteroid C
$Team: Unknown
$Location: 51057.773438, -601.122070, 54718.687500
$Orientation:
	0.087329, 0.981058, -0.172914,
	0.962426, -0.038288, 0.268833,
	0.257120, -0.189894, -0.947539
$AI Behavior: None
$Cargo 1:  XSTR("Nothing", 2654)
+Initial Velocity: 33
+Initial Hull: 100
+Initial Shields: 100
+Subsystem: Pilot
$Arrival Location: Hyperspace
$Arrival Cue: ( true ) 
$Departure Location: Hyperspace
$Departure Cue: ( false ) 
$Determination: 10
+Flags: ( "cargo-known" "no-shields" "invulnerable" "hidden-from-sensors" "stealth" "friendly-stealth-invisible" )
+Flags2: ( "no-subspace-drive" )
+Respawn priority: 0
+Group: 0
+Use Table Score:
+Score: 10000

$Name: Scar Asteroid C 26		;! Object #22
$Display Name: XSTR("Scar Asteroid C 26", 2675)
$Class: Scar Asteroid C
$Team: Unknown
$Location: -15464.944336, -123.308838, 65321.097656
$Orientation:
	0.223441, 0.863076, 0.452961,
	-0.950687, 0.295523, -0.094128,
	-0.215099, -0.409592, 0.886548
$AI Behavior: None
$Cargo 1:  XSTR("Nothing", 2654)
+Initial Velocity: 33
+Initial Hull: 100
+Initial Shields: 100
+Subsystem: Pilot
$Arrival Location: Hyperspace
$Arrival Cue: ( true ) 
$Departure Location: Hyperspace
$Departure Cue: ( false ) 
$Determination: 10
+Flags: ( "cargo-known" "no-shields" "invulnerable" "hidden-from-sensors" "stealth" "friendly-stealth-invisible" )
+Flags2: ( "primitive-sensors" )
+Respawn priority: 0
+Group: 0
+Use Table Score:
+Score: 10000

$Name: Scar Asteroid 27		;! Object #23
$Display Name: XSTR("Scar Asteroid 27", 2676)
$Class: Scar Asteroid
$Team: Unknown
$Location: -12397.087891, 1061.092773, 116690.671875
$Orientation:
	0.981998, -0.151454, 0.112880,
	-0.144396, -0.987158, -0.068328,
	0.121779, 0.050799, -0.991256
$AI Behavior: None
$Cargo 1:  XSTR("Nothing", 2654)
+Initial Velocity: 33
+Initial Hull: 100
+Initial Shields: 100
+Subsystem: Pilot
$Arrival Location: Hyperspace
$Arrival Cue: ( true ) 
$Departure Location: Hyperspace
$Departure Cue: ( false ) 
$Determination: 10
+Flags: ( "cargo-known" "no-shields" "invulnerable" "hidden-from-sensors" "stealth" "friendly-stealth-invisible" )
+Flags2: ( "primitive-sensors" )
+Respawn priority: 0
+Group: 0
+Use Table Score:
+Score: 10000

$Name: Picket 243		;! Object #24
$Display Name: XSTR("Picket 243", 2677)
$Class: Nav Buoy
$Team: Friendly
$Location: -5607.882813, 1055.437500, 21841.421875
$Orientation:
	1.000000, 0.000000, 0.000000,
	0.000000, 1.000000, 0.000000,
	0.000000, 0.000000, 1.000000
$AI Behavior: None
$Cargo 1:  XSTR("Nothing", 2654)
+Initial Velocity: 33
+Initial Shields: 100
+Subsystem: Pilot
$Arrival Location: Docking Bay
+Arrival Distance: 0
$Arrival Anchor: Sina
$Arrival Cue: ( < 
   ( distance 
      "Sina" 
      "Sina final waypoint:1" 
   )
   150 
)
$Departure Location: Hyperspace
$Departure Cue: ( false ) 
$Determination: 10
+Flags: ( "cargo-known" "no-shields" "no-arrival-warp" )
+Flags2: ( "no_collide" )
+Respawn priority: 0
+Group: 0
+Use Table Score:
+Score: 0

$Name: Beta 1		;! Object #25
$Display Name: XSTR("Beta 1", 2678)
$Class: Viper-class Fighter
$Callsign: XSTR("Raptor", 2649)

$Team: Friendly
$Location: -5053.903320, 0.000000, 873.906738
$Orientation:
	1.000000, 0.000000, 0.000000,
	0.000000, 1.000000, 0.000000,
	0.000000, 0.000000, 1.000000
$AI Behavior: None
$Cargo 1:  XSTR("Nothing", 2654)
+Initial Velocity: 33
+Initial Hull: 100
+Initial Shields: 100
+Subsystem: Pilot
$Arrival Location: Hyperspace
$Arrival Cue: ( false ) 
$Departure Location: Hyperspace
$Departure Cue: ( false ) 
$Determination: 10
+Flags: ( "cargo-known" "no-shields" )
+Flags2: ( "primitive-sensors" "no-subspace-drive" "no-ets" "ship-locked" "weapons-locked" )
+Respawn priority: 0
+Orders Accepted List: ( )
+Group: 0
+Use Table Score:
+Score: 10
+Persona Index: 12

$Name: Beta 2		;! Object #26
$Display Name: XSTR("Beta 2", 2679)
$Class: Viper-class Fighter
$Callsign: XSTR("Punchy", 2651)

$Team: Friendly
$Location: -5271.621094, 0.000000, 781.235168
$Orientation:
	1.000000, 0.000000, 0.000000,
	0.000000, 1.000000, 0.000000,
	0.000000, 0.000000, 1.000000
$AI Behavior: None
$Cargo 1:  XSTR("Nothing", 2654)
+Initial Velocity: 33
+Initial Hull: 100
+Initial Shields: 100
+Subsystem: Pilot
$Arrival Location: Hyperspace
$Arrival Cue: ( false ) 
$Departure Location: Hyperspace
$Departure Cue: ( false ) 
$Determination: 10
+Flags: ( "cargo-known" "no-shields" )
+Flags2: ( "primitive-sensors" "no-subspace-drive" "no-ets" "ship-locked" "weapons-locked" )
+Respawn priority: 0
+Orders Accepted List: ( )
+Group: 0
+Use Table Score:
+Score: 10
+Persona Index: 13

$Name: Draco 2		;! Object #27
$Display Name: XSTR("Draco 2", 2680)
$Class: Cobra-class Fighter
$Team: Hostile
$Location: -10977.226563, 1499.831543, 20740.857422
$Orientation:
	0.473199, 0.000000, -0.880956,
	-0.000000, 1.000000, 0.000000,
	0.880956, 0.000000, 0.473199
$AI Behavior: None
$Cargo 1:  XSTR("Nothing", 2654)
+Initial Hull: 100
+Initial Shields: 100
+Subsystem: Pilot
$Arrival Location: Hyperspace
$Arrival Cue: ( false ) 
$Departure Location: Hyperspace
$Departure Cue: ( false ) 
$Determination: 10
+Flags: ( "no-shields" "no-arrival-warp" "hidden-from-sensors" )
+Flags2: ( "no-subspace-drive" "no-ets" )
+Respawn priority: 0
+Orders Accepted List: ( )
+Group: 0
+Use Table Score:
+Score: 10
$Texture Replace:
+old: scoutfighter
+new: scoutfighter2
+old: scoutfighter-reflect
+new: scoutfighter2-reflect

$Name: Lyra 2		;! Object #28
$Display Name: XSTR("Lyra 2", 2681)
$Class: Cobra-class Fighter
$Team: Hostile
$Location: 5470.416016, 4153.929199, 27440.925781
$Orientation:
	-0.958433, 0.284601, 0.020206,
	0.273804, 0.937364, -0.215359,
	-0.080232, -0.200875, -0.976326
$AI Behavior: None
$Cargo 1:  XSTR("Nothing", 2654)
+Initial Hull: 100
+Initial Shields: 100
+Subsystem: Pilot
$Arrival Location: Hyperspace
$Arrival Cue: ( false ) 
$Departure Location: Hyperspace
$Departure Cue: ( false ) 
$Determination: 10
+Flags: ( "no-shields" "no-arrival-warp" "hidden-from-sensors" )
+Flags2: ( "no-subspace-drive" "no-ets" )
+Respawn priority: 0
+Orders Accepted List: ( )
+Group: 0
+Use Table Score:
+Score: 10
$Texture Replace:
+old: scoutfighter
+new: scoutfighter2
+old: scoutfighter-reflect
+new: scoutfighter2-reflect

$Name: Leo 1		;! Object #29
$Display Name: XSTR("Leo 1", 2682)
$Class: Cobra-class Fighter
$Team: Hostile
$Location: -7610.047363, 3264.271240, 13988.816406
$Orientation:
	-0.993017, 0.000000, -0.117970,
	0.000000, 1.000000, 0.000000,
	0.117970, 0.000000, -0.993017
$AI Behavior: None
$Cargo 1:  XSTR("Nothing", 2654)
+Initial Hull: 100
+Initial Shields: 100
+Subsystem: Pilot
$Arrival Location: Hyperspace
$Arrival Cue: ( false ) 
$Departure Location: Hyperspace
$Departure Cue: ( false ) 
$Determination: 10
+Flags: ( "cargo-known" "no-shields" "no-arrival-warp" )
+Flags2: ( "no-ets" )
+Respawn priority: 0
+Group: 0
+Use Table Score:
+Score: 10
$Texture Replace:
+old: scoutfighter
+new: scoutfighter2
+old: scoutfighter-reflect
+new: scoutfighter2-reflect

$Name: Leo 2		;! Object #30
$Display Name: XSTR("Leo 2", 2683)
$Class: Cobra-class Fighter
$Team: Hostile
$Location: -7723.442871, 3264.271240, 14068.195313
$Orientation:
	-0.993017, 0.000000, -0.117970,
	0.000000, 1.000000, 0.000000,
	0.117970, 0.000000, -0.993017
$AI Behavior: None
$Cargo 1:  XSTR("Nothing", 2654)
+Initial Hull: 100
+Initial Shields: 100
+Subsystem: Pilot
$Arrival Location: Hyperspace
$Arrival Cue: ( false ) 
$Departure Location: Hyperspace
$Departure Cue: ( false ) 
$Determination: 10
+Flags: ( "cargo-known" "no-shields" "no-arrival-warp" )
+Flags2: ( "no-ets" )
+Respawn priority: 0
+Group: 0
+Use Table Score:
+Score: 10
$Texture Replace:
+old: scoutfighter
+new: scoutfighter2
+old: scoutfighter-reflect
+new: scoutfighter2-reflect

$Name: Capricorn 1		;! Object #31
$Display Name: XSTR("Capricorn 1", 2684)
$Class: Cobra-class Fighter
$Team: Hostile
$Location: -6430.508301, 1994.467651, 15093.845703
$Orientation:
	0.715442, -0.030585, -0.698002,
	-0.192158, 0.951900, -0.238669,
	0.671728, 0.304880, 0.675152
$AI Behavior: None
$Cargo 1:  XSTR("Nothing", 2654)
+Initial Hull: 100
+Initial Shields: 100
+Subsystem: Pilot
$Arrival Location: Hyperspace
$Arrival Cue: ( false ) 
$Departure Location: Hyperspace
$Departure Cue: ( false ) 
$Determination: 10
+Flags: ( "cargo-known" "no-shields" "no-arrival-warp" )
+Flags2: ( "no-ets" )
+Respawn priority: 0
+Group: 0
+Use Table Score:
+Score: 10
$Texture Replace:
+old: scoutfighter
+new: scoutfighter2
+old: scoutfighter-reflect
+new: scoutfighter2-reflect

$Name: Capricorn 2		;! Object #32
$Display Name: XSTR("Capricorn 2", 2685)
$Class: Cobra-class Fighter
$Team: Hostile
$Location: -6525.376953, 1951.770874, 14999.928711
$Orientation:
	0.715442, -0.030585, -0.698002,
	-0.192158, 0.951900, -0.238669,
	0.671728, 0.304880, 0.675152
$AI Behavior: None
$Cargo 1:  XSTR("Nothing", 2654)
+Initial Hull: 100
+Initial Shields: 100
+Subsystem: Pilot
$Arrival Location: Hyperspace
$Arrival Cue: ( false ) 
$Departure Location: Hyperspace
$Departure Cue: ( false ) 
$Determination: 10
+Flags: ( "cargo-known" "no-shields" "no-arrival-warp" )
+Flags2: ( "no-ets" )
+Respawn priority: 0
+Group: 0
+Use Table Score:
+Score: 10
$Texture Replace:
+old: scoutfighter
+new: scoutfighter2
+old: scoutfighter-reflect
+new: scoutfighter2-reflect

$Name: Ghadir		;! Object #33
$Display Name: XSTR("Ghadir", 2686)
$Class: Pegasus-class Corvette

$Team: Friendly
$Location: -2301.442139, 598.854675, 3517.313232
$Orientation:
	0.486149, 0.000000, -0.873876,
	-0.000000, 1.000000, 0.000000,
	0.873876, 0.000000, 0.486149
$AI Behavior: None
$Cargo 1:  XSTR("Nothing", 2654)
+Initial Hull: 100
+Initial Shields: 100
+Subsystem: Pilot
+Subsystem: turret01
+Subsystem: turret02
+Subsystem: turret05
+Subsystem: turret06
+Subsystem: turret07
+Subsystem: turret08
+Subsystem: turret09
+Subsystem: turret10
$Arrival Location: Hyperspace
$Arrival Cue: ( true ) 
$Departure Location: Hyperspace
$Departure Cue: ( false ) 
$Determination: 10
+Flags: ( "cargo-known" "no-shields" )
+Flags2: ( "no-ets" )
+Respawn priority: 0
+Group: 0
+Score: 10

$Name: Hangar		;! Object #34
$Display Name: XSTR("Hangar", 2405)
$Class: Military Base

$Team: Friendly
$Location: -4054.803955, 363.058228, 1908.798584
$Orientation:
	0.999737, 0.000025, 0.022928,
	0.000070, 0.999991, -0.004163,
	-0.022928, 0.004164, 0.999729
$AI Behavior: None
$Cargo 1:  XSTR("Nothing", 2654)
+Initial Velocity: 33
+Initial Hull: 100
+Initial Shields: 100
+Subsystem: Pilot
$Arrival Location: Hyperspace
$Arrival Cue: ( true ) 
$Departure Location: Hyperspace
$Departure Cue: ( false ) 
$Determination: 10
+Flags: ( "cargo-known" "no-shields" )
+Flags2: ( )
+Respawn priority: 0
+Group: 0
+Use Table Score:
+Score: 0

$Name: Asteroid Field 3#3D 38		;! Object #35
$Display Name: XSTR("Asteroid Field 3", 2464)
$Class: Asteroid Field 2#3D
$Team: Unknown
$Location: -1346.581543, 2602.972656, 22608.330078
$Orientation:
	0.939621, -0.083457, -0.331884,
	0.198886, 0.922385, 0.331134,
	0.278490, -0.377147, 0.883291
$AI Behavior: None
$Cargo 1:  XSTR("Nothing", 2654)
+Initial Hull: 100
+Initial Shields: 100
+Subsystem: Pilot
$Arrival Location: Hyperspace
$Arrival Cue: ( true ) 
$Departure Location: Hyperspace
$Departure Cue: ( false ) 
$Determination: 10
+Flags: ( "cargo-known" "protect-ship" "no-shields" "invulnerable" "hidden-from-sensors" "stealth" "friendly-stealth-invisible" )
+Flags2: ( "primitive-sensors" "no-subspace-drive" )
+Respawn priority: 0
+Group: 0
+Use Table Score:
+Score: 10000

$Name: Asteroid Field 2#3D 39		;! Object #36
$Display Name: XSTR("Asteroid Field 2", 2463)
$Class: Asteroid Field 2#3D
$Team: Unknown
$Location: -234.632782, 2602.972656, 19862.556641
$Orientation:
	0.763787, -0.354596, 0.539343,
	0.627441, 0.603978, -0.491456,
	-0.151483, 0.713774, 0.683798
$AI Behavior: None
$Cargo 1:  XSTR("Nothing", 2654)
+Initial Hull: 100
+Initial Shields: 100
+Subsystem: Pilot
$Arrival Location: Hyperspace
$Arrival Cue: ( true ) 
$Departure Location: Hyperspace
$Departure Cue: ( false ) 
$Determination: 10
+Flags: ( "cargo-known" "protect-ship" "no-shields" "invulnerable" "hidden-from-sensors" "stealth" "friendly-stealth-invisible" )
+Flags2: ( "immobile" )
+Respawn priority: 0
+Group: 0
+Use Table Score:
+Score: 10000

$Name: Asteroid Field 2#3D 40		;! Object #37
$Display Name: XSTR("Asteroid Field 2", 2463)
$Class: Asteroid Field 2#3D
$Team: Unknown
$Location: -4333.593262, 2553.327637, 21007.804688
$Orientation:
	0.664068, -0.744637, -0.067310,
	0.627441, 0.603977, -0.491456,
	0.406610, 0.284127, 0.868297
$AI Behavior: None
$Cargo 1:  XSTR("Nothing", 2654)
+Initial Hull: 100
+Initial Shields: 100
+Subsystem: Pilot
$Arrival Location: Hyperspace
$Arrival Cue: ( true ) 
$Departure Location: Hyperspace
$Departure Cue: ( false ) 
$Determination: 10
+Flags: ( "cargo-known" "protect-ship" "no-shields" "invulnerable" "hidden-from-sensors" "stealth" "friendly-stealth-invisible" )
+Flags2: ( "immobile" )
+Respawn priority: 0
+Group: 0
+Use Table Score:
+Score: 10000

$Name: Taurus 3		;! Object #38
$Display Name: XSTR("Taurus 3", 2687)
$Class: Stalker-class Striker
$Team: Hostile
$Location: 5389.456543, 4214.420898, 27188.863281
$Orientation:
	-0.958433, 0.284601, 0.020206,
	0.273804, 0.937364, -0.215359,
	-0.080232, -0.200875, -0.976326
$AI Behavior: None
$Cargo 1:  XSTR("Nothing", 2654)
+Initial Hull: 100
+Initial Shields: 100
+Subsystem: Pilot
$Arrival Location: Hyperspace
$Arrival Cue: ( false ) 
$Departure Location: Hyperspace
$Departure Cue: ( false ) 
$Determination: 10
+Flags: ( "no-shields" "no-arrival-warp" "hidden-from-sensors" )
+Flags2: ( "no-subspace-drive" "no-ets" )
+Respawn priority: 0
+Orders Accepted List: ( )
+Group: 0
+Use Table Score:
+Score: 10

$Name: Libra 3		;! Object #39
$Display Name: XSTR("Libra 3", 2688)
$Class: Stalker-class Striker
$Team: Hostile
$Location: -10896.897461, 1499.831055, 20768.851563
$Orientation:
	0.473199, 0.000000, -0.880956,
	-0.000000, 1.000000, 0.000000,
	0.880956, 0.000000, 0.473199
$AI Behavior: None
$Cargo 1:  XSTR("Nothing", 2654)
+Initial Hull: 100
+Initial Shields: 100
+Subsystem: Pilot
$Arrival Location: Hyperspace
$Arrival Cue: ( false ) 
$Departure Location: Hyperspace
$Departure Cue: ( false ) 
$Determination: 10
+Flags: ( "no-shields" "no-arrival-warp" "hidden-from-sensors" )
+Flags2: ( "no-subspace-drive" "no-ets" )
+Respawn priority: 0
+Orders Accepted List: ( )
+Group: 0
+Use Table Score:
+Score: 10

#Wings		;! 8 total

$Name: Alpha
$Waves: 1
$Wave Threshold: 0
$Special Ship: 0		;! Alpha 1
$Arrival Location: Docking Bay
+Arrival Distance: 0
$Arrival Anchor: Artemis
+Arrival Paths: ( "$Bay01" "$Bay04" )
$Arrival Cue: ( true ) 
$Departure Location: Docking Bay
$Departure Anchor: Artemis
$Departure Cue: ( < 
   ( distance "Alpha 1" "Sina returns:3" ) 
   0 
)
$Ships: (		;! 2 total
	"Alpha 1"
	"Alpha 2"
)
$AI Goals: ( goals ( ai-guard "Alpha 2" 50 ) )
+Hotkey: 0
+Flags: ( )

$Name: Taurus
$Waves: 1
$Wave Threshold: 0
$Special Ship: 0		;! Taurus 1
$Arrival Location: Hyperspace
$Arrival Cue: ( is-event-true-delay 
   "first enemy wave cue" 
   0 
)
$Departure Location: Hyperspace
$Departure Cue: ( false ) 
$Ships: (		;! 3 total
	"Taurus 1"
	"Taurus 2"
	"Taurus 3"
)
$AI Goals: ( goals ( ai-waypoints-once "Enemy wing approach" 50 ) )
+Hotkey: 6
+Flags: ( "no-arrival-message" "no-arrival-warp" )

$Name: Libra
$Waves: 1
$Wave Threshold: 0
$Special Ship: 0		;! Libra 1
$Arrival Location: Hyperspace
$Arrival Cue: ( is-event-true-delay 
   "alternate enemy wave cue" 
   0 
)
$Departure Location: Hyperspace
$Departure Cue: ( false ) 
$Ships: (		;! 3 total
	"Libra 1"
	"Libra 2"
	"Libra 3"
)
$AI Goals: ( goals ( ai-waypoints-once "alt wing approach" 50 ) )
+Hotkey: 6
+Flags: ( "no-arrival-warp" "no-dynamic" )

$Name: Beta
$Waves: 1
$Wave Threshold: 0
$Special Ship: 0		;! Beta 1
$Arrival Location: Docking Bay
+Arrival Distance: 0
$Arrival Anchor: Artemis
$Arrival Cue: ( is-event-true-delay 
   "good work alpha" 
   0 
)
$Departure Location: Hyperspace
$Departure Cue: ( false ) 
$Ships: (		;! 2 total
	"Beta 1"
	"Beta 2"
)
$AI Goals: ( goals ( ai-waypoints-once "Beta approaches" 50 ) )
+Hotkey: 1
+Flags: ( "no-arrival-music" "no-arrival-message" )

$Name: Draco
$Waves: 1
$Wave Threshold: 0
$Special Ship: 0		;! Draco 1
$Arrival Location: Hyperspace
$Arrival Cue: ( has-arrived-delay 0 "Libra" ) 
$Departure Location: Hyperspace
$Departure Cue: ( false ) 
$Ships: (		;! 2 total
	"Draco 1"
	"Draco 2"
)
$AI Goals: ( goals ( ai-guard-wing "Libra" 50 ) )
+Hotkey: 5
+Flags: ( "no-arrival-warp" )

$Name: Lyra
$Waves: 1
$Wave Threshold: 0
$Special Ship: 0		;! Lyra 1
$Arrival Location: Hyperspace
$Arrival Cue: ( has-arrived-delay 0 "Taurus" ) 
$Departure Location: Hyperspace
$Departure Cue: ( false ) 
$Ships: (		;! 2 total
	"Lyra 1"
	"Lyra 2"
)
$AI Goals: ( goals ( ai-guard-wing "Taurus" 50 ) )
+Hotkey: 5
+Flags: ( "no-arrival-warp" )

$Name: Leo
$Waves: 1
$Wave Threshold: 0
$Special Ship: 0		;! Leo 1
$Arrival Location: Hyperspace
$Arrival Cue: ( is-event-true-delay 
   "leo arrival cue" 
   0 
)
$Departure Location: Hyperspace
$Departure Cue: ( false ) 
$Ships: (		;! 2 total
	"Leo 1"
	"Leo 2"
)
$AI Goals: ( goals ( ai-chase "Sina" 50 ) )
+Hotkey: 4
+Flags: ( "no-arrival-warp" )

$Name: Capricorn
$Waves: 1
$Wave Threshold: 0
$Special Ship: 0		;! Capricorn 1
$Arrival Location: Hyperspace
$Arrival Cue: ( is-event-true-delay 
   "capricorn arrival cue" 
   0 
)
$Departure Location: Hyperspace
$Departure Cue: ( false ) 
$Ships: (		;! 2 total
	"Capricorn 1"
	"Capricorn 2"
)
$AI Goals: ( goals ( ai-waypoints-once "Capricorn approach" 50 ) )
+Hotkey: 5
+Flags: ( "no-arrival-warp" )

#Events		;! 116 total

$Formula: ( when 
   ( true ) 
   ( modify-variable-xstr 
      "@autoGenVar1[Sensor Picket]" 
      "Sensor Picket" 
      2777 
   )
   ( ship-change-alt-name 
      "@autoGenVar1[Sensor Picket]" 
      "Picket 241" 
   )
   ( modify-variable-xstr 
      "@autoGenVar2[Elam Navy]" 
      "Elam Navy" 
      2778 
   )
   ( ship-change-alt-name 
      "@autoGenVar2[Elam Navy]" 
      "Sina" 
      "Ghadir" 
      "Hangar" 
   )
   ( modify-variable-xstr 
      "@autoGenVar3[#Sina Control]" 
      "#Sina Control" 
      2779 
   )
)
+Name: Manage translation variables
+Repeat Count: 1
+Interval: 1

$Formula: ( when 
   ( is-event-true-delay 
      "mission setup" 
      0 
   )
   ( training-msg "training ext view" ) 
)
+Name: training ext view
+Repeat Count: 1
+Interval: 1
+Event Log Flags: ( "last repeat" )

$Formula: ( when 
   ( is-event-true-delay 
      "mission setup" 
      0 
   )
   ( script-eval-block 
      "Scroll:Write(" 
      "'title1'," 
      "15,12,0.05,2,2,true,2,false)" 
   )
)
+Name: title
+Repeat Count: 1
+Interval: 1

$Formula: ( when 
   ( is-event-true-msecs-delay 
      "mission setup" 
      100 
   )
   ( play-sound-from-file 
      "Music_Fed_Ambient1" 
      99 
   )
)
+Name: Music
+Repeat Count: 1
+Interval: 1

$Formula: ( when 
   ( and 
      ( lua-save-file-exists ) 
      ( not 
         ( is-event-true-delay 
            "good luck alpha" 
            0 
         )
      )
   )
   ( lua-call-prompt 
      "LoadData" 
      "Checkpoint Save" 
      ( true ) 
      "Start from beginning" 
      ( true ) 
      "Start from checkpoint" 
      ( lua-save-file-exists ) 
   )
)
+Name: ask to load checkpoint
+Repeat Count: 1
+Interval: 1

$Formula: ( when 
   ( true ) 
   ( ship-guardian-threshold 
      ( rand 15 30 ) 
      "Alpha 1" 
   )
   ( ship-subsys-guardian-threshold 
      ( rand 5 10 ) 
      "Alpha 2" 
      "<all engines>" 
      "Sensors" 
      "Communication" 
      "Weapons" 
   )
   ( ship-subsys-guardian-threshold 
      ( rand 5 10 ) 
      "Alpha 1" 
      "<all engines>" 
      "Sensors" 
      "Communication" 
      "Weapons" 
   )
   ( set-support-ship 
      "Docking Bay" 
      "Sina" 
      "Docking Bay" 
      "Sina" 
      "Repair Drone#Federation" 
      2 
   )
   ( cap-waypoint-speed "Sina" 40 ) 
   ( modify-variable 
      @loadcheckpoint[0] 
      0 
   )
   ( player-not-use-ai ) 
   ( ship-subsys-guardian-threshold 
      ( rand 5 10 ) 
      "Sina" 
      "<all engines>" 
      "Sensors" 
      "Communication" 
      "Weapons" 
      "fighterbay" 
   )
   ( turret-set-rate-of-fire 
      "Sina" 
      50 
      "turret01" 
      "turret02" 
      "turret05" 
      "turret06" 
      "turret07" 
      "turret08" 
      "turret09" 
      "turret10" 
   )
   ( lua-radaricon-activate 
      "Friendly" 
      "Hostile" 
   )
)
+Name: mission setup
+Repeat Count: 1
+Interval: 1

$Formula: ( when 
   ( true ) 
   ( clear-goals "Alpha" ) 
   ( add-goal 
      "Alpha" 
      ( ai-guard "Sina" 89 ) 
   )
)
+Name: reinforce alpha orders
+Repeat Count: 1
+Interval: 1
+Chained: 0

$Formula: ( when 
   ( has-arrived-delay 1 "Beta" ) 
   ( ship-guardian-threshold 
      ( rand 15 30 ) 
      "Beta 1" 
      "Beta 2" 
   )
   ( ship-subsys-guardian-threshold 
      ( rand 5 10 ) 
      "Beta 1" 
      "<all engines>" 
      "Sensors" 
      "Communication" 
      "Weapons" 
   )
