#Mission Info

$Version: 0.10
$Name:  XSTR("Graverobbing", 3426)
$Author: Darius
$Created: 10/11/19 at 22:47:10
$Modified: 07/08/22 at 22:16:32
$Notes:
This is a FRED2_OPEN created mission.
$End Notes:

$Mission Desc:
 XSTR("Put mission description here
", 3177)
$end_multi_text
+Game Type Flags: 1
+Flags: 262208
+Fog Near Mult: 1.000000

+Fog Far Mult: 1.000000

+Disallow Support: 1
+Hull Repair Ceiling: 75.000000
+Subsystem Repair Ceiling: 100.000000

+Viewer pos: 8713.880859, 5501.932129, 9568.018555
+Viewer orient:
	-0.075582, -0.000000, 0.997140,
	-0.425562, 0.904354, -0.032257,
	-0.901767, -0.426783, -0.068353

$Starting wing names: ( "Alfa" "Bravo" "Charlie" )
$Squadron wing names: ( "Alfa" "Bravo" "Charlie" "Delta" "Echo" )
$Team-versus-team wing names: ( "Alfa" "Zulu" )

$Load Screen 1024: 2_LoadingBGM00

$Skybox Model: htsb.pof
+Skybox Orientation:
	-0.087156, -0.000000, 0.996195,
	0.000000, -1.000000, -0.000000,
	0.996195, -0.000000, 0.087156

$AI Profile: Solaris

#Sexp_variables

$Variables:
(
		0		"minesdestroyed"		"0"		"number"
		1		"minesdetected"		"0"		"number"
		2		"autoGenVar1"		"Scrapyard"		"string"
		3		"autoGenVar2"		"Rasputin-class Transport"		"string"
		4		"autoGenVar3"		"Pompeii-class Transport"		"string"
		5		"autoGenVar4"		"Cargo Box"		"string"
		6		"autoGenVar5"		"Container"		"string"
)

#Command Briefing

#Briefing
$start_briefing
$num_stages: 0
$end_briefing

#Debriefing_info

$Num stages: 2

$Formula: ( is-event-true-delay 
   "stargazer disabled" 
   0 
)
$Multi text
    XSTR("Hi Stuart.

I'm happy with your flying ability. To be honest I'm just glad you're not one of those hacks hiding their lack of flight experience to get a job. The way you disabled those mines and the freighter means you're already light years ahead. I've finalised the paperwork and linked your account with the Hoshikuzu. Financial transactions coming through will automatically get portioned to you as per contract.

Ferris is happy enough with how things turned out. Sulsian military security has identified the Stargazer freighter as the Samoyed. She's been implicated in 'salvage runs' throughout Sulsian space as well as laying mines for drone sabotage. I hear her crew's keeping tight-lipped. Let's see how long they can stay quiet.

I've asked the Overton mechanics to patch up your gunship. Your flying out there unmasked a couple of stress points that needed reinforcing. I guess I didn't work the ship hard enough during space trials.

Anyway, welcome to the unit Ross. I hope this is the beginning of a fruitful partnership. Once the crew listings are all filled and the Hoshikuzu has finished refurbishment, I'm taking us to Azar station. It's a major trade station and a good place for us to cut our teeth, start making a name for ourselves.", 3427)
$end_multi_text
$Voice: 11-db1
$Recommendation text:
    XSTR("", 2974)
$end_multi_text

$Formula: ( destroyed-or-departed-delay 
   0 
   "No Transponder" 
)
$Multi text
    XSTR("Hi Stuart.

I'm happy enough with your flying ability. To be honest I'm just glad you're not one of those hacks hiding their lack of flight experience to get a job. I've finalised the paperwork and linked your account with the Hoshikuzu. Financial transactions coming through will automatically get portioned to you as per contract.

Station master Ferris is furious that we lost that Stargazer freighter. We don't know who set the mines there nor who is responsible for the salvage operations. She's threatened to withhold our payment. I had to remind her that technically our mission was to clear the salvage field and find out what happened to her drones. She's grudgingly paid our completion fee, but I don't think she'll be offering us any more contracts at Overton.

I've used the funds to patch up your gunship. Your flying out there unmasked a couple of stress points that needed reinforcing. I guess I didn't work the ship hard enough during space trials.

Anyway, welcome to the unit Ross. Things can only go up from here, so let's stay positive okay? Once the crew listings are all filled and the Hoshikuzu has finished refurbishment, I'm taking us to Azar station. It's a major trade station and a good place for us to cut our teeth, start making a name for ourselves.", 3428)
$end_multi_text
$Voice: 11-db2
$Recommendation text:
    XSTR("Mission successful.

Warship astrogation systems tend to be less protected than engine subsystems, so if the objective is to prevent a departure it may be quicker to destroy the astrogation subsystem than disabling the engines.

Sometimes the weapons available do not allow for efficient subsystem destruction. In this case destruction of the target becomes the only option.", 3429)
$end_multi_text


#Callsigns:
$Callsign: XSTR("Ross", 3183)
$Callsign: XSTR("Lau", 3430)

#end


#Players		;! 1 total

$Starting Shipname: Bravo 1
$Ship Choices: (
)

+Weaponry Pool: (
	"Huaqing"	1
)

#Objects		;! 312 total

$Name: Overton Orbital		;! Object #0
$Display Name: XSTR("Overton Orbital", 3431)
$Class: Military Base

$Team: Friendly
$Location: 881.191528, 0.000000, 17681.826172
$Orientation:
	0.999968, -0.000000, 0.008022,
	0.000000, 1.000000, 0.000000,
	-0.008022, 0.000000, 0.999968
$AI Behavior: None
$Cargo 1:  XSTR("Nothing", 3185)
+Initial Hull: 100
+Initial Shields: 100
+Subsystem: Pilot
$Arrival Location: Hyperspace
$Arrival Cue: ( true ) 
$Departure Location: Hyperspace
$Departure Cue: ( false ) 
$Determination: 10
+Flags: ( "cargo-known" "no-shields" )
+Flags2: ( )
+Respawn priority: 0
+Group: 0
+Use Table Score:
+Score: 0

$Name: Transponder 152		;! Object #1
$Display Name: XSTR("Transponder 152", 3432)
$Class: Transponder
$Team: Friendly
$Location: 3407.873047, 0.011719, 28186.220703
$Orientation:
	-0.029416, 0.000000, -0.999567,
	0.000000, 1.000000, 0.000000,
	0.999567, 0.000000, -0.029416
$AI Behavior: None
$Cargo 1:  XSTR("Nothing", 3185)
+Initial Velocity: 33
+Initial Hull: 100
+Initial Shields: 100
+Subsystem: Pilot
$Arrival Location: Hyperspace
$Arrival Cue: ( true ) 
$Departure Location: Hyperspace
$Departure Cue: ( false ) 
$Determination: 10
+Flags: ( "cargo-known" "no-shields" )
+Flags2: ( )
+Respawn priority: 0
+Group: 0
+Use Table Score:
+Score: 0

$Name: Bravo 1		;! Object #2
$Display Name: XSTR("Bravo 1", 3433)
$Class: Comet-class Gunship
$Callsign: XSTR("Ross", 3183)

$Team: Friendly
$Location: -116.431793, 2308.160156, 26562.001953
$Orientation:
	-1.000000, 0.000000, -0.000252,
	0.000000, 1.000000, 0.000000,
	0.000252, 0.000000, -1.000000
$AI Behavior: None
$Cargo 1:  XSTR("Nothing", 3185)
+Initial Velocity: 100
+Initial Hull: 100
+Initial Shields: 100
+Subsystem: Pilot
+Primary Banks: ( "Huaqing" )
+Sbank Ammo: ( 0 )
$Arrival Location: Hyperspace
$Arrival Cue: ( false ) 
$Departure Location: Hyperspace
$Departure Cue: ( false ) 
$Determination: 10
+Flags: ( "cargo-known" "no-shields" "player-start" )
+Flags2: ( "no-subspace-drive" "no-ets" "ship-locked" "weapons-locked" )
+Respawn priority: 0
+Group: 0
+Use Table Score:
+Score: 10

$Name: Derelict 1 7		;! Object #3
$Display Name: XSTR("Derelict 1 7", 3434)
$Class: Derelict 1
$Team: Surrendered
$Location: -221.982422, 432.305298, 10463.280273
$Orientation:
	1.000000, -0.000000, 0.000000,
	0.000000, 0.663963, -0.747765,
	0.000000, 0.747765, 0.663963
$AI Behavior: None
$Cargo 1:  XSTR("Nothing", 3185)
+Initial Velocity: 33
+Initial Hull: 100
+Initial Shields: 100
+Subsystem: Pilot
$Arrival Location: Hyperspace
$Arrival Cue: ( true ) 
$Departure Location: Hyperspace
$Departure Cue: ( false ) 
$Determination: 10
+Flags: ( "cargo-known" "no-shields" "stealth" "friendly-stealth-invisible" )
+Flags2: ( )
+Respawn priority: 0
+Group: 0
+Use Table Score:
+Score: 1

$Name: Debris Chunk 1 8		;! Object #4
$Display Name: XSTR("Debris Chunk 1 8", 3435)
$Class: Debris Chunk 1
$Team: Surrendered
$Location: 1758.329346, 1634.762695, 6146.738281
$Orientation:
	1.000000, -0.000000, 0.000000,
	0.000000, 0.663963, -0.747765,
	0.000000, 0.747765, 0.663963
$AI Behavior: None
$Cargo 1:  XSTR("Nothing", 3185)
+Initial Velocity: 33
+Initial Hull: 100
+Initial Shields: 100
+Subsystem: Pilot
$Arrival Location: Hyperspace
$Arrival Cue: ( true ) 
$Departure Location: Hyperspace
$Departure Cue: ( false ) 
$Determination: 10
+Flags: ( "cargo-known" "no-shields" "stealth" "friendly-stealth-invisible" )
+Flags2: ( )
+Respawn priority: 0
+Group: 0
+Use Table Score:
+Score: 1

$Name: Debris Chunk 2 9		;! Object #5
$Display Name: XSTR("Debris Chunk 2 9", 3436)
$Class: Debris Chunk 2
$Team: Surrendered
$Location: 833.878418, 2200.422852, 5488.136719
$Orientation:
	1.000000, -0.000000, 0.000000,
	0.000000, 0.663963, -0.747765,
	0.000000, 0.747765, 0.663963
$AI Behavior: None
$Cargo 1:  XSTR("Nothing", 3185)
+Initial Velocity: 33
+Initial Hull: 100
+Initial Shields: 100
+Subsystem: Pilot
$Arrival Location: Hyperspace
$Arrival Cue: ( true ) 
$Departure Location: Hyperspace
$Departure Cue: ( false ) 
$Determination: 10
+Flags: ( "cargo-known" "no-shields" "stealth" "friendly-stealth-invisible" )
+Flags2: ( )
+Respawn priority: 0
+Group: 0
+Use Table Score:
+Score: 1

$Name: Debris Chunk 3 10		;! Object #6
$Display Name: XSTR("Debris Chunk 3 10", 3437)
$Class: Debris Chunk 3
$Team: Surrendered
$Location: 591.131287, 1335.181396, 6351.197266
$Orientation:
	1.000000, -0.000000, 0.000000,
	0.000000, 0.663963, -0.747765,
	0.000000, 0.747765, 0.663963
$AI Behavior: None
$Cargo 1:  XSTR("Nothing", 3185)
+Initial Velocity: 33
+Initial Hull: 100
+Initial Shields: 100
+Subsystem: Pilot
$Arrival Location: Hyperspace
$Arrival Cue: ( true ) 
$Departure Location: Hyperspace
$Departure Cue: ( false ) 
$Determination: 10
+Flags: ( "cargo-known" "no-shields" "stealth" "friendly-stealth-invisible" )
+Flags2: ( )
+Respawn priority: 0
+Group: 0
+Use Table Score:
+Score: 1

$Name: Debris Chunk 4 11		;! Object #7
$Display Name: XSTR("Debris Chunk 4 11", 3438)
$Class: Debris Chunk 4
$Team: Surrendered
$Location: 1550.263306, 1132.604248, 4466.541992
$Orientation:
	1.000000, -0.000000, 0.000000,
	0.000000, 0.663963, -0.747765,
	0.000000, 0.747765, 0.663963
$AI Behavior: None
$Cargo 1:  XSTR("Nothing", 3185)
+Initial Velocity: 33
+Initial Hull: 100
+Initial Shields: 100
+Subsystem: Pilot
$Arrival Location: Hyperspace
$Arrival Cue: ( true ) 
$Departure Location: Hyperspace
$Departure Cue: ( false ) 
$Determination: 10
+Flags: ( "cargo-known" "no-shields" "stealth" "friendly-stealth-invisible" )
+Flags2: ( )
+Respawn priority: 0
+Group: 0
+Use Table Score:
+Score: 1

$Name: Debris Chunk 2 12		;! Object #8
$Display Name: XSTR("Debris Chunk 2 12", 3439)
$Class: Debris Chunk 2
$Team: Surrendered
$Location: 2164.321045, 1382.040161, 5129.488281
$Orientation:
	0.086217, 0.029136, -0.995850,
	-0.174513, 0.984560, 0.013697,
	0.980873, 0.172608, 0.089970
$AI Behavior: None
$Cargo 1:  XSTR("Nothing", 3185)
+Initial Velocity: 33
+Initial Hull: 100
+Initial Shields: 100
+Subsystem: Pilot
$Arrival Location: Hyperspace
$Arrival Cue: ( true ) 
$Departure Location: Hyperspace
$Departure Cue: ( false ) 
$Determination: 10
+Flags: ( "cargo-known" "no-shields" "stealth" "friendly-stealth-invisible" )
+Flags2: ( )
+Respawn priority: 0
+Group: 0
+Use Table Score:
+Score: 1

$Name: Debris Chunk 1 13		;! Object #9
$Display Name: XSTR("Debris Chunk 1 13", 3440)
$Class: Debris Chunk 1
$Team: Surrendered
$Location: 239.052246, 226.793945, 4103.729492
$Orientation:
	-0.465950, -0.002401, 0.884808,
	0.251637, 0.958344, 0.135115,
	-0.848275, 0.285607, -0.445936
$AI Behavior: None
$Cargo 1:  XSTR("Nothing", 3185)
+Initial Velocity: 33
+Initial Hull: 100
+Initial Shields: 100
+Subsystem: Pilot
$Arrival Location: Hyperspace
$Arrival Cue: ( true ) 
$Departure Location: Hyperspace
$Departure Cue: ( false ) 
$Determination: 10
+Flags: ( "cargo-known" "no-shields" "stealth" "friendly-stealth-invisible" )
+Flags2: ( )
+Respawn priority: 0
+Group: 0
+Use Table Score:
+Score: 1

$Name: Debris Chunk 4 14		;! Object #10
$Display Name: XSTR("Debris Chunk 4 14", 3441)
$Class: Debris Chunk 4
$Team: Surrendered
$Location: 1954.385986, 2607.503418, 5776.121094
$Orientation:
	0.735731, 0.427695, -0.525145,
	0.569355, 0.029345, 0.821568,
	0.366791, -0.903447, -0.221920
$AI Behavior: None
$Cargo 1:  XSTR("Nothing", 3185)
+Initial Velocity: 33
+Initial Hull: 100
+Initial Shields: 100
+Subsystem: Pilot
$Arrival Location: Hyperspace
$Arrival Cue: ( true ) 
$Departure Location: Hyperspace
$Departure Cue: ( false ) 
$Determination: 10
+Flags: ( "cargo-known" "no-shields" "stealth" "friendly-stealth-invisible" )
+Flags2: ( )
+Respawn priority: 0
+Group: 0
+Use Table Score:
+Score: 1

$Name: Debris Chunk 3 17		;! Object #11
$Display Name: XSTR("Debris Chunk 3 17", 3442)
$Class: Debris Chunk 3
$Team: Surrendered
$Location: 2225.675293, 2347.560059, 4422.938477
$Orientation:
	1.000000, 0.000000, -0.000000,
	0.000000, 0.526014, 0.850476,
	0.000000, -0.850476, 0.526014
$AI Behavior: None
$Cargo 1:  XSTR("Nothing", 3185)
+Initial Velocity: 33
+Initial Hull: 100
+Initial Shields: 100
+Subsystem: Pilot
$Arrival Location: Hyperspace
$Arrival Cue: ( true ) 
$Departure Location: Hyperspace
$Departure Cue: ( false ) 
$Determination: 10
+Flags: ( "cargo-known" "no-shields" "stealth" "friendly-stealth-invisible" )
+Flags2: ( )
+Respawn priority: 0
+Group: 0
+Use Table Score:
+Score: 1

$Name: Debris Chunk 7 18		;! Object #12
$Display Name: XSTR("Debris Chunk 7 18", 3443)
$Class: Debris Chunk 7
$Team: Surrendered
$Location: 346.925293, -1419.992188, 5905.394531
$Orientation:
	1.000000, 0.000000, 0.000000,
	0.000000, 1.000000, 0.000000,
	0.000000, 0.000000, 1.000000
$AI Behavior: None
$Cargo 1:  XSTR("Nothing", 3185)
+Initial Velocity: 33
+Initial Hull: 100
+Initial Shields: 100
+Subsystem: Pilot
$Arrival Location: Hyperspace
$Arrival Cue: ( true ) 
$Departure Location: Hyperspace
$Departure Cue: ( false ) 
$Determination: 10
+Flags: ( "cargo-known" "no-shields" "stealth" "friendly-stealth-invisible" )
+Flags2: ( )
+Respawn priority: 0
+Group: 0
+Use Table Score:
+Score: 1

$Name: Debris Chunk 8 19		;! Object #13
$Display Name: XSTR("Debris Chunk 8 19", 3444)
$Class: Debris Chunk 8
$Team: Surrendered
$Location: 1405.632568, -1419.991455, 7090.526367
$Orientation:
	1.000000, 0.000000, 0.000000,
	0.000000, 1.000000, 0.000000,
	0.000000, 0.000000, 1.000000
$AI Behavior: None
$Cargo 1:  XSTR("Nothing", 3185)
+Initial Velocity: 33
+Initial Hull: 100
+Initial Shields: 100
+Subsystem: Pilot
$Arrival Location: Hyperspace
$Arrival Cue: ( true ) 
$Departure Location: Hyperspace
$Departure Cue: ( false ) 
$Determination: 10
+Flags: ( "cargo-known" "no-shields" "stealth" "friendly-stealth-invisible" )
+Flags2: ( )
+Respawn priority: 0
+Group: 0
+Use Table Score:
+Score: 1

$Name: Debris Chunk 9 20		;! Object #14
$Display Name: XSTR("Debris Chunk 9 20", 3445)
$Class: Debris Chunk 9
$Team: Surrendered
$Location: 879.831543, -1419.992432, 6906.862305
$Orientation:
	1.000000, 0.000000, 0.000000,
	0.000000, 1.000000, 0.000000,
	0.000000, 0.000000, 1.000000
$AI Behavior: None
$Cargo 1:  XSTR("Nothing", 3185)
+Initial Velocity: 33
+Initial Hull: 100
+Initial Shields: 100
+Subsystem: Pilot
$Arrival Location: Hyperspace
$Arrival Cue: ( true ) 
$Departure Location: Hyperspace
$Departure Cue: ( false ) 
$Determination: 10
+Flags: ( "cargo-known" "no-shields" "stealth" "friendly-stealth-invisible" )
+Flags2: ( )
+Respawn priority: 0
+Group: 0
+Use Table Score:
+Score: 1

$Name: Debris Chunk 10 21		;! Object #15
$Display Name: XSTR("Debris Chunk 10 21", 3446)
$Class: Debris Chunk 10
$Team: Surrendered
$Location: 1147.431274, -1422.388672, 5338.855469
$Orientation:
	1.000000, 0.000000, 0.000000,
	0.000000, 1.000000, 0.000000,
	0.000000, 0.000000, 1.000000
$AI Behavior: None
$Cargo 1:  XSTR("Nothing", 3185)
+Initial Velocity: 33
+Initial Hull: 100
+Initial Shields: 100
+Subsystem: Pilot
$Arrival Location: Hyperspace
$Arrival Cue: ( true ) 
$Departure Location: Hyperspace
$Departure Cue: ( false ) 
$Determination: 10
+Flags: ( "cargo-known" "no-shields" "stealth" "friendly-stealth-invisible" )
+Flags2: ( )
+Respawn priority: 0
+Group: 0
+Use Table Score:
+Score: 1

$Name: Debris Chunk 11 22		;! Object #16
$Display Name: XSTR("Debris Chunk 11 22", 3447)
$Class: Debris Chunk 11
$Team: Surrendered
$Location: -493.269287, -1419.990967, 6322.707031
$Orientation:
	1.000000, 0.000000, 0.000000,
	0.000000, 1.000000, 0.000000,
	0.000000, 0.000000, 1.000000
$AI Behavior: None
$Cargo 1:  XSTR("Nothing", 3185)
+Initial Velocity: 33
+Initial Hull: 100
+Initial Shields: 100
+Subsystem: Pilot
$Arrival Location: Hyperspace
$Arrival Cue: ( true ) 
$Departure Location: Hyperspace
$Departure Cue: ( false ) 
$Determination: 10
+Flags: ( "cargo-known" "no-shields" "stealth" "friendly-stealth-invisible" )
+Flags2: ( )
+Respawn priority: 0
+Group: 0
+Use Table Score:
+Score: 1

$Name: Debris Chunk 13 23		;! Object #17
$Display Name: XSTR("Debris Chunk 13 23", 3448)
$Class: Debris Chunk 13
$Team: Surrendered
$Location: -2107.730469, 1554.391357, 6238.772461
$Orientation:
	1.000000, -0.000171, 0.000000,
	0.000171, 1.000000, -0.000000,
	0.000000, 0.000000, 1.000000
$AI Behavior: None
$Cargo 1:  XSTR("Nothing", 3185)
+Initial Velocity: 33
+Initial Hull: 100
+Initial Shields: 100
+Subsystem: Pilot
$Arrival Location: Hyperspace
$Arrival Cue: ( true ) 
$Departure Location: Hyperspace
$Departure Cue: ( false ) 
$Determination: 10
+Flags: ( "cargo-known" "no-shields" "stealth" "friendly-stealth-invisible" )
+Flags2: ( )
+Respawn priority: 0
+Group: 0
+Use Table Score:
+Score: 1

$Name: Debris Chunk 14 24		;! Object #18
$Display Name: XSTR("Debris Chunk 14 24", 3449)
$Class: Debris Chunk 14
$Team: Surrendered
$Location: 1600.005005, -1419.990967, 8501.692383
$Orientation:
	1.000000, 0.000000, 0.000000,
	0.000000, 1.000000, 0.000000,
	0.000000, 0.000000, 1.000000
$AI Behavior: None
$Cargo 1:  XSTR("Nothing", 3185)
+Initial Velocity: 33
+Initial Hull: 100
+Initial Shields: 100
+Subsystem: Pilot
$Arrival Location: Hyperspace
$Arrival Cue: ( true ) 
$Departure Location: Hyperspace
$Departure Cue: ( false ) 
$Determination: 10
+Flags: ( "cargo-known" "no-shields" "stealth" "friendly-stealth-invisible" )
+Flags2: ( )
+Respawn priority: 0
+Group: 0
+Use Table Score:
+Score: 1

$Name: Debris Chunk 7 25		;! Object #19
$Display Name: XSTR("Debris Chunk 7 25", 3450)
$Class: Debris Chunk 7
$Team: Surrendered
$Location: 346.925293, -492.627563, 5905.394531
$Orientation:
	0.101400, -0.864014, -0.493151,
	0.175485, 0.503467, -0.846006,
	0.979246, -0.000756, 0.202673
$AI Behavior: None
$Cargo 1:  XSTR("Nothing", 3185)
+Initial Velocity: 33
+Initial Hull: 100
+Initial Shields: 100
+Subsystem: Pilot
$Arrival Location: Hyperspace
$Arrival Cue: ( true ) 
$Departure Location: Hyperspace
$Departure Cue: ( false ) 
$Determination: 10
+Flags: ( "cargo-known" "no-shields" "stealth" "friendly-stealth-invisible" )
+Flags2: ( )
+Respawn priority: 0
+Group: 0
+Use Table Score:
+Score: 1

$Name: Debris Chunk 8 26		;! Object #20
$Display Name: XSTR("Debris Chunk 8 26", 3451)
$Class: Debris Chunk 8
$Team: Surrendered
$Location: 1614.855591, -1408.292725, 5623.475586
$Orientation:
	0.101400, -0.864014, -0.493151,
	0.175485, 0.503467, -0.846006,
	0.979246, -0.000756, 0.202673
$AI Behavior: None
$Cargo 1:  XSTR("Nothing", 3185)
+Initial Velocity: 33
+Initial Hull: 100
+Initial Shields: 100
+Subsystem: Pilot
$Arrival Location: Hyperspace
$Arrival Cue: ( true ) 
$Departure Location: Hyperspace
$Departure Cue: ( false ) 
$Determination: 10
+Flags: ( "cargo-known" "no-shields" "stealth" "friendly-stealth-invisible" )
+Flags2: ( )
+Respawn priority: 0
+Group: 0
+Use Table Score:
+Score: 1

$Name: Debris Chunk 9 27		;! Object #21
$Display Name: XSTR("Debris Chunk 9 27", 3452)
$Class: Debris Chunk 9
$Team: Surrendered
$Location: 1381.681396, -953.840576, 5845.558594
$Orientation:
	0.101400, -0.864014, -0.493151,
	0.175485, 0.503467, -0.846006,
	0.979246, -0.000756, 0.202673
$AI Behavior: None
$Cargo 1:  XSTR("Nothing", 3185)
+Initial Velocity: 33
+Initial Hull: 100
+Initial Shields: 100
+Subsystem: Pilot
$Arrival Location: Hyperspace
$Arrival Cue: ( true ) 
$Departure Location: Hyperspace
$Departure Cue: ( false ) 
$Determination: 10
+Flags: ( "cargo-known" "no-shields" "stealth" "friendly-stealth-invisible" )
+Flags2: ( )
+Respawn priority: 0
+Group: 0
+Use Table Score:
+Score: 1

$Name: Debris Chunk 10 28		;! Object #22
$Display Name: XSTR("Debris Chunk 10 28", 3453)
$Class: Debris Chunk 10
$Team: Surrendered
$Location: -127.163696, -1185.071289, 5397.812500
$Orientation:
	0.101400, -0.864014, -0.493151,
	0.175485, 0.503467, -0.846006,
	0.979246, -0.000756, 0.202673
$AI Behavior: None
$Cargo 1:  XSTR("Nothing", 3185)
+Initial Velocity: 33
+Initial Hull: 100
+Initial Shields: 100
+Subsystem: Pilot
$Arrival Location: Hyperspace
$Arrival Cue: ( true ) 
$Departure Location: Hyperspace
$Departure Cue: ( false ) 
$Determination: 10
+Flags: ( "cargo-known" "no-shields" "stealth" "friendly-stealth-invisible" )
+Flags2: ( )
+Respawn priority: 0
+Group: 0
+Use Table Score:
+Score: 1

$Name: Debris Chunk 11 29		;! Object #23
$Display Name: XSTR("Debris Chunk 11 29", 3454)
$Class: Debris Chunk 11
$Team: Surrendered
$Location: 670.390869, 233.016724, 6404.279297
$Orientation:
	0.101400, -0.864014, -0.493151,
	0.175485, 0.503467, -0.846006,
	0.979246, -0.000756, 0.202673
$AI Behavior: None
$Cargo 1:  XSTR("Nothing", 3185)
+Initial Velocity: 33
+Initial Hull: 100
+Initial Shields: 100
+Subsystem: Pilot
$Arrival Location: Hyperspace
$Arrival Cue: ( true ) 
$Departure Location: Hyperspace
$Departure Cue: ( false ) 
$Determination: 10
+Flags: ( "cargo-known" "no-shields" "stealth" "friendly-stealth-invisible" )
+Flags2: ( )
+Respawn priority: 0
+Group: 0
+Use Table Score:
+Score: 1

$Name: Debris Chunk 14 30		;! Object #24
$Display Name: XSTR("Debris Chunk 14 30", 3455)
$Class: Debris Chunk 14
$Team: Surrendered
$Location: 3016.465576, -1577.301270, 5813.633789
$Orientation:
	0.101400, -0.864014, -0.493151,
	0.175485, 0.503467, -0.846006,
	0.979246, -0.000756, 0.202673
$AI Behavior: None
$Cargo 1:  XSTR("Nothing", 3185)
+Initial Velocity: 33
+Initial Hull: 100
+Initial Shields: 100
+Subsystem: Pilot
$Arrival Location: Hyperspace
$Arrival Cue: ( true ) 
$Departure Location: Hyperspace
$Departure Cue: ( false ) 
$Determination: 10
+Flags: ( "cargo-known" "no-shields" "stealth" "friendly-stealth-invisible" )
+Flags2: ( )
+Respawn priority: 0
+Group: 0
+Use Table Score:
+Score: 1

$Name: Debris Chunk 7 31		;! Object #25
$Display Name: XSTR("Debris Chunk 7 31", 3456)
$Class: Debris Chunk 7
$Team: Surrendered
$Location: 346.925232, -1724.604492, 5905.395508
$Orientation:
	0.600941, -0.698676, -0.388229,
	-0.775589, -0.392301, -0.494532,
	0.193215, 0.598291, -0.777635
$AI Behavior: None
$Cargo 1:  XSTR("Nothing", 3185)
+Initial Velocity: 33
+Initial Hull: 100
+Initial Shields: 100
+Subsystem: Pilot
$Arrival Location: Hyperspace
$Arrival Cue: ( true ) 
$Departure Location: Hyperspace
$Departure Cue: ( false ) 
$Determination: 10
+Flags: ( "cargo-known" "no-shields" "stealth" "friendly-stealth-invisible" )
+Flags2: ( )
+Respawn priority: 0
+Group: 0
+Use Table Score:
+Score: 1

$Name: Debris Chunk 8 32		;! Object #26
$Display Name: XSTR("Debris Chunk 8 32", 3457)
$Class: Debris Chunk 8
$Team: Surrendered
$Location: 1212.175537, -1755.239746, 4572.687500
$Orientation:
	0.600941, -0.698676, -0.388229,
	-0.775589, -0.392301, -0.494532,
	0.193215, 0.598291, -0.777635
$AI Behavior: None
$Cargo 1:  XSTR("Nothing", 3185)
+Initial Velocity: 33
+Initial Hull: 100
+Initial Shields: 100
+Subsystem: Pilot
$Arrival Location: Hyperspace
$Arrival Cue: ( true ) 
$Departure Location: Hyperspace
$Departure Cue: ( false ) 
$Determination: 10
+Flags: ( "cargo-known" "no-shields" "stealth" "friendly-stealth-invisible" )
+Flags2: ( )
+Respawn priority: 0
+Group: 0
+Use Table Score:
+Score: 1

$Name: Debris Chunk 9 33		;! Object #27
$Display Name: XSTR("Debris Chunk 9 33", 3458)
$Class: Debris Chunk 9
$Team: Surrendered
$Location: 860.694824, -1497.732910, 4919.666016
$Orientation:
	0.600941, -0.698676, -0.388229,
	-0.775589, -0.392301, -0.494532,
	0.193215, 0.598291, -0.777635
$AI Behavior: None
$Cargo 1:  XSTR("Nothing", 3185)
+Initial Velocity: 33
+Initial Hull: 100
+Initial Shields: 100
+Subsystem: Pilot
$Arrival Location: Hyperspace
$Arrival Cue: ( true ) 
$Departure Location: Hyperspace
$Departure Cue: ( false ) 
$Determination: 10
+Flags: ( "cargo-known" "no-shields" "stealth" "friendly-stealth-invisible" )
+Flags2: ( )
+Respawn priority: 0
+Group: 0
+Use Table Score:
+Score: 1

$Name: Debris Chunk 10 34		;! Object #28
$Display Name: XSTR("Debris Chunk 10 34", 3459)
$Class: Debris Chunk 10
$Team: Surrendered
$Location: 720.379150, -2621.975098, 6036.444336
$Orientation:
	0.600941, -0.698676, -0.388229,
	-0.775589, -0.392301, -0.494532,
	0.193215, 0.598291, -0.777635
$AI Behavior: None
$Cargo 1:  XSTR("Nothing", 3185)
+Initial Velocity: 33
+Initial Hull: 100
+Initial Shields: 100
+Subsystem: Pilot
$Arrival Location: Hyperspace
$Arrival Cue: ( true ) 
$Departure Location: Hyperspace
$Departure Cue: ( false ) 
$Determination: 10
+Flags: ( "cargo-known" "no-shields" "stealth" "friendly-stealth-invisible" )
+Flags2: ( )
+Respawn priority: 0
+Group: 0
+Use Table Score:
+Score: 1

$Name: Debris Chunk 11 35		;! Object #29
$Display Name: XSTR("Debris Chunk 11 35", 3460)
$Class: Debris Chunk 11
$Team: Surrendered
$Location: -77.366394, -887.860352, 5907.057617
$Orientation:
	0.600941, -0.698676, -0.388229,
	-0.775589, -0.392301, -0.494532,
	0.193215, 0.598291, -0.777635
$AI Behavior: None
$Cargo 1:  XSTR("Nothing", 3185)
+Initial Velocity: 33
+Initial Hull: 100
+Initial Shields: 100
+Subsystem: Pilot
$Arrival Location: Hyperspace
$Arrival Cue: ( true ) 
$Departure Location: Hyperspace
$Departure Cue: ( false ) 
$Determination: 10
+Flags: ( "cargo-known" "no-shields" "stealth" "friendly-stealth-invisible" )
+Flags2: ( )
+Respawn priority: 0
+Group: 0
+Use Table Score:
+Score: 1

$Name: Debris Chunk 14 36		;! Object #30
$Display Name: XSTR("Debris Chunk 14 36", 3461)
$Class: Debris Chunk 14
$Team: Surrendered
$Location: 1601.643555, -1046.709595, 3399.795898
$Orientation:
	0.600941, -0.698676, -0.388229,
	-0.775589, -0.392301, -0.494532,
	0.193215, 0.598291, -0.777635
$AI Behavior: None
$Cargo 1:  XSTR("Nothing", 3185)
+Initial Velocity: 33
+Initial Hull: 100
+Initial Shields: 100
+Subsystem: Pilot
$Arrival Location: Hyperspace
$Arrival Cue: ( true ) 
$Departure Location: Hyperspace
$Departure Cue: ( false ) 
$Determination: 10
+Flags: ( "cargo-known" "no-shields" "stealth" "friendly-stealth-invisible" )
+Flags2: ( )
+Respawn priority: 0
+Group: 0
+Use Table Score:
+Score: 1

$Name: Debris Chunk 7 37		;! Object #31
$Display Name: XSTR("Debris Chunk 7 37", 3462)
$Class: Debris Chunk 7
$Team: Surrendered
$Location: 3424.962891, -1419.991455, 5680.322266
$Orientation:
	-0.335206, -0.942145, 0.000000,
	0.942145, -0.335206, 0.000000,
	0.000000, 0.000000, 1.000000
$AI Behavior: None
$Cargo 1:  XSTR("Nothing", 3185)
+Initial Velocity: 33
+Initial Hull: 100
+Initial Shields: 100
+Subsystem: Pilot
$Arrival Location: Hyperspace
$Arrival Cue: ( true ) 
$Departure Location: Hyperspace
$Departure Cue: ( false ) 
$Determination: 10
+Flags: ( "cargo-known" "no-shields" "stealth" "friendly-stealth-invisible" )
+Flags2: ( )
+Respawn priority: 0
+Group: 0
+Use Table Score:
+Score: 1

$Name: Debris Chunk 8 38		;! Object #32
$Display Name: XSTR("Debris Chunk 8 38", 3463)
$Class: Debris Chunk 8
$Team: Surrendered
$Location: 3070.069580, -2417.477051, 6865.504883
$Orientation:
	-0.335206, -0.942145, 0.000000,
	0.942145, -0.335206, 0.000000,
	0.000000, 0.000000, 1.000000
$AI Behavior: None
$Cargo 1:  XSTR("Nothing", 3185)
+Initial Velocity: 33
+Initial Hull: 100
+Initial Shields: 100
+Subsystem: Pilot
$Arrival Location: Hyperspace
$Arrival Cue: ( true ) 
$Departure Location: Hyperspace
$Departure Cue: ( false ) 
$Determination: 10
+Flags: ( "cargo-known" "no-shields" "stealth" "friendly-stealth-invisible" )
+Flags2: ( )
+Respawn priority: 0
+Group: 0
+Use Table Score:
+Score: 1

$Name: Debris Chunk 9 39		;! Object #33
$Display Name: XSTR("Debris Chunk 9 39", 3464)
$Class: Debris Chunk 9
$Team: Surrendered
$Location: 3246.328369, -1922.082031, 6681.839844
$Orientation:
	-0.335206, -0.942145, 0.000000,
	0.942145, -0.335206, 0.000000,
	0.000000, 0.000000, 1.000000
$AI Behavior: None
$Cargo 1:  XSTR("Nothing", 3185)
+Initial Velocity: 33
+Initial Hull: 100
+Initial Shields: 100
+Subsystem: Pilot
$Arrival Location: Hyperspace
$Arrival Cue: ( true ) 
$Departure Location: Hyperspace
$Departure Cue: ( false ) 
$Determination: 10
+Flags: ( "cargo-known" "no-shields" "stealth" "friendly-stealth-invisible" )
+Flags2: ( )
+Respawn priority: 0
+Group: 0
+Use Table Score:
+Score: 1

$Name: Debris Chunk 10 40		;! Object #34
$Display Name: XSTR("Debris Chunk 10 40", 3465)
$Class: Debris Chunk 10
$Team: Surrendered
$Location: 3154.367676, -2173.396484, 5113.785156
$Orientation:
	-0.335206, -0.942145, 0.000000,
	0.942145, -0.335206, 0.000000,
	0.000000, 0.000000, 1.000000
$AI Behavior: None
$Cargo 1:  XSTR("Nothing", 3185)
+Initial Velocity: 33
+Initial Hull: 100
+Initial Shields: 100
+Subsystem: Pilot
$Arrival Location: Hyperspace
$Arrival Cue: ( true ) 
$Departure Location: Hyperspace
$Departure Cue: ( false ) 
$Determination: 10
+Flags: ( "cargo-known" "no-shields" "stealth" "friendly-stealth-invisible" )
+Flags2: ( )
+Respawn priority: 0
+Group: 0
+Use Table Score:
+Score: 1

$Name: Debris Chunk 11 41		;! Object #35
$Display Name: XSTR("Debris Chunk 11 41", 3466)
$Class: Debris Chunk 11
$Team: Surrendered
$Location: 3706.596680, -628.396973, 6097.683594
$Orientation:
	-0.335206, -0.942145, 0.000000,
	0.942145, -0.335206, 0.000000,
	0.000000, 0.000000, 1.000000
$AI Behavior: None
$Cargo 1:  XSTR("Nothing", 3185)
+Initial Velocity: 33
+Initial Hull: 100
+Initial Shields: 100
+Subsystem: Pilot
$Arrival Location: Hyperspace
$Arrival Cue: ( true ) 
$Departure Location: Hyperspace
$Departure Cue: ( false ) 
$Determination: 10
+Flags: ( "cargo-known" "no-shields" "stealth" "friendly-stealth-invisible" )
+Flags2: ( )
+Respawn priority: 0
+Group: 0
+Use Table Score:
+Score: 1

$Name: Debris Chunk 13 42		;! Object #36
$Display Name: XSTR("Debris Chunk 13 42", 3467)
$Class: Debris Chunk 13
$Team: Surrendered
$Location: 3364.887695, -3560.767578, 7560.084961
$Orientation:
	-0.335367, -0.942088, 0.000000,
	0.942088, -0.335367, 0.000000,
	0.000000, 0.000000, 1.000000
$AI Behavior: None
$Cargo 1:  XSTR("Nothing", 3185)
+Initial Velocity: 33
+Initial Hull: 100
+Initial Shields: 100
+Subsystem: Pilot
$Arrival Location: Hyperspace
$Arrival Cue: ( true ) 
$Departure Location: Hyperspace
$Departure Cue: ( false ) 
$Determination: 10
+Flags: ( "cargo-known" "no-shields" "stealth" "friendly-stealth-invisible" )
+Flags2: ( )
+Respawn priority: 0
+Group: 0
+Use Table Score:
+Score: 1

$Name: Debris Chunk 7 43		;! Object #37
$Display Name: XSTR("Debris Chunk 7 43", 3468)
$Class: Debris Chunk 7
$Team: Surrendered
$Location: 4298.674805, 1139.441528, 5680.322266
$Orientation:
	-0.199322, -0.184717, 0.962367,
	0.036710, -0.982792, -0.181034,
	0.979246, -0.000756, 0.202673
$AI Behavior: None
$Cargo 1:  XSTR("Nothing", 3185)
+Initial Velocity: 33
+Initial Hull: 100
+Initial Shields: 100
+Subsystem: Pilot
$Arrival Location: Hyperspace
$Arrival Cue: ( true ) 
$Departure Location: Hyperspace
$Departure Cue: ( false ) 
$Determination: 10
+Flags: ( "cargo-known" "no-shields" "stealth" "friendly-stealth-invisible" )
+Flags2: ( )
+Respawn priority: 0
+Group: 0
+Use Table Score:
+Score: 1

$Name: Debris Chunk 8 44		;! Object #38
$Display Name: XSTR("Debris Chunk 8 44", 3469)
$Class: Debris Chunk 8
$Team: Surrendered
$Location: 3010.951416, -2618.505859, 5398.453125
$Orientation:
	-0.199322, -0.184717, 0.962367,
	0.036710, -0.982792, -0.181034,
	0.979246, -0.000756, 0.202673
$AI Behavior: None
$Cargo 1:  XSTR("Nothing", 3185)
+Initial Velocity: 33
+Initial Hull: 100
+Initial Shields: 100
+Subsystem: Pilot
$Arrival Location: Hyperspace
$Arrival Cue: ( true ) 
$Departure Location: Hyperspace
$Departure Cue: ( false ) 
$Determination: 10
+Flags: ( "cargo-known" "no-shields" "stealth" "friendly-stealth-invisible" )
+Flags2: ( )
+Respawn priority: 0
+Group: 0
+Use Table Score:
+Score: 1

$Name: Debris Chunk 9 45		;! Object #39
$Display Name: XSTR("Debris Chunk 9 45", 3470)
$Class: Debris Chunk 9
$Team: Surrendered
$Location: 3517.292969, -2551.158691, 5620.536133
$Orientation:
	-0.199322, -0.184717, 0.962367,
	0.036710, -0.982792, -0.181034,
	0.979246, -0.000756, 0.202673
$AI Behavior: None
$Cargo 1:  XSTR("Nothing", 3185)
+Initial Velocity: 33
+Initial Hull: 100
+Initial Shields: 100
+Subsystem: Pilot
$Arrival Location: Hyperspace
$Arrival Cue: ( true ) 
$Departure Location: Hyperspace
$Departure Cue: ( false ) 
$Determination: 10
+Flags: ( "cargo-known" "no-shields" "stealth" "friendly-stealth-invisible" )
+Flags2: ( )
+Respawn priority: 0
+Group: 0
+Use Table Score:
+Score: 1

$Name: Debris Chunk 10 46		;! Object #40
$Display Name: XSTR("Debris Chunk 10 46", 3471)
$Class: Debris Chunk 10
$Team: Surrendered
$Location: 3805.206543, -1052.077148, 5172.791016
$Orientation:
	-0.199322, -0.184717, 0.962367,
	0.036710, -0.982792, -0.181034,
	0.979246, -0.000756, 0.202673
$AI Behavior: None
$Cargo 1:  XSTR("Nothing", 3185)
+Initial Velocity: 33
+Initial Hull: 100
+Initial Shields: 100
+Subsystem: Pilot
$Arrival Location: Hyperspace
$Arrival Cue: ( true ) 
$Departure Location: Hyperspace
$Departure Cue: ( false ) 
$Determination: 10
+Flags: ( "cargo-known" "no-shields" "stealth" "friendly-stealth-invisible" )
+Flags2: ( )
+Respawn priority: 0
+Group: 0
+Use Table Score:
+Score: 1

$Name: Debris Chunk 14 47		;! Object #41
$Display Name: XSTR("Debris Chunk 14 47", 3472)
$Class: Debris Chunk 14
$Team: Surrendered
$Location: 2381.913086, -3882.404785, 5588.610352
$Orientation:
	-0.199322, -0.184717, 0.962367,
	0.036710, -0.982792, -0.181034,
	0.979246, -0.000756, 0.202673
$AI Behavior: None
$Cargo 1:  XSTR("Nothing", 3185)
+Initial Velocity: 33
+Initial Hull: 100
+Initial Shields: 100
+Subsystem: Pilot
$Arrival Location: Hyperspace
$Arrival Cue: ( true ) 
$Departure Location: Hyperspace
$Departure Cue: ( false ) 
$Determination: 10
+Flags: ( "cargo-known" "no-shields" "stealth" "friendly-stealth-invisible" )
+Flags2: ( )
+Respawn priority: 0
+Group: 0
+Use Table Score:
+Score: 1

$Name: Debris Chunk 7 48		;! Object #42
$Display Name: XSTR("Debris Chunk 7 48", 3473)
$Class: Debris Chunk 7
$Team: Surrendered
$Location: 3137.984863, -1317.887207, 5680.372070
$Orientation:
	0.529278, 0.603805, 0.596058,
	0.826156, -0.526752, -0.199998,
	0.193215, 0.598291, -0.777635
$AI Behavior: None
$Cargo 1:  XSTR("Nothing", 3185)
+Initial Velocity: 33
+Initial Hull: 100
+Initial Shields: 100
+Subsystem: Pilot
$Arrival Location: Hyperspace
$Arrival Cue: ( true ) 
$Departure Location: Hyperspace
$Departure Cue: ( false ) 
$Determination: 10
+Flags: ( "cargo-known" "no-shields" "stealth" "friendly-stealth-invisible" )
+Flags2: ( )
+Respawn priority: 0
+Group: 0
+Use Table Score:
+Score: 1

$Name: Debris Chunk 8 49		;! Object #43
$Display Name: XSTR("Debris Chunk 8 49", 3474)
$Class: Debris Chunk 8
$Team: Surrendered
$Location: 2819.064453, -2122.833008, 4347.715820
$Orientation:
	0.529278, 0.603805, 0.596058,
	0.826156, -0.526752, -0.199998,
	0.193215, 0.598291, -0.777635
$AI Behavior: None
$Cargo 1:  XSTR("Nothing", 3185)
+Initial Velocity: 33
+Initial Hull: 100
+Initial Shields: 100
+Subsystem: Pilot
$Arrival Location: Hyperspace
$Arrival Cue: ( true ) 
$Departure Location: Hyperspace
$Departure Cue: ( false ) 
$Determination: 10
+Flags: ( "cargo-known" "no-shields" "stealth" "friendly-stealth-invisible" )
+Flags2: ( )
+Respawn priority: 0
+Group: 0
+Use Table Score:
+Score: 1

$Name: Debris Chunk 9 50		;! Object #44
$Display Name: XSTR("Debris Chunk 9 50", 3475)
$Class: Debris Chunk 9
$Team: Surrendered
$Location: 3179.489746, -1878.010742, 4694.642578
$Orientation:
	0.529278, 0.603805, 0.596058,
	0.826156, -0.526752, -0.199998,
	0.193215, 0.598291, -0.777635
$AI Behavior: None
$Cargo 1:  XSTR("Nothing", 3185)
+Initial Velocity: 33
+Initial Hull: 100
+Initial Shields: 100
+Subsystem: Pilot
$Arrival Location: Hyperspace
$Arrival Cue: ( true ) 
$Departure Location: Hyperspace
$Departure Cue: ( false ) 
$Determination: 10
+Flags: ( "cargo-known" "no-shields" "stealth" "friendly-stealth-invisible" )
+Flags2: ( )
+Respawn priority: 0
+Group: 0
+Use Table Score:
+Score: 1

$Name: Debris Chunk 10 51		;! Object #45
$Display Name: XSTR("Debris Chunk 10 51", 3476)
$Class: Debris Chunk 10
$Team: Surrendered
$Location: 2167.329102, -1368.928467, 5811.324219
$Orientation:
	0.529278, 0.603805, 0.596058,
	0.826156, -0.526752, -0.199998,
	0.193215, 0.598291, -0.777635
$AI Behavior: None
$Cargo 1:  XSTR("Nothing", 3185)
+Initial Velocity: 33
+Initial Hull: 100
+Initial Shields: 100
+Subsystem: Pilot
$Arrival Location: Hyperspace
$Arrival Cue: ( true ) 
$Departure Location: Hyperspace
$Departure Cue: ( false ) 
$Determination: 10
+Flags: ( "cargo-known" "no-shields" "stealth" "friendly-stealth-invisible" )
+Flags2: ( )
+Respawn priority: 0
+Group: 0
+Use Table Score:
+Score: 1

$Name: Debris Chunk 11 52		;! Object #46
$Display Name: XSTR("Debris Chunk 11 52", 3477)
$Class: Debris Chunk 11
$Team: Surrendered
$Location: 4068.534180, -1198.620605, 5682.036133
$Orientation:
	0.529278, 0.603805, 0.596058,
	0.826156, -0.526752, -0.199998,
	0.193215, 0.598291, -0.777635
$AI Behavior: None
$Cargo 1:  XSTR("Nothing", 3185)
+Initial Velocity: 33
+Initial Hull: 100
+Initial Shields: 100
+Subsystem: Pilot
$Arrival Location: Hyperspace
$Arrival Cue: ( true ) 
$Departure Location: Hyperspace
$Departure Cue: ( false ) 
$Determination: 10
+Flags: ( "cargo-known" "no-shields" "stealth" "friendly-stealth-invisible" )
+Flags2: ( )
+Respawn priority: 0
+Group: 0
+Use Table Score:
+Score: 1

$Name: Debris Chunk 14 53		;! Object #47
$Display Name: XSTR("Debris Chunk 14 53", 3478)
$Class: Debris Chunk 14
$Team: Surrendered
$Location: 3356.064941, -2727.267090, 3174.772461
$Orientation:
	0.529278, 0.603805, 0.596058,
	0.826156, -0.526752, -0.199998,
	0.193215, 0.598291, -0.777635
$AI Behavior: None
$Cargo 1:  XSTR("Nothing", 3185)
+Initial Velocity: 33
+Initial Hull: 100
+Initial Shields: 100
+Subsystem: Pilot
$Arrival Location: Hyperspace
$Arrival Cue: ( true ) 
$Departure Location: Hyperspace
$Departure Cue: ( false ) 
$Determination: 10
+Flags: ( "cargo-known" "no-shields" "stealth" "friendly-stealth-invisible" )
+Flags2: ( )
+Respawn priority: 0
+Group: 0
+Use Table Score:
+Score: 1

$Name: Debris Chunk 7 50		;! Object #48
$Display Name: XSTR("Debris Chunk 7 50", 3479)
$Class: Debris Chunk 7
$Team: Surrendered
$Location: -244.149292, 2341.239014, 7686.187500
$Orientation:
	0.629657, 0.000000, -0.776873,
	-0.000000, 1.000000, 0.000000,
	0.776873, 0.000000, 0.629657
$AI Behavior: None
$Cargo 1:  XSTR("Nothing", 3185)
+Initial Velocity: 33
+Initial Hull: 100
+Initial Shields: 100
+Subsystem: Pilot
$Arrival Location: Hyperspace
$Arrival Cue: ( true ) 
$Departure Location: Hyperspace
$Departure Cue: ( false ) 
$Determination: 10
+Flags: ( "cargo-known" "no-shields" "stealth" "friendly-stealth-invisible" )
+Flags2: ( )
+Respawn priority: 0
+Group: 0
+Use Table Score:
+Score: 1

$Name: Debris Chunk 8 51		;! Object #49
$Display Name: XSTR("Debris Chunk 8 51", 3480)
$Class: Debris Chunk 8
$Team: Surrendered
$Location: 1345.000244, 2341.238770, 7692.643555
$Orientation:
	0.629657, 0.000000, -0.776873,
	-0.000000, 1.000000, 0.000000,
	0.776873, 0.000000, 0.629657
$AI Behavior: None
$Cargo 1:  XSTR("Nothing", 3185)
+Initial Velocity: 33
+Initial Hull: 100
+Initial Shields: 100
+Subsystem: Pilot
$Arrival Location: Hyperspace
$Arrival Cue: ( true ) 
$Departure Location: Hyperspace
$Departure Cue: ( false ) 
$Determination: 10
