#Mission Info

$Version: 23.1
$Name:  XSTR("Rights of Man", 4099)
$Author: Darius
$Created: 10/11/19 at 22:47:10
$Modified: 07/16/24 at 19:45:28
$Notes:
This is a FRED2_OPEN created mission.
$End Notes:

$Mission Desc:
 XSTR("Put mission description here
", 3326)
$end_multi_text
+Game Type Flags: 1
+Flags: 786624
+Fog Near Mult: 1.000000

+Fog Far Mult: 1.000000


+Disallow Support: 0
+Hull Repair Ceiling: 95.000000
+Subsystem Repair Ceiling: 100.000000

+Viewer pos: 1026.089111, 1668.660767, 4007.641113
+Viewer orient:
	-0.839234, 0.000010, 0.543771,
	-0.099542, 0.983099, -0.153648,
	-0.534582, -0.183075, -0.825049

$Starting wing names: ( "Alfa" "Bravo" "Charlie" )
$Squadron wing names: ( "Alfa" "Bravo" "Charlie" "Delta" "Echo" )
$Team-versus-team wing names: ( "Alfa" "Zulu" )

$Load Screen 1024: 2_LoadingBGM00.png

$Skybox Model: desertplanet.pof
+Skybox Orientation:
	1.000000, 0.000000, -0.000000,
	-0.000000, 0.342020, -0.939693,
	0.000000, 0.939693, 0.342020

$AI Profile: Solaris

#Sexp_variables

$Variables:
(
		0		"dropoffstate"		"0"		"number"
		1		"i18nVariable1"		"#"		"string"
		2		"i18nVariable2"		"#Kaur"		"string"
		3		"i18nVariable3"		"#Navo"		"string"
		4		"i18nVariable4"		"#Erikson"		"string"
		5		"i18nVariable5"		"Meiks"		"string"
		6		"i18nVariable6"		"Dropoff Point"		"string"
)

#Command Briefing

#Briefing
$start_briefing
$num_stages: 0
$end_briefing

#Debriefing_info

$Num stages: 2

$Formula: ( is-event-true-delay 
   "mission complete title" 
   0 
)
$Multi text
    XSTR("That was tougher than I expected.

The Malikans were definitely behind the Korra mutiny. In fact, it's starting to look like they've been behind most of the uprisings in Sulsia.

This is a worrying escalation. Those transports were carrying troops to secure their hold on Korra, which means that they aren't just aiming to disrupt Sulsian operations. They plan to occupy assets and territory.

If I didn't know better, I'd say that Andri Gadaria is going beyond his goals of worker liberation. He's building an army.

Energence Industries has paid a bonus to the Hoshikuzu's crew for taking care of the Malikan reinforcements and keeping Navo's men safe. I'm using the extra credits to source some new equipment for the gunships. I'll get Kaur to go through the new cannons with you later.", 4100)
$end_multi_text
$Voice: 13-db1
$Recommendation text:
    XSTR("Mission successful.

The Malika People's Militia is a disparate coalition of paramilitary organisations, warbands and armed worker groups across Fringe space. The overarching creed of the Militia is the 'liberation of all indentured workers from exploitation,' and 'the right to Self-Determination'. In practice, this means utilising violence to disrupt or control Sulsian resource operations.", 4101)
$end_multi_text

$Formula: ( is-event-true-delay 
   "mission failed title" 
   0 
)
$Multi text
    XSTR("Mission failed debriefing", 4102)
$end_multi_text
$Voice: none.wav
$Recommendation text:
    XSTR("", 2696)
$end_multi_text


#Callsigns:
$Callsign: XSTR("Lau", 3601)
$Callsign: XSTR("Meiks", 3975)
$Callsign: XSTR("Ross", 3333)

#end


#Players		;! 1 total

$Starting Shipname: Alfa 1
$Ship Choices: (
)

+Weaponry Pool: (
	"Huaqing"	2
	"Sparrow"	16
)

#Objects		;! 81 total

$Name: Korra		;! Object #0
$Display Name: XSTR("Korra", 4103)
$Class: Refinery
$Team: Unknown
$Location: 681.918701, 0.001953, 155.569000
$Orientation:
	-0.021993, -0.000000, 0.999758,
	-0.000000, 1.000000, 0.000000,
	-0.999758, -0.000000, -0.021993
$Cargo 1:  XSTR("Nothing", 3335)
+Initial Hull: 100
+Initial Shields: 100
+Subsystem: Pilot
$Arrival Location: Hyperspace
$Arrival Cue: ( true ) 
$Departure Location: Hyperspace
$Departure Cue: ( false ) 
$Determination: 10
+Flags: ( "cargo-known" "protect-ship" "no-shields" "stealth" "friendly-stealth-invisible" )
+Flags2: ( "immobile" )
+Respawn priority: 0
+Docked With: Victor 2
$Docker Point: Docking Point
$Dockee Point: Docking Point 3
+Docked With: Victor 1
$Docker Point: Docking Point
$Dockee Point: Docking Point 2
+Group: 0
+Use Table Score:
+Score: 0

$Name: Victor 1		;! Object #1
$Display Name: XSTR("Victor 1", 3981)
$Class: Mace-class Fighter
$Team: Hostile
$Location: 807.089478, -406.598053, 808.479675
$Orientation:
	0.021993, 0.000000, -0.999758,
	0.000000, 1.000000, 0.000000,
	0.999758, 0.000000, 0.021993
$Cargo 1:  XSTR("Nothing", 3335)
+Initial Velocity: 33
+Initial Hull: 100
+Initial Shields: 100
+Subsystem: Pilot
$Arrival Location: Hyperspace
$Arrival Cue: ( false ) 
$Departure Location: Hyperspace
$Departure Cue: ( false ) 
$Determination: 10
+Flags: ( "cargo-known" "protect-ship" "no-shields" "stealth" "friendly-stealth-invisible" )
+Flags2: ( "no-subspace-drive" "no-ets" )
+Respawn priority: 0
+Docked With: Korra
$Docker Point: Docking Point 2
$Dockee Point: Docking Point
+Group: 0
+Use Table Score:
+Score: 10

$Name: Victor 2		;! Object #2
$Display Name: XSTR("Victor 2", 3982)
$Class: Mace-class Fighter
$Team: Hostile
$Location: 835.680359, -406.598053, -491.205688
$Orientation:
	0.021993, 0.000000, -0.999758,
	0.000000, 1.000000, 0.000000,
	0.999758, 0.000000, 0.021993
$Cargo 1:  XSTR("Nothing", 3335)
+Initial Velocity: 33
+Initial Hull: 100
+Initial Shields: 100
+Subsystem: Pilot
$Arrival Location: Hyperspace
$Arrival Cue: ( false ) 
$Departure Location: Hyperspace
$Departure Cue: ( false ) 
$Determination: 10
+Flags: ( "cargo-known" "protect-ship" "no-shields" "stealth" "friendly-stealth-invisible" )
+Flags2: ( "no-subspace-drive" "no-ets" )
+Respawn priority: 0
+Docked With: Korra
$Docker Point: Docking Point 3
$Dockee Point: Docking Point
+Group: 0
+Use Table Score:
+Score: 10

$Name: Transponder 152		;! Object #3
$Display Name: XSTR("Transponder 152", 3603)
$Class: Transponder
$Team: Friendly
$Location: 2201.147461, 0.010742, 9073.441406
$Orientation:
	-0.029416, 0.000000, -0.999567,
	0.000000, 1.000000, 0.000000,
	0.999567, 0.000000, -0.029416
$Cargo 1:  XSTR("Nothing", 3335)
+Initial Velocity: 33
+Initial Hull: 100
+Initial Shields: 100
+Subsystem: Pilot
$Arrival Location: Hyperspace
$Arrival Cue: ( true ) 
$Departure Location: Hyperspace
$Departure Cue: ( false ) 
$Determination: 10
+Flags: ( "cargo-known" "no-shields" )
+Flags2: ( )
+Respawn priority: 0
+Group: 0
+Use Table Score:
+Score: 0

$Name: Hoshikuzu		;! Object #4
$Display Name: XSTR("Hoshikuzu", 3911)
$Class: Rasputin-class Corvette
$Callsign: XSTR("Lau", 3601)

$Team: Friendly
$Location: 463.750397, 1200.000000, 10275.593750
$Orientation:
	-0.999995, 0.000000, 0.003143,
	0.000000, 1.000000, 0.000000,
	-0.003143, 0.000000, -0.999995
$Cargo 1:  XSTR("Nothing", 3335)
+Initial Hull: 100
+Initial Shields: 100
+Subsystem: Pilot
+Subsystem: turret01
+Subsystem: turret02
+Subsystem: turret03
+Subsystem: turret04
$Arrival Location: Hyperspace
$Arrival Cue: ( true ) 
$Departure Location: Hyperspace
$Departure Cue: ( false ) 
$Determination: 10
+Flags: ( "cargo-known" "no-shields" "escort" )
+Flags2: ( "no-ets" )
+Respawn priority: 0
+Escort priority: 100
+Docked With: Bravo 1
$Docker Point: Docking Point
$Dockee Point: Starb Fighter Rail
+Docked With: Alfa 1
$Docker Point: Docking Point
$Dockee Point: Port Fighter Rail
+Group: 0
+Use Table Score:
+Score: 0

$Name: Alfa 1		;! Object #5
$Display Name: XSTR("Alfa 1", 3976)
$Class: Comet-class Gunship
$Callsign: XSTR("Ross", 3333)

$Team: Friendly
$Location: 487.219299, 1197.300049, 10173.269531
$Orientation:
	-0.999995, 0.000000, 0.003143,
	0.000000, 1.000000, 0.000000,
	-0.003143, 0.000000, -0.999995
$Cargo 1:  XSTR("Nothing", 3335)
+Initial Hull: 100
+Initial Shields: 100
+Subsystem: Pilot
+Primary Banks: ( "Huaqing" )
$Arrival Location: Hyperspace
$Arrival Cue: ( false ) 
$Departure Location: Hyperspace
$Departure Cue: ( false ) 
$Determination: 10
+Flags: ( "cargo-known" "no-shields" "player-start" )
+Flags2: ( "no-subspace-drive" "no-ets" )
+Respawn priority: 0
+Docked With: EMP Mine
$Docker Point: Docking Point
$Dockee Point: Auxiliary Dock
+Docked With: Hoshikuzu
$Docker Point: Port Fighter Rail
$Dockee Point: Docking Point
+Group: 0
+Use Table Score:
+Score: 10

$Name: EMP Mine		;! Object #6
$Display Name: XSTR("EMP Mine", 2713)
$Class: EMP Mine

$Team: Friendly
$Location: 487.225586, 1194.800049, 10175.269531
$Orientation:
	0.999995, 0.000000, -0.003143,
	-0.003143, 0.000000, -0.999995,
	0.000000, 1.000000, 0.000000
$Cargo 1:  XSTR("Nothing", 3335)
+Initial Hull: 100
+Initial Shields: 100
+Subsystem: Pilot
$Arrival Location: Hyperspace
$Arrival Cue: ( false ) 
$Departure Location: Hyperspace
$Departure Cue: ( false ) 
$Determination: 10
+Flags: ( "cargo-known" "no-shields" "stealth" "friendly-stealth-invisible" )
+Flags2: ( "no-ets" )
+Respawn priority: 0
+Docked With: Alfa 1
$Docker Point: Auxiliary Dock
$Dockee Point: Docking Point
+Group: 0
+Use Table Score:
+Score: 10

$Name: Bravo 1		;! Object #7
$Display Name: XSTR("Bravo 1", 3604)
$Class: Comet-class Gunship
$Callsign: XSTR("Meiks", 3975)

$Team: Friendly
$Location: 439.638763, 1197.300049, 10173.418945
$Orientation:
	-0.999995, 0.000000, 0.003143,
	0.000000, 1.000000, 0.000000,
	-0.003143, 0.000000, -0.999995
$Cargo 1:  XSTR("Nothing", 3335)
+Initial Hull: 100
+Initial Shields: 100
+Subsystem: Pilot
+Primary Banks: ( "Huaqing" )
$Arrival Location: Hyperspace
$Arrival Cue: ( false ) 
$Departure Location: Hyperspace
$Departure Cue: ( false ) 
$Determination: 10
+Flags: ( "cargo-known" "no-shields" )
+Flags2: ( "no-subspace-drive" "no-ets" )
+Respawn priority: 0
+Docked With: Hoshikuzu
$Docker Point: Starb Fighter Rail
$Dockee Point: Docking Point
+Orders Accepted List: ( "attack ship" "cover me" "disable subsys" )
+Group: 0
+Use Table Score:
+Score: 10
+Persona Name: Meiks

$Name: Pollux Arrow		;! Object #8
$Display Name: XSTR("Pollux Arrow", 4104)
$Class: Tortoise-class Transport
$Team: Friendly
$Location: -34.398315, 1032.400024, 9353.261719
$Orientation:
	-0.999999, 0.000000, -0.001374,
	0.000000, 1.000000, 0.000000,
	0.001374, 0.000000, -0.999999
$Cargo 1:  XSTR("Troops", 4105)
+Initial Hull: 100
+Initial Shields: 100
+Subsystem: Pilot
$Arrival Location: Hyperspace
$Arrival Cue: ( true ) 
$Departure Location: Hyperspace
$Departure Cue: ( false ) 
$Determination: 10
+Flags: ( "cargo-known" "no-shields" )
+Flags2: ( "no-ets" )
+Respawn priority: 0
+Group: 0
+Use Table Score:
+Score: 0
$Texture Replace:
+old: neutraltransport
+new: neutraltransport2

$Name: Open Sky		;! Object #9
$Display Name: XSTR("Open Sky", 4106)
$Class: Pompeii-class Gunboat
$Team: Hostile
$Location: 674.408203, 912.763672, 3481.409668
$Orientation:
	0.111721, 0.000000, -0.993740,
	-0.000000, 1.000000, 0.000000,
	0.993740, 0.000000, 0.111721
$Cargo 1:  XSTR("Nothing", 3335)
+Initial Velocity: 33
+Initial Hull: 100
+Initial Shields: 100
+Subsystem: Pilot
+Subsystem: turret01
+Sbank Ammo: ( 0 )
+Subsystem: turret02
+Sbank Ammo: ( 0 )
+Subsystem: turret03
+Subsystem: turret04
$Arrival Location: Hyperspace
$Arrival Cue: ( true ) 
$Departure Location: Hyperspace
$Departure Cue: ( false ) 
$Determination: 10
+Flags: ( "cargo-known" "no-shields" "escort" )
+Flags2: ( "no-ets" )
+Respawn priority: 0
+Escort priority: 0
+Group: 0
+Use Table Score:
+Score: 10

$Name: Zincali		;! Object #10
$Display Name: XSTR("Zincali", 4107)
$Class: Pompeii-class Gunboat
$Team: Hostile
$Location: -191.286987, -701.250916, 821.619873
$Orientation:
	0.964008, 0.000000, -0.265872,
	-0.000000, 1.000000, 0.000000,
	0.265872, 0.000000, 0.964008
$Cargo 1:  XSTR("Nothing", 3335)
+Initial Velocity: 33
+Initial Hull: 100
+Initial Shields: 100
+Subsystem: Pilot
+Subsystem: turret01
+Sbank Ammo: ( 0 )
+Subsystem: turret02
+Sbank Ammo: ( 0 )
+Subsystem: turret03
+Subsystem: turret04
$Arrival Location: Hyperspace
$Arrival Cue: ( true ) 
$Departure Location: Hyperspace
$Departure Cue: ( false ) 
$Determination: 10
+Flags: ( "cargo-known" "no-shields" "escort" )
+Flags2: ( "no-ets" )
+Respawn priority: 0
+Escort priority: 0
+Group: 0
+Use Table Score:
+Score: 10

$Name: Arktos		;! Object #11
$Display Name: XSTR("Arktos", 4108)
$Class: Stargazer-class Freighter
$Team: Hostile
$Location: -656.320740, -541.602539, 5065.814453
$Orientation:
	-0.054214, 0.000000, -0.998529,
	0.000000, 1.000000, 0.000000,
	0.998529, 0.000000, -0.054214
$AI Goals: ( goals ( ai-waypoints-once "Arktos pass" 50 ) )
$Cargo 1:  XSTR("Nothing", 3335)
+Initial Velocity: 100
+Initial Hull: 100
+Initial Shields: 100
+Subsystem: Pilot
$Arrival Location: Hyperspace
$Arrival Cue: ( is-event-true-delay 
   "let's do this" 
   200 
)
$Departure Location: Hyperspace
$Departure Cue: ( is-event-true-delay 
   "stargazer retreats" 
   120 
)
$Determination: 10
+Flags: ( "cargo-known" "protect-ship" "no-shields" )
+Flags2: ( "no-ets" )
+Respawn priority: 0
+Docked With: Construction Drone#12
$Docker Point: Docking Point2
$Dockee Point: FighterDock1
+Docked With: Construction Drone#11
$Docker Point: Docking Point2
$Dockee Point: FighterDock2
+Docked With: Construction Drone#10
$Docker Point: Docking Point2
$Dockee Point: FighterDock3
+Docked With: Construction Drone#9
$Docker Point: Docking Point2
$Dockee Point: FighterDock4
+Docked With: Construction Drone#13
$Docker Point: Docking Point2
$Dockee Point: FighterDock5
+Docked With: Construction Drone#14
$Docker Point: Docking Point2
$Dockee Point: FighterDock6
+Docked With: Construction Drone#15
$Docker Point: Docking Point2
$Dockee Point: FighterDock7
+Docked With: Construction Drone#16
$Docker Point: Docking Point2
$Dockee Point: FighterDock8
+Group: 0
+Use Table Score:
+Score: 0

$Name: Construction Drone#16		;! Object #12
$Display Name: XSTR("Construction Drone", 3111)
$Class: Construction Drone
$Team: Hostile
$Location: -718.450806, -530.502563, 5046.654785
$Orientation:
	0.054214, 0.000000, 0.998529,
	0.000000, 1.000000, 0.000000,
	-0.998529, 0.000000, 0.054214
$AI Goals: ( goals ( ai-play-dead 50 ) )
$Cargo 1:  XSTR("Nothing", 3335)
+Initial Hull: 100
+Initial Shields: 100
+Subsystem: Pilot
$Arrival Location: Hyperspace
$Arrival Cue: ( false ) 
$Departure Location: Hyperspace
$Departure Cue: ( false ) 
$Determination: 10
+Flags: ( "cargo-known" "no-shields" "kamikaze" )
+Flags2: ( "no-ets" )
+Respawn priority: 0
+Kamikaze Damage: 100
+Hotkey: 5
+Docked With: Mine 24
$Docker Point: Docking Point
$Dockee Point: Docking Point
+Docked With: Arktos
$Docker Point: FighterDock8
$Dockee Point: Docking Point2
+Group: 0
+Use Table Score:
+Score: 50

$Name: Mine 24		;! Object #13
$Display Name: XSTR("Mine 24", 4109)
$Class: Mine
$Team: Hostile
$Location: -735.525635, -532.152588, 5047.582031
$Orientation:
	-0.054214, -0.000000, -0.998529,
	0.000000, 1.000000, 0.000000,
	0.998529, 0.000000, -0.054214
$Cargo 1:  XSTR("Nothing", 3335)
+Initial Hull: 100
+Initial Shields: 100
+Subsystem: Pilot
$Arrival Location: Hyperspace
$Arrival Cue: ( false ) 
$Departure Location: Hyperspace
$Departure Cue: ( false ) 
$Determination: 10
+Flags: ( "cargo-known" "no-shields" "kamikaze" "stealth" "friendly-stealth-invisible" )
+Flags2: ( "no-ets" )
+Respawn priority: 0
$Special Explosion:
+Special Exp Damage: 3000
+Special Exp Blast: 100
+Special Exp Inner Radius: 50
+Special Exp Outer Radius: 100
+Special Exp Shockwave Speed: 200
+Special Hitpoints: 500
+Kamikaze Damage: 650
+Docked With: Construction Drone#16
$Docker Point: Docking Point
$Dockee Point: Docking Point
+Group: 0
+Use Table Score:
+Score: 10

$Name: Construction Drone#15		;! Object #14
$Display Name: XSTR("Construction Drone", 3111)
$Class: Construction Drone
$Team: Hostile
$Location: -683.502258, -530.502563, 5044.756836
$Orientation:
	0.054214, 0.000000, 0.998529,
	0.000000, 1.000000, 0.000000,
	-0.998529, 0.000000, 0.054214
$AI Goals: ( goals ( ai-play-dead 50 ) )
$Cargo 1:  XSTR("Nothing", 3335)
+Initial Hull: 100
+Initial Shields: 100
+Subsystem: Pilot
$Arrival Location: Hyperspace
$Arrival Cue: ( false ) 
$Departure Location: Hyperspace
$Departure Cue: ( false ) 
$Determination: 10
+Flags: ( "cargo-known" "no-shields" "kamikaze" )
+Flags2: ( "no-ets" )
+Respawn priority: 0
+Kamikaze Damage: 100
+Hotkey: 5
+Docked With: Mine 23
$Docker Point: Docking Point
$Dockee Point: Docking Point
+Docked With: Arktos
$Docker Point: FighterDock7
$Dockee Point: Docking Point2
+Group: 0
+Use Table Score:
+Score: 50

$Name: Mine 23		;! Object #15
$Display Name: XSTR("Mine 23", 4110)
$Class: Mine
$Team: Hostile
$Location: -700.577087, -532.152588, 5045.684082
$Orientation:
	-0.054214, -0.000000, -0.998529,
	0.000000, 1.000000, 0.000000,
	0.998529, 0.000000, -0.054214
$Cargo 1:  XSTR("Nothing", 3335)
+Initial Hull: 100
+Initial Shields: 100
+Subsystem: Pilot
$Arrival Location: Hyperspace
$Arrival Cue: ( false ) 
$Departure Location: Hyperspace
$Departure Cue: ( false ) 
$Determination: 10
+Flags: ( "cargo-known" "no-shields" "kamikaze" "stealth" "friendly-stealth-invisible" )
+Flags2: ( "no-ets" )
+Respawn priority: 0
$Special Explosion:
+Special Exp Damage: 3000
+Special Exp Blast: 100
+Special Exp Inner Radius: 50
+Special Exp Outer Radius: 100
+Special Exp Shockwave Speed: 200
+Special Hitpoints: 500
+Kamikaze Damage: 650
+Docked With: Construction Drone#15
$Docker Point: Docking Point
$Dockee Point: Docking Point
+Group: 0
+Use Table Score:
+Score: 10

$Name: Construction Drone#14		;! Object #16
$Display Name: XSTR("Construction Drone", 3111)
$Class: Construction Drone
$Team: Hostile
$Location: -648.054504, -530.502563, 5042.832520
$Orientation:
	0.054214, 0.000000, 0.998529,
	0.000000, 1.000000, 0.000000,
	-0.998529, 0.000000, 0.054214
$AI Goals: ( goals ( ai-play-dead 50 ) )
$Cargo 1:  XSTR("Nothing", 3335)
+Initial Hull: 100
+Initial Shields: 100
+Subsystem: Pilot
$Arrival Location: Hyperspace
$Arrival Cue: ( false ) 
$Departure Location: Hyperspace
$Departure Cue: ( false ) 
$Determination: 10
+Flags: ( "cargo-known" "no-shields" "kamikaze" )
+Flags2: ( "no-ets" )
+Respawn priority: 0
+Kamikaze Damage: 100
+Hotkey: 5
+Docked With: Mine 22
$Docker Point: Docking Point
$Dockee Point: Docking Point
+Docked With: Arktos
$Docker Point: FighterDock6
$Dockee Point: Docking Point2
+Group: 0
+Use Table Score:
+Score: 50

$Name: Mine 22		;! Object #17
$Display Name: XSTR("Mine 22", 4111)
$Class: Mine
$Team: Hostile
$Location: -665.129333, -532.152588, 5043.759766
$Orientation:
	-0.054214, -0.000000, -0.998529,
	0.000000, 1.000000, 0.000000,
	0.998529, 0.000000, -0.054214
$Cargo 1:  XSTR("Nothing", 3335)
+Initial Hull: 100
+Initial Shields: 100
+Subsystem: Pilot
$Arrival Location: Hyperspace
$Arrival Cue: ( false ) 
$Departure Location: Hyperspace
$Departure Cue: ( false ) 
$Determination: 10
+Flags: ( "cargo-known" "no-shields" "kamikaze" "stealth" "friendly-stealth-invisible" )
+Flags2: ( "no-ets" )
+Respawn priority: 0
$Special Explosion:
+Special Exp Damage: 3000
+Special Exp Blast: 100
+Special Exp Inner Radius: 50
+Special Exp Outer Radius: 100
+Special Exp Shockwave Speed: 200
+Special Hitpoints: 500
+Kamikaze Damage: 650
+Docked With: Construction Drone#14
$Docker Point: Docking Point
$Dockee Point: Docking Point
+Group: 0
+Use Table Score:
+Score: 10

$Name: Construction Drone#13		;! Object #18
$Display Name: XSTR("Construction Drone", 3111)
$Class: Construction Drone
$Team: Hostile
$Location: -613.105957, -530.502563, 5040.935059
$Orientation:
	0.054214, 0.000000, 0.998529,
	0.000000, 1.000000, 0.000000,
	-0.998529, 0.000000, 0.054214
$AI Goals: ( goals ( ai-play-dead 50 ) )
$Cargo 1:  XSTR("Nothing", 3335)
+Initial Hull: 100
+Initial Shields: 100
+Subsystem: Pilot
$Arrival Location: Hyperspace
$Arrival Cue: ( false ) 
$Departure Location: Hyperspace
$Departure Cue: ( false ) 
$Determination: 10
+Flags: ( "cargo-known" "no-shields" "kamikaze" )
+Flags2: ( "no-ets" )
+Respawn priority: 0
+Kamikaze Damage: 100
+Hotkey: 5
+Docked With: Mine 21
$Docker Point: Docking Point
$Dockee Point: Docking Point
+Docked With: Arktos
$Docker Point: FighterDock5
$Dockee Point: Docking Point2
+Group: 0
+Use Table Score:
+Score: 50

$Name: Mine 21		;! Object #19
$Display Name: XSTR("Mine 21", 4112)
$Class: Mine
$Team: Hostile
$Location: -630.180786, -532.152588, 5041.862305
$Orientation:
	-0.054214, -0.000000, -0.998529,
	0.000000, 1.000000, 0.000000,
	0.998529, 0.000000, -0.054214
$Cargo 1:  XSTR("Nothing", 3335)
+Initial Hull: 100
+Initial Shields: 100
+Subsystem: Pilot
$Arrival Location: Hyperspace
$Arrival Cue: ( false ) 
$Departure Location: Hyperspace
$Departure Cue: ( false ) 
$Determination: 10
+Flags: ( "cargo-known" "no-shields" "kamikaze" "stealth" "friendly-stealth-invisible" )
+Flags2: ( "no-ets" )
+Respawn priority: 0
$Special Explosion:
+Special Exp Damage: 3000
+Special Exp Blast: 100
+Special Exp Inner Radius: 50
+Special Exp Outer Radius: 100
+Special Exp Shockwave Speed: 200
+Special Hitpoints: 500
+Kamikaze Damage: 650
+Docked With: Construction Drone#13
$Docker Point: Docking Point
$Dockee Point: Docking Point
+Group: 0
+Use Table Score:
+Score: 10

$Name: Construction Drone#9		;! Object #20
$Display Name: XSTR("Construction Drone", 3111)
$Class: Construction Drone
$Team: Hostile
$Location: -716.011169, -530.502563, 5091.588379
$Orientation:
	0.054214, 0.000000, 0.998529,
	0.000000, 1.000000, 0.000000,
	-0.998529, 0.000000, 0.054214
$AI Goals: ( goals ( ai-play-dead 50 ) )
$Cargo 1:  XSTR("Nothing", 3335)
+Initial Hull: 100
+Initial Shields: 100
+Subsystem: Pilot
$Arrival Location: Hyperspace
$Arrival Cue: ( false ) 
$Departure Location: Hyperspace
$Departure Cue: ( false ) 
$Determination: 10
+Flags: ( "cargo-known" "no-shields" "kamikaze" )
+Flags2: ( "no-ets" )
+Respawn priority: 0
+Kamikaze Damage: 100
+Hotkey: 5
+Docked With: Mine 20
$Docker Point: Docking Point
$Dockee Point: Docking Point
+Docked With: Arktos
$Docker Point: FighterDock4
$Dockee Point: Docking Point2
+Group: 0
+Use Table Score:
+Score: 50

$Name: Mine 20		;! Object #21
$Display Name: XSTR("Mine 20", 4113)
$Class: Mine
$Team: Hostile
$Location: -733.085999, -532.152588, 5092.515625
$Orientation:
	-0.054214, -0.000000, -0.998529,
	0.000000, 1.000000, 0.000000,
	0.998529, 0.000000, -0.054214
$Cargo 1:  XSTR("Nothing", 3335)
+Initial Hull: 100
+Initial Shields: 100
+Subsystem: Pilot
$Arrival Location: Hyperspace
$Arrival Cue: ( false ) 
$Departure Location: Hyperspace
$Departure Cue: ( false ) 
$Determination: 10
+Flags: ( "cargo-known" "no-shields" "kamikaze" "stealth" "friendly-stealth-invisible" )
+Flags2: ( "no-ets" )
+Respawn priority: 0
$Special Explosion:
+Special Exp Damage: 3000
+Special Exp Blast: 100
+Special Exp Inner Radius: 50
+Special Exp Outer Radius: 100
+Special Exp Shockwave Speed: 200
+Special Hitpoints: 500
+Kamikaze Damage: 650
+Docked With: Construction Drone#9
$Docker Point: Docking Point
$Dockee Point: Docking Point
+Group: 0
+Use Table Score:
+Score: 10

$Name: Construction Drone#10		;! Object #22
$Display Name: XSTR("Construction Drone", 3111)
$Class: Construction Drone
$Team: Hostile
$Location: -681.062683, -530.502563, 5089.690918
$Orientation:
	0.054214, 0.000000, 0.998529,
	0.000000, 1.000000, 0.000000,
	-0.998529, 0.000000, 0.054214
$AI Goals: ( goals ( ai-play-dead 50 ) )
$Cargo 1:  XSTR("Nothing", 3335)
+Initial Hull: 100
+Initial Shields: 100
+Subsystem: Pilot
$Arrival Location: Hyperspace
$Arrival Cue: ( false ) 
$Departure Location: Hyperspace
$Departure Cue: ( false ) 
$Determination: 10
+Flags: ( "cargo-known" "no-shields" "kamikaze" )
+Flags2: ( "no-ets" )
+Respawn priority: 0
+Kamikaze Damage: 100
+Hotkey: 5
+Docked With: Mine 19
$Docker Point: Docking Point
$Dockee Point: Docking Point
+Docked With: Arktos
$Docker Point: FighterDock3
$Dockee Point: Docking Point2
+Group: 0
+Use Table Score:
+Score: 50

$Name: Mine 19		;! Object #23
$Display Name: XSTR("Mine 19", 4114)
$Class: Mine
$Team: Hostile
$Location: -698.137512, -532.152588, 5090.618164
$Orientation:
	-0.054214, -0.000000, -0.998529,
	0.000000, 1.000000, 0.000000,
	0.998529, 0.000000, -0.054214
$Cargo 1:  XSTR("Nothing", 3335)
+Initial Hull: 100
+Initial Shields: 100
+Subsystem: Pilot
$Arrival Location: Hyperspace
$Arrival Cue: ( false ) 
$Departure Location: Hyperspace
$Departure Cue: ( false ) 
$Determination: 10
+Flags: ( "cargo-known" "no-shields" "kamikaze" "stealth" "friendly-stealth-invisible" )
+Flags2: ( "no-ets" )
+Respawn priority: 0
$Special Explosion:
+Special Exp Damage: 3000
+Special Exp Blast: 100
+Special Exp Inner Radius: 50
+Special Exp Outer Radius: 100
+Special Exp Shockwave Speed: 200
+Special Hitpoints: 500
+Kamikaze Damage: 650
+Docked With: Construction Drone#10
$Docker Point: Docking Point
$Dockee Point: Docking Point
+Group: 0
+Use Table Score:
+Score: 10

$Name: Construction Drone#11		;! Object #24
$Display Name: XSTR("Construction Drone", 3111)
$Class: Construction Drone
$Team: Hostile
$Location: -645.614868, -530.502563, 5087.766113
$Orientation:
	0.054214, 0.000000, 0.998529,
	0.000000, 1.000000, 0.000000,
	-0.998529, 0.000000, 0.054214
$AI Goals: ( goals ( ai-play-dead 50 ) )
$Cargo 1:  XSTR("Nothing", 3335)
+Initial Hull: 100
+Initial Shields: 100
+Subsystem: Pilot
$Arrival Location: Hyperspace
$Arrival Cue: ( false ) 
$Departure Location: Hyperspace
$Departure Cue: ( false ) 
$Determination: 10
+Flags: ( "cargo-known" "no-shields" "kamikaze" )
+Flags2: ( "no-ets" )
+Respawn priority: 0
+Kamikaze Damage: 100
+Hotkey: 5
+Docked With: Mine 18
$Docker Point: Docking Point
$Dockee Point: Docking Point
+Docked With: Arktos
$Docker Point: FighterDock2
$Dockee Point: Docking Point2
+Group: 0
+Use Table Score:
+Score: 50

$Name: Mine 18		;! Object #25
$Display Name: XSTR("Mine 18", 4115)
$Class: Mine
$Team: Hostile
$Location: -662.689697, -532.152588, 5088.693359
$Orientation:
	-0.054214, -0.000000, -0.998529,
	0.000000, 1.000000, 0.000000,
	0.998529, 0.000000, -0.054214
$Cargo 1:  XSTR("Nothing", 3335)
+Initial Hull: 100
+Initial Shields: 100
+Subsystem: Pilot
$Arrival Location: Hyperspace
$Arrival Cue: ( false ) 
$Departure Location: Hyperspace
$Departure Cue: ( false ) 
$Determination: 10
+Flags: ( "cargo-known" "no-shields" "kamikaze" "stealth" "friendly-stealth-invisible" )
+Flags2: ( "no-ets" )
+Respawn priority: 0
$Special Explosion:
+Special Exp Damage: 3000
+Special Exp Blast: 100
+Special Exp Inner Radius: 50
+Special Exp Outer Radius: 100
+Special Exp Shockwave Speed: 200
+Special Hitpoints: 500
+Kamikaze Damage: 650
+Docked With: Construction Drone#11
$Docker Point: Docking Point
$Dockee Point: Docking Point
+Group: 0
+Use Table Score:
+Score: 10

$Name: Construction Drone#12		;! Object #26
$Display Name: XSTR("Construction Drone", 3111)
$Class: Construction Drone
$Team: Hostile
$Location: -610.666382, -530.502563, 5085.868652
$Orientation:
	0.054214, 0.000000, 0.998529,
	0.000000, 1.000000, 0.000000,
	-0.998529, 0.000000, 0.054214
$AI Goals: ( goals ( ai-play-dead 50 ) )
$Cargo 1:  XSTR("Nothing", 3335)
+Initial Hull: 100
+Initial Shields: 100
+Subsystem: Pilot
$Arrival Location: Hyperspace
$Arrival Cue: ( false ) 
$Departure Location: Hyperspace
$Departure Cue: ( false ) 
$Determination: 10
+Flags: ( "cargo-known" "no-shields" "kamikaze" )
+Flags2: ( "no-ets" )
+Respawn priority: 0
+Kamikaze Damage: 100
+Hotkey: 5
+Docked With: Mine 17
$Docker Point: Docking Point
$Dockee Point: Docking Point
+Docked With: Arktos
$Docker Point: FighterDock1
$Dockee Point: Docking Point2
+Group: 0
+Use Table Score:
+Score: 50

$Name: Mine 17		;! Object #27
$Display Name: XSTR("Mine 17", 4116)
$Class: Mine
$Team: Hostile
$Location: -627.741211, -532.152588, 5086.795898
$Orientation:
	-0.054214, -0.000000, -0.998529,
	0.000000, 1.000000, 0.000000,
	0.998529, 0.000000, -0.054214
$Cargo 1:  XSTR("Nothing", 3335)
+Initial Hull: 100
+Initial Shields: 100
+Subsystem: Pilot
$Arrival Location: Hyperspace
$Arrival Cue: ( false ) 
$Departure Location: Hyperspace
$Departure Cue: ( false ) 
$Determination: 10
+Flags: ( "cargo-known" "no-shields" "kamikaze" "stealth" "friendly-stealth-invisible" )
+Flags2: ( "no-ets" )
+Respawn priority: 0
$Special Explosion:
+Special Exp Damage: 3000
+Special Exp Blast: 100
+Special Exp Inner Radius: 50
+Special Exp Outer Radius: 100
+Special Exp Shockwave Speed: 200
+Special Hitpoints: 500
+Kamikaze Damage: 650
+Docked With: Construction Drone#12
$Docker Point: Docking Point
$Dockee Point: Docking Point
+Group: 0
+Use Table Score:
+Score: 10

$Name: Rasputin-class Corvette 27		;! Object #28
$Display Name: XSTR("Rasputin-class Corvette 27", 4117)
$Class: Rasputin-class Corvette
$Team: Friendly
$Location: -7049.221191, 1200.000000, 14886.313477
$Orientation:
	-0.999995, 0.000000, 0.003143,
	0.000000, 1.000000, 0.000000,
	-0.003143, 0.000000, -0.999995
$Cargo 1:  XSTR("Nothing", 3335)
+Initial Velocity: 100
+Initial Hull: 100
+Initial Shields: 100
+Subsystem: Pilot
+Subsystem: turret01
+Subsystem: turret02
+Subsystem: turret03
+Subsystem: turret04
$Arrival Location: Hyperspace
$Arrival Cue: ( is-event-true-msecs-delay 
   "fadein" 
   2100 
)
$Departure Location: Hyperspace
$Departure Cue: ( false ) 
$Determination: 10
+Flags: ( "cargo-known" "no-shields" "no-departure-warp" )
+Flags2: ( "no-ets" )
+Respawn priority: 0
+Docked With: Comet-class Gunship 29
$Docker Point: Docking Point
$Dockee Point: Starb Fighter Rail
+Docked With: Comet-class Gunship 28
$Docker Point: Docking Point
$Dockee Point: Port Fighter Rail
+Group: 0
+Use Table Score:
+Score: 0

$Name: Comet-class Gunship 28		;! Object #29
$Display Name: XSTR("Comet-class Gunship 28", 4118)
$Class: Comet-class Gunship
$Team: Friendly
$Location: -7025.752441, 1197.300049, 14783.989258
$Orientation:
	-0.999995, 0.000000, 0.003143,
	0.000000, 1.000000, 0.000000,
	-0.003143, 0.000000, -0.999995
$Cargo 1:  XSTR("Nothing", 3335)
+Initial Hull: 100
+Initial Shields: 100
+Subsystem: Pilot
+Primary Banks: ( "Huaqing" )
$Arrival Location: Hyperspace
$Arrival Cue: ( false ) 
$Departure Location: Hyperspace
$Departure Cue: ( false ) 
$Determination: 10
+Flags: ( "cargo-known" "no-shields" )
+Flags2: ( "no-ets" )
+Respawn priority: 0
+Docked With: Rasputin-class Corvette 27
$Docker Point: Port Fighter Rail
$Dockee Point: Docking Point
+Group: 0
+Use Table Score:
+Score: 10

$Name: Comet-class Gunship 29		;! Object #30
$Display Name: XSTR("Comet-class Gunship 29", 4119)
$Class: Comet-class Gunship
$Team: Friendly
$Location: -7073.333008, 1197.300049, 14784.138672
$Orientation:
	-0.999995, 0.000000, 0.003143,
	0.000000, 1.000000, 0.000000,
	-0.003143, 0.000000, -0.999995
$Cargo 1:  XSTR("Nothing", 3335)
+Initial Hull: 100
+Initial Shields: 100
+Subsystem: Pilot
+Primary Banks: ( "Huaqing" )
$Arrival Location: Hyperspace
$Arrival Cue: ( false ) 
$Departure Location: Hyperspace
$Departure Cue: ( false ) 
$Determination: 10
+Flags: ( "cargo-known" "no-shields" )
+Flags2: ( "no-ets" )
+Respawn priority: 0
+Docked With: Rasputin-class Corvette 27
$Docker Point: Starb Fighter Rail
$Dockee Point: Docking Point
+Group: 0
+Use Table Score:
+Score: 10

$Name: Tortoise-class Transport 31		;! Object #31
$Display Name: XSTR("Tortoise-class Transport 31", 4120)
$Class: Tortoise-class Transport
$Team: Friendly
$Location: -7547.370117, 1032.400024, 13963.981445
$Orientation:
	-0.999999, 0.000000, -0.001374,
	0.000000, 1.000000, 0.000000,
	0.001374, 0.000000, -0.999999
$Cargo 1:  XSTR("Nothing", 3335)
+Initial Hull: 100
+Initial Shields: 100
+Subsystem: Pilot
$Arrival Location: Hyperspace
$Arrival Cue: ( is-event-true-msecs-delay 
   "fadein" 
   1500 
)
$Departure Location: Hyperspace
$Departure Cue: ( false ) 
$Determination: 10
+Flags: ( "cargo-known" "no-shields" "no-departure-warp" )
+Flags2: ( "no-ets" )
+Respawn priority: 0
+Group: 0
+Use Table Score:
+Score: 0
$Texture Replace:
+old: neutraltransport
+new: neutraltransport2

$Name: Debris Chunk 14 36		;! Object #32
$Display Name: XSTR("Debris Chunk 14 36", 3632)
$Class: Debris Chunk 14
$Team: Surrendered
$Location: 1601.643555, -1046.709595, 3399.795898
$Orientation:
	0.600941, -0.698676, -0.388229,
	-0.775589, -0.392301, -0.494532,
	0.193215, 0.598291, -0.777635
$Cargo 1:  XSTR("Nothing", 3335)
+Initial Velocity: 33
+Initial Hull: 100
+Initial Shields: 100
+Subsystem: Pilot
$Arrival Location: Hyperspace
$Arrival Cue: ( true ) 
$Departure Location: Hyperspace
$Departure Cue: ( false ) 
$Determination: 10
+Flags: ( "cargo-known" "no-shields" "stealth" "friendly-stealth-invisible" )
+Flags2: ( )
+Respawn priority: 0
+Group: 0
+Use Table Score:
+Score: 1

$Name: Debris Chunk 7 43		;! Object #33
$Display Name: XSTR("Debris Chunk 7 43", 3639)
$Class: Debris Chunk 7
$Team: Surrendered
$Location: 4602.576172, 660.035156, 1208.503906
$Orientation:
	-0.199322, -0.184717, 0.962367,
	0.036710, -0.982791, -0.181034,
	0.979246, -0.000756, 0.202673
$Cargo 1:  XSTR("Nothing", 3335)
+Initial Velocity: 33
+Initial Hull: 100
+Initial Shields: 100
+Subsystem: Pilot
$Arrival Location: Hyperspace
$Arrival Cue: ( true ) 
$Departure Location: Hyperspace
$Departure Cue: ( false ) 
$Determination: 10
+Flags: ( "cargo-known" "no-shields" "stealth" "friendly-stealth-invisible" )
+Flags2: ( )
+Respawn priority: 0
+Group: 0
+Use Table Score:
+Score: 1

$Name: Debris Chunk 14 53		;! Object #34
$Display Name: XSTR("Debris Chunk 14 53", 3649)
$Class: Debris Chunk 14
$Team: Surrendered
$Location: 3356.064941, -2727.267090, 3174.772461
$Orientation:
	0.529278, 0.603805, 0.596058,
	0.826156, -0.526752, -0.199998,
	0.193215, 0.598291, -0.777635
$Cargo 1:  XSTR("Nothing", 3335)
+Initial Velocity: 33
+Initial Hull: 100
+Initial Shields: 100
+Subsystem: Pilot
$Arrival Location: Hyperspace
$Arrival Cue: ( true ) 
$Departure Location: Hyperspace
$Departure Cue: ( false ) 
$Determination: 10
+Flags: ( "cargo-known" "no-shields" "stealth" "friendly-stealth-invisible" )
+Flags2: ( )
+Respawn priority: 0
+Group: 0
+Use Table Score:
+Score: 1

$Name: Debris Chunk 7 50		;! Object #35
$Display Name: XSTR("Debris Chunk 7 50", 3650)
$Class: Debris Chunk 7
$Team: Surrendered
$Location: 59.751831, 2915.528320, 3214.367920
$Orientation:
	0.629657, 0.000000, -0.776873,
	-0.000000, 1.000000, 0.000000,
	0.776873, 0.000000, 0.629657
$Cargo 1:  XSTR("Nothing", 3335)
+Initial Velocity: 33
+Initial Hull: 100
+Initial Shields: 100
+Subsystem: Pilot
$Arrival Location: Hyperspace
$Arrival Cue: ( true ) 
$Departure Location: Hyperspace
$Departure Cue: ( false ) 
$Determination: 10
+Flags: ( "cargo-known" "no-shields" "stealth" "friendly-stealth-invisible" )
+Flags2: ( )
+Respawn priority: 0
+Group: 0
+Use Table Score:
+Score: 1

$Name: Debris Chunk 8 51		;! Object #36
$Display Name: XSTR("Debris Chunk 8 51", 3651)
$Class: Debris Chunk 8
$Team: Surrendered
$Location: 1648.901367, -684.416992, 3220.823975
$Orientation:
	0.629657, 0.000000, -0.776873,
	-0.000000, 1.000000, 0.000000,
	0.776873, 0.000000, 0.629657
$Cargo 1:  XSTR("Nothing", 3335)
+Initial Velocity: 33
+Initial Hull: 100
+Initial Shields: 100
+Subsystem: Pilot
$Arrival Location: Hyperspace
$Arrival Cue: ( true ) 
$Departure Location: Hyperspace
$Departure Cue: ( false ) 
$Determination: 10
+Flags: ( "cargo-known" "no-shields" "stealth" "friendly-stealth-invisible" )
+Flags2: ( )
+Respawn priority: 0
+Group: 0
+Use Table Score:
+Score: 1

$Name: Debris Chunk 10 53		;! Object #37
$Display Name: XSTR("Debris Chunk 10 53", 3653)
$Class: Debris Chunk 10
$Team: Surrendered
$Location: 174.453613, 2335.349121, 2240.373779
$Orientation:
	0.629657, 0.000000, -0.776873,
	-0.000000, 1.000000, 0.000000,
	0.776873, 0.000000, 0.629657
$Cargo 1:  XSTR("Nothing", 3335)
+Initial Velocity: 33
+Initial Hull: 100
+Initial Shields: 100
+Subsystem: Pilot
$Arrival Location: Hyperspace
$Arrival Cue: ( true ) 
$Departure Location: Hyperspace
$Departure Cue: ( false ) 
$Determination: 10
+Flags: ( "cargo-known" "no-shields" "stealth" "friendly-stealth-invisible" )
+Flags2: ( )
+Respawn priority: 0
+Group: 0
+Use Table Score:
+Score: 1

$Name: Debris Chunk 9 56		;! Object #38
$Display Name: XSTR("Debris Chunk 9 56", 3656)
$Class: Debris Chunk 9
$Team: Surrendered
$Location: 707.770874, 2144.737305, 2405.456787
$Orientation:
	-0.696904, -0.543445, -0.467967,
	0.175485, 0.503467, -0.846006,
	0.695364, -0.671706, -0.255502
$Cargo 1:  XSTR("Nothing", 3335)
+Initial Velocity: 33
+Initial Hull: 100
+Initial Shields: 100
+Subsystem: Pilot
$Arrival Location: Hyperspace
$Arrival Cue: ( true ) 
$Departure Location: Hyperspace
$Departure Cue: ( false ) 
$Determination: 10
+Flags: ( "cargo-known" "no-shields" "stealth" "friendly-stealth-invisible" )
+Flags2: ( )
+Respawn priority: 0
+Group: 0
+Use Table Score:
+Score: 1

$Name: Debris Chunk 10 57		;! Object #39
$Display Name: XSTR("Debris Chunk 10 57", 3657)
$Class: Debris Chunk 10
$Team: Surrendered
$Location: -400.892700, 2031.791992, 3356.475830
$Orientation:
	-0.696904, -0.543445, -0.467967,
	0.175485, 0.503467, -0.846006,
	0.695364, -0.671706, -0.255502
$Cargo 1:  XSTR("Nothing", 3335)
+Initial Velocity: 33
+Initial Hull: 100
+Initial Shields: 100
+Subsystem: Pilot
$Arrival Location: Hyperspace
$Arrival Cue: ( true ) 
$Departure Location: Hyperspace
$Departure Cue: ( false ) 
$Determination: 10
+Flags: ( "cargo-known" "no-shields" "stealth" "friendly-stealth-invisible" )
+Flags2: ( )
+Respawn priority: 0
+Group: 0
+Use Table Score:
+Score: 1

$Name: Debris Chunk 7 59		;! Object #40
$Display Name: XSTR("Debris Chunk 7 59", 3659)
$Class: Debris Chunk 7
$Team: Surrendered
$Location: 59.751831, 1952.259766, 3214.367920
$Orientation:
	0.228283, -0.904722, 0.359673,
	-0.775589, -0.392301, -0.494532,
	0.588514, -0.166065, -0.791248
$Cargo 1:  XSTR("Nothing", 3335)
+Initial Velocity: 33
+Initial Hull: 100
+Initial Shields: 100
+Subsystem: Pilot
$Arrival Location: Hyperspace
$Arrival Cue: ( true ) 
$Departure Location: Hyperspace
$Departure Cue: ( false ) 
$Determination: 10
+Flags: ( "cargo-known" "no-shields" "stealth" "friendly-stealth-invisible" )
+Flags2: ( )
+Respawn priority: 0
+Group: 0
+Use Table Score:
+Score: 1

$Name: Debris Chunk 9 61		;! Object #41
$Display Name: XSTR("Debris Chunk 9 61", 3661)
$Class: Debris Chunk 9
$Team: Surrendered
$Location: -1549.983765, 1629.646973, 2309.702637
$Orientation:
	0.228283, -0.904722, 0.359673,
	-0.775589, -0.392301, -0.494532,
	0.588514, -0.166065, -0.791248
$Cargo 1:  XSTR("Nothing", 3335)
+Initial Velocity: 33
+Initial Hull: 100
+Initial Shields: 100
+Subsystem: Pilot
$Arrival Location: Hyperspace
$Arrival Cue: ( true ) 
$Departure Location: Hyperspace
$Departure Cue: ( false ) 
$Determination: 10
+Flags: ( "cargo-known" "no-shields" "stealth" "friendly-stealth-invisible" )
+Flags2: ( )
+Respawn priority: 0
+Group: 0
+Use Table Score:
+Score: 1

$Name: Debris Chunk 10 62		;! Object #42
$Display Name: XSTR("Debris Chunk 10 62", 3662)
$Class: Debris Chunk 10
$Team: Surrendered
$Location: 407.022827, 436.207397, 3024.614258
$Orientation:
	0.228283, -0.904722, 0.359673,
	-0.775589, -0.392301, -0.494532,
	0.588514, -0.166065, -0.791248
$Cargo 1:  XSTR("Nothing", 3335)
+Initial Velocity: 33
+Initial Hull: 100
+Initial Shields: 100
+Subsystem: Pilot
$Arrival Location: Hyperspace
$Arrival Cue: ( true ) 
$Departure Location: Hyperspace
$Departure Cue: ( false ) 
$Determination: 10
+Flags: ( "cargo-known" "no-shields" "stealth" "friendly-stealth-invisible" )
+Flags2: ( )
+Respawn priority: 0
+Group: 0
+Use Table Score:
+Score: 1

$Name: Debris Chunk 14 64		;! Object #43
$Display Name: XSTR("Debris Chunk 14 64", 3664)
$Class: Debris Chunk 14
$Team: Surrendered
$Location: -962.368652, 2711.037354, 605.333496
$Orientation:
	0.228283, -0.904722, 0.359673,
	-0.775589, -0.392301, -0.494532,
	0.588514, -0.166065, -0.791248
$Cargo 1:  XSTR("Nothing", 3335)
+Initial Velocity: 33
+Initial Hull: 100
+Initial Shields: 100
+Subsystem: Pilot
$Arrival Location: Hyperspace
$Arrival Cue: ( true ) 
$Departure Location: Hyperspace
$Departure Cue: ( false ) 
$Determination: 10
+Flags: ( "cargo-known" "no-shields" "stealth" "friendly-stealth-invisible" )
+Flags2: ( )
+Respawn priority: 0
+Group: 0
+Use Table Score:
+Score: 1

$Name: Debris Chunk 10 67		;! Object #44
$Display Name: XSTR("Debris Chunk 10 67", 3667)
$Class: Debris Chunk 10
$Team: Surrendered
