#Mission Info

$Version: 0.10
$Name:  XSTR("Family Ties", 4333)
$Author: Windows User
$Created: 04/22/20 at 00:02:38
$Modified: 12/01/22 at 17:53:46
$Notes:
This is a FRED2_OPEN created mission.
$End Notes:

$Mission Desc:
 XSTR("Put mission description here
", 3191)
$end_multi_text
+Game Type Flags: 1
+Flags: 262208
+Fog Near Mult: 20.000000

+Fog Far Mult: 22.000000

+Disallow Support: 0
+Hull Repair Ceiling: 75.000000
+Subsystem Repair Ceiling: 100.000000

+Viewer pos: -1409.598999, 679.901306, 15963.339844
+Viewer orient:
	0.975502, -0.000008, 0.219992,
	-0.090225, 0.912013, 0.400115,
	-0.200639, -0.410162, 0.889669

$Starting wing names: ( "Alfa" "Bravo" "Charlie" )
$Squadron wing names: ( "Alfa" "Bravo" "Charlie" "Delta" "Echo" )
$Team-versus-team wing names: ( "Alfa" "Zulu" )

$Load Screen 1024: 2_LoadingBGM00.png

$Skybox Model: skybox_fornax.pof

$AI Profile: Solaris

#Sexp_variables

$Variables:
(
		0		"autoGenVar1"		"Reliant-class Auxiliary"		"string"
		1		"autoGenVar2"		"Derelict"		"string"
		2		"autoGenVar3"		"Meiks"		"string"
		3		"autoGenVar4"		"Lau"		"string"
)

#Command Briefing

#Briefing
$start_briefing
$num_stages: 0
$end_briefing

#Debriefing_info

$Num stages: 1

$Formula: ( is-event-true-delay 
   "mission complete title" 
   0 
)
$Multi text
    XSTR("So life's gone and thrown a wrench into our plans.

I thought it would be the Malikans. I was hoping to take a few weeks out at Vicare, maybe help with the evacuation effort and run a few convoy escorts. Turns out there was an even bigger war out there and it's now arrived here.

Long range sensors are picking up Combine ships moving towards Sulsian space and more Federation ships have arrived at Vicare Station. Battlecruisers, frigates and cruisers, it's going to get crowded here very soon and the refugees are going to get caught right in the middle.

Reverend Lightowler's preparing the Renewal and refugee ships to leave Vicare. I've let him know my intentions of doing the same. Once all the refugees are off Vicare Station and onto the transports, we leave.", 4334)
$end_multi_text
$Voice: 17-db1
$Recommendation text:
    XSTR("", 2982)
$end_multi_text


#Callsigns:
$Callsign: XSTR("Lau", 3444)
$Callsign: XSTR("Ross", 3197)
$Callsign: XSTR("Meiks", 3819)

#end


#Players		;! 1 total

$Starting Shipname: Bravo 1
$Ship Choices: (
)

+Weaponry Pool: (
	"Maxim"	1
	"Gattler"	2
	"Limonka"	1
	"Sparrow"	8
	"Stiletto"	8
)

#Objects		;! 92 total

$Name: Bravo 1		;! Object #0
$Display Name: XSTR("Bravo 1", 3447)
$Class: Tor-class Bomber
$Callsign: XSTR("Ross", 3197)

$Team: Friendly
$Location: -169.808105, -0.001953, -1987.619385
$Orientation:
	0.233829, -0.010988, -0.972216,
	-0.354745, 0.930039, -0.095832,
	0.905251, 0.367297, 0.213572
$AI Behavior: None
$Cargo 1:  XSTR("Nothing", 3199)
+Initial Velocity: 50
+Initial Hull: 100
+Initial Shields: 100
+Subsystem: Pilot
+Secondary Banks: ( "Stiletto" )
$Arrival Location: Hyperspace
$Arrival Cue: ( false ) 
$Departure Location: Hyperspace
$Departure Cue: ( false ) 
$Determination: 10
+Flags: ( "cargo-known" "protect-ship" "no-shields" "player-start" )
+Flags2: ( "no-subspace-drive" "no-ets" "ship-locked" "weapons-locked" )
+Respawn priority: 0
+Group: 0
+Use Table Score:
+Score: 10

$Name: Vicare Docks		;! Object #1
$Display Name: XSTR("Vicare Docks", 4335)
$Class: Dock
$Team: Friendly
$Location: -2023.746582, 0.000366, -416.329834
$Orientation:
	1.000000, -0.000000, 0.000000,
	0.000000, 1.000000, 0.000000,
	-0.000000, 0.000000, 1.000000
$AI Behavior: None
$Cargo 1:  XSTR("Nothing", 3199)
+Initial Velocity: 33
+Initial Hull: 100
+Initial Shields: 100
+Subsystem: Pilot
$Arrival Location: Hyperspace
$Arrival Cue: ( true ) 
$Departure Location: Hyperspace
$Departure Cue: ( false ) 
$Determination: 10
+Flags: ( "cargo-known" "no-shields" )
+Flags2: ( )
+Respawn priority: 0
+Group: 0
+Use Table Score:
+Score: 0

$Name: Vicare Station		;! Object #2
$Display Name: XSTR("Vicare Station", 4336)
$Class: Civilian Station
$Team: Friendly
$Location: -1939.357422, 1927.604736, -131.287857
$Orientation:
	1.000000, -0.000000, 0.000000,
	0.000000, 1.000000, 0.000000,
	-0.000000, 0.000000, 1.000000
$AI Behavior: None
$Cargo 1:  XSTR("Nothing", 3199)
+Initial Hull: 100
+Initial Shields: 100
+Subsystem: Pilot
$Arrival Location: Hyperspace
$Arrival Cue: ( true ) 
$Departure Location: Hyperspace
$Departure Cue: ( false ) 
$Determination: 10
+Flags: ( "cargo-known" "protect-ship" "no-shields" )
+Flags2: ( )
+Respawn priority: 0
+Group: 0
+Use Table Score:
+Score: 0

$Name: Hopewell		;! Object #3
$Display Name: XSTR("Hopewell", 4337)
$Class: Argus-class Carrier

$Team: Friendly
$Location: -953.400024, 2654.300049, -2414.300049
$Orientation:
	0.999884, 0.000001, -0.015202,
	0.000000, 1.000000, 0.000056,
	0.015202, -0.000056, 0.999885
$AI Behavior: None
$AI Goals: ( goals ( ai-play-dead 50 ) )
$Cargo 1:  XSTR("Nothing", 3199)
+Initial Hull: 100
+Initial Shields: 100
+Subsystem: Pilot
+Subsystem: turret01
+Subsystem: turret02
$Arrival Location: Hyperspace
$Arrival Cue: ( true ) 
$Departure Location: Hyperspace
$Departure Cue: ( false ) 
$Determination: 10
+Flags: ( "cargo-known" "no-shields" )
+Flags2: ( "no-ets" )
+Respawn priority: 0
+Group: 0
+Use Table Score:
+Score: 0

$Name: Nassau		;! Object #4
$Display Name: XSTR("Nassau", 4123)
$Class: Horizon-class Destroyer
$Team: Friendly
$Location: -2395.611328, 2519.540039, 3530.990723
$Orientation:
	0.009435, 0.001539, 0.999954,
	0.000016, 0.999999, -0.001539,
	-0.999956, 0.000031, 0.009435
$AI Behavior: None
$Cargo 1:  XSTR("Nothing", 3199)
+Initial Hull: 100
+Initial Shields: 100
+Subsystem: Pilot
+Subsystem: turret01
+Subsystem: turret02
+Subsystem: turret03
+Subsystem: turret04
+Subsystem: turret05
+Subsystem: turret06
+Subsystem: mturret01
+Subsystem: mturret02
$Arrival Location: Hyperspace
$Arrival Cue: ( true ) 
$Departure Location: Hyperspace
$Departure Cue: ( false ) 
$Determination: 10
+Flags: ( "cargo-known" "no-shields" )
+Flags2: ( "no-ets" )
+Respawn priority: 0
+Group: 0
+Use Table Score:
+Score: 0

$Name: Hoshikuzu		;! Object #5
$Display Name: XSTR("Hoshikuzu", 3754)
$Class: Rasputin-class Corvette
$Team: Friendly
$Location: -1696.697266, 296.432709, 747.840454
$Orientation:
	0.018912, -0.000000, -0.999821,
	-0.000409, 1.000000, -0.000008,
	0.999821, 0.000409, 0.018912
$AI Behavior: None
$AI Goals: ( goals ( ai-play-dead 50 ) )
$Cargo 1:  XSTR("Nothing", 3199)
+Initial Hull: 100
+Initial Shields: 100
+Subsystem: Pilot
+Subsystem: turret01
+Subsystem: turret02
+Subsystem: turret03
+Subsystem: turret04
$Arrival Location: Hyperspace
$Arrival Cue: ( true ) 
$Departure Location: Hyperspace
$Departure Cue: ( false ) 
$Determination: 10
+Flags: ( "cargo-known" "no-shields" )
+Flags2: ( "no-ets" )
+Respawn priority: 0
+Group: 0
+Use Table Score:
+Score: 0
$Texture Replace:
+old: corvetteold-reflect
+new: hoshikuzu-reflect
+old: modular2
+new: invisible
+old: modular2-reflect
+new: invisible

$Name: Cargo Depot 6		;! Object #6
$Display Name: XSTR("Cargo Depot 6", 4338)
$Class: Cargo Depot
$Team: Friendly
$Location: 885.145508, 3291.782471, 2031.087524
$Orientation:
	1.000000, -0.000000, 0.000000,
	-0.000000, 1.000000, 0.000000,
	-0.000000, -0.000000, 1.000000
$AI Behavior: None
$Cargo 1:  XSTR("Nothing", 3199)
+Initial Velocity: 33
+Initial Hull: 100
+Initial Shields: 100
+Subsystem: Pilot
$Arrival Location: Hyperspace
$Arrival Cue: ( true ) 
$Departure Location: Hyperspace
$Departure Cue: ( false ) 
$Determination: 10
+Flags: ( "cargo-known" "no-shields" )
+Flags2: ( )
+Respawn priority: 0
+Group: 0
+Use Table Score:
+Score: 0

$Name: Cargo Depot 7		;! Object #7
$Display Name: XSTR("Cargo Depot 7", 4339)
$Class: Cargo Depot
$Team: Friendly
$Location: 912.156006, 1539.162842, 1998.773315
$Orientation:
	1.000000, 0.000000, 0.000000,
	0.000000, 1.000000, 0.000000,
	0.000000, 0.000000, 1.000000
$AI Behavior: None
$Cargo 1:  XSTR("Nothing", 3199)
+Initial Velocity: 33
+Initial Hull: 100
+Initial Shields: 100
+Subsystem: Pilot
$Arrival Location: Hyperspace
$Arrival Cue: ( true ) 
$Departure Location: Hyperspace
$Departure Cue: ( false ) 
$Determination: 10
+Flags: ( "cargo-known" "no-shields" )
+Flags2: ( )
+Respawn priority: 0
+Group: 0
+Use Table Score:
+Score: 0

$Name: Radar Platform		;! Object #8
$Display Name: XSTR("Radar Platform", 2945)
$Class: Radar Platform
$Team: Friendly
$Location: -1288.953613, 3923.924805, 934.524414
$Orientation:
	1.000000, -0.000000, 0.000000,
	0.000000, 1.000000, -0.000000,
	0.000000, 0.000000, 1.000000
$AI Behavior: None
$Cargo 1:  XSTR("Nothing", 3199)
+Initial Velocity: 33
+Initial Hull: 100
+Initial Shields: 100
+Subsystem: Pilot
$Arrival Location: Hyperspace
$Arrival Cue: ( true ) 
$Departure Location: Hyperspace
$Departure Cue: ( false ) 
$Determination: 10
+Flags: ( "cargo-known" "no-shields" )
+Flags2: ( )
+Respawn priority: 0
+Group: 0
+Use Table Score:
+Score: 0

$Name: Alfa 1		;! Object #9
$Display Name: XSTR("Alfa 1", 3821)
$Class: Warden-class Defender
$Callsign: XSTR("Meiks", 3819)

$Team: Friendly
$Location: -537.344055, 0.001007, -2011.972778
$Orientation:
	1.000000, 0.000000, 0.000000,
	0.000000, 1.000000, 0.000000,
	0.000000, 0.000000, 1.000000
$AI Behavior: None
$Cargo 1:  XSTR("Nothing", 3199)
+Initial Hull: 100
+Initial Shields: 100
+Subsystem: Pilot
$Arrival Location: Hyperspace
$Arrival Cue: ( false ) 
$Departure Location: Hyperspace
$Departure Cue: ( false ) 
$Determination: 10
+Flags: ( "cargo-known" "protect-ship" "no-shields" )
+Flags2: ( "no-subspace-drive" "no-ets" "ship-locked" "weapons-locked" )
+Respawn priority: 0
+Orders Accepted List: ( )
+Group: 0
+Use Table Score:
+Score: 10
+Persona Index: 17

$Name: Charlie 1		;! Object #10
$Display Name: XSTR("Charlie 1", 4340)
$Class: Comet-class Gunship
$Callsign: XSTR("Lau", 3444)

$Team: Friendly
$Location: -663.763428, -0.000046, -2009.711426
$Orientation:
	1.000000, 0.000000, 0.000000,
	0.000000, 1.000000, 0.000000,
	0.000000, 0.000000, 1.000000
$AI Behavior: None
$Cargo 1:  XSTR("Nothing", 3199)
+Initial Velocity: 33
+Initial Hull: 100
+Initial Shields: 100
+Subsystem: Pilot
+Primary Banks: ( "Gattler" )
$Arrival Location: Hyperspace
$Arrival Cue: ( false ) 
$Departure Location: Hyperspace
$Departure Cue: ( false ) 
$Determination: 10
+Flags: ( "cargo-known" "protect-ship" "no-shields" )
+Flags2: ( "no-subspace-drive" "no-builtin-messages" "no-ets" "ship-locked" "weapons-locked" )
+Respawn priority: 0
+Orders Accepted List: ( )
+Group: 0
+Use Table Score:
+Score: 10

$Name: Marchana		;! Object #11
$Display Name: XSTR("Marchana", 4341)
$Class: Leonidas-class Destroyer

$Team: Hostile
$Location: -1742.181641, 0.007813, 17438.074219
$Orientation:
	0.266419, 0.259364, 0.928306,
	-0.912473, 0.378135, 0.156226,
	-0.310506, -0.888676, 0.337405
$AI Behavior: None
$AI Goals: ( goals ( ai-play-dead 50 ) )
$Cargo 1:  XSTR("Nothing", 3199)
+Initial Hull: 85
+Initial Shields: 100
+Subsystem: Pilot
+Subsystem: turret03
+Subsystem: turret04
+Sbank Ammo: ( 0 )
+Subsystem: turret05
+Subsystem: turret06
+Subsystem: turret07
$Arrival Location: Hyperspace
$Arrival Cue: ( true ) 
$Departure Location: Hyperspace
$Departure Cue: ( false ) 
$Determination: 10
+Flags: ( "cargo-known" "protect-ship" "no-shields" "invulnerable" "stealth" "friendly-stealth-invisible" )
+Flags2: ( "hide-ship-name" "no-ets" )
+Respawn priority: 0
+Group: 0
+Score: 10
$Texture Replace:
+old: destroyer5
+new: destroyer5debris

$Name: Garrison HQ		;! Object #12
$Display Name: XSTR("Garrison HQ", 4342)
$Class: Hangar
$Team: Friendly
$Location: -7120.131348, 1662.442383, 468.971436
$Orientation:
	-0.042626, 0.000000, -0.999091,
	0.000000, 1.000000, 0.000000,
	0.999091, 0.000000, -0.042626
$AI Behavior: None
$Cargo 1:  XSTR("Nothing", 3199)
+Initial Velocity: 33
+Initial Hull: 100
+Initial Shields: 100
+Subsystem: Pilot
$Arrival Location: Hyperspace
$Arrival Cue: ( true ) 
$Departure Location: Hyperspace
$Departure Cue: ( false ) 
$Determination: 10
+Flags: ( "cargo-known" "protect-ship" "no-shields" )
+Flags2: ( )
+Respawn priority: 0
+Group: 0
+Use Table Score:
+Score: 0

$Name: Debris Chunk 14 128		;! Object #13
$Display Name: XSTR("Debris Chunk 14 128", 3570)
$Class: Debris Chunk 14
$Team: Surrendered
$Location: 286.364197, 2383.703613, 12808.227539
$Orientation:
	0.994702, -0.010989, -0.102212,
	-0.027379, 0.930039, -0.366440,
	0.099088, 0.367297, 0.924811
$AI Behavior: None
$Cargo 1:  XSTR("Nothing", 3199)
+Initial Velocity: 33
+Initial Hull: 100
+Initial Shields: 100
+Subsystem: Pilot
$Arrival Location: Hyperspace
$Arrival Cue: ( true ) 
$Departure Location: Hyperspace
$Departure Cue: ( false ) 
$Determination: 10
+Flags: ( "cargo-known" "no-shields" "stealth" "friendly-stealth-invisible" )
+Flags2: ( )
+Respawn priority: 0
+Group: 0
+Use Table Score:
+Score: 1

$Name: Debris Chunk 1 237		;! Object #14
$Display Name: XSTR("Debris Chunk 1 237", 3682)
$Class: Debris Chunk 1
$Team: Surrendered
$Location: -2316.760254, -440.423828, 13297.293945
$Orientation:
	-0.601907, -0.010989, -0.798491,
	-0.299471, 0.930039, 0.212944,
	0.740287, 0.367297, -0.563088
$AI Behavior: None
$Cargo 1:  XSTR("Nothing", 3199)
+Initial Velocity: 33
+Initial Hull: 100
+Initial Shields: 100
+Subsystem: Pilot
$Arrival Location: Hyperspace
$Arrival Cue: ( true ) 
$Departure Location: Hyperspace
$Departure Cue: ( false ) 
$Determination: 10
+Flags: ( "cargo-known" "no-shields" "stealth" )
+Flags2: ( )
+Respawn priority: 0
+Group: 0
+Use Table Score:
+Score: 1

$Name: Debris Chunk 2 238		;! Object #15
$Display Name: XSTR("Debris Chunk 2 238", 3683)
$Class: Debris Chunk 2
$Team: Surrendered
$Location: -3723.187012, -928.679688, 15761.708984
$Orientation:
	-0.601907, -0.010989, -0.798491,
	-0.299471, 0.930039, 0.212944,
	0.740287, 0.367297, -0.563088
$AI Behavior: None
$Cargo 1:  XSTR("Nothing", 3199)
+Initial Velocity: 33
+Initial Hull: 100
+Initial Shields: 100
+Subsystem: Pilot
$Arrival Location: Hyperspace
$Arrival Cue: ( true ) 
$Departure Location: Hyperspace
$Departure Cue: ( false ) 
$Determination: 10
+Flags: ( "cargo-known" "no-shields" "stealth" )
+Flags2: ( )
+Respawn priority: 0
+Group: 0
+Use Table Score:
+Score: 1

$Name: Debris Chunk 3 239		;! Object #16
$Display Name: XSTR("Debris Chunk 3 239", 3684)
$Class: Debris Chunk 3
$Team: Surrendered
$Location: -3850.620117, -1479.202393, 8438.916016
$Orientation:
	-0.601907, -0.010989, -0.798491,
	-0.299471, 0.930039, 0.212944,
	0.740287, 0.367297, -0.563088
$AI Behavior: None
$Cargo 1:  XSTR("Nothing", 3199)
+Initial Velocity: 33
+Initial Hull: 100
+Initial Shields: 100
+Subsystem: Pilot
$Arrival Location: Hyperspace
$Arrival Cue: ( true ) 
$Departure Location: Hyperspace
$Departure Cue: ( false ) 
$Determination: 10
+Flags: ( "cargo-known" "no-shields" "stealth" )
+Flags2: ( )
+Respawn priority: 0
+Group: 0
+Use Table Score:
+Score: 1

$Name: Debris Chunk 4 240		;! Object #17
$Display Name: XSTR("Debris Chunk 4 240", 3685)
$Class: Debris Chunk 4
$Team: Surrendered
$Location: -2711.900391, 363.653076, 15695.945313
$Orientation:
	-0.601907, -0.010989, -0.798491,
	-0.299471, 0.930039, 0.212944,
	0.740287, 0.367297, -0.563088
$AI Behavior: None
$Cargo 1:  XSTR("Nothing", 3199)
+Initial Velocity: 33
+Initial Hull: 100
+Initial Shields: 100
+Subsystem: Pilot
$Arrival Location: Hyperspace
$Arrival Cue: ( true ) 
$Departure Location: Hyperspace
$Departure Cue: ( false ) 
$Determination: 10
+Flags: ( "cargo-known" "no-shields" "stealth" )
+Flags2: ( )
+Respawn priority: 0
+Group: 0
+Use Table Score:
+Score: 1

$Name: Debris Chunk 2 241		;! Object #18
$Display Name: XSTR("Debris Chunk 2 241", 3686)
$Class: Debris Chunk 2
$Team: Surrendered
$Location: -1946.566895, 481.172974, 12770.555664
$Orientation:
	-0.367672, -0.010989, 0.929891,
	0.337829, 0.930039, 0.144566,
	-0.866423, 0.367297, -0.338236
$AI Behavior: None
$Cargo 1:  XSTR("Nothing", 3199)
+Initial Velocity: 33
+Initial Hull: 100
+Initial Shields: 100
+Subsystem: Pilot
$Arrival Location: Hyperspace
$Arrival Cue: ( true ) 
$Departure Location: Hyperspace
$Departure Cue: ( false ) 
$Determination: 10
+Flags: ( "cargo-known" "no-shields" "stealth" )
+Flags2: ( )
+Respawn priority: 0
+Group: 0
+Use Table Score:
+Score: 1

$Name: Debris Chunk 1 242		;! Object #19
$Display Name: XSTR("Debris Chunk 1 242", 3687)
$Class: Debris Chunk 1
$Team: Surrendered
$Location: -2130.005371, -405.380981, 6925.437012
$Orientation:
	0.708105, -0.010989, -0.706022,
	-0.252113, 0.930039, -0.267333,
	0.659566, 0.367297, 0.655794
$AI Behavior: None
$Cargo 1:  XSTR("Nothing", 3199)
+Initial Velocity: 33
+Initial Hull: 100
+Initial Shields: 100
+Subsystem: Pilot
$Arrival Location: Hyperspace
$Arrival Cue: ( true ) 
$Departure Location: Hyperspace
$Departure Cue: ( false ) 
$Determination: 10
+Flags: ( "cargo-known" "no-shields" "stealth" )
+Flags2: ( )
+Respawn priority: 0
+Group: 0
+Use Table Score:
+Score: 1

$Name: Debris Chunk 4 243		;! Object #20
$Display Name: XSTR("Debris Chunk 4 243", 3688)
$Class: Debris Chunk 4
$Team: Surrendered
$Location: -3164.294434, -209.563843, 12705.232422
$Orientation:
	-0.618312, -0.010989, 0.785856,
	0.282357, 0.930039, 0.235164,
	-0.733460, 0.367297, -0.571952
$AI Behavior: None
$Cargo 1:  XSTR("Nothing", 3199)
+Initial Velocity: 33
+Initial Hull: 100
+Initial Shields: 100
+Subsystem: Pilot
$Arrival Location: Hyperspace
$Arrival Cue: ( true ) 
$Departure Location: Hyperspace
$Departure Cue: ( false ) 
$Determination: 10
+Flags: ( "cargo-known" "no-shields" "stealth" )
+Flags2: ( )
+Respawn priority: 0
+Group: 0
+Use Table Score:
+Score: 1

$Name: Debris Chunk 3 244		;! Object #21
$Display Name: XSTR("Debris Chunk 3 244", 3689)
$Class: Debris Chunk 3
$Team: Surrendered
$Location: -2654.257324, 782.787476, 11852.193359
$Orientation:
	-0.977023, -0.010989, -0.212850,
	-0.088175, 0.930039, 0.356725,
	0.194039, 0.367297, -0.909638
$AI Behavior: None
$Cargo 1:  XSTR("Nothing", 3199)
+Initial Velocity: 33
+Initial Hull: 100
+Initial Shields: 100
+Subsystem: Pilot
$Arrival Location: Hyperspace
$Arrival Cue: ( true ) 
$Departure Location: Hyperspace
$Departure Cue: ( false ) 
$Determination: 10
+Flags: ( "cargo-known" "no-shields" "stealth" )
+Flags2: ( )
+Respawn priority: 0
+Group: 0
+Use Table Score:
+Score: 1

$Name: Debris Chunk 7 245		;! Object #22
$Display Name: XSTR("Debris Chunk 7 245", 3690)
$Class: Debris Chunk 7
$Team: Surrendered
$Location: -1150.939453, -1066.141357, 9064.443359
$Orientation:
	-0.973798, -0.010989, -0.227148,
	-0.093394, 0.930039, 0.355395,
	0.207351, 0.367297, -0.906697
$AI Behavior: None
$Cargo 1:  XSTR("Nothing", 3199)
+Initial Velocity: 33
+Initial Hull: 100
+Initial Shields: 100
+Subsystem: Pilot
$Arrival Location: Hyperspace
$Arrival Cue: ( true ) 
$Departure Location: Hyperspace
$Departure Cue: ( false ) 
$Determination: 10
+Flags: ( "cargo-known" "no-shields" "stealth" )
+Flags2: ( )
+Respawn priority: 0
+Group: 0
+Use Table Score:
+Score: 1

$Name: Debris Chunk 8 246		;! Object #23
$Display Name: XSTR("Debris Chunk 8 246", 3691)
$Class: Debris Chunk 8
$Team: Surrendered
$Location: -1809.390015, -828.100708, 10491.141602
$Orientation:
	-0.973798, -0.010989, -0.227148,
	-0.093394, 0.930039, 0.355395,
	0.207351, 0.367297, -0.906697
$AI Behavior: None
$Cargo 1:  XSTR("Nothing", 3199)
+Initial Velocity: 33
+Initial Hull: 100
+Initial Shields: 100
+Subsystem: Pilot
$Arrival Location: Hyperspace
$Arrival Cue: ( true ) 
$Departure Location: Hyperspace
$Departure Cue: ( false ) 
$Determination: 10
+Flags: ( "cargo-known" "no-shields" "stealth" )
+Flags2: ( )
+Respawn priority: 0
+Group: 0
+Use Table Score:
+Score: 1

$Name: Debris Chunk 9 247		;! Object #24
$Display Name: XSTR("Debris Chunk 9 247", 3692)
$Class: Debris Chunk 9
$Team: Surrendered
$Location: -1590.572266, -1165.313965, 10105.569336
$Orientation:
	-0.973798, -0.010989, -0.227148,
	-0.093394, 0.930039, 0.355395,
	0.207351, 0.367297, -0.906697
$AI Behavior: None
$Cargo 1:  XSTR("Nothing", 3199)
+Initial Velocity: 33
+Initial Hull: 100
+Initial Shields: 100
+Subsystem: Pilot
$Arrival Location: Hyperspace
$Arrival Cue: ( true ) 
$Departure Location: Hyperspace
$Departure Cue: ( false ) 
$Determination: 10
+Flags: ( "cargo-known" "no-shields" "stealth" )
+Flags2: ( )
+Respawn priority: 0
+Group: 0
+Use Table Score:
+Score: 1

$Name: Debris Chunk 10 248		;! Object #25
$Display Name: XSTR("Debris Chunk 10 248", 3693)
$Class: Debris Chunk 10
$Team: Surrendered
$Location: -1255.779297, -94.854614, 8977.412109
$Orientation:
	-0.973798, -0.010989, -0.227148,
	-0.093394, 0.930039, 0.355395,
	0.207351, 0.367297, -0.906697
$AI Behavior: None
$Cargo 1:  XSTR("Nothing", 3199)
+Initial Velocity: 33
+Initial Hull: 100
+Initial Shields: 100
+Subsystem: Pilot
$Arrival Location: Hyperspace
$Arrival Cue: ( true ) 
$Departure Location: Hyperspace
$Departure Cue: ( false ) 
$Determination: 10
+Flags: ( "cargo-known" "no-shields" "stealth" )
+Flags2: ( )
+Respawn priority: 0
+Group: 0
+Use Table Score:
+Score: 1

$Name: Debris Chunk 11 249		;! Object #26
$Display Name: XSTR("Debris Chunk 11 249", 3694)
$Class: Debris Chunk 11
$Team: Surrendered
$Location: -2488.725098, -1989.320313, 15356.096680
$Orientation:
	-0.973798, -0.010989, -0.227148,
	-0.093394, 0.930039, 0.355395,
	0.207351, 0.367297, -0.906697
$AI Behavior: None
$Cargo 1:  XSTR("Nothing", 3199)
+Initial Velocity: 33
+Initial Hull: 100
+Initial Shields: 100
+Subsystem: Pilot
$Arrival Location: Hyperspace
$Arrival Cue: ( true ) 
$Departure Location: Hyperspace
$Departure Cue: ( false ) 
$Determination: 10
+Flags: ( "cargo-known" "no-shields" "stealth" )
+Flags2: ( )
+Respawn priority: 0
+Group: 0
+Use Table Score:
+Score: 1

$Name: Debris Chunk 7 250		;! Object #27
$Display Name: XSTR("Debris Chunk 7 250", 3695)
$Class: Debris Chunk 7
$Team: Surrendered
$Location: -1992.999512, -1192.296143, 8696.839844
$Orientation:
	0.225323, -0.010989, 0.974222,
	0.360175, 0.930039, -0.072813,
	-0.905264, 0.367297, 0.213517
$AI Behavior: None
$Cargo 1:  XSTR("Nothing", 3199)
+Initial Velocity: 33
+Initial Hull: 100
+Initial Shields: 100
+Subsystem: Pilot
$Arrival Location: Hyperspace
$Arrival Cue: ( true ) 
$Departure Location: Hyperspace
$Departure Cue: ( false ) 
$Determination: 10
+Flags: ( "cargo-known" "no-shields" "stealth" )
+Flags2: ( )
+Respawn priority: 0
+Group: 0
+Use Table Score:
+Score: 1

$Name: Debris Chunk 8 251		;! Object #28
$Display Name: XSTR("Debris Chunk 8 251", 3696)
$Class: Debris Chunk 8
$Team: Surrendered
$Location: -1495.558594, 137.316895, 9411.417969
$Orientation:
	0.225323, -0.010989, 0.974222,
	0.360175, 0.930039, -0.072813,
	-0.905264, 0.367297, 0.213517
$AI Behavior: None
$Cargo 1:  XSTR("Nothing", 3199)
+Initial Velocity: 33
+Initial Hull: 100
+Initial Shields: 100
+Subsystem: Pilot
$Arrival Location: Hyperspace
$Arrival Cue: ( true ) 
$Departure Location: Hyperspace
$Departure Cue: ( false ) 
$Determination: 10
+Flags: ( "cargo-known" "no-shields" "stealth" )
+Flags2: ( )
+Respawn priority: 0
+Group: 0
+Use Table Score:
+Score: 1

$Name: Debris Chunk 9 252		;! Object #29
$Display Name: XSTR("Debris Chunk 9 252", 3697)
$Class: Debris Chunk 9
$Team: Surrendered
$Location: -1892.272949, -238.171082, 9302.399414
$Orientation:
	0.225323, -0.010989, 0.974222,
	0.360175, 0.930039, -0.072813,
	-0.905264, 0.367297, 0.213517
$AI Behavior: None
$Cargo 1:  XSTR("Nothing", 3199)
+Initial Velocity: 33
+Initial Hull: 100
+Initial Shields: 100
+Subsystem: Pilot
$Arrival Location: Hyperspace
$Arrival Cue: ( true ) 
$Departure Location: Hyperspace
$Departure Cue: ( false ) 
$Determination: 10
+Flags: ( "cargo-known" "no-shields" "stealth" )
+Flags2: ( )
+Respawn priority: 0
+Group: 0
+Use Table Score:
+Score: 1

$Name: Debris Chunk 10 253		;! Object #30
$Display Name: XSTR("Debris Chunk 10 253", 3698)
$Class: Debris Chunk 10
$Team: Surrendered
$Location: -2573.098145, -1217.200562, 14691.676758
$Orientation:
	0.225323, -0.010989, 0.974222,
	0.360175, 0.930039, -0.072813,
	-0.905264, 0.367297, 0.213517
$AI Behavior: None
$Cargo 1:  XSTR("Nothing", 3199)
+Initial Velocity: 33
+Initial Hull: 100
+Initial Shields: 100
+Subsystem: Pilot
$Arrival Location: Hyperspace
$Arrival Cue: ( true ) 
$Departure Location: Hyperspace
$Departure Cue: ( false ) 
$Determination: 10
+Flags: ( "cargo-known" "no-shields" "stealth" )
+Flags2: ( )
+Respawn priority: 0
+Group: 0
+Use Table Score:
+Score: 1

$Name: Debris Chunk 11 254		;! Object #31
$Display Name: XSTR("Debris Chunk 11 254", 3699)
$Class: Derelict 2
$Team: Surrendered
$Location: -962.980103, -182.551132, 12092.320313
$Orientation:
	0.225323, -0.010989, 0.974222,
	0.360175, 0.930039, -0.072813,
	-0.905264, 0.367297, 0.213517
$AI Behavior: None
$Cargo 1:  XSTR("Nothing", 3199)
+Initial Hull: 100
+Initial Shields: 100
+Subsystem: Pilot
$Arrival Location: Hyperspace
$Arrival Cue: ( true ) 
$Departure Location: Hyperspace
$Departure Cue: ( false ) 
$Determination: 10
+Flags: ( "cargo-known" "no-shields" "stealth" )
+Flags2: ( )
+Respawn priority: 0
+Group: 0
+Use Table Score:
+Score: 1

$Name: Debris Chunk 14 255		;! Object #32
$Display Name: XSTR("Debris Chunk 14 255", 3700)
$Class: Debris Chunk 14
$Team: Surrendered
$Location: -1845.411499, 1221.098633, 10267.333984
$Orientation:
	0.225323, -0.010989, 0.974222,
	0.360175, 0.930039, -0.072813,
	-0.905264, 0.367297, 0.213517
$AI Behavior: None
$Cargo 1:  XSTR("Nothing", 3199)
+Initial Velocity: 33
+Initial Hull: 100
+Initial Shields: 100
+Subsystem: Pilot
$Arrival Location: Hyperspace
$Arrival Cue: ( true ) 
$Departure Location: Hyperspace
$Departure Cue: ( false ) 
$Determination: 10
+Flags: ( "cargo-known" "no-shields" "stealth" )
+Flags2: ( )
+Respawn priority: 0
+Group: 0
+Use Table Score:
+Score: 1

$Name: Debris Chunk 7 256		;! Object #33
$Display Name: XSTR("Debris Chunk 7 256", 3701)
$Class: Debris Chunk 7
$Team: Surrendered
$Location: -2371.877441, -1024.732056, 15525.984375
$Orientation:
	0.871467, -0.010989, -0.490331,
	-0.171211, 0.930039, -0.325138,
	0.459599, 0.367297, 0.808617
$AI Behavior: None
$Cargo 1:  XSTR("Nothing", 3199)
+Initial Velocity: 33
+Initial Hull: 100
+Initial Shields: 100
+Subsystem: Pilot
$Arrival Location: Hyperspace
$Arrival Cue: ( true ) 
$Departure Location: Hyperspace
$Departure Cue: ( false ) 
$Determination: 10
+Flags: ( "cargo-known" "no-shields" "stealth" )
+Flags2: ( )
+Respawn priority: 0
+Group: 0
+Use Table Score:
+Score: 1

$Name: Debris Chunk 8 257		;! Object #34
$Display Name: XSTR("Debris Chunk 8 257", 3702)
$Class: Debris Chunk 8
$Team: Surrendered
$Location: -769.775635, 418.453064, 8527.674805
$Orientation:
	0.871467, -0.010989, -0.490331,
	-0.171211, 0.930039, -0.325138,
	0.459599, 0.367297, 0.808617
$AI Behavior: None
$Cargo 1:  XSTR("Nothing", 3199)
+Initial Velocity: 33
+Initial Hull: 100
+Initial Shields: 100
+Subsystem: Pilot
$Arrival Location: Hyperspace
$Arrival Cue: ( true ) 
$Departure Location: Hyperspace
$Departure Cue: ( false ) 
$Determination: 10
+Flags: ( "cargo-known" "no-shields" "stealth" )
+Flags2: ( )
+Respawn priority: 0
+Group: 0
+Use Table Score:
+Score: 1

$Name: Debris Chunk 9 258		;! Object #35
$Display Name: XSTR("Debris Chunk 9 258", 3703)
$Class: Debris Chunk 9
$Team: Surrendered
$Location: -982.833984, -96.004456, 8542.566406
$Orientation:
	0.871467, -0.010989, -0.490331,
	-0.171211, 0.930039, -0.325138,
	0.459599, 0.367297, 0.808617
$AI Behavior: None
$Cargo 1:  XSTR("Nothing", 3199)
+Initial Velocity: 33
+Initial Hull: 100
+Initial Shields: 100
+Subsystem: Pilot
$Arrival Location: Hyperspace
$Arrival Cue: ( true ) 
$Departure Location: Hyperspace
$Departure Cue: ( false ) 
$Determination: 10
+Flags: ( "cargo-known" "no-shields" "stealth" )
+Flags2: ( )
+Respawn priority: 0
+Group: 0
+Use Table Score:
+Score: 1

$Name: Debris Chunk 10 259		;! Object #36
$Display Name: XSTR("Debris Chunk 10 259", 3704)
$Class: Debris Chunk 10
$Team: Surrendered
$Location: -1712.615479, -663.430786, 16155.951172
$Orientation:
	0.871467, -0.010989, -0.490331,
	-0.171211, 0.930039, -0.325138,
	0.459599, 0.367297, 0.808617
$AI Behavior: None
$Cargo 1:  XSTR("Nothing", 3199)
+Initial Velocity: 33
+Initial Hull: 100
+Initial Shields: 100
+Subsystem: Pilot
$Arrival Location: Hyperspace
$Arrival Cue: ( true ) 
$Departure Location: Hyperspace
$Departure Cue: ( false ) 
$Determination: 10
+Flags: ( "cargo-known" "no-shields" "stealth" )
+Flags2: ( )
+Respawn priority: 0
+Group: 0
+Use Table Score:
+Score: 1

$Name: Debris Chunk 11 260		;! Object #37
$Display Name: XSTR("Debris Chunk 11 260", 3705)
$Class: Debris Chunk 11
$Team: Surrendered
$Location: -1497.593994, -1491.647461, 8661.875977
$Orientation:
	0.871467, -0.010989, -0.490331,
	-0.171211, 0.930039, -0.325138,
	0.459599, 0.367297, 0.808617
$AI Behavior: None
$Cargo 1:  XSTR("Nothing", 3199)
+Initial Velocity: 33
+Initial Hull: 100
+Initial Shields: 100
+Subsystem: Pilot
$Arrival Location: Hyperspace
$Arrival Cue: ( true ) 
$Departure Location: Hyperspace
$Departure Cue: ( false ) 
$Determination: 10
+Flags: ( "cargo-known" "no-shields" "stealth" )
+Flags2: ( )
+Respawn priority: 0
+Group: 0
+Use Table Score:
+Score: 1

$Name: Debris Chunk 14 261		;! Object #38
$Display Name: XSTR("Debris Chunk 14 261", 3706)
$Class: Debris Chunk 14
$Team: Surrendered
$Location: -1225.458984, 1279.672974, 7488.338379
$Orientation:
	0.871467, -0.010989, -0.490331,
	-0.171211, 0.930039, -0.325138,
	0.459599, 0.367297, 0.808617
$AI Behavior: None
$Cargo 1:  XSTR("Nothing", 3199)
+Initial Velocity: 33
+Initial Hull: 100
+Initial Shields: 100
+Subsystem: Pilot
$Arrival Location: Hyperspace
$Arrival Cue: ( true ) 
$Departure Location: Hyperspace
$Departure Cue: ( false ) 
$Determination: 10
+Flags: ( "cargo-known" "no-shields" "stealth" )
+Flags2: ( )
+Respawn priority: 0
+Group: 0
+Use Table Score:
+Score: 1

$Name: Debris Chunk 7 262		;! Object #39
$Display Name: XSTR("Debris Chunk 7 262", 3707)
$Class: Debris Chunk 7
$Team: Surrendered
$Location: -2084.511230, 1610.803467, 10284.464844
$Orientation:
	-0.787724, -0.010989, 0.615931,
	0.218205, 0.930039, 0.295659,
	-0.576088, 0.367297, -0.730216
$AI Behavior: None
$Cargo 1:  XSTR("Nothing", 3199)
+Initial Velocity: 33
+Initial Hull: 100
+Initial Shields: 100
+Subsystem: Pilot
$Arrival Location: Hyperspace
$Arrival Cue: ( true ) 
$Departure Location: Hyperspace
$Departure Cue: ( false ) 
$Determination: 10
+Flags: ( "cargo-known" "no-shields" "stealth" )
+Flags2: ( )
+Respawn priority: 0
+Group: 0
+Use Table Score:
+Score: 1

$Name: Debris Chunk 8 263		;! Object #40
$Display Name: XSTR("Debris Chunk 8 263", 3708)
$Class: Debris Chunk 8
$Team: Surrendered
$Location: -1380.869141, 811.006165, 11463.802734
$Orientation:
	-0.787724, -0.010989, 0.615931,
	0.218205, 0.930039, 0.295659,
	-0.576088, 0.367297, -0.730216
$AI Behavior: None
$Cargo 1:  XSTR("Nothing", 3199)
+Initial Velocity: 33
+Initial Hull: 100
+Initial Shields: 100
+Subsystem: Pilot
$Arrival Location: Hyperspace
$Arrival Cue: ( true ) 
$Departure Location: Hyperspace
$Departure Cue: ( false ) 
$Determination: 10
+Flags: ( "cargo-known" "no-shields" "stealth" )
+Flags2: ( )
+Respawn priority: 0
+Group: 0
+Use Table Score:
+Score: 1

$Name: Debris Chunk 9 264		;! Object #41
$Display Name: XSTR("Debris Chunk 9 264", 3709)
$Class: Debris Chunk 9
$Team: Surrendered
$Location: -1838.513184, 989.235718, 11201.117188
$Orientation:
	-0.787724, -0.010989, 0.615931,
	0.218205, 0.930039, 0.295659,
	-0.576088, 0.367297, -0.730216
$AI Behavior: None
$Cargo 1:  XSTR("Nothing", 3199)
+Initial Velocity: 33
+Initial Hull: 100
+Initial Shields: 100
+Subsystem: Pilot
$Arrival Location: Hyperspace
$Arrival Cue: ( true ) 
$Departure Location: Hyperspace
$Departure Cue: ( false ) 
$Determination: 10
+Flags: ( "cargo-known" "no-shields" "stealth" )
+Flags2: ( )
+Respawn priority: 0
+Group: 0
+Use Table Score:
+Score: 1

$Name: Debris Chunk 10 265		;! Object #42
$Display Name: XSTR("Debris Chunk 10 265", 3710)
$Class: Debris Chunk 10
$Team: Surrendered
$Location: -1161.642578, 1795.100098, 10008.070313
$Orientation:
	-0.787724, -0.010989, 0.615931,
	0.218205, 0.930039, 0.295659,
	-0.576088, 0.367297, -0.730216
$AI Behavior: None
$Cargo 1:  XSTR("Nothing", 3199)
+Initial Velocity: 33
+Initial Hull: 100
+Initial Shields: 100
+Subsystem: Pilot
$Arrival Location: Hyperspace
$Arrival Cue: ( true ) 
$Departure Location: Hyperspace
$Departure Cue: ( false ) 
$Determination: 10
+Flags: ( "cargo-known" "no-shields" "stealth" )
+Flags2: ( )
+Respawn priority: 0
+Group: 0
+Use Table Score:
+Score: 1

$Name: Debris Chunk 11 266		;! Object #43
$Display Name: XSTR("Debris Chunk 11 266", 3711)
$Class: Debris Chunk 11
$Team: Surrendered
$Location: -877.666016, 1511.371948, 15041.044922
$Orientation:
	-0.787724, -0.010989, 0.615931,
	0.218205, 0.930039, 0.295659,
	-0.576088, 0.367297, -0.730216
$AI Behavior: None
$Cargo 1:  XSTR("Nothing", 3199)
+Initial Velocity: 33
+Initial Hull: 100
+Initial Shields: 100
+Subsystem: Pilot
$Arrival Location: Hyperspace
$Arrival Cue: ( true ) 
$Departure Location: Hyperspace
$Departure Cue: ( false ) 
$Determination: 10
+Flags: ( "cargo-known" "no-shields" "stealth" )
+Flags2: ( )
+Respawn priority: 0
+Group: 0
+Use Table Score:
+Score: 1

$Name: Debris Chunk 13 267		;! Object #44
$Display Name: XSTR("Debris Chunk 13 267", 3712)
$Class: Debris Chunk 13
$Team: Surrendered
$Location: -623.544617, 835.689819, 12605.061523
$Orientation:
	-0.787718, -0.010989, 0.615937,
	0.218208, 0.930039, 0.295657,
	-0.576095, 0.367297, -0.730211
$AI Behavior: None
$Cargo 1:  XSTR("Nothing", 3199)
+Initial Velocity: 33
+Initial Hull: 100
+Initial Shields: 100
+Subsystem: Pilot
$Arrival Location: Hyperspace
$Arrival Cue: ( true ) 
$Departure Location: Hyperspace
$Departure Cue: ( false ) 
$Determination: 10
+Flags: ( "cargo-known" "no-shields" "stealth" )
+Flags2: ( )
+Respawn priority: 0
+Group: 0
+Use Table Score:
+Score: 1

$Name: Debris Chunk 7 268		;! Object #45
$Display Name: XSTR("Debris Chunk 7 268", 3713)
$Class: Debris Chunk 7
$Team: Surrendered
$Location: -2562.515137, 1988.209839, 14276.613281
$Orientation:
	0.243096, -0.010989, 0.969940,
	0.358784, 0.930039, -0.079385,
	-0.901210, 0.367297, 0.230031
$AI Behavior: None
$Cargo 1:  XSTR("Nothing", 3199)
+Initial Velocity: 33
+Initial Hull: 100
+Initial Shields: 100
+Subsystem: Pilot
$Arrival Location: Hyperspace
$Arrival Cue: ( true ) 
$Departure Location: Hyperspace
$Departure Cue: ( false ) 
$Determination: 10
+Flags: ( "cargo-known" "no-shields" "stealth" )
+Flags2: ( )
+Respawn priority: 0
+Group: 0
+Use Table Score:
+Score: 1

$Name: Debris Chunk 8 269		;! Object #46
$Display Name: XSTR("Debris Chunk 8 269", 3714)
$Class: Debris Chunk 8
$Team: Surrendered
$Location: -787.252197, 1582.649292, 10346.373047
$Orientation:
	0.243096, -0.010989, 0.969940,
	0.358784, 0.930039, -0.079385,
	-0.901210, 0.367297, 0.230031
$AI Behavior: None
$Cargo 1:  XSTR("Nothing", 3199)
+Initial Velocity: 33
+Initial Hull: 100
+Initial Shields: 100
+Subsystem: Pilot
$Arrival Location: Hyperspace
$Arrival Cue: ( true ) 
$Departure Location: Hyperspace
$Departure Cue: ( false ) 
$Determination: 10
+Flags: ( "cargo-known" "no-shields" "stealth" )
+Flags2: ( )
+Respawn priority: 0
+Group: 0
+Use Table Score:
+Score: 1

$Name: Debris Chunk 9 270		;! Object #47
$Display Name: XSTR("Debris Chunk 9 270", 3715)
$Class: Debris Chunk 9
$Team: Surrendered
$Location: -1071.207031, 1873.702759, 10727.066406
$Orientation:
	0.243096, -0.010989, 0.969940,
	0.358784, 0.930039, -0.079385,
	-0.901210, 0.367297, 0.230031
$AI Behavior: None
$Cargo 1:  XSTR("Nothing", 3199)
+Initial Velocity: 33
+Initial Hull: 100
+Initial Shields: 100
+Subsystem: Pilot
$Arrival Location: Hyperspace
$Arrival Cue: ( true ) 
$Departure Location: Hyperspace
$Departure Cue: ( false ) 
$Determination: 10
+Flags: ( "cargo-known" "no-shields" "stealth" )
+Flags2: ( )
+Respawn priority: 0
+Group: 0
+Use Table Score:
+Score: 1

$Name: Debris Chunk 10 271		;! Object #48
$Display Name: XSTR("Debris Chunk 10 271", 3716)
$Class: Debris Chunk 10
$Team: Surrendered
$Location: -1961.022461, 2150.960938, 16214.698242
$Orientation:
	0.243096, -0.010989, 0.969940,
	0.358784, 0.930039, -0.079385,
	-0.901210, 0.367297, 0.230031
$AI Behavior: None
$Cargo 1:  XSTR("Nothing", 3199)
+Initial Velocity: 33
+Initial Hull: 100
+Initial Shields: 100
+Subsystem: Pilot
$Arrival Location: Hyperspace
$Arrival Cue: ( true ) 
$Departure Location: Hyperspace
$Departure Cue: ( false ) 
$Determination: 10
+Flags: ( "cargo-known" "no-shields" "stealth" )
+Flags2: ( )
+Respawn priority: 0
+Group: 0
+Use Table Score:
+Score: 1

$Name: Debris Chunk 14 272		;! Object #49
$Display Name: XSTR("Debris Chunk 14 272", 3717)
$Class: Debris Chunk 14
$Team: Surrendered
$Location: -984.897949, 1129.470459, 17053.843750
$Orientation:
	0.243096, -0.010989, 0.969940,
	0.358784, 0.930039, -0.079385,
	-0.901210, 0.367297, 0.230031
$AI Behavior: None
$Cargo 1:  XSTR("Nothing", 3199)
+Initial Velocity: 33
+Initial Hull: 100
+Initial Shields: 100
+Subsystem: Pilot
$Arrival Location: Hyperspace
$Arrival Cue: ( true ) 
$Departure Location: Hyperspace
$Departure Cue: ( false ) 
$Determination: 10
+Flags: ( "cargo-known" "no-shields" "stealth" )
+Flags2: ( )
+Respawn priority: 0
+Group: 0
+Use Table Score:
+Score: 1

$Name: Debris Chunk 7 273		;! Object #50
$Display Name: XSTR("Debris Chunk 7 273", 3718)
$Class: Debris Chunk 7
$Team: Surrendered
$Location: -2084.558105, 1358.755371, 10113.472656
$Orientation:
	0.917257, -0.010989, 0.398145,
	0.155631, 0.930039, -0.332877,
	-0.366632, 0.367297, 0.854795
$AI Behavior: None
$Cargo 1:  XSTR("Nothing", 3199)
+Initial Velocity: 33
+Initial Hull: 100
+Initial Shields: 100
+Subsystem: Pilot
$Arrival Location: Hyperspace
$Arrival Cue: ( true ) 
$Departure Location: Hyperspace
$Departure Cue: ( false ) 
$Determination: 10
+Flags: ( "cargo-known" "no-shields" "stealth" )
+Flags2: ( )
+Respawn priority: 0
+Group: 0
+Use Table Score:
+Score: 1

$Name: Debris Chunk 8 274		;! Object #51
$Display Name: XSTR("Debris Chunk 8 274", 3719)
$Class: Debris Chunk 8
$Team: Surrendered
$Location: -894.617188, 1924.239502, 9224.410156
$Orientation:
	0.917257, -0.010989, 0.398145,
	0.155631, 0.930039, -0.332877,
	-0.366632, 0.367297, 0.854795
$AI Behavior: None
$Cargo 1:  XSTR("Nothing", 3199)
+Initial Velocity: 33
+Initial Hull: 100
+Initial Shields: 100
+Subsystem: Pilot
$Arrival Location: Hyperspace
$Arrival Cue: ( true ) 
$Departure Location: Hyperspace
$Departure Cue: ( false ) 
$Determination: 10
+Flags: ( "cargo-known" "no-shields" "stealth" )
+Flags2: ( )
+Respawn priority: 0
+Group: 0
+Use Table Score:
+Score: 1

$Name: Debris Chunk 9 275		;! Object #52
$Display Name: XSTR("Debris Chunk 9 275", 3720)
$Class: Debris Chunk 9
$Team: Surrendered
$Location: -1326.015625, 2002.457886, 9568.070313
$Orientation:
	0.917257, -0.010989, 0.398145,
	0.155631, 0.930039, -0.332877,
	-0.366632, 0.367297, 0.854795
$AI Behavior: None
$Cargo 1:  XSTR("Nothing", 3199)
+Initial Velocity: 33
+Initial Hull: 100
+Initial Shields: 100
+Subsystem: Pilot
$Arrival Location: Hyperspace
$Arrival Cue: ( true ) 
$Departure Location: Hyperspace
$Departure Cue: ( false ) 
$Determination: 10
+Flags: ( "cargo-known" "no-shields" "stealth" )
+Flags2: ( )
+Respawn priority: 0
+Group: 0
+Use Table Score:
+Score: 1

$Name: Debris Chunk 10 276		;! Object #53
$Display Name: XSTR("Debris Chunk 10 276", 3721)
$Class: Debris Chunk 10
$Team: Surrendered
$Location: -1759.857788, 488.993958, 9796.883789
$Orientation:
	0.917257, -0.010989, 0.398145,
	0.155631, 0.930039, -0.332877,
	-0.366632, 0.367297, 0.854795
$AI Behavior: None
$Cargo 1:  XSTR("Nothing", 3199)
+Initial Velocity: 33
+Initial Hull: 100
+Initial Shields: 100
+Subsystem: Pilot
$Arrival Location: Hyperspace
$Arrival Cue: ( true ) 
$Departure Location: Hyperspace
$Departure Cue: ( false ) 
$Determination: 10
+Flags: ( "cargo-known" "no-shields" "stealth" )
+Flags2: ( )
+Respawn priority: 0
+Group: 0
+Use Table Score:
+Score: 1

$Name: Debris Chunk 11 277		;! Object #54
