#Mission Info

$Version: 0.10
$Name:  XSTR("King's Oath", 3848)
$Author: Darius
$Created: 04/22/20 at 00:02:38
$Modified: 04/29/22 at 17:57:32
$Notes:
This is a FRED2_OPEN created mission.
$End Notes:

$Mission Desc:
 XSTR("Put mission description here
", 2629)
$end_multi_text
+Game Type Flags: 1
+Flags: 270528
+Fog Near Mult: 20.000000

+Fog Far Mult: 22.000000

+Disallow Support: 0
+Hull Repair Ceiling: 75.000000
+Subsystem Repair Ceiling: 100.000000

+Viewer pos: -10096.116211, 4346.519531, 4102.030762
+Viewer orient:
	-0.990790, -0.000000, -0.135410,
	0.041924, 0.950864, -0.306756,
	0.128757, -0.309608, -0.942107

$Starting wing names: ( "Alfa" "Bravo" "Charlie" )
$Squadron wing names: ( "Alfa" "Bravo" "Charlie" "Delta" "Echo" )
$Team-versus-team wing names: ( "Alfa" "Zulu" )

$Skybox Model: skybox_fornax.pof

$AI Profile: Solaris

#Sexp_variables

$Variables:
(
		0		"loadcheckpoint"		"0"		"number"
		1		"m18checkpoint"		"0"		"number"
		2		"saveexist"		"0"		"number"
		3		"autoGenVar1"		"Reliant-class Auxiliary"		"string"
		4		"autoGenVar2"		"Derelict"		"string"
		5		"autoGenVar3"		"Offline"		"string"
		6		"autoGenVar4"		"#Hayburn"		"string"
		7		"autoGenVar5"		"#Erikson"		"string"
)

#Command Briefing

#Briefing
$start_briefing
$num_stages: 0
$end_briefing

#Debriefing_info

$Num stages: 2

$Formula: ( is-event-true-delay 
   "mission complete title" 
   0 
)
$Multi text
    XSTR("All right Meiks, Ross. We need to talk.

Today is giving me the worst headache. My two contract pilots turn out to be Alban navy officers. I don't know what to do with this information.

What you did out there today Ross was...incredible. I don't think we could have made it without you. You proved your initiative and leadership ability when you took command of the fighter wings.

That being said, this complicates things. Not only am I your employer, while you remain a member of the Hoshi's crew I'm also your captain. I was put in command of the fighter group because the Hopewell's pilots knew who I was and were willing to follow my orders. They don't know you Ross, I had to urge them to follow your orders over private comms. This really isn't good enough. This isn't the military but hierarchy still means something in this unit. We need to come up with a better way to establish who's in command. 

Now that I know you've got military command experience Ross I'm more comfortable to give you more autonomy. I just wish you'd told me sooner, not when we're under attack by a Combine rear admiral.", 3849)
$end_multi_text
$Voice: 18-db1
$Recommendation text:
    XSTR("", 2443)
$end_multi_text

$Formula: ( is-event-true-delay 
   "mission complete title" 
   0 
)
$Multi text
    XSTR("Rear admirals. Speaking of which. The Combine have occupied Vicare station. The entire system is in lockdown.

And the whole thing only got a passing mention in the news. No story of Kakotchka attacking civilians, no mention of how an entire system got annexed. Just a statement from the Combine how they're there to 'stabilise the growing regional unrest'. Kakotchka should be put to court for war crimes, but like that's ever going to happen. Everyone's too caught up in the new Great War, no one cares what happens out in the fringe.
", 3850)
$end_multi_text
$Voice: 18-db2
$Recommendation text:
    XSTR("", 2443)
$end_multi_text


#Callsigns:
$Callsign: XSTR("Lau", 2882)
$Callsign: XSTR("Ross", 2635)
$Callsign: XSTR("Meiks", 3256)
$Callsign: XSTR("Navo", 3851)

#end


#Players		;! 1 total

$Starting Shipname: Alfa 1
$Ship Choices: (
	"Vulture-class Striker"	2
)

+Weaponry Pool: (
	"Maxim"	8
	"Vulcan"	12
	"Gattler"	2
	"Huaqing"	4
	"Limonka"	4
	"Stiletto"	8
	"Sparrow"	16
	"Jackhammer"	8
)

#Objects		;! 128 total

$Name: Bravo 1		;! Object #0
$Display Name: XSTR("Bravo 1", 2885)
$Class: Warden-class Defender
$Callsign: XSTR("Lau", 2882)

$Team: Friendly
$Location: -355.414337, -0.001953, -1975.016113
$Orientation:
	0.233829, -0.010988, -0.972216,
	-0.354745, 0.930039, -0.095832,
	0.905251, 0.367297, 0.213572
$AI Behavior: None
$Cargo 1:  XSTR("Nothing", 2637)
+Initial Velocity: 100
+Initial Hull: 100
+Initial Shields: 100
+Subsystem: Pilot
+Primary Banks: ( "Maxim" "Vulcan" )
$Arrival Location: Hyperspace
$Arrival Cue: ( false ) 
$Departure Location: Hyperspace
$Departure Cue: ( false ) 
$Determination: 10
+Flags: ( "cargo-known" "no-shields" )
+Flags2: ( "no-subspace-drive" "no-ets" )
+Respawn priority: 0
+Orders Accepted: 33023		;! note that this is a bitfield!!!
+Group: 0
+Use Table Score:
+Score: 10
+Persona Index: 18

$Name: Vicare Docks		;! Object #1
$Display Name: XSTR("Vicare Docks", 3767)
$Class: Dock
$Team: Friendly
$Location: -2023.746582, 0.000366, -416.329834
$Orientation:
	1.000000, -0.000000, 0.000000,
	0.000000, 1.000000, 0.000000,
	-0.000000, 0.000000, 1.000000
$AI Behavior: None
$Cargo 1:  XSTR("Nothing", 2637)
+Initial Velocity: 33
+Initial Hull: 100
+Initial Shields: 100
+Subsystem: Pilot
$Arrival Location: Hyperspace
$Arrival Cue: ( true ) 
$Departure Location: Hyperspace
$Departure Cue: ( false ) 
$Determination: 10
+Flags: ( "cargo-known" "protect-ship" "no-shields" )
+Flags2: ( )
+Respawn priority: 0
+Group: 0
+Use Table Score:
+Score: 0

$Name: Vicare Station		;! Object #2
$Display Name: XSTR("Vicare Station", 3768)
$Class: Civilian Station
$Team: Friendly
$Location: -1939.357422, 1927.604736, -131.287857
$Orientation:
	1.000000, -0.000000, 0.000000,
	0.000000, 1.000000, 0.000000,
	-0.000000, 0.000000, 1.000000
$AI Behavior: None
$Cargo 1:  XSTR("Nothing", 2637)
+Initial Hull: 100
+Initial Shields: 100
+Subsystem: Pilot
$Arrival Location: Hyperspace
$Arrival Cue: ( true ) 
$Departure Location: Hyperspace
$Departure Cue: ( false ) 
$Determination: 10
+Flags: ( "cargo-known" "protect-ship" "no-shields" )
+Flags2: ( )
+Respawn priority: 0
+Group: 0
+Use Table Score:
+Score: 0

$Name: Hopewell		;! Object #3
$Display Name: XSTR("Hopewell", 3769)
$Class: Argus-class Carrier

$Team: Friendly
$Location: -4841.537598, 1799.422974, 3701.185303
$Orientation:
	0.042063, 0.000056, -0.999115,
	-0.000000, 1.000000, 0.000056,
	0.999115, -0.000002, 0.042063
$AI Behavior: None
$AI Goals: ( goals ( ai-play-dead 50 ) )
$Cargo 1:  XSTR("Nothing", 2637)
+Initial Hull: 100
+Initial Shields: 100
+Subsystem: Pilot
+Subsystem: turret01
+Subsystem: turret02
$Arrival Location: Hyperspace
$Arrival Cue: ( true ) 
$Departure Location: Hyperspace
$Departure Cue: ( false ) 
$Determination: 10
+Flags: ( "cargo-known" "no-shields" )
+Flags2: ( "no-ets" )
+Respawn priority: 0
+Group: 0
+Use Table Score:
+Score: 0

$Name: Nassau		;! Object #4
$Display Name: XSTR("Nassau", 3558)
$Class: Horizon-class Destroyer
$Callsign: XSTR("Navo", 3851)

$Team: Friendly
$Location: -2991.945068, 1664.664063, 2658.783936
$Orientation:
	0.060442, -0.001537, -0.998171,
	0.000016, 0.999999, -0.001539,
	0.998172, 0.000077, 0.060442
$AI Behavior: None
$Cargo 1:  XSTR("Nothing", 2637)
+Initial Hull: 100
+Initial Shields: 100
+Subsystem: Pilot
+Subsystem: turret01
+Subsystem: turret02
+Subsystem: turret03
+Subsystem: turret04
+Subsystem: turret05
+Subsystem: turret06
+Subsystem: mturret01
+Subsystem: mturret02
$Arrival Location: Hyperspace
$Arrival Cue: ( true ) 
$Departure Location: Hyperspace
$Departure Cue: ( is-event-true-delay 
   "oh thank god" 
   10 
)
$Determination: 10
+Flags: ( "cargo-known" "no-shields" )
+Flags2: ( "no-ets" )
+Respawn priority: 0
+Group: 0
+Use Table Score:
+Score: 0

$Name: Hoshikuzu		;! Object #5
$Display Name: XSTR("Hoshikuzu", 3192)
$Class: Hoshikuzu-class Corvette
$Team: Friendly
$Location: -3129.829590, 2245.360840, 4538.285156
$Orientation:
	0.023719, 0.000000, -0.999719,
	0.000000, 1.000000, 0.000000,
	0.999719, 0.000000, 0.023719
$AI Behavior: None
$AI Goals: ( goals ( ai-play-dead 50 ) )
$Cargo 1:  XSTR("Nothing", 2637)
+Initial Hull: 100
+Initial Shields: 100
+Subsystem: Pilot
+Subsystem: turret01
+Subsystem: turret02
+Subsystem: turret03
+Subsystem: turret04
+Subsystem: mturret01
$Arrival Location: Hyperspace
$Arrival Cue: ( true ) 
$Departure Location: Hyperspace
$Departure Cue: ( is-event-true-delay 
   "oh thank god" 
   8 
)
$Determination: 10
+Flags: ( "cargo-known" "no-shields" )
+Flags2: ( "no-ets" )
+Respawn priority: 0
+Group: 0
+Use Table Score:
+Score: 0
$Texture Replace:
+old: corvetteold-reflect
+new: hoshikuzu-reflect
+old: modular2
+new: invisible
+old: modular2-reflect
+new: invisible

$Name: Cargo Depot 6		;! Object #6
$Display Name: XSTR("Cargo Depot 6", 3770)
$Class: Cargo Depot
$Team: Friendly
$Location: 885.145508, 3291.782471, 2031.087524
$Orientation:
	1.000000, -0.000000, 0.000000,
	-0.000000, 1.000000, 0.000000,
	-0.000000, -0.000000, 1.000000
$AI Behavior: None
$Cargo 1:  XSTR("Nothing", 2637)
+Initial Velocity: 33
+Initial Hull: 100
+Initial Shields: 100
+Subsystem: Pilot
$Arrival Location: Hyperspace
$Arrival Cue: ( true ) 
$Departure Location: Hyperspace
$Departure Cue: ( false ) 
$Determination: 10
+Flags: ( "cargo-known" "protect-ship" "no-shields" )
+Flags2: ( )
+Respawn priority: 0
+Group: 0
+Use Table Score:
+Score: 0

$Name: Cargo Depot 7		;! Object #7
$Display Name: XSTR("Cargo Depot 7", 3771)
$Class: Cargo Depot
$Team: Friendly
$Location: 912.156006, 1539.162842, 1998.773315
$Orientation:
	1.000000, 0.000000, 0.000000,
	0.000000, 1.000000, 0.000000,
	0.000000, 0.000000, 1.000000
$AI Behavior: None
$Cargo 1:  XSTR("Nothing", 2637)
+Initial Velocity: 33
+Initial Hull: 100
+Initial Shields: 100
+Subsystem: Pilot
$Arrival Location: Hyperspace
$Arrival Cue: ( true ) 
$Departure Location: Hyperspace
$Departure Cue: ( false ) 
$Determination: 10
+Flags: ( "cargo-known" "protect-ship" "no-shields" )
+Flags2: ( )
+Respawn priority: 0
+Group: 0
+Use Table Score:
+Score: 0

$Name: Radar Platform		;! Object #8
$Display Name: XSTR("Radar Platform", 2407)
$Class: Radar Platform
$Team: Friendly
$Location: -1288.953613, 3923.924805, 934.524414
$Orientation:
	1.000000, -0.000000, 0.000000,
	0.000000, 1.000000, -0.000000,
	0.000000, 0.000000, 1.000000
$AI Behavior: None
$Cargo 1:  XSTR("Nothing", 2637)
+Initial Velocity: 33
+Initial Hull: 100
+Initial Shields: 100
+Subsystem: Pilot
$Arrival Location: Hyperspace
$Arrival Cue: ( true ) 
$Departure Location: Hyperspace
$Departure Cue: ( false ) 
$Determination: 10
+Flags: ( "cargo-known" "protect-ship" "no-shields" )
+Flags2: ( )
+Respawn priority: 0
+Group: 0
+Use Table Score:
+Score: 0

$Name: Alfa 1		;! Object #9
$Display Name: XSTR("Alfa 1", 3258)
$Class: Comet-class Gunship
$Callsign: XSTR("Ross", 2635)

$Team: Friendly
$Location: -537.344055, 0.001007, -2011.972778
$Orientation:
	1.000000, 0.000000, 0.000000,
	0.000000, 1.000000, 0.000000,
	0.000000, 0.000000, 1.000000
$AI Behavior: None
$Cargo 1:  XSTR("Nothing", 2637)
+Initial Velocity: 100
+Initial Hull: 100
+Initial Shields: 100
+Subsystem: Pilot
$Arrival Location: Hyperspace
$Arrival Cue: ( false ) 
$Departure Location: Hyperspace
$Departure Cue: ( false ) 
$Determination: 10
+Flags: ( "cargo-known" "no-shields" "player-start" )
+Flags2: ( "no-subspace-drive" "no-ets" )
+Respawn priority: 0
+Orders Accepted: 33023		;! note that this is a bitfield!!!
+Group: 0
+Use Table Score:
+Score: 10
+Persona Index: 17

$Name: Charlie 1		;! Object #10
$Display Name: XSTR("Charlie 1", 3772)
$Class: Tor-class Bomber
$Team: Friendly
$Location: -663.763428, -0.000046, -2009.711426
$Orientation:
	1.000000, 0.000000, 0.000000,
	0.000000, 1.000000, 0.000000,
	0.000000, 0.000000, 1.000000
$AI Behavior: None
$Cargo 1:  XSTR("Nothing", 2637)
+Initial Velocity: 100
+Initial Hull: 100
+Initial Shields: 100
+Subsystem: Pilot
$Arrival Location: Hyperspace
$Arrival Cue: ( false ) 
$Departure Location: Hyperspace
$Departure Cue: ( false ) 
$Determination: 10
+Flags: ( "cargo-known" "no-shields" )
+Flags2: ( "no-subspace-drive" "no-ets" )
+Respawn priority: 0
+Orders Accepted: 32829		;! note that this is a bitfield!!!
+Group: 0
+Use Table Score:
+Score: 10
+Persona Index: 20

$Name: Marchana		;! Object #11
$Display Name: XSTR("Marchana", 3773)
$Class: Leonidas-class Destroyer

$Team: Hostile
$Location: -1715.444092, 76.532150, 17409.025391
$Orientation:
	0.266419, 0.259364, 0.928306,
	-0.912473, 0.378135, 0.156226,
	-0.310506, -0.888676, 0.337405
$AI Behavior: None
$AI Goals: ( goals ( ai-play-dead 50 ) )
$Cargo 1:  XSTR("Nothing", 2637)
+Initial Hull: 85
+Initial Shields: 100
+Subsystem: Pilot
$Arrival Location: Hyperspace
+Arrival Delay: 1
$Arrival Cue: ( true ) 
$Departure Location: Hyperspace
$Departure Cue: ( false ) 
$Determination: 10
+Flags: ( "cargo-known" "protect-ship" "no-shields" "stealth" "friendly-stealth-invisible" )
+Flags2: ( "hide-ship-name" "no-ets" )
+Respawn priority: 0
+Destroy At: 20
+Group: 0
+Score: 10
$Texture Replace:
+old: destroyer5
+new: destroyer5debris

$Name: Garrison HQ		;! Object #12
$Display Name: XSTR("Garrison HQ", 3774)
$Class: Hangar
$Team: Friendly
$Location: -7120.131348, 1662.442383, 468.971436
$Orientation:
	-0.042626, 0.000000, -0.999091,
	0.000000, 1.000000, 0.000000,
	0.999091, 0.000000, -0.042626
$AI Behavior: None
$Cargo 1:  XSTR("Nothing", 2637)
+Initial Velocity: 33
+Initial Hull: 100
+Initial Shields: 100
+Subsystem: Pilot
$Arrival Location: Hyperspace
$Arrival Cue: ( true ) 
$Departure Location: Hyperspace
$Departure Cue: ( false ) 
$Determination: 10
+Flags: ( "cargo-known" "protect-ship" "no-shields" )
+Flags2: ( )
+Respawn priority: 0
+Group: 0
+Use Table Score:
+Score: 0

$Name: Debris Chunk 14 128		;! Object #13
$Display Name: XSTR("Debris Chunk 14 128", 3008)
$Class: Debris Chunk 14
$Team: Surrendered
$Location: 286.364197, 2383.703613, 12808.227539
$Orientation:
	0.994702, -0.010989, -0.102212,
	-0.027379, 0.930039, -0.366440,
	0.099088, 0.367297, 0.924811
$AI Behavior: None
$Cargo 1:  XSTR("Nothing", 2637)
+Initial Velocity: 33
+Initial Hull: 100
+Initial Shields: 100
+Subsystem: Pilot
$Arrival Location: Hyperspace
$Arrival Cue: ( true ) 
$Departure Location: Hyperspace
$Departure Cue: ( false ) 
$Determination: 10
+Flags: ( "cargo-known" "no-shields" "stealth" "friendly-stealth-invisible" )
+Flags2: ( )
+Respawn priority: 0
+Group: 0
+Use Table Score:
+Score: 1

$Name: Debris Chunk 1 237		;! Object #14
$Display Name: XSTR("Debris Chunk 1 237", 3120)
$Class: Debris Chunk 1
$Team: Surrendered
$Location: -2316.760254, -440.423828, 13297.293945
$Orientation:
	-0.601907, -0.010989, -0.798491,
	-0.299471, 0.930039, 0.212944,
	0.740287, 0.367297, -0.563088
$AI Behavior: None
$Cargo 1:  XSTR("Nothing", 2637)
+Initial Velocity: 33
+Initial Hull: 100
+Initial Shields: 100
+Subsystem: Pilot
$Arrival Location: Hyperspace
$Arrival Cue: ( true ) 
$Departure Location: Hyperspace
$Departure Cue: ( false ) 
$Determination: 10
+Flags: ( "cargo-known" "no-shields" "stealth" )
+Flags2: ( )
+Respawn priority: 0
+Group: 0
+Use Table Score:
+Score: 1

$Name: Debris Chunk 2 238		;! Object #15
$Display Name: XSTR("Debris Chunk 2 238", 3121)
$Class: Debris Chunk 2
$Team: Surrendered
$Location: -3723.187012, -928.679688, 15761.708984
$Orientation:
	-0.601907, -0.010989, -0.798491,
	-0.299471, 0.930039, 0.212944,
	0.740287, 0.367297, -0.563088
$AI Behavior: None
$Cargo 1:  XSTR("Nothing", 2637)
+Initial Velocity: 33
+Initial Hull: 100
+Initial Shields: 100
+Subsystem: Pilot
$Arrival Location: Hyperspace
$Arrival Cue: ( true ) 
$Departure Location: Hyperspace
$Departure Cue: ( false ) 
$Determination: 10
+Flags: ( "cargo-known" "no-shields" "stealth" )
+Flags2: ( )
+Respawn priority: 0
+Group: 0
+Use Table Score:
+Score: 1

$Name: Debris Chunk 3 239		;! Object #16
$Display Name: XSTR("Debris Chunk 3 239", 3122)
$Class: Debris Chunk 3
$Team: Surrendered
$Location: -3850.620117, -1479.202393, 8438.916016
$Orientation:
	-0.601907, -0.010989, -0.798491,
	-0.299471, 0.930039, 0.212944,
	0.740287, 0.367297, -0.563088
$AI Behavior: None
$Cargo 1:  XSTR("Nothing", 2637)
+Initial Velocity: 33
+Initial Hull: 100
+Initial Shields: 100
+Subsystem: Pilot
$Arrival Location: Hyperspace
$Arrival Cue: ( true ) 
$Departure Location: Hyperspace
$Departure Cue: ( false ) 
$Determination: 10
+Flags: ( "cargo-known" "no-shields" "stealth" )
+Flags2: ( )
+Respawn priority: 0
+Group: 0
+Use Table Score:
+Score: 1

$Name: Debris Chunk 4 240		;! Object #17
$Display Name: XSTR("Debris Chunk 4 240", 3123)
$Class: Debris Chunk 4
$Team: Surrendered
$Location: -2711.900391, 363.653076, 15695.945313
$Orientation:
	-0.601907, -0.010989, -0.798491,
	-0.299471, 0.930039, 0.212944,
	0.740287, 0.367297, -0.563088
$AI Behavior: None
$Cargo 1:  XSTR("Nothing", 2637)
+Initial Velocity: 33
+Initial Hull: 100
+Initial Shields: 100
+Subsystem: Pilot
$Arrival Location: Hyperspace
$Arrival Cue: ( true ) 
$Departure Location: Hyperspace
$Departure Cue: ( false ) 
$Determination: 10
+Flags: ( "cargo-known" "no-shields" "stealth" )
+Flags2: ( )
+Respawn priority: 0
+Group: 0
+Use Table Score:
+Score: 1

$Name: Debris Chunk 2 241		;! Object #18
$Display Name: XSTR("Debris Chunk 2 241", 3124)
$Class: Debris Chunk 2
$Team: Surrendered
$Location: -1946.566895, 481.172974, 12770.555664
$Orientation:
	-0.367672, -0.010989, 0.929891,
	0.337829, 0.930039, 0.144566,
	-0.866423, 0.367297, -0.338236
$AI Behavior: None
$Cargo 1:  XSTR("Nothing", 2637)
+Initial Velocity: 33
+Initial Hull: 100
+Initial Shields: 100
+Subsystem: Pilot
$Arrival Location: Hyperspace
$Arrival Cue: ( true ) 
$Departure Location: Hyperspace
$Departure Cue: ( false ) 
$Determination: 10
+Flags: ( "cargo-known" "no-shields" "stealth" )
+Flags2: ( )
+Respawn priority: 0
+Group: 0
+Use Table Score:
+Score: 1

$Name: Debris Chunk 1 242		;! Object #19
$Display Name: XSTR("Debris Chunk 1 242", 3125)
$Class: Debris Chunk 1
$Team: Surrendered
$Location: -2130.005371, -405.380981, 6925.437012
$Orientation:
	0.708105, -0.010989, -0.706022,
	-0.252113, 0.930039, -0.267333,
	0.659566, 0.367297, 0.655794
$AI Behavior: None
$Cargo 1:  XSTR("Nothing", 2637)
+Initial Velocity: 33
+Initial Hull: 100
+Initial Shields: 100
+Subsystem: Pilot
$Arrival Location: Hyperspace
$Arrival Cue: ( true ) 
$Departure Location: Hyperspace
$Departure Cue: ( false ) 
$Determination: 10
+Flags: ( "cargo-known" "no-shields" "stealth" )
+Flags2: ( )
+Respawn priority: 0
+Group: 0
+Use Table Score:
+Score: 1

$Name: Debris Chunk 4 243		;! Object #20
$Display Name: XSTR("Debris Chunk 4 243", 3126)
$Class: Debris Chunk 4
$Team: Surrendered
$Location: -3164.294434, -209.563843, 12705.232422
$Orientation:
	-0.618312, -0.010989, 0.785856,
	0.282357, 0.930039, 0.235164,
	-0.733460, 0.367297, -0.571952
$AI Behavior: None
$Cargo 1:  XSTR("Nothing", 2637)
+Initial Velocity: 33
+Initial Hull: 100
+Initial Shields: 100
+Subsystem: Pilot
$Arrival Location: Hyperspace
$Arrival Cue: ( true ) 
$Departure Location: Hyperspace
$Departure Cue: ( false ) 
$Determination: 10
+Flags: ( "cargo-known" "no-shields" "stealth" )
+Flags2: ( )
+Respawn priority: 0
+Group: 0
+Use Table Score:
+Score: 1

$Name: Debris Chunk 3 244		;! Object #21
$Display Name: XSTR("Debris Chunk 3 244", 3127)
$Class: Debris Chunk 3
$Team: Surrendered
$Location: -2654.257324, 782.787476, 11852.193359
$Orientation:
	-0.977023, -0.010989, -0.212850,
	-0.088175, 0.930039, 0.356725,
	0.194039, 0.367297, -0.909638
$AI Behavior: None
$Cargo 1:  XSTR("Nothing", 2637)
+Initial Velocity: 33
+Initial Hull: 100
+Initial Shields: 100
+Subsystem: Pilot
$Arrival Location: Hyperspace
$Arrival Cue: ( true ) 
$Departure Location: Hyperspace
$Departure Cue: ( false ) 
$Determination: 10
+Flags: ( "cargo-known" "no-shields" "stealth" )
+Flags2: ( )
+Respawn priority: 0
+Group: 0
+Use Table Score:
+Score: 1

$Name: Debris Chunk 7 245		;! Object #22
$Display Name: XSTR("Debris Chunk 7 245", 3128)
$Class: Debris Chunk 7
$Team: Surrendered
$Location: -1150.939453, -1066.141357, 9064.443359
$Orientation:
	-0.973798, -0.010989, -0.227148,
	-0.093394, 0.930039, 0.355395,
	0.207351, 0.367297, -0.906697
$AI Behavior: None
$Cargo 1:  XSTR("Nothing", 2637)
+Initial Velocity: 33
+Initial Hull: 100
+Initial Shields: 100
+Subsystem: Pilot
$Arrival Location: Hyperspace
$Arrival Cue: ( true ) 
$Departure Location: Hyperspace
$Departure Cue: ( false ) 
$Determination: 10
+Flags: ( "cargo-known" "no-shields" "stealth" )
+Flags2: ( )
+Respawn priority: 0
+Group: 0
+Use Table Score:
+Score: 1

$Name: Debris Chunk 8 246		;! Object #23
$Display Name: XSTR("Debris Chunk 8 246", 3129)
$Class: Debris Chunk 8
$Team: Surrendered
$Location: -1809.390015, -828.100708, 10491.141602
$Orientation:
	-0.973798, -0.010989, -0.227148,
	-0.093394, 0.930039, 0.355395,
	0.207351, 0.367297, -0.906697
$AI Behavior: None
$Cargo 1:  XSTR("Nothing", 2637)
+Initial Velocity: 33
+Initial Hull: 100
+Initial Shields: 100
+Subsystem: Pilot
$Arrival Location: Hyperspace
$Arrival Cue: ( true ) 
$Departure Location: Hyperspace
$Departure Cue: ( false ) 
$Determination: 10
+Flags: ( "cargo-known" "no-shields" "stealth" )
+Flags2: ( )
+Respawn priority: 0
+Group: 0
+Use Table Score:
+Score: 1

$Name: Debris Chunk 9 247		;! Object #24
$Display Name: XSTR("Debris Chunk 9 247", 3130)
$Class: Debris Chunk 9
$Team: Surrendered
$Location: -1590.572266, -1165.313965, 10105.569336
$Orientation:
	-0.973798, -0.010989, -0.227148,
	-0.093394, 0.930039, 0.355395,
	0.207351, 0.367297, -0.906697
$AI Behavior: None
$Cargo 1:  XSTR("Nothing", 2637)
+Initial Velocity: 33
+Initial Hull: 100
+Initial Shields: 100
+Subsystem: Pilot
$Arrival Location: Hyperspace
$Arrival Cue: ( true ) 
$Departure Location: Hyperspace
$Departure Cue: ( false ) 
$Determination: 10
+Flags: ( "cargo-known" "no-shields" "stealth" )
+Flags2: ( )
+Respawn priority: 0
+Group: 0
+Use Table Score:
+Score: 1

$Name: Debris Chunk 10 248		;! Object #25
$Display Name: XSTR("Debris Chunk 10 248", 3131)
$Class: Debris Chunk 10
$Team: Surrendered
$Location: -1255.779297, -94.854614, 8977.412109
$Orientation:
	-0.973798, -0.010989, -0.227148,
	-0.093394, 0.930039, 0.355395,
	0.207351, 0.367297, -0.906697
$AI Behavior: None
$Cargo 1:  XSTR("Nothing", 2637)
+Initial Velocity: 33
+Initial Hull: 100
+Initial Shields: 100
+Subsystem: Pilot
$Arrival Location: Hyperspace
$Arrival Cue: ( true ) 
$Departure Location: Hyperspace
$Departure Cue: ( false ) 
$Determination: 10
+Flags: ( "cargo-known" "no-shields" "stealth" )
+Flags2: ( )
+Respawn priority: 0
+Group: 0
+Use Table Score:
+Score: 1

$Name: Debris Chunk 11 249		;! Object #26
$Display Name: XSTR("Debris Chunk 11 249", 3132)
$Class: Debris Chunk 11
$Team: Surrendered
$Location: -2488.725098, -1989.320313, 15356.096680
$Orientation:
	-0.973798, -0.010989, -0.227148,
	-0.093394, 0.930039, 0.355395,
	0.207351, 0.367297, -0.906697
$AI Behavior: None
$Cargo 1:  XSTR("Nothing", 2637)
+Initial Velocity: 33
+Initial Hull: 100
+Initial Shields: 100
+Subsystem: Pilot
$Arrival Location: Hyperspace
$Arrival Cue: ( true ) 
$Departure Location: Hyperspace
$Departure Cue: ( false ) 
$Determination: 10
+Flags: ( "cargo-known" "no-shields" "stealth" )
+Flags2: ( )
+Respawn priority: 0
+Group: 0
+Use Table Score:
+Score: 1

$Name: Debris Chunk 7 250		;! Object #27
$Display Name: XSTR("Debris Chunk 7 250", 3133)
$Class: Debris Chunk 7
$Team: Surrendered
$Location: -1992.999512, -1192.296143, 8696.839844
$Orientation:
	0.225323, -0.010989, 0.974222,
	0.360175, 0.930039, -0.072813,
	-0.905264, 0.367297, 0.213517
$AI Behavior: None
$Cargo 1:  XSTR("Nothing", 2637)
+Initial Velocity: 33
+Initial Hull: 100
+Initial Shields: 100
+Subsystem: Pilot
$Arrival Location: Hyperspace
$Arrival Cue: ( true ) 
$Departure Location: Hyperspace
$Departure Cue: ( false ) 
$Determination: 10
+Flags: ( "cargo-known" "no-shields" "stealth" )
+Flags2: ( )
+Respawn priority: 0
+Group: 0
+Use Table Score:
+Score: 1

$Name: Debris Chunk 8 251		;! Object #28
$Display Name: XSTR("Debris Chunk 8 251", 3134)
$Class: Debris Chunk 8
$Team: Surrendered
$Location: -1495.558594, 137.316895, 9411.417969
$Orientation:
	0.225323, -0.010989, 0.974222,
	0.360175, 0.930039, -0.072813,
	-0.905264, 0.367297, 0.213517
$AI Behavior: None
$Cargo 1:  XSTR("Nothing", 2637)
+Initial Velocity: 33
+Initial Hull: 100
+Initial Shields: 100
+Subsystem: Pilot
$Arrival Location: Hyperspace
$Arrival Cue: ( true ) 
$Departure Location: Hyperspace
$Departure Cue: ( false ) 
$Determination: 10
+Flags: ( "cargo-known" "no-shields" "stealth" )
+Flags2: ( )
+Respawn priority: 0
+Group: 0
+Use Table Score:
+Score: 1

$Name: Debris Chunk 9 252		;! Object #29
$Display Name: XSTR("Debris Chunk 9 252", 3135)
$Class: Debris Chunk 9
$Team: Surrendered
$Location: -1892.272949, -238.171082, 9302.399414
$Orientation:
	0.225323, -0.010989, 0.974222,
	0.360175, 0.930039, -0.072813,
	-0.905264, 0.367297, 0.213517
$AI Behavior: None
$Cargo 1:  XSTR("Nothing", 2637)
+Initial Velocity: 33
+Initial Hull: 100
+Initial Shields: 100
+Subsystem: Pilot
$Arrival Location: Hyperspace
$Arrival Cue: ( true ) 
$Departure Location: Hyperspace
$Departure Cue: ( false ) 
$Determination: 10
+Flags: ( "cargo-known" "no-shields" "stealth" )
+Flags2: ( )
+Respawn priority: 0
+Group: 0
+Use Table Score:
+Score: 1

$Name: Debris Chunk 10 253		;! Object #30
$Display Name: XSTR("Debris Chunk 10 253", 3136)
$Class: Debris Chunk 10
$Team: Surrendered
$Location: -2573.098145, -1217.200562, 14691.676758
$Orientation:
	0.225323, -0.010989, 0.974222,
	0.360175, 0.930039, -0.072813,
	-0.905264, 0.367297, 0.213517
$AI Behavior: None
$Cargo 1:  XSTR("Nothing", 2637)
+Initial Velocity: 33
+Initial Hull: 100
+Initial Shields: 100
+Subsystem: Pilot
$Arrival Location: Hyperspace
$Arrival Cue: ( true ) 
$Departure Location: Hyperspace
$Departure Cue: ( false ) 
$Determination: 10
+Flags: ( "cargo-known" "no-shields" "stealth" )
+Flags2: ( )
+Respawn priority: 0
+Group: 0
+Use Table Score:
+Score: 1

$Name: Debris Chunk 11 254		;! Object #31
$Display Name: XSTR("Debris Chunk 11 254", 3137)
$Class: Derelict 2
$Team: Surrendered
$Location: -962.980103, -182.551132, 12092.320313
$Orientation:
	0.225323, -0.010989, 0.974222,
	0.360175, 0.930039, -0.072813,
	-0.905264, 0.367297, 0.213517
$AI Behavior: None
$Cargo 1:  XSTR("Nothing", 2637)
+Initial Hull: 100
+Initial Shields: 100
+Subsystem: Pilot
$Arrival Location: Hyperspace
$Arrival Cue: ( true ) 
$Departure Location: Hyperspace
$Departure Cue: ( false ) 
$Determination: 10
+Flags: ( "cargo-known" "no-shields" "stealth" )
+Flags2: ( )
+Respawn priority: 0
+Group: 0
+Use Table Score:
+Score: 1

$Name: Debris Chunk 14 255		;! Object #32
$Display Name: XSTR("Debris Chunk 14 255", 3138)
$Class: Debris Chunk 14
$Team: Surrendered
$Location: -1845.411499, 1221.098633, 10267.333984
$Orientation:
	0.225323, -0.010989, 0.974222,
	0.360175, 0.930039, -0.072813,
	-0.905264, 0.367297, 0.213517
$AI Behavior: None
$Cargo 1:  XSTR("Nothing", 2637)
+Initial Velocity: 33
+Initial Hull: 100
+Initial Shields: 100
+Subsystem: Pilot
$Arrival Location: Hyperspace
$Arrival Cue: ( true ) 
$Departure Location: Hyperspace
$Departure Cue: ( false ) 
$Determination: 10
+Flags: ( "cargo-known" "no-shields" "stealth" )
+Flags2: ( )
+Respawn priority: 0
+Group: 0
+Use Table Score:
+Score: 1

$Name: Debris Chunk 7 256		;! Object #33
$Display Name: XSTR("Debris Chunk 7 256", 3139)
$Class: Debris Chunk 7
$Team: Surrendered
$Location: -2371.877441, -1024.732056, 15525.984375
$Orientation:
	0.871467, -0.010989, -0.490331,
	-0.171211, 0.930039, -0.325138,
	0.459599, 0.367297, 0.808617
$AI Behavior: None
$Cargo 1:  XSTR("Nothing", 2637)
+Initial Velocity: 33
+Initial Hull: 100
+Initial Shields: 100
+Subsystem: Pilot
$Arrival Location: Hyperspace
$Arrival Cue: ( true ) 
$Departure Location: Hyperspace
$Departure Cue: ( false ) 
$Determination: 10
+Flags: ( "cargo-known" "no-shields" "stealth" )
+Flags2: ( )
+Respawn priority: 0
+Group: 0
+Use Table Score:
+Score: 1

$Name: Debris Chunk 8 257		;! Object #34
$Display Name: XSTR("Debris Chunk 8 257", 3140)
$Class: Debris Chunk 8
$Team: Surrendered
$Location: -769.775635, 418.453064, 8527.674805
$Orientation:
	0.871467, -0.010989, -0.490331,
	-0.171211, 0.930039, -0.325138,
	0.459599, 0.367297, 0.808617
$AI Behavior: None
$Cargo 1:  XSTR("Nothing", 2637)
+Initial Velocity: 33
+Initial Hull: 100
+Initial Shields: 100
+Subsystem: Pilot
$Arrival Location: Hyperspace
$Arrival Cue: ( true ) 
$Departure Location: Hyperspace
$Departure Cue: ( false ) 
$Determination: 10
+Flags: ( "cargo-known" "no-shields" "stealth" )
+Flags2: ( )
+Respawn priority: 0
+Group: 0
+Use Table Score:
+Score: 1

$Name: Debris Chunk 9 258		;! Object #35
$Display Name: XSTR("Debris Chunk 9 258", 3141)
$Class: Debris Chunk 9
$Team: Surrendered
$Location: -982.833984, -96.004456, 8542.566406
$Orientation:
	0.871467, -0.010989, -0.490331,
	-0.171211, 0.930039, -0.325138,
	0.459599, 0.367297, 0.808617
$AI Behavior: None
$Cargo 1:  XSTR("Nothing", 2637)
+Initial Velocity: 33
+Initial Hull: 100
+Initial Shields: 100
+Subsystem: Pilot
$Arrival Location: Hyperspace
$Arrival Cue: ( true ) 
$Departure Location: Hyperspace
$Departure Cue: ( false ) 
$Determination: 10
+Flags: ( "cargo-known" "no-shields" "stealth" )
+Flags2: ( )
+Respawn priority: 0
+Group: 0
+Use Table Score:
+Score: 1

$Name: Debris Chunk 10 259		;! Object #36
$Display Name: XSTR("Debris Chunk 10 259", 3142)
$Class: Debris Chunk 10
$Team: Surrendered
$Location: -1712.615479, -663.430786, 16155.951172
$Orientation:
	0.871467, -0.010989, -0.490331,
	-0.171211, 0.930039, -0.325138,
	0.459599, 0.367297, 0.808617
$AI Behavior: None
$Cargo 1:  XSTR("Nothing", 2637)
+Initial Velocity: 33
+Initial Hull: 100
+Initial Shields: 100
+Subsystem: Pilot
$Arrival Location: Hyperspace
$Arrival Cue: ( true ) 
$Departure Location: Hyperspace
$Departure Cue: ( false ) 
$Determination: 10
+Flags: ( "cargo-known" "no-shields" "stealth" )
+Flags2: ( )
+Respawn priority: 0
+Group: 0
+Use Table Score:
+Score: 1

$Name: Debris Chunk 11 260		;! Object #37
$Display Name: XSTR("Debris Chunk 11 260", 3143)
$Class: Debris Chunk 11
$Team: Surrendered
$Location: -1497.593994, -1491.647461, 8661.875977
$Orientation:
	0.871467, -0.010989, -0.490331,
	-0.171211, 0.930039, -0.325138,
	0.459599, 0.367297, 0.808617
$AI Behavior: None
$Cargo 1:  XSTR("Nothing", 2637)
+Initial Velocity: 33
+Initial Hull: 100
+Initial Shields: 100
+Subsystem: Pilot
$Arrival Location: Hyperspace
$Arrival Cue: ( true ) 
$Departure Location: Hyperspace
$Departure Cue: ( false ) 
$Determination: 10
+Flags: ( "cargo-known" "no-shields" "stealth" )
+Flags2: ( )
+Respawn priority: 0
+Group: 0
+Use Table Score:
+Score: 1

$Name: Debris Chunk 14 261		;! Object #38
$Display Name: XSTR("Debris Chunk 14 261", 3144)
$Class: Debris Chunk 14
$Team: Surrendered
$Location: -1225.458984, 1279.672974, 7488.338379
$Orientation:
	0.871467, -0.010989, -0.490331,
	-0.171211, 0.930039, -0.325138,
	0.459599, 0.367297, 0.808617
$AI Behavior: None
$Cargo 1:  XSTR("Nothing", 2637)
+Initial Velocity: 33
+Initial Hull: 100
+Initial Shields: 100
+Subsystem: Pilot
$Arrival Location: Hyperspace
$Arrival Cue: ( true ) 
$Departure Location: Hyperspace
$Departure Cue: ( false ) 
$Determination: 10
+Flags: ( "cargo-known" "no-shields" "stealth" )
+Flags2: ( )
+Respawn priority: 0
+Group: 0
+Use Table Score:
+Score: 1

$Name: Debris Chunk 7 262		;! Object #39
$Display Name: XSTR("Debris Chunk 7 262", 3145)
$Class: Debris Chunk 7
$Team: Surrendered
$Location: -2084.511230, 1610.803467, 10284.464844
$Orientation:
	-0.787724, -0.010989, 0.615931,
	0.218205, 0.930039, 0.295659,
	-0.576088, 0.367297, -0.730216
$AI Behavior: None
$Cargo 1:  XSTR("Nothing", 2637)
+Initial Velocity: 33
+Initial Hull: 100
+Initial Shields: 100
+Subsystem: Pilot
$Arrival Location: Hyperspace
$Arrival Cue: ( true ) 
$Departure Location: Hyperspace
$Departure Cue: ( false ) 
$Determination: 10
+Flags: ( "cargo-known" "no-shields" "stealth" )
+Flags2: ( )
+Respawn priority: 0
+Group: 0
+Use Table Score:
+Score: 1

$Name: Debris Chunk 8 263		;! Object #40
$Display Name: XSTR("Debris Chunk 8 263", 3146)
$Class: Debris Chunk 8
$Team: Surrendered
$Location: -1380.869141, 811.006165, 11463.802734
$Orientation:
	-0.787724, -0.010989, 0.615931,
	0.218205, 0.930039, 0.295659,
	-0.576088, 0.367297, -0.730216
$AI Behavior: None
$Cargo 1:  XSTR("Nothing", 2637)
+Initial Velocity: 33
+Initial Hull: 100
+Initial Shields: 100
+Subsystem: Pilot
$Arrival Location: Hyperspace
$Arrival Cue: ( true ) 
$Departure Location: Hyperspace
$Departure Cue: ( false ) 
$Determination: 10
+Flags: ( "cargo-known" "no-shields" "stealth" )
+Flags2: ( )
+Respawn priority: 0
+Group: 0
+Use Table Score:
+Score: 1

$Name: Debris Chunk 9 264		;! Object #41
$Display Name: XSTR("Debris Chunk 9 264", 3147)
$Class: Debris Chunk 9
$Team: Surrendered
$Location: -1838.513184, 989.235718, 11201.117188
$Orientation:
	-0.787724, -0.010989, 0.615931,
	0.218205, 0.930039, 0.295659,
	-0.576088, 0.367297, -0.730216
$AI Behavior: None
$Cargo 1:  XSTR("Nothing", 2637)
+Initial Velocity: 33
+Initial Hull: 100
+Initial Shields: 100
+Subsystem: Pilot
$Arrival Location: Hyperspace
$Arrival Cue: ( true ) 
$Departure Location: Hyperspace
$Departure Cue: ( false ) 
$Determination: 10
+Flags: ( "cargo-known" "no-shields" "stealth" )
+Flags2: ( )
+Respawn priority: 0
+Group: 0
+Use Table Score:
+Score: 1

$Name: Debris Chunk 10 265		;! Object #42
$Display Name: XSTR("Debris Chunk 10 265", 3148)
$Class: Debris Chunk 10
$Team: Surrendered
$Location: -1161.642578, 1795.100098, 10008.070313
$Orientation:
	-0.787724, -0.010989, 0.615931,
	0.218205, 0.930039, 0.295659,
	-0.576088, 0.367297, -0.730216
$AI Behavior: None
$Cargo 1:  XSTR("Nothing", 2637)
+Initial Velocity: 33
+Initial Hull: 100
+Initial Shields: 100
+Subsystem: Pilot
$Arrival Location: Hyperspace
$Arrival Cue: ( true ) 
$Departure Location: Hyperspace
$Departure Cue: ( false ) 
$Determination: 10
+Flags: ( "cargo-known" "no-shields" "stealth" )
+Flags2: ( )
+Respawn priority: 0
+Group: 0
+Use Table Score:
+Score: 1

$Name: Debris Chunk 11 266		;! Object #43
$Display Name: XSTR("Debris Chunk 11 266", 3149)
$Class: Debris Chunk 11
$Team: Surrendered
$Location: -877.666016, 1511.371948, 15041.044922
$Orientation:
	-0.787724, -0.010989, 0.615931,
	0.218205, 0.930039, 0.295659,
	-0.576088, 0.367297, -0.730216
$AI Behavior: None
$Cargo 1:  XSTR("Nothing", 2637)
+Initial Velocity: 33
+Initial Hull: 100
+Initial Shields: 100
+Subsystem: Pilot
$Arrival Location: Hyperspace
$Arrival Cue: ( true ) 
$Departure Location: Hyperspace
$Departure Cue: ( false ) 
$Determination: 10
+Flags: ( "cargo-known" "no-shields" "stealth" )
+Flags2: ( )
+Respawn priority: 0
+Group: 0
+Use Table Score:
+Score: 1

$Name: Debris Chunk 13 267		;! Object #44
$Display Name: XSTR("Debris Chunk 13 267", 3150)
$Class: Debris Chunk 13
$Team: Surrendered
$Location: -623.544617, 835.689819, 12605.061523
$Orientation:
	-0.787718, -0.010989, 0.615937,
	0.218208, 0.930039, 0.295657,
	-0.576095, 0.367297, -0.730211
$AI Behavior: None
$Cargo 1:  XSTR("Nothing", 2637)
+Initial Velocity: 33
+Initial Hull: 100
+Initial Shields: 100
+Subsystem: Pilot
$Arrival Location: Hyperspace
$Arrival Cue: ( true ) 
$Departure Location: Hyperspace
$Departure Cue: ( false ) 
$Determination: 10
+Flags: ( "cargo-known" "no-shields" "stealth" )
+Flags2: ( )
+Respawn priority: 0
+Group: 0
+Use Table Score:
+Score: 1

$Name: Debris Chunk 7 268		;! Object #45
$Display Name: XSTR("Debris Chunk 7 268", 3151)
$Class: Debris Chunk 7
$Team: Surrendered
$Location: -2562.515137, 1988.209839, 14276.613281
$Orientation:
	0.243096, -0.010989, 0.969940,
	0.358784, 0.930039, -0.079385,
	-0.901210, 0.367297, 0.230031
$AI Behavior: None
$Cargo 1:  XSTR("Nothing", 2637)
+Initial Velocity: 33
+Initial Hull: 100
+Initial Shields: 100
+Subsystem: Pilot
$Arrival Location: Hyperspace
$Arrival Cue: ( true ) 
$Departure Location: Hyperspace
$Departure Cue: ( false ) 
$Determination: 10
+Flags: ( "cargo-known" "no-shields" "stealth" )
+Flags2: ( )
+Respawn priority: 0
+Group: 0
+Use Table Score:
+Score: 1

$Name: Debris Chunk 8 269		;! Object #46
$Display Name: XSTR("Debris Chunk 8 269", 3152)
$Class: Debris Chunk 8
$Team: Surrendered
$Location: -787.252197, 1582.649292, 10346.373047
$Orientation:
	0.243096, -0.010989, 0.969940,
	0.358784, 0.930039, -0.079385,
	-0.901210, 0.367297, 0.230031
$AI Behavior: None
$Cargo 1:  XSTR("Nothing", 2637)
+Initial Velocity: 33
+Initial Hull: 100
+Initial Shields: 100
+Subsystem: Pilot
$Arrival Location: Hyperspace
$Arrival Cue: ( true ) 
$Departure Location: Hyperspace
$Departure Cue: ( false ) 
$Determination: 10
+Flags: ( "cargo-known" "no-shields" "stealth" )
+Flags2: ( )
+Respawn priority: 0
+Group: 0
+Use Table Score:
+Score: 1

$Name: Debris Chunk 9 270		;! Object #47
$Display Name: XSTR("Debris Chunk 9 270", 3153)
$Class: Debris Chunk 9
$Team: Surrendered
$Location: -1071.207031, 1873.702759, 10727.066406
$Orientation:
	0.243096, -0.010989, 0.969940,
	0.358784, 0.930039, -0.079385,
	-0.901210, 0.367297, 0.230031
$AI Behavior: None
$Cargo 1:  XSTR("Nothing", 2637)
+Initial Velocity: 33
+Initial Hull: 100
+Initial Shields: 100
+Subsystem: Pilot
$Arrival Location: Hyperspace
$Arrival Cue: ( true ) 
$Departure Location: Hyperspace
$Departure Cue: ( false ) 
$Determination: 10
+Flags: ( "cargo-known" "no-shields" "stealth" )
+Flags2: ( )
+Respawn priority: 0
+Group: 0
+Use Table Score:
+Score: 1

$Name: Debris Chunk 10 271		;! Object #48
$Display Name: XSTR("Debris Chunk 10 271", 3154)
$Class: Debris Chunk 10
$Team: Surrendered
$Location: -1961.022461, 2150.960938, 16214.698242
$Orientation:
	0.243096, -0.010989, 0.969940,
	0.358784, 0.930039, -0.079385,
	-0.901210, 0.367297, 0.230031
$AI Behavior: None
$Cargo 1:  XSTR("Nothing", 2637)
+Initial Velocity: 33
+Initial Hull: 100
+Initial Shields: 100
+Subsystem: Pilot
$Arrival Location: Hyperspace
$Arrival Cue: ( true ) 
$Departure Location: Hyperspace
$Departure Cue: ( false ) 
$Determination: 10
+Flags: ( "cargo-known" "no-shields" "stealth" )
+Flags2: ( )
+Respawn priority: 0
+Group: 0
+Use Table Score:
+Score: 1

$Name: Debris Chunk 14 272		;! Object #49
$Display Name: XSTR("Debris Chunk 14 272", 3155)
$Class: Debris Chunk 14
$Team: Surrendered
$Location: -984.897949, 1129.470459, 17053.843750
$Orientation:
	0.243096, -0.010989, 0.969940,
	0.358784, 0.930039, -0.079385,
	-0.901210, 0.367297, 0.230031
$AI Behavior: None
$Cargo 1:  XSTR("Nothing", 2637)
+Initial Velocity: 33
+Initial Hull: 100
+Initial Shields: 100
+Subsystem: Pilot
$Arrival Location: Hyperspace
$Arrival Cue: ( true ) 
$Departure Location: Hyperspace
$Departure Cue: ( false ) 
$Determination: 10
+Flags: ( "cargo-known" "no-shields" "stealth" )
+Flags2: ( )
+Respawn priority: 0
+Group: 0
+Use Table Score:
+Score: 1

$Name: Debris Chunk 7 273		;! Object #50
$Display Name: XSTR("Debris Chunk 7 273", 3156)
$Class: Debris Chunk 7
$Team: Surrendered
$Location: -2084.558105, 1358.755371, 10113.472656
$Orientation:
	0.917257, -0.010989, 0.398145,
	0.155631, 0.930039, -0.332877,
	-0.366632, 0.367297, 0.854795
$AI Behavior: None
$Cargo 1:  XSTR("Nothing", 2637)
+Initial Velocity: 33
+Initial Hull: 100
+Initial Shields: 100
+Subsystem: Pilot
$Arrival Location: Hyperspace
$Arrival Cue: ( true ) 
$Departure Location: Hyperspace
$Departure Cue: ( false ) 
$Determination: 10
+Flags: ( "cargo-known" "no-shields" "stealth" )
+Flags2: ( )
+Respawn priority: 0
+Group: 0
+Use Table Score:
+Score: 1

$Name: Debris Chunk 8 274		;! Object #51
$Display Name: XSTR("Debris Chunk 8 274", 3157)
$Class: Debris Chunk 8
$Team: Surrendered
$Location: -894.617188, 1924.239502, 9224.410156
$Orientation:
	0.917257, -0.010989, 0.398145,
	0.155631, 0.930039, -0.332877,
	-0.366632, 0.367297, 0.854795
$AI Behavior: None
$Cargo 1:  XSTR("Nothing", 2637)
+Initial Velocity: 33
+Initial Hull: 100
+Initial Shields: 100
+Subsystem: Pilot
$Arrival Location: Hyperspace
$Arrival Cue: ( true ) 
$Departure Location: Hyperspace
$Departure Cue: ( false ) 
$Determination: 10
+Flags: ( "cargo-known" "no-shields" "stealth" )
+Flags2: ( )
+Respawn priority: 0
+Group: 0
+Use Table Score:
+Score: 1

$Name: Debris Chunk 9 275		;! Object #52
