#Mission Info

$Version: 0.10
$Name:  XSTR("Force Your Way", 4075)
$Author: Darius
$Created: 03/10/18 at 18:36:44
$Modified: 04/29/22 at 17:58:37
$Notes:
This is a FRED2_OPEN created mission.
$End Notes:

$Mission Desc:
 XSTR("Put mission description here
", 2629)
$end_multi_text
+Game Type Flags: 1
+Flags: 262210
+Fog Near Mult: 5000.000000

+Fog Far Mult: 5000.000000

+Disallow Support: 0
+Hull Repair Ceiling: 75.000000
+Subsystem Repair Ceiling: 100.000000

+Viewer pos: -6286.514648, 4407.301758, 35308.210938
+Viewer orient:
	0.918206, 0.000005, -0.396103,
	-0.125325, 0.948631, -0.290505,
	0.375754, 0.316385, 0.871039


$Load Screen 1024: 2_LoadingBGM00

$Skybox Model: af.pof
+Skybox Orientation:
	0.981627, 0.190809, 0.000000,
	-0.190809, 0.981627, 0.000000,
	0.000000, -0.000000, 1.000000

$AI Profile: Solaris

#Sexp_variables

$Variables:
(
		0		"playerview"		"1"		"number"		"save-on-mission-progress"
		1		"VNdone"		"0"		"number"
		2		"autoGenVar1"		"Sensor Picket"		"string"
		3		"autoGenVar2"		"#Punchy"		"string"
		4		"autoGenVar3"		"#Raptor"		"string"
		5		"autoGenVar4"		"#Ramly"		"string"
		6		"autoGenVar5"		"#Command"		"string"
		7		"autoGenVar6"		"#Artemis CnC"		"string"
)

#Command Briefing

#Briefing
$start_briefing
$num_stages: 0
$end_briefing

#Debriefing_info

$Num stages: 3

$Formula: ( is-event-true-delay 
   "Tadna retreated" 
   0 
)
$Multi text
    XSTR("That was commendable flying under difficult conditions, pilots. Our recon in force flushed out the destroyer Tadna and forced an engagement, crippling the warship and driving her off. The destruction of the patrol wings will also degrade the Qahtadnan presence in the asteroid field, allowing us to deploy scouts of our own into the field.

We've scored a major victory today, but it looks like our work here has only begun. Admiral Akrami has deployed the destroyer Euphrates to link up with the Artemis in response to Qahtadnan strategic movements in Durius. It looks like a major Qahtadnan invasion of Durius is imminent. 

Reconnaissance wings have already started combing the asteroid field for Qahtadnan forces. Once the Artemis is repaired and the Euphrates arrives, we'll be able to move against them.", 4076)
$end_multi_text
$Voice: 02-db1
$Recommendation text:
    XSTR("", 2443)
$end_multi_text

$Formula: ( is-event-true-delay 
   "Tadna destroyed" 
   0 
)
$Multi text
    XSTR("That was commendable flying under difficult conditions, pilots. Our recon in force flushed out the destroyer Tadna and forced an engagement, destroying her outright. The destruction of their patrol wings will also degrade the Qahtadnan presence in the asteroid field, allowing us to deploy scouts of our own into the field.

We've scored a major victory today, but it looks like our work here has only begun. Admiral Akrami has deployed the destroyer Euphrates to link up with the Artemis in response to Qahtadnan strategic movements in Durius. It looks like a major Qahtadnan invasion of Durius is imminent. 

Reconnaissance wings have already started combing the asteroid field for Qahtadnan forces. Once the Artemis is repaired and the Euphrates arrives, we'll be able to move against them.", 4077)
$end_multi_text
$Voice: 02-db2
$Recommendation text:
    XSTR("", 2443)
$end_multi_text

$Formula: ( is-destroyed-delay 0 "Artemis" ) 
$Multi text
    XSTR("COLONIAL BROADCASTING NETWORK
Disaster at Durius

The FNS Artemis was destroyed in the assault against Qahtadnan forces in a significant blow for the Federation military. Contact was lost with the assault carrier soon after embarking on the assault. No details have been released regarding the circumstances of her destruction.

Qahtadnan forces have occupied Durius after driving out the rest of Federation and Elam forces in the system. Talks are in place regarding terms of surrender by the Elam Republic.", 4078)
$end_multi_text
$Voice: none.wav
$Recommendation text:
    XSTR("", 2443)
$end_multi_text


#Callsigns:
$Callsign: XSTR("Pants", 4079)
$Callsign: XSTR("Raptor", 2632)
$Callsign: XSTR("Ahab", 2631)
$Callsign: XSTR("Ross", 2635)
$Callsign: XSTR("Punchy", 2634)

#end


#Players		;! 1 total

$Starting Shipname: Alpha 2
$Ship Choices: (
)

+Weaponry Pool: (
	"Maxim"	2
	"Gattler"	2
)

#Objects		;! 44 total

$Name: Alpha 1		;! Object #0
$Display Name: XSTR("Alpha 1", 2636)
$Class: Viper-class Fighter
$Callsign: XSTR("Ahab", 2631)

$Team: Friendly
$Location: -6571.760742, 149.216797, 27392.839844
$Orientation:
	0.999366, 0.000001, 0.035604,
	0.000527, 0.999890, -0.014812,
	-0.035600, 0.014821, 0.999256
$AI Behavior: None
$Cargo 1:  XSTR("Nothing", 2637)
+Initial Velocity: 50
+Initial Hull: 100
+Initial Shields: 100
+Subsystem: Pilot
$Arrival Location: Hyperspace
$Arrival Cue: ( false ) 
$Departure Location: Hyperspace
$Departure Cue: ( false ) 
$Determination: 10
+Flags: ( "cargo-known" "no-shields" )
+Flags2: ( "no-subspace-drive" "no-builtin-messages" "no-ets" "ship-locked" "weapons-locked" )
+Respawn priority: 0
+Orders Accepted: 0		;! note that this is a bitfield!!!
+Group: 0
+Use Table Score:
+Score: 10

$Name: Durius Installation		;! Object #1
$Display Name: XSTR("Durius Installation", 2638)
$Class: Commerce Hub
$Team: Friendly
$Location: -4044.793213, 345.015900, 3671.808594
$Orientation:
	1.000000, 0.000000, 0.000000,
	0.000000, 1.000000, 0.000000,
	0.000000, 0.000000, 1.000000
$AI Behavior: None
$Cargo 1:  XSTR("Nothing", 2637)
+Initial Hull: 100
+Initial Shields: 100
+Subsystem: Pilot
$Arrival Location: Hyperspace
$Arrival Cue: ( true ) 
$Departure Location: Hyperspace
$Departure Cue: ( false ) 
$Determination: 10
+Flags: ( "cargo-known" "no-shields" )
+Flags2: ( )
+Respawn priority: 0
+Group: 0
+Use Table Score:
+Score: 0

$Name: Alpha 2		;! Object #2
$Display Name: XSTR("Alpha 2", 2640)
$Class: Viper-class Fighter
$Callsign: XSTR("Ross", 2635)

$Team: Friendly
$Location: -6617.782227, 149.332672, 27378.628906
$Orientation:
	0.999366, 0.000001, 0.035604,
	0.000527, 0.999890, -0.014812,
	-0.035600, 0.014821, 0.999256
$AI Behavior: None
$Cargo 1:  XSTR("Nothing", 2637)
+Initial Velocity: 50
+Initial Hull: 100
+Initial Shields: 100
+Subsystem: Pilot
$Arrival Location: Hyperspace
$Arrival Cue: ( false ) 
$Departure Location: Hyperspace
$Departure Cue: ( false ) 
$Determination: 10
+Flags: ( "cargo-known" "no-shields" "player-start" )
+Flags2: ( "no-subspace-drive" "no-ets" )
+Respawn priority: 0
+Orders Accepted: 0		;! note that this is a bitfield!!!
+Group: 0
+Use Table Score:
+Score: 10
+Persona Index: 17

$Name: Nav Buoy		;! Object #3
$Display Name: XSTR("Nav Buoy", 2412)
$Class: Nav Buoy
$Team: Friendly
$Location: 4617.750000, 603.771423, 6970.872070
$Orientation:
	1.000000, 0.000000, 0.000000,
	0.000000, 1.000000, 0.000000,
	0.000000, 0.000000, 1.000000
$AI Behavior: None
$Cargo 1:  XSTR("Nothing", 2637)
+Initial Velocity: 33
+Initial Shields: 100
+Subsystem: Pilot
$Arrival Location: Hyperspace
$Arrival Cue: ( true ) 
$Departure Location: Hyperspace
$Departure Cue: ( false ) 
$Determination: 10
+Flags: ( "cargo-known" "no-shields" )
+Flags2: ( "no_collide" )
+Respawn priority: 0
+Group: 0
+Use Table Score:
+Score: 0

$Name: Scar Asteroid C 10		;! Object #4
$Display Name: XSTR("Scar Asteroid C 10", 2641)
$Class: Asteroid Field 3#Flat
$Team: Unknown
$Location: -3516.400635, 2602.973145, 13925.080078
$Orientation:
	0.949368, -0.170183, -0.264078,
	0.214756, 0.965061, 0.150128,
	0.229303, -0.199239, 0.952746
$AI Behavior: None
$Cargo 1:  XSTR("Nothing", 2637)
+Initial Hull: 100
+Initial Shields: 100
+Subsystem: Pilot
$Arrival Location: Hyperspace
$Arrival Cue: ( true ) 
$Departure Location: Hyperspace
$Departure Cue: ( false ) 
$Determination: 10
+Flags: ( "cargo-known" "no-shields" "invulnerable" "hidden-from-sensors" "stealth" "friendly-stealth-invisible" )
+Flags2: ( "primitive-sensors" "no-subspace-drive" )
+Respawn priority: 0
+Group: 0
+Use Table Score:
+Score: 10000

$Name: Scar Asteroid 11		;! Object #5
$Display Name: XSTR("Scar Asteroid 11", 2642)
$Class: Scar Asteroid
$Team: Unknown
$Location: -7758.441895, -173.730957, 14168.199219
$Orientation:
	-0.988520, 0.000000, -0.151088,
	0.000000, 1.000000, 0.000000,
	0.151088, 0.000000, -0.988520
$AI Behavior: None
$Cargo 1:  XSTR("Nothing", 2637)
+Initial Velocity: 33
+Initial Hull: 100
+Initial Shields: 100
+Subsystem: Pilot
$Arrival Location: Hyperspace
$Arrival Cue: ( true ) 
$Departure Location: Hyperspace
$Departure Cue: ( false ) 
$Determination: 10
+Flags: ( "cargo-known" "no-shields" "invulnerable" "hidden-from-sensors" "stealth" "friendly-stealth-invisible" )
+Flags2: ( "primitive-sensors" "no-subspace-drive" )
+Respawn priority: 0
+Group: 0
+Use Table Score:
+Score: 10000

$Name: AstLayer 12		;! Object #6
$Display Name: XSTR("AstLayer 12", 2643)
$Class: AstLayer
$Team: Neutral
$Location: 0.000000, 0.002915, -9.983399
$Orientation:
	1.000000, 0.000000, -0.000000,
	0.000000, 1.000000, 0.000292,
	0.000000, -0.000292, 1.000000
$AI Behavior: None
$Cargo 1:  XSTR("Nothing", 2637)
+Initial Velocity: 33
+Initial Shields: 100
+Subsystem: Pilot
$Arrival Location: Hyperspace
$Arrival Cue: ( true ) 
$Departure Location: Hyperspace
$Departure Cue: ( false ) 
$Determination: 10
+Flags: ( "cargo-known" "no-shields" "invulnerable" "hidden-from-sensors" "guardian" "stealth" "friendly-stealth-invisible" )
+Flags2: ( "primitive-sensors" "no-subspace-drive" "no_collide" )
+Respawn priority: 0
+Group: 0
+Use Table Score:
+Score: 0

$Name: Artemis		;! Object #7
$Display Name: XSTR("Artemis", 2645)
$Class: Leander-class Cruiser
$Team: Friendly
$Location: -6410.651367, 105.376625, 23692.511719
$Orientation:
	0.999997, -0.000000, -0.002480,
	0.000004, 0.999999, 0.001573,
	0.002480, -0.001573, 0.999996
$AI Behavior: None
$Cargo 1:  XSTR("Nothing", 2637)
+Initial Hull: 100
+Initial Shields: 100
+Subsystem: Pilot
+Subsystem: turret01
+Subsystem: turret02
+Subsystem: turret07
+Subsystem: turret08
+Subsystem: turret09
+Subsystem: turret10
+Subsystem: turret11
+Subsystem: turret12
+Subsystem: turret13
+Subsystem: turret14
+Subsystem: turret15
+Subsystem: turret16
+Subsystem: turret17
+Subsystem: turret18
+Subsystem: turret19
+Subsystem: turret20
$Arrival Location: Hyperspace
$Arrival Cue: ( true ) 
$Departure Location: Hyperspace
$Departure Cue: ( false ) 
$Determination: 10
+Flags: ( "cargo-known" "no-shields" "escort" )
+Flags2: ( "no-ets" )
+Respawn priority: 0
+Escort priority: 100
+Group: 0
+Score: 10

$Name: Scar Asteroid C 12		;! Object #8
$Display Name: XSTR("Scar Asteroid C 12", 2646)
$Class: Scar Asteroid C
$Team: Unknown
$Location: -1031.468750, -6163.099121, 32617.564453
$Orientation:
	0.988519, 0.012146, -0.150611,
	0.047664, -0.970938, 0.234538,
	-0.143385, -0.239024, -0.960369
$AI Behavior: None
$Cargo 1:  XSTR("Nothing", 2637)
+Initial Velocity: 33
+Initial Hull: 100
+Initial Shields: 100
+Subsystem: Pilot
$Arrival Location: Hyperspace
$Arrival Cue: ( true ) 
$Departure Location: Hyperspace
$Departure Cue: ( false ) 
$Determination: 10
+Flags: ( "cargo-known" "no-shields" "invulnerable" "hidden-from-sensors" "stealth" "friendly-stealth-invisible" )
+Flags2: ( "primitive-sensors" "no-subspace-drive" )
+Respawn priority: 0
+Group: 0
+Use Table Score:
+Score: 10000

$Name: Scar Asteroid 13		;! Object #9
$Display Name: XSTR("Scar Asteroid 13", 2647)
$Class: Scar Asteroid
$Team: Unknown
$Location: 2014.998535, 1061.092285, 29250.927734
$Orientation:
	0.919379, -0.159374, 0.359642,
	-0.249401, -0.943174, 0.219597,
	0.304207, -0.291588, -0.906882
$AI Behavior: None
$Cargo 1:  XSTR("Nothing", 2637)
+Initial Velocity: 33
+Initial Hull: 100
+Initial Shields: 100
+Subsystem: Pilot
$Arrival Location: Hyperspace
$Arrival Cue: ( true ) 
$Departure Location: Hyperspace
$Departure Cue: ( false ) 
$Determination: 10
+Flags: ( "cargo-known" "no-shields" "invulnerable" "hidden-from-sensors" "stealth" "friendly-stealth-invisible" )
+Flags2: ( "primitive-sensors" "no-subspace-drive" )
+Respawn priority: 0
+Group: 0
+Use Table Score:
+Score: 10000

$Name: Scar Asteroid 24		;! Object #10
$Display Name: XSTR("Scar Asteroid 24", 2656)
$Class: Scar Asteroid
$Team: Unknown
$Location: 31121.177734, 1061.089844, 62442.101563
$Orientation:
	0.323213, -0.856852, -0.401669,
	-0.862769, -0.092428, -0.497078,
	0.388797, 0.507210, -0.769139
$AI Behavior: None
$Cargo 1:  XSTR("Nothing", 2637)
+Initial Velocity: 33
+Initial Hull: 100
+Initial Shields: 100
+Subsystem: Pilot
$Arrival Location: Hyperspace
$Arrival Cue: ( true ) 
$Departure Location: Hyperspace
$Departure Cue: ( false ) 
$Determination: 10
+Flags: ( "cargo-known" "no-shields" "invulnerable" "hidden-from-sensors" "stealth" "friendly-stealth-invisible" )
+Flags2: ( "no-subspace-drive" )
+Respawn priority: 0
+Group: 0
+Use Table Score:
+Score: 10000

$Name: Scar Asteroid C 25		;! Object #11
$Display Name: XSTR("Scar Asteroid C 25", 2657)
$Class: Scar Asteroid C
$Team: Unknown
$Location: 51057.773438, -601.122070, 54718.687500
$Orientation:
	0.087329, 0.981058, -0.172914,
	0.962426, -0.038288, 0.268833,
	0.257120, -0.189894, -0.947539
$AI Behavior: None
$Cargo 1:  XSTR("Nothing", 2637)
+Initial Velocity: 33
+Initial Hull: 100
+Initial Shields: 100
+Subsystem: Pilot
$Arrival Location: Hyperspace
$Arrival Cue: ( true ) 
$Departure Location: Hyperspace
$Departure Cue: ( false ) 
$Determination: 10
+Flags: ( "cargo-known" "no-shields" "invulnerable" "hidden-from-sensors" "stealth" "friendly-stealth-invisible" )
+Flags2: ( "no-subspace-drive" )
+Respawn priority: 0
+Group: 0
+Use Table Score:
+Score: 10000

$Name: Scar Asteroid C 26		;! Object #12
$Display Name: XSTR("Scar Asteroid C 26", 2658)
$Class: Scar Asteroid C
$Team: Unknown
$Location: -15464.944336, -123.308838, 65321.097656
$Orientation:
	0.223441, 0.863076, 0.452961,
	-0.950687, 0.295523, -0.094128,
	-0.215099, -0.409592, 0.886548
$AI Behavior: None
$Cargo 1:  XSTR("Nothing", 2637)
+Initial Velocity: 33
+Initial Hull: 100
+Initial Shields: 100
+Subsystem: Pilot
$Arrival Location: Hyperspace
$Arrival Cue: ( true ) 
$Departure Location: Hyperspace
$Departure Cue: ( false ) 
$Determination: 10
+Flags: ( "cargo-known" "no-shields" "invulnerable" "hidden-from-sensors" "stealth" "friendly-stealth-invisible" )
+Flags2: ( "primitive-sensors" )
+Respawn priority: 0
+Group: 0
+Use Table Score:
+Score: 10000

$Name: Scar Asteroid 27		;! Object #13
$Display Name: XSTR("Scar Asteroid 27", 2659)
$Class: Scar Asteroid
$Team: Unknown
$Location: -12341.015625, 1444.502686, 116717.195313
$Orientation:
	0.981998, -0.151454, 0.112880,
	-0.144396, -0.987158, -0.068329,
	0.121779, 0.050799, -0.991256
$AI Behavior: None
$Cargo 1:  XSTR("Nothing", 2637)
+Initial Velocity: 33
+Initial Hull: 100
+Initial Shields: 100
+Subsystem: Pilot
$Arrival Location: Hyperspace
$Arrival Cue: ( true ) 
$Departure Location: Hyperspace
$Departure Cue: ( false ) 
$Determination: 10
+Flags: ( "cargo-known" "no-shields" "invulnerable" "hidden-from-sensors" "stealth" "friendly-stealth-invisible" )
+Flags2: ( "primitive-sensors" )
+Respawn priority: 0
+Group: 0
+Use Table Score:
+Score: 10000

$Name: Tadna		;! Object #14
$Display Name: XSTR("Tadna", 4080)
$Class: Ronin-class Destroyer
$Team: Hostile
$Location: -484.307129, -0.006348, 41656.281250
$Orientation:
	-0.742910, -0.049967, 0.667524,
	-0.010425, 0.997953, 0.063098,
	-0.669311, 0.039917, -0.741910
$AI Behavior: None
+AI Class: SLRS-General
$AI Goals: ( goals ( ai-waypoints "Tadna attacks" 50 ) )
$Cargo 1:  XSTR("Nothing", 2637)
+Initial Hull: 100
+Initial Shields: 100
+Subsystem: Pilot
+Subsystem: turret01
+Subsystem: turret02
+Subsystem: turret03
+Subsystem: turret04
+Subsystem: turret05
+Subsystem: turret06
$Arrival Location: Hyperspace
$Arrival Cue: ( is-event-true-delay "Tadna cue" 0 ) 
$Departure Location: Hyperspace
$Departure Cue: ( is-event-true-delay 
   "Tadna departure cue" 
   0 
)
$Determination: 10
+Flags: ( "no-shields" "escort" "no-arrival-warp" )
+Flags2: ( "no-ets" )
+Respawn priority: 0
+Escort priority: 0
+Group: 0
+Use Table Score:
+Score: 0

$Name: Taurus 1		;! Object #15
$Display Name: XSTR("Taurus 1", 2648)
$Class: Cobra-class Fighter
$Team: Hostile
$Location: -1947.235474, 707.529297, 34572.589844
$Orientation:
	-0.436407, 0.000000, 0.899749,
	0.000000, 1.000000, 0.000000,
	-0.899749, 0.000000, -0.436407
$AI Behavior: None
$Cargo 1:  XSTR("Nothing", 2637)
+Initial Hull: 100
+Initial Shields: 100
+Subsystem: Pilot
$Arrival Location: Hyperspace
$Arrival Cue: ( false ) 
$Departure Location: Hyperspace
$Departure Cue: ( false ) 
$Determination: 10
+Flags: ( "no-shields" "no-arrival-warp" "hidden-from-sensors" )
+Flags2: ( "no-subspace-drive" "no-ets" )
+Respawn priority: 0
+Orders Accepted: 0		;! note that this is a bitfield!!!
+Group: 0
+Use Table Score:
+Score: 10
$Texture Replace:
+old: scoutfighter
+new: scoutfighter2
+old: scoutfighter-reflect
+new: scoutfighter2-reflect

$Name: Taurus 2		;! Object #16
$Display Name: XSTR("Taurus 2", 2649)
$Class: Cobra-class Fighter
$Team: Hostile
$Location: -1792.876099, 707.529297, 34555.929688
$Orientation:
	-0.436407, 0.000000, 0.899749,
	0.000000, 1.000000, 0.000000,
	-0.899749, 0.000000, -0.436407
$AI Behavior: None
$Cargo 1:  XSTR("Nothing", 2637)
+Initial Hull: 100
+Initial Shields: 100
+Subsystem: Pilot
$Arrival Location: Hyperspace
$Arrival Cue: ( false ) 
$Departure Location: Hyperspace
$Departure Cue: ( false ) 
$Determination: 10
+Flags: ( "no-shields" "no-arrival-warp" "hidden-from-sensors" )
+Flags2: ( "no-subspace-drive" "no-ets" )
+Respawn priority: 0
+Orders Accepted: 0		;! note that this is a bitfield!!!
+Group: 0
+Use Table Score:
+Score: 10
$Texture Replace:
+old: scoutfighter
+new: scoutfighter2
+old: scoutfighter-reflect
+new: scoutfighter2-reflect

$Name: Taurus 3		;! Object #17
$Display Name: XSTR("Taurus 3", 2670)
$Class: Cobra-class Fighter
$Team: Hostile
$Location: -1811.571533, 707.529297, 34711.531250
$Orientation:
	-0.436407, 0.000000, 0.899749,
	0.000000, 1.000000, 0.000000,
	-0.899749, 0.000000, -0.436407
$AI Behavior: None
$Cargo 1:  XSTR("Nothing", 2637)
+Initial Hull: 100
+Initial Shields: 100
+Subsystem: Pilot
$Arrival Location: Hyperspace
$Arrival Cue: ( false ) 
$Departure Location: Hyperspace
$Departure Cue: ( false ) 
$Determination: 10
+Flags: ( "no-shields" "no-arrival-warp" "hidden-from-sensors" )
+Flags2: ( "no-subspace-drive" "no-ets" )
+Respawn priority: 0
+Orders Accepted: 0		;! note that this is a bitfield!!!
+Group: 0
+Use Table Score:
+Score: 10
$Texture Replace:
+old: scoutfighter
+new: scoutfighter2
+old: scoutfighter-reflect
+new: scoutfighter2-reflect

$Name: Taurus 4		;! Object #18
$Display Name: XSTR("Taurus 4", 4081)
$Class: Cobra-class Fighter
$Team: Hostile
$Location: -1672.867432, 707.529297, 34690.222656
$Orientation:
	-0.436407, 0.000000, 0.899749,
	0.000000, 1.000000, 0.000000,
	-0.899749, 0.000000, -0.436407
$AI Behavior: None
$Cargo 1:  XSTR("Nothing", 2637)
+Initial Hull: 100
+Initial Shields: 100
+Subsystem: Pilot
$Arrival Location: Hyperspace
$Arrival Cue: ( false ) 
$Departure Location: Hyperspace
$Departure Cue: ( false ) 
$Determination: 10
+Flags: ( "no-shields" "no-arrival-warp" "hidden-from-sensors" )
+Flags2: ( "no-subspace-drive" "no-ets" )
+Respawn priority: 0
+Orders Accepted: 0		;! note that this is a bitfield!!!
+Group: 0
+Use Table Score:
+Score: 10
$Texture Replace:
+old: scoutfighter
+new: scoutfighter2
+old: scoutfighter-reflect
+new: scoutfighter2-reflect

$Name: Picket 241		;! Object #19
$Display Name: XSTR("Picket 241", 2651)
$Class: Nav Buoy

$Team: Friendly
$Location: -4531.848145, 1885.406250, 11709.794922
$Orientation:
	0.696503, 0.005783, 0.717531,
	-0.067621, 0.996046, 0.057612,
	-0.714361, -0.088647, 0.694140
$AI Behavior: None
$Cargo 1:  XSTR("Nothing", 2637)
+Initial Velocity: 33
+Initial Shields: 100
+Subsystem: Pilot
$Arrival Location: Hyperspace
$Arrival Cue: ( true ) 
$Departure Location: Hyperspace
$Departure Cue: ( false ) 
$Determination: 10
+Flags: ( "cargo-known" "protect-ship" "no-shields" "invulnerable" )
+Flags2: ( "no_collide" )
+Respawn priority: 0
+Group: 0
+Use Table Score:
+Score: 0

$Name: Picket 242		;! Object #20
$Display Name: XSTR("Picket 242", 2652)
$Class: Nav Buoy

$Team: Friendly
$Location: -5841.157227, 2077.443359, 14870.853516
$Orientation:
	0.978367, -0.142310, 0.150155,
	0.095554, 0.954605, 0.282131,
	-0.183489, -0.261680, 0.947552
$AI Behavior: None
$Cargo 1:  XSTR("Nothing", 2637)
+Initial Velocity: 33
+Initial Shields: 100
+Subsystem: Pilot
$Arrival Location: Hyperspace
$Arrival Cue: ( true ) 
$Departure Location: Hyperspace
$Departure Cue: ( false ) 
$Determination: 10
+Flags: ( "cargo-known" "protect-ship" "no-shields" "invulnerable" "hidden-from-sensors" "stealth" "friendly-stealth-invisible" )
+Flags2: ( "primitive-sensors" "no-subspace-drive" "no_collide" )
+Respawn priority: 0
+Group: 0
+Use Table Score:
+Score: 0

$Name: Picket 243		;! Object #21
$Display Name: XSTR("Picket 243", 2660)
$Class: Nav Buoy

$Team: Friendly
$Location: -5607.882813, 1055.437500, 21841.421875
$Orientation:
	1.000000, 0.000000, 0.000000,
	0.000000, 1.000000, 0.000000,
	0.000000, 0.000000, 1.000000
$AI Behavior: None
$Cargo 1:  XSTR("Nothing", 2637)
+Initial Velocity: 33
+Initial Shields: 100
+Subsystem: Pilot
$Arrival Location: Hyperspace
$Arrival Cue: ( true ) 
$Departure Location: Hyperspace
$Departure Cue: ( false ) 
$Determination: 10
+Flags: ( "cargo-known" "no-shields" )
+Flags2: ( "no_collide" )
+Respawn priority: 0
+Group: 0
+Use Table Score:
+Score: 0

$Name: Beta 1		;! Object #22
$Display Name: XSTR("Beta 1", 2661)
$Class: Hornet-class Striker
$Callsign: XSTR("Raptor", 2632)

$Team: Friendly
$Location: -7001.698242, 32.940369, 27395.281250
$Orientation:
	1.000000, 0.000000, 0.000000,
	0.000000, 1.000000, 0.000000,
	0.000000, 0.000000, 1.000000
$AI Behavior: None
$Cargo 1:  XSTR("Nothing", 2637)
+Initial Velocity: 33
+Initial Hull: 100
+Initial Shields: 100
+Subsystem: Pilot
$Arrival Location: Hyperspace
$Arrival Cue: ( false ) 
$Departure Location: Hyperspace
$Departure Cue: ( false ) 
$Determination: 10
+Flags: ( "cargo-known" "no-shields" )
+Flags2: ( "no-subspace-drive" "no-builtin-messages" "no-ets" "ship-locked" "weapons-locked" )
+Respawn priority: 0
+Orders Accepted: 32857		;! note that this is a bitfield!!!
+Group: 0
+Use Table Score:
+Score: 10

$Name: Beta 2		;! Object #23
$Display Name: XSTR("Beta 2", 2662)
$Class: Hornet-class Striker
$Callsign: XSTR("Punchy", 2634)

$Team: Friendly
$Location: -7056.578613, 32.937836, 27350.214844
$Orientation:
	1.000000, 0.000000, 0.000000,
	0.000000, 1.000000, 0.000000,
	0.000000, 0.000000, 1.000000
$AI Behavior: None
$Cargo 1:  XSTR("Nothing", 2637)
+Initial Velocity: 33
+Initial Hull: 100
+Initial Shields: 100
+Subsystem: Pilot
$Arrival Location: Hyperspace
$Arrival Cue: ( false ) 
$Departure Location: Hyperspace
$Departure Cue: ( false ) 
$Determination: 10
+Flags: ( "cargo-known" "no-shields" )
+Flags2: ( "no-subspace-drive" "no-ets" "ship-locked" "weapons-locked" )
+Respawn priority: 0
+Orders Accepted: 32857		;! note that this is a bitfield!!!
+Group: 0
+Use Table Score:
+Score: 10
+Persona Index: 13

$Name: Libra 1		;! Object #24
$Display Name: XSTR("Libra 1", 2653)
$Class: Defender-class Fighter
$Team: Hostile
$Location: -300.552429, 285.978577, 41515.113281
$Orientation:
	-0.725275, -0.049967, 0.686643,
	-0.008779, 0.997953, 0.063348,
	-0.688403, 0.039917, -0.724229
$AI Behavior: None
$Cargo 1:  XSTR("Nothing", 2637)
+Initial Velocity: 33
+Initial Hull: 100
+Initial Shields: 100
+Subsystem: Pilot
$Arrival Location: Hyperspace
$Arrival Cue: ( false ) 
$Departure Location: Hyperspace
$Departure Cue: ( false ) 
$Determination: 10
+Flags: ( "no-shields" "no-arrival-warp" )
+Flags2: ( "no-subspace-drive" "no-ets" )
+Respawn priority: 0
+Orders Accepted: 0		;! note that this is a bitfield!!!
+Group: 0
+Use Table Score:
+Score: 10
$Texture Replace:
+old: lfighter
+new: lfighter2
+old: lfighter-reflect
+new: lfighter2-reflect

$Name: Libra 2		;! Object #25
$Display Name: XSTR("Libra 2", 2655)
$Class: Defender-class Fighter
$Team: Hostile
$Location: -229.172165, 287.397339, 41504.429688
$Orientation:
	-0.725275, -0.049967, 0.686643,
	-0.008779, 0.997953, 0.063348,
	-0.688403, 0.039917, -0.724229
$AI Behavior: None
$Cargo 1:  XSTR("Nothing", 2637)
+Initial Velocity: 33
+Initial Hull: 100
+Initial Shields: 100
+Subsystem: Pilot
$Arrival Location: Hyperspace
$Arrival Cue: ( false ) 
$Departure Location: Hyperspace
$Departure Cue: ( false ) 
$Determination: 10
+Flags: ( "no-shields" "no-arrival-warp" )
+Flags2: ( "no-subspace-drive" "no-ets" )
+Respawn priority: 0
+Orders Accepted: 0		;! note that this is a bitfield!!!
+Group: 0
+Use Table Score:
+Score: 10
$Texture Replace:
+old: lfighter
+new: lfighter2
+old: lfighter-reflect
+new: lfighter2-reflect

$Name: Naheem		;! Object #26
$Display Name: XSTR("Naheem", 4082)
$Class: Charger-class Gunboat
$Team: Hostile
$Location: -1720.933594, 388.930450, 34760.148438
$Orientation:
	-0.552488, 0.000000, 0.833521,
	0.000000, 1.000000, 0.000000,
	-0.833521, 0.000000, -0.552488
$AI Behavior: None
$AI Goals: ( goals ( ai-chase "Artemis" 50 ) )
$Cargo 1:  XSTR("Nothing", 2637)
+Initial Velocity: 33
+Initial Hull: 100
+Initial Shields: 100
+Subsystem: Pilot
+Subsystem: turret01
+Subsystem: turret02
+Subsystem: turret03
+Subsystem: turret04
+Subsystem: turret05
+Subsystem: turret06
$Arrival Location: Hyperspace
$Arrival Cue: ( is-event-true-delay 
   "first enemy wing cue" 
   0 
)
$Departure Location: Hyperspace
$Departure Cue: ( false ) 
$Determination: 10
+Flags: ( "cargo-known" "no-shields" "escort" "no-arrival-warp" "hidden-from-sensors" )
+Flags2: ( "no-ets" )
+Respawn priority: 0
+Escort priority: 1
+Group: 0
+Use Table Score:
+Score: 10
$Texture Replace:
+old: gunboat
+new: gunboat2

$Name: Aquarius 1		;! Object #27
$Display Name: XSTR("Aquarius 1", 4083)
$Class: Stalker-class Striker
$Team: Hostile
$Location: -8037.560547, 222.457031, 44069.320313
$Orientation:
	-0.833266, 0.000000, -0.552872,
	0.000000, 1.000000, 0.000000,
	0.552872, 0.000000, -0.833266
$AI Behavior: None
$Cargo 1:  XSTR("Nothing", 2637)
+Initial Hull: 100
+Initial Shields: 100
+Subsystem: Pilot
$Arrival Location: Hyperspace
$Arrival Cue: ( false ) 
$Departure Location: Hyperspace
$Departure Cue: ( false ) 
$Determination: 10
+Flags: ( "no-shields" "no-arrival-warp" "hidden-from-sensors" )
+Flags2: ( "no-ets" )
+Respawn priority: 0
+Orders Accepted: 0		;! note that this is a bitfield!!!
+Group: 0
+Use Table Score:
+Score: 10

$Name: Aquarius 2		;! Object #28
$Display Name: XSTR("Aquarius 2", 4084)
$Class: Stalker-class Striker
$Team: Hostile
$Location: -8031.452148, 222.457016, 44152.585938
$Orientation:
	-0.833266, 0.000000, -0.552872,
	0.000000, 1.000000, 0.000000,
	0.552872, 0.000000, -0.833266
$AI Behavior: None
$Cargo 1:  XSTR("Nothing", 2637)
+Initial Hull: 100
+Initial Shields: 100
+Subsystem: Pilot
$Arrival Location: Hyperspace
$Arrival Cue: ( false ) 
$Departure Location: Hyperspace
$Departure Cue: ( false ) 
$Determination: 10
+Flags: ( "no-shields" "no-arrival-warp" "hidden-from-sensors" )
+Flags2: ( "no-ets" )
+Respawn priority: 0
+Orders Accepted: 0		;! note that this is a bitfield!!!
+Group: 0
+Use Table Score:
+Score: 10

$Name: Aquarius 3		;! Object #29
$Display Name: XSTR("Aquarius 3", 4085)
$Class: Stalker-class Striker
$Team: Hostile
$Location: -8120.885254, 222.457062, 44089.433594
$Orientation:
	-0.833266, 0.000000, -0.552872,
	0.000000, 1.000000, 0.000000,
	0.552872, 0.000000, -0.833266
$AI Behavior: None
$Cargo 1:  XSTR("Nothing", 2637)
+Initial Hull: 100
+Initial Shields: 100
+Subsystem: Pilot
$Arrival Location: Hyperspace
$Arrival Cue: ( false ) 
$Departure Location: Hyperspace
$Departure Cue: ( false ) 
$Determination: 10
+Flags: ( "no-shields" "no-arrival-warp" "hidden-from-sensors" )
+Flags2: ( "no-ets" )
+Respawn priority: 0
+Orders Accepted: 0		;! note that this is a bitfield!!!
+Group: 0
+Use Table Score:
+Score: 10

$Name: Asteroid Field 1#3D 42		;! Object #30
$Display Name: XSTR("Asteroid Field 1", 2452)
$Class: Asteroid Field 1#3D
$Team: Neutral
$Location: -17379.699219, -732.748901, 49247.625000
$Orientation:
	0.677197, -0.000000, 0.735802,
	0.000000, 1.000000, 0.000000,
	-0.735802, 0.000000, 0.677197
$AI Behavior: None
$Cargo 1:  XSTR("Nothing", 2637)
+Initial Velocity: 33
+Initial Hull: 100
+Initial Shields: 100
+Subsystem: Pilot
$Arrival Location: Hyperspace
$Arrival Cue: ( true ) 
$Departure Location: Hyperspace
$Departure Cue: ( false ) 
$Determination: 10
+Flags: ( "cargo-known" "protect-ship" "no-shields" "invulnerable" "hidden-from-sensors" "stealth" "friendly-stealth-invisible" )
+Flags2: ( )
+Respawn priority: 0
+Group: 0
+Use Table Score:
+Score: 10000

$Name: Asteroid Field 2#3D 43		;! Object #31
$Display Name: XSTR("Asteroid Field 2", 2454)
$Class: Asteroid Field 2#3D
$Team: Neutral
$Location: -9139.866211, 1084.314453, 64439.367188
$Orientation:
	1.000000, 0.000000, -0.000000,
	0.000000, 1.000000, 0.000000,
	0.000000, -0.000000, 1.000000
$AI Behavior: None
$Cargo 1:  XSTR("Nothing", 2637)
+Initial Velocity: 33
+Initial Hull: 100
+Initial Shields: 100
+Subsystem: Pilot
$Arrival Location: Hyperspace
$Arrival Cue: ( true ) 
$Departure Location: Hyperspace
$Departure Cue: ( false ) 
$Determination: 10
+Flags: ( "cargo-known" "protect-ship" "no-shields" "invulnerable" "hidden-from-sensors" "stealth" "friendly-stealth-invisible" )
+Flags2: ( "immobile" )
+Respawn priority: 0
+Group: 0
+Use Table Score:
+Score: 10000

$Name: Asteroid Field 3#3D 44		;! Object #32
$Display Name: XSTR("Asteroid Field 3", 2455)
$Class: Asteroid Field 3#3D
$Team: Neutral
$Location: -22606.357422, 0.060059, 65548.375000
$Orientation:
	-0.335147, 0.000000, 0.942166,
	0.000000, 1.000000, 0.000000,
	-0.942166, 0.000000, -0.335147
$AI Behavior: None
$Cargo 1:  XSTR("Nothing", 2637)
+Initial Velocity: 33
+Initial Hull: 100
+Initial Shields: 100
+Subsystem: Pilot
$Arrival Location: Hyperspace
$Arrival Cue: ( true ) 
$Departure Location: Hyperspace
$Departure Cue: ( false ) 
$Determination: 10
+Flags: ( "cargo-known" "protect-ship" "no-shields" "invulnerable" "hidden-from-sensors" "stealth" "friendly-stealth-invisible" )
+Flags2: ( "immobile" )
+Respawn priority: 0
+Group: 0
+Use Table Score:
+Score: 10000

$Name: Asteroid Field 3#3D 45		;! Object #33
$Display Name: XSTR("Asteroid Field 3", 2455)
$Class: Asteroid Field 3#3D
$Team: Neutral
$Location: -11778.107422, 375.430664, 72330.390625
$Orientation:
	1.000000, 0.000000, 0.000000,
	0.000000, 1.000000, 0.000000,
	0.000000, 0.000000, 1.000000
$AI Behavior: None
$Cargo 1:  XSTR("Nothing", 2637)
+Initial Velocity: 33
+Initial Hull: 100
+Initial Shields: 100
+Subsystem: Pilot
$Arrival Location: Hyperspace
$Arrival Cue: ( true ) 
$Departure Location: Hyperspace
$Departure Cue: ( false ) 
$Determination: 10
+Flags: ( "cargo-known" "protect-ship" "no-shields" "invulnerable" "hidden-from-sensors" "stealth" "friendly-stealth-invisible" )
+Flags2: ( "immobile" )
+Respawn priority: 0
+Group: 0
+Use Table Score:
+Score: 10000

$Name: Asteroid Field 3#Flat 46		;! Object #34
$Display Name: XSTR("Asteroid Field 3", 2455)
$Class: Asteroid Field 3#Flat
$Team: Neutral
$Location: -15662.061523, -1574.588745, 50966.921875
$Orientation:
	0.504727, -0.000000, 0.863279,
	0.000000, 1.000000, 0.000000,
	-0.863279, 0.000000, 0.504727
$AI Behavior: None
$Cargo 1:  XSTR("Nothing", 2637)
+Initial Hull: 100
+Initial Shields: 100
+Subsystem: Pilot
$Arrival Location: Hyperspace
$Arrival Cue: ( true ) 
$Departure Location: Hyperspace
$Departure Cue: ( false ) 
$Determination: 10
+Flags: ( "cargo-known" "protect-ship" "no-shields" "invulnerable" "hidden-from-sensors" "stealth" "friendly-stealth-invisible" )
+Flags2: ( "immobile" )
+Respawn priority: 0
+Group: 0
+Use Table Score:
+Score: 10000

$Name: Asteroid Field 1#Flat 47		;! Object #35
$Display Name: XSTR("Asteroid Field 1", 2452)
$Class: Asteroid Field 2#Flat
$Team: Neutral
$Location: -14446.441406, 758.967773, 70731.250000
$Orientation:
	1.000000, 0.000000, 0.000000,
	0.000000, -0.407126, 0.913372,
	0.000000, -0.913372, -0.407126
$AI Behavior: None
$Cargo 1:  XSTR("Nothing", 2637)
+Initial Hull: 100
+Initial Shields: 100
+Subsystem: Pilot
$Arrival Location: Hyperspace
$Arrival Cue: ( true ) 
$Departure Location: Hyperspace
$Departure Cue: ( false ) 
$Determination: 10
+Flags: ( "cargo-known" "protect-ship" "no-shields" "invulnerable" "hidden-from-sensors" "stealth" "friendly-stealth-invisible" )
+Flags2: ( "immobile" )
+Respawn priority: 0
+Group: 0
+Use Table Score:
+Score: 10000

$Name: Asteroid Field 3#Flat 48		;! Object #36
$Display Name: XSTR("Asteroid Field 3", 2455)
$Class: Asteroid Field 2#3D
$Team: Neutral
$Location: -16956.984375, 186.227051, 51724.089844
$Orientation:
	0.504727, -0.000000, 0.863279,
	0.000000, 1.000000, 0.000000,
	-0.863279, 0.000000, 0.504727
$AI Behavior: None
$Cargo 1:  XSTR("Nothing", 2637)
+Initial Hull: 100
+Initial Shields: 100
+Subsystem: Pilot
$Arrival Location: Hyperspace
$Arrival Cue: ( true ) 
$Departure Location: Hyperspace
$Departure Cue: ( false ) 
$Determination: 10
+Flags: ( "cargo-known" "protect-ship" "no-shields" "invulnerable" "hidden-from-sensors" "stealth" "friendly-stealth-invisible" )
+Flags2: ( "immobile" )
+Respawn priority: 0
+Group: 0
+Use Table Score:
+Score: 10000

$Name: Asteroid Field 3#Flat 49		;! Object #37
$Display Name: XSTR("Asteroid Field 3", 2455)
$Class: Asteroid Field 3#Flat
$Team: Friendly
$Location: 11299.407227, -997.833984, 61331.054688
$Orientation:
	-0.128529, 0.432736, 0.892311,
	-0.980835, 0.077392, -0.178812,
	-0.146436, -0.898193, 0.414496
$AI Behavior: None
$Cargo 1:  XSTR("Nothing", 2637)
+Initial Velocity: 33
+Initial Hull: 100
+Initial Shields: 100
+Subsystem: Pilot
$Arrival Location: Hyperspace
$Arrival Cue: ( true ) 
$Departure Location: Hyperspace
$Departure Cue: ( false ) 
$Determination: 10
+Flags: ( "cargo-known" "protect-ship" "no-shields" "invulnerable" "hidden-from-sensors" "stealth" "friendly-stealth-invisible" )
+Flags2: ( "immobile" )
+Respawn priority: 0
+Group: 0
+Use Table Score:
+Score: 10000

$Name: Asteroid Field 3#Flat 50		;! Object #38
$Display Name: XSTR("Asteroid Field 3", 2455)
$Class: Asteroid Field 2#Flat
$Team: Friendly
$Location: 6211.425781, 1479.361816, 49698.636719
$Orientation:
	-0.250242, -0.105050, 0.962467,
	-0.444301, -0.870781, -0.210562,
	0.860218, -0.480317, 0.171232
$AI Behavior: None
$Cargo 1:  XSTR("Nothing", 2637)
+Initial Hull: 100
+Initial Shields: 100
+Subsystem: Pilot
$Arrival Location: Hyperspace
$Arrival Cue: ( true ) 
$Departure Location: Hyperspace
$Departure Cue: ( false ) 
$Determination: 10
+Flags: ( "cargo-known" "protect-ship" "no-shields" "invulnerable" "hidden-from-sensors" "stealth" "friendly-stealth-invisible" )
+Flags2: ( "immobile" )
+Respawn priority: 0
+Group: 0
+Use Table Score:
+Score: 10000

$Name: Ashok		;! Object #39
$Display Name: XSTR("Ashok", 4086)
$Class: Charger-class Gunboat
$Team: Hostile
$Location: -1307.745117, 110.987000, 34891.640625
$Orientation:
	-0.552488, 0.000000, 0.833521,
	0.000000, 1.000000, 0.000000,
	-0.833521, 0.000000, -0.552488
$AI Behavior: None
$AI Goals: ( goals ( ai-chase "Artemis" 50 ) )
$Cargo 1:  XSTR("Nothing", 2637)
+Initial Velocity: 33
+Initial Hull: 100
+Initial Shields: 100
+Subsystem: Pilot
+Subsystem: turret01
+Subsystem: turret02
+Subsystem: turret03
+Subsystem: turret04
+Subsystem: turret05
+Subsystem: turret06
$Arrival Location: Hyperspace
$Arrival Cue: ( is-event-true-delay 
   "first enemy wing cue" 
   0 
)
$Departure Location: Hyperspace
$Departure Cue: ( false ) 
$Determination: 10
+Flags: ( "cargo-known" "no-shields" "escort" "no-arrival-warp" "hidden-from-sensors" )
+Flags2: ( "no-ets" )
+Respawn priority: 0
+Escort priority: 0
+Group: 0
+Use Table Score:
+Score: 10
$Texture Replace:
+old: gunboat
+new: gunboat2

$Name: Hangar		;! Object #40
$Display Name: XSTR("Hangar", 2397)
$Class: Military Base
$Team: Friendly
$Location: -4054.803955, 363.058228, 1908.798584
$Orientation:
	0.999737, 0.000025, 0.022928,
	0.000070, 0.999991, -0.004163,
	-0.022928, 0.004164, 0.999729
$AI Behavior: None
$Cargo 1:  XSTR("Nothing", 2637)
+Initial Velocity: 33
+Initial Hull: 100
+Initial Shields: 100
+Subsystem: Pilot
$Arrival Location: Hyperspace
$Arrival Cue: ( true ) 
$Departure Location: Hyperspace
$Departure Cue: ( false ) 
$Determination: 10
+Flags: ( "cargo-known" "no-shields" )
+Flags2: ( )
+Respawn priority: 0
+Group: 0
+Use Table Score:
+Score: 0

$Name: Asteroid Field 3#3D 38		;! Object #41
$Display Name: XSTR("Asteroid Field 3", 2455)
$Class: Asteroid Field 2#3D
$Team: Unknown
$Location: -1346.581543, 2602.972656, 22608.330078
$Orientation:
	0.939621, -0.083457, -0.331884,
	0.198886, 0.922385, 0.331134,
	0.278490, -0.377147, 0.883291
$AI Behavior: None
$Cargo 1:  XSTR("Nothing", 2637)
+Initial Hull: 100
+Initial Shields: 100
+Subsystem: Pilot
$Arrival Location: Hyperspace
$Arrival Cue: ( true ) 
$Departure Location: Hyperspace
$Departure Cue: ( false ) 
$Determination: 10
+Flags: ( "cargo-known" "protect-ship" "no-shields" "invulnerable" "hidden-from-sensors" "stealth" "friendly-stealth-invisible" )
+Flags2: ( "primitive-sensors" "no-subspace-drive" )
+Respawn priority: 0
+Group: 0
+Use Table Score:
+Score: 10000

$Name: Asteroid Field 2#3D 39		;! Object #42
$Display Name: XSTR("Asteroid Field 2", 2454)
$Class: Asteroid Field 2#3D
$Team: Unknown
$Location: -234.632782, 2602.972656, 19862.556641
$Orientation:
	0.763787, -0.354596, 0.539343,
	0.627441, 0.603978, -0.491456,
	-0.151483, 0.713774, 0.683798
$AI Behavior: None
$Cargo 1:  XSTR("Nothing", 2637)
+Initial Hull: 100
+Initial Shields: 100
+Subsystem: Pilot
$Arrival Location: Hyperspace
$Arrival Cue: ( true ) 
$Departure Location: Hyperspace
$Departure Cue: ( false ) 
$Determination: 10
+Flags: ( "cargo-known" "protect-ship" "no-shields" "invulnerable" "hidden-from-sensors" "stealth" "friendly-stealth-invisible" )
+Flags2: ( "immobile" )
+Respawn priority: 0
+Group: 0
+Use Table Score:
+Score: 10000

$Name: Asteroid Field 2#3D 40		;! Object #43
$Display Name: XSTR("Asteroid Field 2", 2454)
$Class: Asteroid Field 2#3D
$Team: Unknown
$Location: -4333.593262, 2553.327637, 21007.804688
$Orientation:
	0.664068, -0.744637, -0.067310,
	0.627441, 0.603977, -0.491456,
	0.406610, 0.284127, 0.868297
$AI Behavior: None
$Cargo 1:  XSTR("Nothing", 2637)
+Initial Hull: 100
+Initial Shields: 100
+Subsystem: Pilot
$Arrival Location: Hyperspace
$Arrival Cue: ( true ) 
$Departure Location: Hyperspace
$Departure Cue: ( false ) 
$Determination: 10
+Flags: ( "cargo-known" "protect-ship" "no-shields" "invulnerable" "hidden-from-sensors" "stealth" "friendly-stealth-invisible" )
+Flags2: ( "immobile" )
+Respawn priority: 0
+Group: 0
+Use Table Score:
+Score: 10000

#Wings		;! 5 total

$Name: Alpha
$Waves: 1
$Wave Threshold: 0
$Special Ship: 0		;! Alpha 1
$Arrival Location: Docking Bay
+Arrival Distance: 0
$Arrival Anchor: Artemis
$Arrival Cue: ( true ) 
$Departure Location: Docking Bay
$Departure Anchor: Artemis
$Departure Cue: ( false ) 
$Ships: (		;! 2 total
	"Alpha 1"
	"Alpha 2"
)
$AI Goals: ( goals ( ai-guard "Artemis" 50 ) )
+Hotkey: 0
+Flags: ( )

$Name: Taurus
$Waves: 1
$Wave Threshold: 0
$Special Ship: 0		;! Taurus 1
$Arrival Location: Hyperspace
$Arrival Cue: ( is-event-true-delay 
   "first enemy wing cue" 
   0 
)
$Departure Location: Hyperspace
$Departure Cue: ( false ) 
$Ships: (		;! 4 total
	"Taurus 1"
	"Taurus 2"
	"Taurus 3"
	"Taurus 4"
)
$AI Goals: ( goals ( ai-guard "Naheem" 50 ) )
+Hotkey: 4
+Flags: ( "no-arrival-music" "no-arrival-message" "no-arrival-warp" )

$Name: Beta
$Waves: 1
$Wave Threshold: 0
$Special Ship: 0		;! Beta 1
$Arrival Location: Docking Bay
+Arrival Distance: 0
$Arrival Anchor: Artemis
+Arrival Paths: ( "$Bay01" "$Bay04" )
$Arrival Cue: ( is-event-true-delay 
   "launching Beta" 
   10 
)
$Departure Location: Docking Bay
$Departure Anchor: Artemis
$Departure Cue: ( or 
   ( is-event-true-delay 
      "Tadna retreated" 
