#Mission Info

$Version: 23.1
$Name:  XSTR("Break and Enter", 5303)
$Author: Darius
$Created: 06/19/22 at 20:00:38
$Modified: 07/24/25 at 19:58:54
$Notes:
This is a FRED2_OPEN created mission.
$End Notes:

$Mission Desc:
 XSTR("Put mission description here
", 3326)
$end_multi_text
+Game Type Flags: 1
+Flags: 786624
+Fog Near Mult: 1.000000

+Fog Far Mult: 1.000000


+Disallow Support: 0
+Hull Repair Ceiling: 95.000000
+Subsystem Repair Ceiling: 100.000000

+Viewer pos: 7925.850586, 10879.804688, -3336.870850
+Viewer orient:
	0.963163, 0.000003, 0.268917,
	-0.196011, 0.684637, 0.702034,
	-0.184108, -0.728884, 0.659418

$Starting wing names: ( "Able" "Baker" "Charlie" )
$Squadron wing names: ( "Able" "Baker" "Charlie" "Dog" "Easy" )
$Team-versus-team wing names: ( "Able" "Zeta" )

$Load Screen 1024: 2_LoadingBGM00.png

$Skybox Model: htsb.pof

$AI Profile: Solaris

#Sexp_variables

$Variables:
(
		0		"boardcount"		"0"		"number"
		1		"breachlosses"		"0"		"number"
		2		"i18nVariable1"		"#Cameron"		"string"
		3		"i18nVariable2"		"#Malikan Pilot"		"string"
		4		"i18nVariable3"		"#Aria Tactical"		"string"
		5		"i18nVariable4"		"#Guardador Depot 1"		"string"
		6		"i18nVariable5"		"ASM Platform"		"string"
		7		"i18nVariable6"		"ASM Silo"		"string"
		8		"i18nVariable7"		"CIWS Turret"		"string"
)

#Command Briefing

#Briefing
$start_briefing
$num_stages: 0
$end_briefing

#Debriefing_info

$Num stages: 1

$Formula: ( is-event-true-delay 
   "mission complete title" 
   0 
)
$Multi text
    XSTR("That went about as well as expected.

Bertini's great offensive went off in typical Sulsian fashion. There was little to no coordination between Hegemony and Commonwealth forces. Despite this, we did what had to be done and Guardador will once again start filling Sulsian coffers. Sometimes you've just got to take what you can get.

The Sinarus Combine are of course playing this up as much as they can. War Secretary Szekerka's brought out the entire checklist for this one: condemning 'Commonwealth attacks against civilian targets' and our 'illegal occupation of Sulsian territory'. Look his speech up if you need a laugh. If you want an idea of what the Combine are up to, pay attention to what they're accusing others of doing.

Listen. I know you've been away from Fleet for a while and I don't know what discipline standards Erskine Station maintained when you were there. You're a Lieutenant Commander now, which means you hold a command rank. More than ever you need to uphold Crown Navy standards of behaviour. This means maintaining discipline, upholding professional conduct and not bringing disrepute to His Majesty's Navy.

I don't ask for much from my crew, and you've already impressed me with your piloting skill. Work on improving these shortcomings and I think we'll work great together.", 5304)
$end_multi_text
$Voice: 24-db1
$Recommendation text:
    XSTR("", 2696)
$end_multi_text

#Alternate Types:
$Alt: Power Station

#end


#Players		;! 1 total

$Starting Shipname: Able 1
$Ship Choices: (
	"Lightning-class Interceptor"	1
)

+Weaponry Pool: (
	"Phalanx"	1
	"Rapier"	4
	"Starfire"	1
)

#Objects		;! 59 total

$Name: Guardador Station		;! Object #0
$Display Name: XSTR("Guardador Station", 4913)
$Class: Civilian Station#2
$Team: Neutral
$Location: 9025.690430, -0.000244, 7864.783203
$Orientation:
	1.000000, 0.000000, 0.000000,
	0.000000, 1.000000, 0.000000,
	0.000000, 0.000000, 1.000000
$Cargo 1:  XSTR("Nothing", 3335)
+Initial Velocity: 33
+Initial Hull: 100
+Initial Shields: 100
+Subsystem: Pilot
$Arrival Location: Hyperspace
$Arrival Cue: ( true ) 
$Departure Location: Hyperspace
$Departure Cue: ( false ) 
$Determination: 10
+Flags: ( "cargo-known" "protect-ship" "no-shields" )
+Flags2: ( "don't-change-position" "don't-change-orientation" )
+Respawn priority: 0
+Group: 0
+Use Table Score:
+Score: 0

$Name: Asteroid#Brown 13		;! Object #1
$Display Name: XSTR("Asteroid", 3320)
$Class: Asteroid#Brown
$Team: Neutral
$Location: 10317.795898, -1590.455566, 4099.701660
$Orientation:
	1.000000, -0.000000, 0.000000,
	0.000000, 0.821158, -0.570701,
	0.000000, 0.570701, 0.821158
$Cargo 1:  XSTR("Nothing", 3335)
+Initial Velocity: 33
+Initial Hull: 100
+Initial Shields: 100
+Subsystem: Pilot
$Arrival Location: Hyperspace
$Arrival Cue: ( true ) 
$Departure Location: Hyperspace
$Departure Cue: ( false ) 
$Determination: 10
+Flags: ( "cargo-known" "protect-ship" "no-shields" "invulnerable" "stealth" "friendly-stealth-invisible" )
+Flags2: ( "don't-change-position" "don't-change-orientation" )
+Respawn priority: 0
+Group: 0
+Use Table Score:
+Score: 0

$Name: Asteroid Field 3#3D 14		;! Object #2
$Display Name: XSTR("Asteroid Field 3", 3291)
$Class: Asteroid Field 3#3D
$Team: Neutral
$Location: 6633.417480, -5.512789, 2729.930420
$Orientation:
	1.000000, 0.000000, 0.000000,
	0.000000, 1.000000, 0.000000,
	0.000000, 0.000000, 1.000000
$Cargo 1:  XSTR("Nothing", 3335)
+Initial Velocity: 33
+Initial Hull: 100
+Initial Shields: 100
+Subsystem: Pilot
$Arrival Location: Hyperspace
$Arrival Cue: ( true ) 
$Departure Location: Hyperspace
$Departure Cue: ( false ) 
$Determination: 10
+Flags: ( "cargo-known" "protect-ship" "no-shields" "invulnerable" "stealth" "friendly-stealth-invisible" )
+Flags2: ( "don't-change-position" "don't-change-orientation" )
+Respawn priority: 0
+Group: 0
+Use Table Score:
+Score: 10000

$Name: Mining Station		;! Object #3
$Display Name: XSTR("Mining Station", 3208)
$Class: Mining Station
$Team: Neutral
$Location: 5991.486816, 9.154267, 2634.338135
$Orientation:
	1.000000, 0.000000, 0.000000,
	0.000000, 1.000000, 0.000000,
	0.000000, 0.000000, 1.000000
$AI Goals: ( goals ( ai-play-dead 50 ) )
$Cargo 1:  XSTR("Nothing", 3335)
+Initial Velocity: 33
+Initial Hull: 100
+Initial Shields: 100
+Subsystem: Pilot
$Arrival Location: Hyperspace
$Arrival Cue: ( true ) 
$Departure Location: Hyperspace
$Departure Cue: ( false ) 
$Determination: 10
+Flags: ( "cargo-known" "protect-ship" "no-shields" "invulnerable" "stealth" "friendly-stealth-invisible" )
+Flags2: ( "don't-change-position" "don't-change-orientation" )
+Respawn priority: 0
+Group: 0
+Use Table Score:
+Score: 0

$Name: Point Defense Platform 1		;! Object #4
$Display Name: XSTR("Point Defense Platform 1", 5305)
$Class: Point Defense Platform
$Team: Hostile
$Location: 9053.245117, -0.390625, 12254.421875
$Orientation:
	1.000000, 0.000000, 0.000000,
	0.000000, 1.000000, 0.000000,
	0.000000, 0.000000, 1.000000
$Cargo 1:  XSTR("Nothing", 3335)
+Initial Velocity: 33
+Initial Hull: 100
+Initial Shields: 100
+Subsystem: Pilot
+Subsystem: turret01
+Subsystem: turret02
$Arrival Location: Hyperspace
$Arrival Cue: ( true ) 
$Departure Location: Hyperspace
$Departure Cue: ( false ) 
$Determination: 10
+Flags: ( "cargo-known" "no-shields" "missile-protect-ship" )
+Flags2: ( )
+Respawn priority: 0
+Group: 0
+Use Table Score:
+Score: 0

$Name: Guardador Transponder		;! Object #5
$Display Name: XSTR("Guardador Transponder", 4917)
$Class: Transponder
$Team: Neutral
$Location: -3595.695557, 1331.136353, 11042.923828
$Orientation:
	1.000000, 0.000000, 0.000000,
	0.000000, 1.000000, 0.000000,
	0.000000, 0.000000, 1.000000
$Cargo 1:  XSTR("Nothing", 3335)
+Initial Velocity: 33
+Initial Hull: 100
+Initial Shields: 100
+Subsystem: Pilot
$Arrival Location: Hyperspace
$Arrival Cue: ( true ) 
$Departure Location: Hyperspace
$Departure Cue: ( false ) 
$Determination: 10
+Flags: ( "cargo-known" "protect-ship" "no-shields" )
+Flags2: ( "don't-change-position" "don't-change-orientation" )
+Respawn priority: 0
+Group: 0
+Use Table Score:
+Score: 0

$Name: Guardador Observatory		;! Object #6
$Display Name: XSTR("Guardador Observatory", 4918)
$Class: Radar Platform
$Team: Neutral
$Location: 5788.248047, 1779.118042, 12576.274414
$Orientation:
	1.000000, 0.000000, 0.000000,
	0.000000, 1.000000, 0.000000,
	0.000000, 0.000000, 1.000000
$Cargo 1:  XSTR("Nothing", 3335)
+Initial Velocity: 33
+Initial Hull: 100
+Initial Shields: 100
+Subsystem: Pilot
$Arrival Location: Hyperspace
$Arrival Cue: ( true ) 
$Departure Location: Hyperspace
$Departure Cue: ( false ) 
$Determination: 10
+Flags: ( "cargo-known" "protect-ship" "no-shields" "stealth" "friendly-stealth-invisible" )
+Flags2: ( "don't-change-position" "don't-change-orientation" )
+Respawn priority: 0
+Group: 0
+Use Table Score:
+Score: 0

$Name: Aria		;! Object #7
$Display Name: XSTR("Aria", 4729)
$Class: Arrowhead-class Corvette
$Team: Friendly
$Location: 4458.327148, 3983.998535, -6896.559082
$Orientation:
	1.000000, -0.000000, 0.000000,
	0.000000, 0.976796, -0.214170,
	0.000000, 0.214170, 0.976796
$Cargo 1:  XSTR("Nothing", 3335)
+Initial Hull: 100
+Initial Shields: 100
+Subsystem: Pilot
+Subsystem: Turret01
+Subsystem: Turret02
+Subsystem: Turret03
+Subsystem: Turret04
+Subsystem: turret05
+Subsystem: turret06
+Subsystem: turret07
+Subsystem: turret08
$Arrival Location: Hyperspace
$Arrival Cue: ( true ) 
$Departure Location: Hyperspace
$Departure Cue: ( false ) 
$Determination: 10
+Flags: ( "cargo-known" "no-shields" "missile-protect-ship" )
+Flags2: ( "no-ets" )
+Respawn priority: 0
+Group: 0
+Use Table Score:
+Score: 0

$Name: Able 1		;! Object #8
$Display Name: XSTR("Able 1", 5222)
$Class: Raptor-class Defender
$Team: Friendly
$Location: 4447.410156, 3985.971680, -6786.426270
$Orientation:
	1.000000, 0.000000, 0.000000,
	0.000000, 0.976796, -0.214170,
	0.000000, 0.214170, 0.976796
$Cargo 1:  XSTR("Nothing", 3335)
+Initial Hull: 100
+Initial Shields: 100
+Subsystem: Pilot
$Arrival Location: Hyperspace
$Arrival Cue: ( false ) 
$Departure Location: Hyperspace
$Departure Cue: ( false ) 
$Determination: 10
+Flags: ( "cargo-known" "no-shields" "player-start" "missile-protect-ship" )
+Flags2: ( "no-subspace-drive" "no-ets" )
+Respawn priority: 0
+Docked With: Aria
$Docker Point: Port Fighter Rail
$Dockee Point: Docking Point
+Group: 0
+Use Table Score:
+Score: 10

$Name: Prennia		;! Object #9
$Display Name: XSTR("Prennia", 5306)
$Class: Hinotama-class Cruiser
$Team: Friendly
$Location: 3818.079590, 3871.299805, 2489.825195
$Orientation:
	0.750966, -0.256050, -0.608678,
	0.384549, 0.918911, 0.087889,
	0.536817, -0.300067, 0.788535
$Cargo 1:  XSTR("Nothing", 3335)
+Initial Velocity: 33
+Initial Hull: 100
+Initial Shields: 100
+Subsystem: Pilot
+Subsystem: Turret01
+Subsystem: turret02
+Sbank Ammo: ( 0 )
+Subsystem: turret03
+Sbank Ammo: ( 0 )
+Subsystem: turret04
+Subsystem: turret05
+Subsystem: turret06
+Subsystem: turret07
+Subsystem: turret08
+Subsystem: turret09
+Subsystem: mturret1
+Sbank Ammo: ( 0 )
+Subsystem: mturret2
+Sbank Ammo: ( 0 )
+Subsystem: mturret3
+Sbank Ammo: ( 0 )
+Subsystem: mturret4
+Sbank Ammo: ( 0 )
$Arrival Location: Hyperspace
$Arrival Cue: ( is-event-true-delay 
   "dir undock" 
   150 
)
$Departure Location: Hyperspace
$Departure Cue: ( false ) 
$Determination: 10
+Flags: ( "cargo-known" "no-shields" "escort" )
+Flags2: ( "no-ets" )
+Respawn priority: 0
+Escort priority: 90
+Docked With: Breach Pod 4
$Docker Point: Maindock
$Dockee Point: AssaultDockL3
+Docked With: Breach Pod 3
$Docker Point: Maindock
$Dockee Point: AssaultDockR3
+Docked With: Breach Pod 2
$Docker Point: Maindock
$Dockee Point: AssaultDockL1
+Docked With: Breach Pod 1
$Docker Point: Maindock
$Dockee Point: AssaultDockR1
+Group: 0
+Use Table Score:
+Score: 0

$Name: Breach Pod 1		;! Object #10
$Display Name: XSTR("Breach Pod 1", 5307)
$Class: Amun-class Transport
$Team: Friendly
$Location: 3768.723145, 3842.151367, 2544.038330
$Orientation:
	-0.384549, -0.918911, -0.087889,
	-0.536817, 0.300067, -0.788535,
	0.750966, -0.256050, -0.608678
$Cargo 1:  XSTR("Nothing", 3335)
+Initial Velocity: 33
+Initial Hull: 100
+Initial Shields: 100
+Subsystem: Pilot
+Subsystem: Turret01
+Primary Banks: ( "Huaqing#Turret" )
$Arrival Location: Hyperspace
$Arrival Cue: ( false ) 
$Departure Location: Hyperspace
$Departure Cue: ( false ) 
$Determination: 10
+Flags: ( "cargo-known" "protect-ship" "no-shields" )
+Flags2: ( "lock-all-turrets" )
+Respawn priority: 0
+Docked With: Prennia
$Docker Point: AssaultDockR1
$Dockee Point: Maindock
+Group: 0
+Use Table Score:
+Score: 10

$Name: Breach Pod 2		;! Object #11
$Display Name: XSTR("Breach Pod 2", 5308)
$Class: Amun-class Transport
$Team: Friendly
$Location: 3862.743896, 3810.093994, 2467.831787
$Orientation:
	0.384549, 0.918911, 0.087889,
	-0.536817, 0.300067, -0.788535,
	-0.750966, 0.256050, 0.608678
$Cargo 1:  XSTR("Nothing", 3335)
+Initial Velocity: 33
+Initial Hull: 100
+Initial Shields: 100
+Subsystem: Pilot
+Subsystem: Turret01
+Primary Banks: ( "Huaqing#Turret" )
$Arrival Location: Hyperspace
$Arrival Cue: ( false ) 
$Departure Location: Hyperspace
$Departure Cue: ( false ) 
$Determination: 10
+Flags: ( "cargo-known" "protect-ship" "no-shields" )
+Flags2: ( "lock-all-turrets" )
+Respawn priority: 0
+Docked With: Prennia
$Docker Point: AssaultDockL1
$Dockee Point: Maindock
+Group: 0
+Use Table Score:
+Score: 10

$Name: Breach Pod 3		;! Object #12
$Display Name: XSTR("Breach Pod 3", 5309)
$Class: Amun-class Transport
$Team: Friendly
$Location: 3741.882080, 3857.154785, 2504.611572
$Orientation:
	0.384549, 0.918911, 0.087889,
	0.536817, -0.300067, 0.788535,
	0.750966, -0.256050, -0.608678
$Cargo 1:  XSTR("Nothing", 3335)
+Initial Velocity: 33
+Initial Hull: 100
+Initial Shields: 100
+Subsystem: Pilot
+Subsystem: Turret01
+Primary Banks: ( "Huaqing#Turret" )
$Arrival Location: Hyperspace
$Arrival Cue: ( false ) 
$Departure Location: Hyperspace
$Departure Cue: ( false ) 
$Determination: 10
+Flags: ( "cargo-known" "protect-ship" "no-shields" )
+Flags2: ( "lock-all-turrets" )
+Respawn priority: 0
+Docked With: Prennia
$Docker Point: AssaultDockR3
$Dockee Point: Maindock
+Group: 0
+Use Table Score:
+Score: 10

$Name: Breach Pod 4		;! Object #13
$Display Name: XSTR("Breach Pod 4", 5310)
$Class: Amun-class Transport
$Team: Friendly
$Location: 3835.903076, 3825.097412, 2428.405273
$Orientation:
	-0.384549, -0.918911, -0.087889,
	0.536817, -0.300067, 0.788535,
	-0.750966, 0.256050, 0.608678
$Cargo 1:  XSTR("Nothing", 3335)
+Initial Velocity: 33
+Initial Hull: 100
+Initial Shields: 100
+Subsystem: Pilot
+Subsystem: Turret01
+Primary Banks: ( "Huaqing#Turret" )
$Arrival Location: Hyperspace
$Arrival Cue: ( false ) 
$Departure Location: Hyperspace
$Departure Cue: ( false ) 
$Determination: 10
+Flags: ( "cargo-known" "protect-ship" "no-shields" )
+Flags2: ( "lock-all-turrets" )
+Respawn priority: 0
+Docked With: Prennia
$Docker Point: AssaultDockL3
$Dockee Point: Maindock
+Group: 0
+Use Table Score:
+Score: 10

$Name: ASM Platform 1		;! Object #14
$Display Name: XSTR("ASM Platform 1", 5311)
$Class: ASM Platform
$Team: Hostile
$Location: 6604.884277, -398.350098, 4562.376953
$Orientation:
	-0.507718, 0.000000, 0.861524,
	0.000000, 1.000000, 0.000000,
	-0.861524, 0.000000, -0.507718
$Cargo 1:  XSTR("Nothing", 3335)
+Initial Velocity: 33
+Initial Hull: 100
+Initial Shields: 100
+Subsystem: Pilot
+Subsystem: mturret1
+Sbank Ammo: ( 0 )
$Arrival Location: Hyperspace
$Arrival Cue: ( true ) 
$Departure Location: Hyperspace
$Departure Cue: ( false ) 
$Determination: 10
+Flags: ( "cargo-known" "no-shields" "missile-protect-ship" )
+Flags2: ( )
+Respawn priority: 0
+Hotkey: 4
+Group: 0
+Use Table Score:
+Score: 0

$Name: ASM Platform 2		;! Object #15
$Display Name: XSTR("ASM Platform 2", 5312)
$Class: ASM Platform
$Team: Hostile
$Location: 6600.776855, -398.350586, 4845.652832
$Orientation:
	-0.507718, 0.000000, 0.861524,
	0.000000, 1.000000, 0.000000,
	-0.861524, 0.000000, -0.507718
$Cargo 1:  XSTR("Nothing", 3335)
+Initial Velocity: 33
+Initial Hull: 100
+Initial Shields: 100
+Subsystem: Pilot
+Subsystem: mturret1
$Arrival Location: Hyperspace
$Arrival Cue: ( true ) 
$Departure Location: Hyperspace
$Departure Cue: ( false ) 
$Determination: 10
+Flags: ( "cargo-known" "no-shields" "missile-protect-ship" )
+Flags2: ( )
+Respawn priority: 0
+Hotkey: 4
+Group: 0
+Use Table Score:
+Score: 0

$Name: ASM Platform 3		;! Object #16
$Display Name: XSTR("ASM Platform 3", 5313)
$Class: ASM Platform
$Team: Hostile
$Location: 6597.077637, -398.351074, 5102.782227
$Orientation:
	-0.507718, 0.000000, 0.861524,
	0.000000, 1.000000, 0.000000,
	-0.861524, 0.000000, -0.507718
$Cargo 1:  XSTR("Nothing", 3335)
+Initial Velocity: 33
+Initial Hull: 100
+Initial Shields: 100
+Subsystem: Pilot
+Subsystem: mturret1
$Arrival Location: Hyperspace
$Arrival Cue: ( true ) 
$Departure Location: Hyperspace
$Departure Cue: ( false ) 
$Determination: 10
+Flags: ( "cargo-known" "no-shields" "missile-protect-ship" )
+Flags2: ( )
+Respawn priority: 0
+Hotkey: 4
+Group: 0
+Use Table Score:
+Score: 0

$Name: ASM Platform 4		;! Object #17
$Display Name: XSTR("ASM Platform 4", 5314)
$Class: ASM Platform
$Team: Hostile
$Location: 6598.778320, -398.350586, 5443.012695
$Orientation:
	-0.507718, 0.000000, 0.861524,
	0.000000, 1.000000, 0.000000,
	-0.861524, 0.000000, -0.507718
$Cargo 1:  XSTR("Nothing", 3335)
+Initial Velocity: 33
+Initial Hull: 100
+Initial Shields: 100
+Subsystem: Pilot
+Subsystem: mturret1
+Sbank Ammo: ( 0 )
$Arrival Location: Hyperspace
$Arrival Cue: ( true ) 
$Departure Location: Hyperspace
$Departure Cue: ( false ) 
$Determination: 10
+Flags: ( "cargo-known" "no-shields" "missile-protect-ship" )
+Flags2: ( )
+Respawn priority: 0
+Hotkey: 4
+Group: 0
+Use Table Score:
+Score: 0

$Name: Point Defense Platform 2		;! Object #18
$Display Name: XSTR("Point Defense Platform 2", 5315)
$Class: Point Defense Platform
$Team: Hostile
$Location: 4913.536133, -484.179688, 2370.026855
$Orientation:
	1.000000, 0.000000, 0.000000,
	0.000000, 1.000000, 0.000000,
	0.000000, 0.000000, 1.000000
$Cargo 1:  XSTR("Nothing", 3335)
+Initial Velocity: 33
+Initial Hull: 100
+Initial Shields: 100
+Subsystem: Pilot
+Subsystem: turret01
+Subsystem: turret02
$Arrival Location: Hyperspace
$Arrival Cue: ( true ) 
$Departure Location: Hyperspace
$Departure Cue: ( false ) 
$Determination: 10
+Flags: ( "cargo-known" "no-shields" "missile-protect-ship" )
+Flags2: ( )
+Respawn priority: 0
+Group: 0
+Use Table Score:
+Score: 0

$Name: Point Defense Platform 3		;! Object #19
$Display Name: XSTR("Point Defense Platform 3", 5316)
$Class: Point Defense Platform
$Team: Hostile
$Location: 7360.959473, -679.463684, 9165.582031
$Orientation:
	-0.507718, 0.000000, 0.861523,
	0.000000, 1.000000, 0.000000,
	-0.861523, 0.000000, -0.507718
$Cargo 1:  XSTR("Nothing", 3335)
+Initial Velocity: 33
+Initial Hull: 100
+Initial Shields: 100
+Subsystem: Pilot
+Subsystem: turret01
+Subsystem: turret02
$Arrival Location: Hyperspace
$Arrival Cue: ( true ) 
$Departure Location: Hyperspace
$Departure Cue: ( false ) 
$Determination: 10
+Flags: ( "cargo-known" "no-shields" "missile-protect-ship" )
+Flags2: ( )
+Respawn priority: 0
+Group: 0
+Use Table Score:
+Score: 0

$Name: Camperton		;! Object #20
$Display Name: XSTR("Camperton", 5317)
$Class: Gryphon-class Destroyer
$Team: Friendly
$Location: 4934.248047, 3578.471191, -5531.074219
$Orientation:
	1.000000, 0.000000, 0.000000,
	0.000000, 1.000000, 0.000000,
	0.000000, 0.000000, 1.000000
$Cargo 1:  XSTR("Nothing", 3335)
+Initial Hull: 100
+Initial Shields: 100
+Subsystem: Pilot
+Subsystem: turret01
+Subsystem: turret02
+Subsystem: turret03
+Subsystem: turret04
+Subsystem: turret05
+Subsystem: turret06
+Subsystem: mturret01
$Arrival Location: Hyperspace
$Arrival Cue: ( true ) 
$Departure Location: Hyperspace
$Departure Cue: ( false ) 
$Determination: 10
+Flags: ( "cargo-known" "no-shields" "missile-protect-ship" )
+Flags2: ( "no-ets" )
+Respawn priority: 0
+Group: 0
+Use Table Score:
+Score: 0

$Name: Zebra 1		;! Object #21
$Display Name: XSTR("Zebra 1", 5318)
$Class: Armadillo-class Gunship
$Team: Hostile
$Location: 6988.853027, -0.000519, 6894.161133
$Orientation:
	1.000000, 0.000000, 0.000000,
	0.000000, 1.000000, 0.000000,
	0.000000, 0.000000, 1.000000
$Cargo 1:  XSTR("Nothing", 3335)
+Initial Velocity: 33
+Initial Hull: 100
+Initial Shields: 100
+Subsystem: Pilot
$Arrival Location: Hyperspace
$Arrival Cue: ( false ) 
$Departure Location: Hyperspace
$Departure Cue: ( false ) 
$Determination: 10
+Flags: ( "no-shields" )
+Flags2: ( "no-ets" )
+Respawn priority: 0
+Orders Accepted List: ( )
+Group: 0
+Use Table Score:
+Score: 10

$Name: Zebra 2		;! Object #22
$Display Name: XSTR("Zebra 2", 5319)
$Class: Armadillo-class Gunship
$Team: Hostile
$Location: 6933.531738, -0.000458, 6847.846680
$Orientation:
	1.000000, 0.000000, 0.000000,
	0.000000, 1.000000, 0.000000,
	0.000000, 0.000000, 1.000000
$Cargo 1:  XSTR("Nothing", 3335)
+Initial Velocity: 33
+Initial Hull: 100
+Initial Shields: 100
+Subsystem: Pilot
$Arrival Location: Hyperspace
$Arrival Cue: ( false ) 
$Departure Location: Hyperspace
$Departure Cue: ( false ) 
$Determination: 10
+Flags: ( "no-shields" )
+Flags2: ( "no-ets" )
+Respawn priority: 0
+Orders Accepted List: ( )
+Group: 0
+Use Table Score:
+Score: 10

$Name: Zebra 3		;! Object #23
$Display Name: XSTR("Zebra 3", 5320)
$Class: Mace-class Fighter
$Team: Hostile
$Location: 7055.382813, -0.000488, 6832.060547
$Orientation:
	1.000000, 0.000000, 0.000000,
	0.000000, 1.000000, 0.000000,
	0.000000, 0.000000, 1.000000
+AI Class: Striker
$Cargo 1:  XSTR("Nothing", 3335)
+Initial Hull: 100
+Initial Shields: 100
+Subsystem: Pilot
$Arrival Location: Hyperspace
$Arrival Cue: ( false ) 
$Departure Location: Hyperspace
$Departure Cue: ( false ) 
$Determination: 10
+Flags: ( "no-shields" )
+Flags2: ( "no-ets" )
+Respawn priority: 0
+Orders Accepted List: ( )
+Group: 0
+Use Table Score:
+Score: 10

$Name: Storm		;! Object #24
$Display Name: XSTR("Storm", 5321)
$Class: Orleans-class Cutter
$Team: Hostile
$Location: 9218.304688, 378.720703, 12437.302734
$Orientation:
	1.000000, 0.000000, 0.000000,
	0.000000, 1.000000, 0.000000,
	0.000000, 0.000000, 1.000000
$Cargo 1:  XSTR("Nothing", 3335)
+Initial Hull: 100
+Initial Shields: 100
+Subsystem: Pilot
+Subsystem: turret01
+Subsystem: turret02
+Subsystem: turret03
+Subsystem: turret04
$Arrival Location: Hyperspace
$Arrival Cue: ( true ) 
$Departure Location: Hyperspace
$Departure Cue: ( is-event-true-delay 
   "storm retreats" 
   20 
)
$Determination: 10
+Flags: ( "no-shields" "escort" )
+Flags2: ( "no-ets" )
+Respawn priority: 0
+Escort priority: 2
+Group: 0
+Use Table Score:
+Score: 0

$Name: Scythe		;! Object #25
$Display Name: XSTR("Scythe", 5322)
$Class: Orleans-class Cutter
$Team: Hostile
$Location: 7928.091797, 0.000977, 6515.800781
$Orientation:
	1.000000, 0.000000, 0.000000,
	0.000000, 1.000000, 0.000000,
	0.000000, 0.000000, 1.000000
$Cargo 1:  XSTR("Nothing", 3335)
+Initial Hull: 100
+Initial Shields: 100
+Subsystem: Pilot
+Subsystem: turret01
+Subsystem: turret02
+Subsystem: turret03
+Subsystem: turret04
$Arrival Location: Hyperspace
$Arrival Cue: ( true ) 
$Departure Location: Hyperspace
$Departure Cue: ( is-event-true-delay 
   "scythe retreats" 
   20 
)
$Determination: 10
+Flags: ( "no-shields" "escort" )
+Flags2: ( "no-ets" )
+Respawn priority: 0
+Escort priority: 2
+Group: 0
+Use Table Score:
+Score: 0

$Name: Yoke 1		;! Object #26
$Display Name: XSTR("Yoke 1", 5240)
$Class: Mace-class Fighter
$Team: Hostile
$Location: 8989.746094, 327.302246, 12469.357422
$Orientation:
	1.000000, 0.000000, 0.000000,
	0.000000, 1.000000, 0.000000,
	0.000000, 0.000000, 1.000000
$Cargo 1:  XSTR("Nothing", 3335)
+Initial Hull: 100
+Initial Shields: 100
+Subsystem: Pilot
$Arrival Location: Hyperspace
$Arrival Cue: ( false ) 
$Departure Location: Hyperspace
$Departure Cue: ( false ) 
$Determination: 10
+Flags: ( "no-shields" )
+Flags2: ( "no-ets" )
+Respawn priority: 0
+Group: 0
+Use Table Score:
+Score: 10

$Name: Yoke 2		;! Object #27
$Display Name: XSTR("Yoke 2", 5241)
$Class: Mace-class Fighter
$Team: Hostile
$Location: 8915.555664, 327.302246, 12481.007813
$Orientation:
	1.000000, 0.000000, 0.000000,
	0.000000, 1.000000, 0.000000,
	0.000000, 0.000000, 1.000000
$Cargo 1:  XSTR("Nothing", 3335)
+Initial Hull: 100
+Initial Shields: 100
+Subsystem: Pilot
$Arrival Location: Hyperspace
$Arrival Cue: ( false ) 
$Departure Location: Hyperspace
$Departure Cue: ( false ) 
$Determination: 10
+Flags: ( "no-shields" )
+Flags2: ( "no-ets" )
+Respawn priority: 0
+Group: 0
+Use Table Score:
+Score: 10

$Name: Yoke 3		;! Object #28
$Display Name: XSTR("Yoke 3", 5323)
$Class: Mace-class Fighter
$Team: Hostile
$Location: 8997.954102, 327.302246, 12604.138672
$Orientation:
	1.000000, 0.000000, 0.000000,
	0.000000, 1.000000, 0.000000,
	0.000000, 0.000000, 1.000000
$Cargo 1:  XSTR("Nothing", 3335)
+Initial Hull: 100
+Initial Shields: 100
+Subsystem: Pilot
$Arrival Location: Hyperspace
$Arrival Cue: ( false ) 
$Departure Location: Hyperspace
$Departure Cue: ( false ) 
$Determination: 10
+Flags: ( "no-shields" )
+Flags2: ( "no-ets" )
+Respawn priority: 0
+Group: 0
+Use Table Score:
+Score: 10

$Name: Baker 1		;! Object #29
$Display Name: XSTR("Baker 1", 5324)
$Class: Goshawk-class Attack Drone
$Team: Friendly
$Location: 4603.813477, 2918.316406, -5501.593262
$Orientation:
	1.000000, 0.000000, 0.000000,
	0.000000, 1.000000, 0.000000,
	0.000000, 0.000000, 1.000000
$Cargo 1:  XSTR("Nothing", 3335)
+Initial Velocity: 33
+Initial Hull: 100
+Initial Shields: 100
+Subsystem: Pilot
$Arrival Location: Hyperspace
$Arrival Cue: ( false ) 
$Departure Location: Hyperspace
$Departure Cue: ( false ) 
$Determination: 10
+Flags: ( "cargo-known" "no-shields" )
+Flags2: ( "no-subspace-drive" "no-builtin-messages" "no-ets" "ship-locked" "weapons-locked" )
+Respawn priority: 0
+Orders Accepted List: ( "attack ship" "disable ship" "disarm ship" "guard ship" "ignore ship" "form on wing" "cover me" "attack any" "disable subsys" )
+Group: 0
+Use Table Score:
+Score: 10

$Name: Baker 2		;! Object #30
$Display Name: XSTR("Baker 2", 5325)
$Class: Goshawk-class Attack Drone
$Team: Friendly
$Location: 4510.538086, 2918.316406, -5498.643555
$Orientation:
	1.000000, 0.000000, 0.000000,
	0.000000, 1.000000, 0.000000,
	0.000000, 0.000000, 1.000000
$Cargo 1:  XSTR("Nothing", 3335)
+Initial Velocity: 33
+Initial Hull: 100
+Initial Shields: 100
+Subsystem: Pilot
$Arrival Location: Hyperspace
$Arrival Cue: ( false ) 
$Departure Location: Hyperspace
$Departure Cue: ( false ) 
$Determination: 10
+Flags: ( "cargo-known" "no-shields" )
+Flags2: ( "no-subspace-drive" "no-builtin-messages" "no-ets" "ship-locked" "weapons-locked" )
+Respawn priority: 0
+Orders Accepted List: ( "attack ship" "disable ship" "disarm ship" "guard ship" "ignore ship" "form on wing" "cover me" "attack any" "disable subsys" )
+Group: 0
+Use Table Score:
+Score: 10

$Name: Baker 3		;! Object #31
$Display Name: XSTR("Baker 3", 5326)
$Class: Goshawk-class Attack Drone
$Team: Friendly
$Location: 4498.928223, 3155.242920, -5597.243652
$Orientation:
	1.000000, 0.000000, 0.000000,
	0.000000, 1.000000, 0.000000,
	0.000000, 0.000000, 1.000000
$Cargo 1:  XSTR("Nothing", 3335)
+Initial Velocity: 33
+Initial Hull: 100
+Initial Shields: 100
+Subsystem: Pilot
$Arrival Location: Hyperspace
$Arrival Cue: ( false ) 
$Departure Location: Hyperspace
$Departure Cue: ( false ) 
$Determination: 10
+Flags: ( "cargo-known" "no-shields" )
+Flags2: ( "no-subspace-drive" "no-builtin-messages" "no-ets" "ship-locked" "weapons-locked" )
+Respawn priority: 0
+Orders Accepted List: ( "attack ship" "disable ship" "disarm ship" "guard ship" "ignore ship" "form on wing" "cover me" "attack any" "disable subsys" )
+Group: 0
+Use Table Score:
+Score: 10

$Name: ASM Platform 9		;! Object #32
$Display Name: XSTR("ASM Platform 9", 5327)
$Class: ASM Platform
$Team: Hostile
$Location: 12057.834961, -398.351563, 9929.641602
$Orientation:
	-0.949519, -0.000000, -0.313710,
	0.000000, 1.000000, -0.000000,
	0.313710, -0.000000, -0.949519
$Cargo 1:  XSTR("Nothing", 3335)
+Initial Velocity: 33
+Initial Hull: 100
+Initial Shields: 100
+Subsystem: Pilot
+Subsystem: mturret1
$Arrival Location: Hyperspace
$Arrival Cue: ( true ) 
$Departure Location: Hyperspace
$Departure Cue: ( false ) 
$Determination: 10
+Flags: ( "cargo-known" "no-shields" "missile-protect-ship" )
+Flags2: ( )
+Respawn priority: 0
+Hotkey: 5
+Group: 0
+Use Table Score:
+Score: 0

$Name: ASM Platform 10		;! Object #33
$Display Name: XSTR("ASM Platform 10", 5328)
$Class: ASM Platform
$Team: Hostile
$Location: 12058.861328, -398.352051, 9632.384766
$Orientation:
	-0.949519, -0.000000, -0.313710,
	0.000000, 1.000000, -0.000000,
	0.313710, -0.000000, -0.949519
$Cargo 1:  XSTR("Nothing", 3335)
+Initial Velocity: 33
+Initial Hull: 100
+Initial Shields: 100
+Subsystem: Pilot
+Subsystem: mturret1
$Arrival Location: Hyperspace
$Arrival Cue: ( true ) 
$Departure Location: Hyperspace
$Departure Cue: ( false ) 
$Determination: 10
+Flags: ( "cargo-known" "no-shields" "missile-protect-ship" )
+Flags2: ( )
+Respawn priority: 0
+Hotkey: 5
+Group: 0
+Use Table Score:
+Score: 0

$Name: ASM Platform 11		;! Object #34
$Display Name: XSTR("ASM Platform 11", 5329)
$Class: ASM Platform
$Team: Hostile
$Location: 12065.697266, -398.352783, 9413.904297
$Orientation:
	-0.949519, -0.000000, -0.313710,
	0.000000, 1.000000, -0.000000,
	0.313710, -0.000000, -0.949519
$Cargo 1:  XSTR("Nothing", 3335)
+Initial Velocity: 33
+Initial Hull: 100
+Initial Shields: 100
+Subsystem: Pilot
+Subsystem: mturret1
$Arrival Location: Hyperspace
$Arrival Cue: ( true ) 
$Departure Location: Hyperspace
$Departure Cue: ( false ) 
$Determination: 10
+Flags: ( "cargo-known" "no-shields" "missile-protect-ship" )
+Flags2: ( )
+Respawn priority: 0
+Hotkey: 5
+Group: 0
+Use Table Score:
+Score: 0

$Name: ASM Platform 12		;! Object #35
$Display Name: XSTR("ASM Platform 12", 5330)
$Class: ASM Platform
$Team: Hostile
$Location: 12064.562500, -398.352051, 9018.400391
$Orientation:
	-0.949519, -0.000000, -0.313710,
	0.000000, 1.000000, -0.000000,
	0.313710, -0.000000, -0.949519
$Cargo 1:  XSTR("Nothing", 3335)
+Initial Velocity: 33
+Initial Hull: 100
+Initial Shields: 100
+Subsystem: Pilot
+Subsystem: mturret1
$Arrival Location: Hyperspace
$Arrival Cue: ( true ) 
$Departure Location: Hyperspace
$Departure Cue: ( false ) 
$Determination: 10
+Flags: ( "cargo-known" "no-shields" "missile-protect-ship" )
+Flags2: ( )
+Respawn priority: 0
+Hotkey: 5
+Group: 0
+Use Table Score:
+Score: 0

$Name: Point Defense Platform 4		;! Object #36
$Display Name: XSTR("Point Defense Platform 4", 5331)
$Class: Point Defense Platform
$Team: Hostile
$Location: 10720.193359, 528.660400, 9265.182617
$Orientation:
	-0.949519, 0.000000, -0.313710,
	0.000000, 1.000000, 0.000000,
	0.313710, 0.000000, -0.949519
$Cargo 1:  XSTR("Nothing", 3335)
+Initial Velocity: 33
+Initial Hull: 100
+Initial Shields: 100
+Subsystem: Pilot
+Subsystem: turret01
+Subsystem: turret02
$Arrival Location: Hyperspace
$Arrival Cue: ( true ) 
$Departure Location: Hyperspace
$Departure Cue: ( false ) 
$Determination: 10
+Flags: ( "cargo-known" "no-shields" "missile-protect-ship" )
+Flags2: ( )
+Respawn priority: 0
+Group: 0
+Use Table Score:
+Score: 0

$Name: Dog 1		;! Object #37
$Display Name: XSTR("Dog 1", 5332)
$Class: Goshawk-class Attack Drone
$Team: Friendly
$Location: 4764.651367, 2918.316406, -5648.366699
$Orientation:
	1.000000, 0.000000, 0.000000,
	0.000000, 1.000000, 0.000000,
	0.000000, 0.000000, 1.000000
$Cargo 1:  XSTR("Nothing", 3335)
+Initial Velocity: 33
+Initial Hull: 100
+Initial Shields: 100
+Subsystem: Pilot
$Arrival Location: Hyperspace
$Arrival Cue: ( false ) 
$Departure Location: Hyperspace
$Departure Cue: ( false ) 
$Determination: 10
+Flags: ( "cargo-known" "no-shields" )
+Flags2: ( "no-builtin-messages" "no-ets" )
+Respawn priority: 0
+Group: 0
+Use Table Score:
+Score: 10

$Name: Dog 2		;! Object #38
$Display Name: XSTR("Dog 2", 5333)
$Class: Goshawk-class Attack Drone
$Team: Friendly
$Location: 4671.375977, 2918.316406, -5645.416992
$Orientation:
	1.000000, 0.000000, 0.000000,
	0.000000, 1.000000, 0.000000,
	0.000000, 0.000000, 1.000000
$Cargo 1:  XSTR("Nothing", 3335)
+Initial Velocity: 33
+Initial Hull: 100
+Initial Shields: 100
+Subsystem: Pilot
$Arrival Location: Hyperspace
$Arrival Cue: ( false ) 
$Departure Location: Hyperspace
$Departure Cue: ( false ) 
$Determination: 10
+Flags: ( "cargo-known" "no-shields" )
+Flags2: ( "no-builtin-messages" "no-ets" )
+Respawn priority: 0
+Group: 0
+Use Table Score:
+Score: 10

$Name: Dog 3		;! Object #39
$Display Name: XSTR("Dog 3", 5334)
$Class: Goshawk-class Attack Drone
$Team: Friendly
$Location: 4659.766113, 3155.242920, -5744.017090
$Orientation:
	1.000000, 0.000000, 0.000000,
	0.000000, 1.000000, 0.000000,
	0.000000, 0.000000, 1.000000
$Cargo 1:  XSTR("Nothing", 3335)
+Initial Velocity: 33
+Initial Hull: 100
+Initial Shields: 100
+Subsystem: Pilot
$Arrival Location: Hyperspace
$Arrival Cue: ( false ) 
$Departure Location: Hyperspace
$Departure Cue: ( false ) 
$Determination: 10
+Flags: ( "cargo-known" "no-shields" )
+Flags2: ( "no-builtin-messages" "no-ets" )
+Respawn priority: 0
+Group: 0
+Use Table Score:
+Score: 10

$Name: Oldwater		;! Object #40
$Display Name: XSTR("Oldwater", 5335)
$Class: Orleans-class Cutter
$Team: Hostile
$Location: 5537.786133, -0.000488, 9929.236328
$Orientation:
	-0.901819, 0.000000, -0.432115,
	0.000000, 1.000000, 0.000000,
	0.432115, 0.000000, -0.901819
$Cargo 1:  XSTR("Nothing", 3335)
+Initial Hull: 100
+Initial Shields: 100
+Subsystem: Pilot
+Subsystem: turret01
+Subsystem: turret02
+Subsystem: turret03
+Subsystem: turret04
$Arrival Location: Hyperspace
$Arrival Cue: ( has-arrived-delay 1 "Apex" ) 
$Departure Location: Hyperspace
$Departure Cue: ( false ) 
$Determination: 10
+Flags: ( "no-shields" "escort" )
+Flags2: ( "no-ets" )
+Respawn priority: 0
+Escort priority: 1
+Group: 0
+Score: 10

$Name: Apex		;! Object #41
$Display Name: XSTR("Apex", 5336)
$Class: Icarus-class Corvette
$Team: Hostile
$Location: 4780.229492, 394.073212, 10100.262695
$Orientation:
	-0.901819, 0.000000, -0.432115,
	0.000000, 1.000000, 0.000000,
	0.432115, 0.000000, -0.901819
$Cargo 1:  XSTR("Nothing", 3335)
+Initial Velocity: 100
+Initial Hull: 100
+Initial Shields: 100
+Subsystem: Pilot
+Subsystem: turret01
+Subsystem: turret02
+Subsystem: mturret01
+Sbank Ammo: ( 0 )
$Arrival Location: Hyperspace
$Arrival Cue: ( has-arrived-delay 90 "Prennia" ) 
$Departure Location: Hyperspace
$Departure Cue: ( false ) 
$Determination: 10
+Flags: ( "no-shields" "escort" )
+Flags2: ( "no-ets" )
+Respawn priority: 0
+Escort priority: 1
+Docked With: Xray 4
$Docker Point: Docking Point
$Dockee Point: Starboard Dock
+Docked With: Xray 3
$Docker Point: Docking Point
$Dockee Point: Port Dock
+Docked With: Xray 2
$Docker Point: Docking Point
$Dockee Point: Ventral Dock
+Docked With: Xray 1
$Docker Point: Docking Point
$Dockee Point: Dorsal Dock 1
+Group: 0
+Use Table Score:
+Score: 0

$Name: Xray 1		;! Object #42
$Display Name: XSTR("Xray 1", 3991)
$Class: Armadillo-class Gunship
$Team: Hostile
$Location: 4792.328613, 428.273224, 10075.011719
$Orientation:
	-0.901819, 0.000000, -0.432115,
	0.000000, -1.000000, 0.000000,
	-0.432115, 0.000000, 0.901819
$Cargo 1:  XSTR("Nothing", 3335)
+Initial Velocity: 33
+Initial Hull: 100
+Initial Shields: 100
+Subsystem: Pilot
$Arrival Location: Hyperspace
$Arrival Cue: ( false ) 
$Departure Location: Hyperspace
$Departure Cue: ( false ) 
$Determination: 10
+Flags: ( "no-shields" )
+Flags2: ( "no-ets" )
+Respawn priority: 0
+Docked With: Apex
$Docker Point: Dorsal Dock 1
$Dockee Point: Docking Point
+Orders Accepted List: ( )
+Group: 0
+Use Table Score:
+Score: 10

$Name: Xray 2		;! Object #43
$Display Name: XSTR("Xray 2", 3992)
$Class: Armadillo-class Gunship
$Team: Hostile
$Location: 4829.058594, 350.873199, 9998.357422
$Orientation:
	-0.901819, 0.000000, -0.432115,
	0.000000, 1.000000, 0.000000,
	0.432115, 0.000000, -0.901819
$Cargo 1:  XSTR("Nothing", 3335)
+Initial Velocity: 33
+Initial Hull: 100
+Initial Shields: 100
+Subsystem: Pilot
$Arrival Location: Hyperspace
$Arrival Cue: ( false ) 
$Departure Location: Hyperspace
$Departure Cue: ( false ) 
$Determination: 10
+Flags: ( "no-shields" )
+Flags2: ( "no-ets" )
+Respawn priority: 0
+Docked With: Apex
$Docker Point: Ventral Dock
$Dockee Point: Docking Point
+Orders Accepted List: ( )
+Group: 0
+Use Table Score:
+Score: 10

$Name: Xray 3		;! Object #44
$Display Name: XSTR("Xray 3", 4301)
$Class: Armadillo-class Gunship
$Team: Hostile
$Location: 4812.448242, 389.073212, 10123.740234
$Orientation:
	0.000000, 1.000000, 0.000000,
	-0.901819, 0.000000, -0.432115,
	-0.432115, 0.000000, 0.901819
$Cargo 1:  XSTR("Nothing", 3335)
+Initial Velocity: 33
+Initial Hull: 100
+Initial Shields: 100
+Subsystem: Pilot
$Arrival Location: Hyperspace
$Arrival Cue: ( false ) 
$Departure Location: Hyperspace
$Departure Cue: ( false ) 
$Determination: 10
+Flags: ( "no-shields" )
+Flags2: ( "no-ets" )
+Respawn priority: 0
+Docked With: Apex
$Docker Point: Port Dock
$Dockee Point: Docking Point
+Orders Accepted List: ( )
+Group: 0
+Use Table Score:
+Score: 10

$Name: Xray 4		;! Object #45
$Display Name: XSTR("Xray 4", 4300)
$Class: Armadillo-class Gunship
$Team: Hostile
$Location: 4741.745117, 389.073212, 10089.862305
$Orientation:
	0.000000, -1.000000, 0.000000,
	0.901819, 0.000000, 0.432115,
	-0.432115, -0.000000, 0.901819
$Cargo 1:  XSTR("Nothing", 3335)
+Initial Velocity: 33
+Initial Hull: 100
+Initial Shields: 100
+Subsystem: Pilot
$Arrival Location: Hyperspace
$Arrival Cue: ( false ) 
$Departure Location: Hyperspace
$Departure Cue: ( false ) 
$Determination: 10
+Flags: ( "no-shields" )
+Flags2: ( "no-ets" )
+Respawn priority: 0
+Docked With: Apex
$Docker Point: Starboard Dock
$Dockee Point: Docking Point
+Orders Accepted List: ( )
+Group: 0
+Use Table Score:
+Score: 10

$Name: Repair Drone 1		;! Object #46
$Display Name: XSTR("Repair Drone 1", 5337)
$Class: Repair Drone#Commonwealth
$Team: Friendly
$Location: 5001.429199, -0.002930, -3146.182129
$Orientation:
	1.000000, 0.000000, 0.000000,
	0.000000, 1.000000, 0.000000,
	0.000000, 0.000000, 1.000000
$AI Goals: ( goals ( ai-waypoints-once "drone waypoint" 50 ) )
$Cargo 1:  XSTR("Nothing", 3335)
+Initial Velocity: 33
+Initial Hull: 100
+Initial Shields: 100
+Subsystem: Pilot
$Arrival Location: Docking Bay
+Arrival Distance: 0
$Arrival Anchor: Aria
$Arrival Cue: ( is-event-true-delay 
   "player regains control" 
   25 
)
$Departure Location: Hyperspace
$Departure Cue: ( false ) 
$Determination: 10
+Flags: ( "cargo-known" "no-shields" "stealth" )
+Flags2: ( "no-ets" )
+Respawn priority: 0
+Group: 0
+Use Table Score:
+Score: 50

$Name: ASM Platform 5		;! Object #47
$Display Name: XSTR("ASM Platform 5", 5338)
$Class: ASM Platform
$Team: Hostile
$Location: 6605.454102, -398.350098, 5717.841797
$Orientation:
	-0.507718, 0.000000, 0.861524,
	0.000000, 1.000000, 0.000000,
	-0.861524, 0.000000, -0.507718
$Cargo 1:  XSTR("Nothing", 3335)
+Initial Velocity: 33
+Initial Hull: 100
+Initial Shields: 100
+Subsystem: Pilot
+Subsystem: mturret1
$Arrival Location: Hyperspace
$Arrival Cue: ( true ) 
$Departure Location: Hyperspace
$Departure Cue: ( false ) 
$Determination: 10
+Flags: ( "cargo-known" "no-shields" "missile-protect-ship" )
+Flags2: ( )
+Respawn priority: 0
+Hotkey: 4
+Group: 0
+Use Table Score:
+Score: 0

$Name: ASM Platform 6		;! Object #48
$Display Name: XSTR("ASM Platform 6", 5339)
$Class: ASM Platform
$Team: Hostile
$Location: 6595.349121, -398.349854, 6027.886230
$Orientation:
	-0.507718, 0.000000, 0.861524,
	0.000000, 1.000000, 0.000000,
	-0.861524, 0.000000, -0.507718
$Cargo 1:  XSTR("Nothing", 3335)
+Initial Velocity: 33
+Initial Hull: 100
+Initial Shields: 100
+Subsystem: Pilot
+Subsystem: mturret1
$Arrival Location: Hyperspace
$Arrival Cue: ( true ) 
$Departure Location: Hyperspace
$Departure Cue: ( false ) 
$Determination: 10
+Flags: ( "cargo-known" "no-shields" "missile-protect-ship" )
+Flags2: ( )
+Respawn priority: 0
+Hotkey: 4
+Group: 0
+Use Table Score:
+Score: 0

$Name: ASM Platform 7		;! Object #49
$Display Name: XSTR("ASM Platform 7", 5340)
$Class: ASM Platform
$Team: Hostile
$Location: 6592.525879, -398.350586, 6396.586426
$Orientation:
