#Mission Info

$Version: 23.1
$Name:  XSTR("Ikaros", 5610)
$Author: Darius
$Created: 07/13/20 at 18:52:29
$Modified: 07/30/25 at 13:02:10
$Notes:
This is a FRED2_OPEN created mission.
$End Notes:

$Mission Desc:
 XSTR("Put mission description here
", 3326)
$end_multi_text
+Game Type Flags: 1
+Flags: 786624
+Fog Near Mult: 1.000000

+Fog Far Mult: 1.000000


+Disallow Support: 0
+Hull Repair Ceiling: 95.000000
+Subsystem Repair Ceiling: 100.000000

+Viewer pos: -12226.616211, 6804.060547, 12730.961914
+Viewer orient:
	-0.923789, 0.000002, 0.382902,
	-0.131981, 0.938717, -0.318421,
	-0.359437, -0.344689, -0.867176

$Starting wing names: ( "Able" "Alfa" "Baker" )
$Squadron wing names: ( "Able" "Alfa" "Baker" "Charlie" "Dog" )
$Team-versus-team wing names: ( "Able" "Omega" )

$Load Screen 1024: 2_LoadingBGM00.png

$Skybox Model: skybox_fornax.pof
+Skybox Orientation:
	0.173648, 0.000000, -0.984808,
	0.492404, 0.866025, 0.086824,
	0.852868, -0.500000, 0.150384

$AI Profile: Solaris

#Sexp_variables

$Variables:
(
		0		"cargoname"		"a"		"string"
		1		"freightername"		"a"		"string"
		2		"freighternum"		"0"		"number"
		3		"playerdeath"		"0"		"number"		"save-on-mission-close"
		4		"shortopening"		"0"		"number"		"save-on-mission-close"
		5		"i18nVariable1"		"#Bertini"		"string"
		6		"i18nVariable2"		"#Lockerbie"		"string"
		7		"i18nVariable3"		"#Cameron"		"string"
		8		"i18nVariable4"		"#Fox 1"		"string"
		9		"i18nVariable5"		"#"		"string"
		10		"i18nVariable6"		"#Calatorie"		"string"
		11		"i18nVariable7"		"#Osveta"		"string"
		12		"i18nVariable8"		"#Udarac"		"string"
		13		"i18nVariable9"		"#Cascada"		"string"
		14		"i18nVariable10"		"#Prennia"		"string"
		15		"i18nVariable11"		"#Apollo"		"string"
		16		"i18nVariable12"		"#Gemini"		"string"
		17		"i18nVariable13"		"#Loire"		"string"
		18		"i18nVariable14"		"#Aquilon"		"string"
		19		"i18nVariable15"		"#Ambitieux"		"string"
		20		"i18nVariable16"		"#Assurance"		"string"
		21		"i18nVariable17"		"Anouilh"		"string"
		22		"i18nVariable18"		"Mass Driver"		"string"
		23		"i18nVariable19"		"Missile Launcher"		"string"
		24		"i18nVariable20"		"Baker"		"string"
		25		"i18nVariable21"		"Anti-fighter"		"string"
		26		"i18nVariable22"		"How"		"string"
		27		"i18nVariable23"		"Anti-ship Strike"		"string"
		28		"i18nVariable24"		"Alfa"		"string"
		29		"i18nVariable25"		"Multirole"		"string"
		30		"i18nVariable26"		"Charlie"		"string"
)

#Command Briefing

#Briefing
$start_briefing
$num_stages: 0
$end_briefing

#Debriefing_info

$Num stages: 1

$Formula: ( is-event-true-delay 
   "fadeout good" 
   0 
)
$Multi text
    XSTR("Don't be too hard on yourself LC. You made it home today. That's more than a lot of people can say.

Surviving ships from the battle are filtering in at Herdemin Station. The Malikans have been harassing the stragglers all the way to the Sulsian capital. It's been a rout, almost total losses. The Sulsian Navy...has been extinguished.

Even though Commonwealth casualties were relatively light, we still got hit hard. HMS Assurance will need weeks on the Ladigue drydock. It looks like a similar amount of time for our ships to replace crew casualties.

Kakotchka played Bertini like a damnable puppet. She knew he'd disregard a light screen of picket ships, he took the bait - hook, line and sinker. She had his temperament down to the last detail. I bet her intelligence people even knew what he had for breakfast that day. The battle was over before it even began.

At a stroke, Kakotchka's removed one fleet off the board, while still remaining in control of Vicare and still having her arsenal ships in play. The loss of the gravity ships will limit her tactical options, but she knows we'll have to move against her soon. All she has to do is wait for us to come to her, then hit us hard with an overwhelming missile attack.

That's a problem for Cleghorn's pay grade. He gambled on Vicare, and he can deal with the consequences. I only care about the wellbeing of my crew. Aria will refuel and repair the worst of the battle damage at Herdemin before limping back to Ladigue Station. You're off duty for the next few days. Spend some time with the crew. Get to know them, and report your findings to XO Ellis. That's an order, LC.", 5611)
$end_multi_text
$Voice: 26-db1.wav
$Recommendation text:
    XSTR("", 2696)
$end_multi_text

#Alternate Types:
$Alt: Angel Company
$Alt: Jacobine Republique

#end


#Callsigns:
$Callsign: XSTR("Ross", 3333)
$Callsign: XSTR("Meiks", 3975)
$Callsign: XSTR("Lau", 3601)
$Callsign: XSTR("Soudon", 5220)
$Callsign: XSTR("Cameron", 4908)
$Callsign: XSTR("Kakotchka", 5221)
$Callsign: XSTR("Anouilh", 5408)

#end


#Players		;! 1 total

$Starting Shipname: Able 1
$Ship Choices: (
	"Raptor-class Defender"	1
	"Lightning-class Interceptor"	1
	"Rafale-class Interceptor"	1
)

+Weaponry Pool: (
	"Starfire"	2
	"Rapier"	6
	"Phalanx"	2
)

#Objects		;! 199 total

$Name: Aria		;! Object #0
$Display Name: XSTR("Aria", 4729)
$Class: Arrowhead-class Corvette
$Callsign: XSTR("Cameron", 4908)

$Team: Friendly
$Location: -21838.888672, 2966.198730, 4268.875000
$Orientation:
	-0.173648, 0.000000, -0.984808,
	0.000000, 1.000000, 0.000000,
	0.984808, 0.000000, -0.173648
$Cargo 1:  XSTR("Nothing", 3335)
+Initial Hull: 100
+Initial Shields: 100
+Subsystem: Pilot
+Subsystem: Turret01
+Subsystem: Turret02
+Subsystem: Turret03
+Subsystem: Turret04
+Subsystem: turret05
+Subsystem: turret06
+Subsystem: turret07
+Subsystem: turret08
$Arrival Location: Hyperspace
$Arrival Cue: ( true ) 
$Departure Location: Hyperspace
$Departure Cue: ( false ) 
$Determination: 10
+Flags: ( "cargo-known" "protect-ship" "no-shields" "missile-protect-ship" )
+Flags2: ( "no-ets" )
+Respawn priority: 0
+Group: 0
+Use Table Score:
+Score: 0

$Name: Able 1		;! Object #1
$Display Name: XSTR("Able 1", 5222)
$Class: Falcon-class Fighter
$Callsign: XSTR("Ross", 3333)

$Team: Friendly
$Location: -21731.126953, 2944.533691, 4260.958984
$Orientation:
	-0.173648, 0.000000, -0.984808,
	0.000000, 1.000000, 0.000000,
	0.984808, 0.000000, -0.173648
$Cargo 1:  XSTR("Nothing", 3335)
+Initial Velocity: 100
+Initial Hull: 100
+Initial Shields: 100
+Subsystem: Pilot
$Arrival Location: Hyperspace
$Arrival Cue: ( false ) 
$Departure Location: Hyperspace
$Departure Cue: ( false ) 
$Determination: 10
+Flags: ( "cargo-known" "no-shields" "player-start" )
+Flags2: ( "no-subspace-drive" "primaries-locked" "no-ets" )
+Respawn priority: 0
+Docked With: Aria
$Docker Point: Port Fighter Rail
$Dockee Point: Docking Point
+Group: 0
+Use Table Score:
+Score: 10

$Name: Vicare Docks		;! Object #2
$Display Name: XSTR("Vicare Docks", 4509)
$Class: Dock
$Team: Friendly
$Location: -2023.746582, 0.000366, -416.329834
$Orientation:
	1.000000, -0.000000, 0.000000,
	0.000000, 1.000000, 0.000000,
	-0.000000, 0.000000, 1.000000
$Cargo 1:  XSTR("Nothing", 3335)
+Initial Velocity: 33
+Initial Hull: 100
+Initial Shields: 100
+Subsystem: Pilot
$Arrival Location: Hyperspace
$Arrival Cue: ( true ) 
$Departure Location: Hyperspace
$Departure Cue: ( false ) 
$Determination: 10
+Flags: ( "cargo-known" "protect-ship" "no-shields" )
+Flags2: ( )
+Respawn priority: 0
+Group: 0
+Use Table Score:
+Score: 0

$Name: Vicare Station		;! Object #3
$Display Name: XSTR("Vicare Station", 4510)
$Class: Civilian Station
$Team: Friendly
$Location: -1939.357422, 1927.604736, -131.287857
$Orientation:
	1.000000, 0.000000, 0.000000,
	0.000000, 1.000000, 0.000000,
	0.000000, 0.000000, 1.000000
$Cargo 1:  XSTR("Nothing", 3335)
+Initial Hull: 100
+Initial Shields: 100
+Subsystem: Pilot
$Arrival Location: Hyperspace
$Arrival Cue: ( true ) 
$Departure Location: Hyperspace
$Departure Cue: ( false ) 
$Determination: 10
+Flags: ( "cargo-known" "protect-ship" "no-shields" )
+Flags2: ( )
+Respawn priority: 0
+Group: 0
+Use Table Score:
+Score: 0

$Name: Cargo Depot 6		;! Object #4
$Display Name: XSTR("Cargo Depot 6", 4512)
$Class: Cargo Depot
$Team: Friendly
$Location: 885.145508, 3291.782471, 2031.087524
$Orientation:
	1.000000, -0.000000, 0.000000,
	-0.000000, 1.000000, 0.000000,
	-0.000000, -0.000000, 1.000000
$Cargo 1:  XSTR("Nothing", 3335)
+Initial Velocity: 33
+Initial Hull: 100
+Initial Shields: 100
+Subsystem: Pilot
$Arrival Location: Hyperspace
$Arrival Cue: ( true ) 
$Departure Location: Hyperspace
$Departure Cue: ( false ) 
$Determination: 10
+Flags: ( "cargo-known" "protect-ship" "no-shields" )
+Flags2: ( )
+Respawn priority: 0
+Group: 0
+Use Table Score:
+Score: 0

$Name: Cargo Depot 7		;! Object #5
$Display Name: XSTR("Cargo Depot 7", 4513)
$Class: Cargo Depot
$Team: Friendly
$Location: 912.156006, 1539.162842, 1998.773315
$Orientation:
	1.000000, 0.000000, 0.000000,
	0.000000, 1.000000, 0.000000,
	0.000000, 0.000000, 1.000000
$Cargo 1:  XSTR("Nothing", 3335)
+Initial Velocity: 33
+Initial Hull: 100
+Initial Shields: 100
+Subsystem: Pilot
$Arrival Location: Hyperspace
$Arrival Cue: ( true ) 
$Departure Location: Hyperspace
$Departure Cue: ( false ) 
$Determination: 10
+Flags: ( "cargo-known" "protect-ship" "no-shields" )
+Flags2: ( )
+Respawn priority: 0
+Group: 0
+Use Table Score:
+Score: 0

$Name: Radar Platform		;! Object #6
$Display Name: XSTR("Radar Platform", 3220)
$Class: Radar Platform
$Team: Friendly
$Location: -1288.953613, 3923.924805, 934.524414
$Orientation:
	1.000000, -0.000000, 0.000000,
	0.000000, 1.000000, -0.000000,
	0.000000, 0.000000, 1.000000
$Cargo 1:  XSTR("Nothing", 3335)
+Initial Velocity: 33
+Initial Hull: 100
+Initial Shields: 100
+Subsystem: Pilot
$Arrival Location: Hyperspace
$Arrival Cue: ( true ) 
$Departure Location: Hyperspace
$Departure Cue: ( false ) 
$Determination: 10
+Flags: ( "cargo-known" "protect-ship" "no-shields" )
+Flags2: ( )
+Respawn priority: 0
+Group: 0
+Use Table Score:
+Score: 0

$Name: Marchana		;! Object #7
$Display Name: XSTR("Marchana", 4515)
$Class: Leonidas-class Destroyer
$Team: Hostile
$Location: -1742.181641, 0.007813, 17438.074219
$Orientation:
	0.266419, 0.259364, 0.928306,
	-0.912473, 0.378135, 0.156226,
	-0.310506, -0.888675, 0.337405
$AI Goals: ( goals ( ai-play-dead 50 ) )
$Cargo 1:  XSTR("Nothing", 3335)
+Initial Hull: 85
+Initial Shields: 100
+Subsystem: Pilot
+Subsystem: turret03
+Subsystem: turret05
+Subsystem: turret06
+Subsystem: turret07
+Subsystem: mturret1
+Subsystem: mturret2
$Arrival Location: Hyperspace
$Arrival Cue: ( true ) 
$Departure Location: Hyperspace
$Departure Cue: ( false ) 
$Determination: 10
+Flags: ( "cargo-known" "protect-ship" "no-shields" "invulnerable" "stealth" "friendly-stealth-invisible" )
+Flags2: ( "hide-ship-name" "no-ets" )
+Respawn priority: 0
+Group: 0
+Score: 10
$Texture Replace:
+old: destroyer5
+new: destroyer5debris

$Name: Garrison HQ		;! Object #8
$Display Name: XSTR("Garrison HQ", 4516)
$Class: Hangar
$Team: Friendly
$Location: -7120.131348, 1662.442383, 468.971436
$Orientation:
	-0.042626, 0.000000, -0.999091,
	0.000000, 1.000000, 0.000000,
	0.999091, 0.000000, -0.042626
$Cargo 1:  XSTR("Nothing", 3335)
+Initial Velocity: 33
+Initial Hull: 100
+Initial Shields: 100
+Subsystem: Pilot
$Arrival Location: Hyperspace
$Arrival Cue: ( true ) 
$Departure Location: Hyperspace
$Departure Cue: ( false ) 
$Determination: 10
+Flags: ( "cargo-known" "protect-ship" "no-shields" )
+Flags2: ( )
+Respawn priority: 0
+Group: 0
+Use Table Score:
+Score: 0

$Name: Debris Chunk 14 128		;! Object #9
$Display Name: XSTR("Debris Chunk 14 128", 3727)
$Class: Debris Chunk 14
$Team: Surrendered
$Location: 286.364197, 2383.703613, 12808.227539
$Orientation:
	0.994702, -0.010989, -0.102212,
	-0.027379, 0.930039, -0.366440,
	0.099088, 0.367297, 0.924811
$Cargo 1:  XSTR("Nothing", 3335)
+Initial Velocity: 33
+Initial Hull: 100
+Initial Shields: 100
+Subsystem: Pilot
$Arrival Location: Hyperspace
$Arrival Cue: ( true ) 
$Departure Location: Hyperspace
$Departure Cue: ( false ) 
$Determination: 10
+Flags: ( "cargo-known" "no-shields" "stealth" "friendly-stealth-invisible" )
+Flags2: ( )
+Respawn priority: 0
+Group: 0
+Use Table Score:
+Score: 1

$Name: Debris Chunk 1 237		;! Object #10
$Display Name: XSTR("Debris Chunk 1 237", 3839)
$Class: Debris Chunk 1
$Team: Surrendered
$Location: -2316.760254, -440.423828, 13297.293945
$Orientation:
	-0.601907, -0.010989, -0.798490,
	-0.299471, 0.930039, 0.212944,
	0.740287, 0.367297, -0.563088
$Cargo 1:  XSTR("Nothing", 3335)
+Initial Velocity: 33
+Initial Hull: 100
+Initial Shields: 100
+Subsystem: Pilot
$Arrival Location: Hyperspace
$Arrival Cue: ( true ) 
$Departure Location: Hyperspace
$Departure Cue: ( false ) 
$Determination: 10
+Flags: ( "cargo-known" "no-shields" "stealth" )
+Flags2: ( )
+Respawn priority: 0
+Group: 0
+Use Table Score:
+Score: 1

$Name: Debris Chunk 2 238		;! Object #11
$Display Name: XSTR("Debris Chunk 2 238", 3840)
$Class: Debris Chunk 2
$Team: Surrendered
$Location: -3723.187012, -928.679688, 15761.708984
$Orientation:
	-0.601907, -0.010989, -0.798490,
	-0.299471, 0.930039, 0.212944,
	0.740287, 0.367297, -0.563088
$Cargo 1:  XSTR("Nothing", 3335)
+Initial Velocity: 33
+Initial Hull: 100
+Initial Shields: 100
+Subsystem: Pilot
$Arrival Location: Hyperspace
$Arrival Cue: ( true ) 
$Departure Location: Hyperspace
$Departure Cue: ( false ) 
$Determination: 10
+Flags: ( "cargo-known" "no-shields" "stealth" )
+Flags2: ( )
+Respawn priority: 0
+Group: 0
+Use Table Score:
+Score: 1

$Name: Debris Chunk 3 239		;! Object #12
$Display Name: XSTR("Debris Chunk 3 239", 3841)
$Class: Debris Chunk 3
$Team: Surrendered
$Location: -3850.620117, -1479.202393, 8438.916016
$Orientation:
	-0.601907, -0.010989, -0.798491,
	-0.299471, 0.930039, 0.212944,
	0.740287, 0.367297, -0.563088
$Cargo 1:  XSTR("Nothing", 3335)
+Initial Velocity: 33
+Initial Hull: 100
+Initial Shields: 100
+Subsystem: Pilot
$Arrival Location: Hyperspace
$Arrival Cue: ( true ) 
$Departure Location: Hyperspace
$Departure Cue: ( false ) 
$Determination: 10
+Flags: ( "cargo-known" "no-shields" "stealth" )
+Flags2: ( )
+Respawn priority: 0
+Group: 0
+Use Table Score:
+Score: 1

$Name: Debris Chunk 4 240		;! Object #13
$Display Name: XSTR("Debris Chunk 4 240", 3842)
$Class: Debris Chunk 4
$Team: Surrendered
$Location: -2711.900391, 363.653076, 15695.945313
$Orientation:
	-0.601907, -0.010989, -0.798490,
	-0.299471, 0.930039, 0.212944,
	0.740287, 0.367297, -0.563088
$Cargo 1:  XSTR("Nothing", 3335)
+Initial Velocity: 33
+Initial Hull: 100
+Initial Shields: 100
+Subsystem: Pilot
$Arrival Location: Hyperspace
$Arrival Cue: ( true ) 
$Departure Location: Hyperspace
$Departure Cue: ( false ) 
$Determination: 10
+Flags: ( "cargo-known" "no-shields" "stealth" )
+Flags2: ( )
+Respawn priority: 0
+Group: 0
+Use Table Score:
+Score: 1

$Name: Debris Chunk 2 241		;! Object #14
$Display Name: XSTR("Debris Chunk 2 241", 3843)
$Class: Debris Chunk 2
$Team: Surrendered
$Location: -1946.566895, 481.172974, 12770.555664
$Orientation:
	-0.367671, -0.010989, 0.929891,
	0.337829, 0.930039, 0.144566,
	-0.866423, 0.367297, -0.338236
$Cargo 1:  XSTR("Nothing", 3335)
+Initial Velocity: 33
+Initial Hull: 100
+Initial Shields: 100
+Subsystem: Pilot
$Arrival Location: Hyperspace
$Arrival Cue: ( true ) 
$Departure Location: Hyperspace
$Departure Cue: ( false ) 
$Determination: 10
+Flags: ( "cargo-known" "no-shields" "stealth" )
+Flags2: ( )
+Respawn priority: 0
+Group: 0
+Use Table Score:
+Score: 1

$Name: Debris Chunk 1 242		;! Object #15
$Display Name: XSTR("Debris Chunk 1 242", 3844)
$Class: Debris Chunk 1
$Team: Surrendered
$Location: -2130.005371, -405.380981, 6925.437012
$Orientation:
	0.708104, -0.010990, -0.706022,
	-0.252113, 0.930039, -0.267333,
	0.659566, 0.367297, 0.655794
$Cargo 1:  XSTR("Nothing", 3335)
+Initial Velocity: 33
+Initial Hull: 100
+Initial Shields: 100
+Subsystem: Pilot
$Arrival Location: Hyperspace
$Arrival Cue: ( true ) 
$Departure Location: Hyperspace
$Departure Cue: ( false ) 
$Determination: 10
+Flags: ( "cargo-known" "no-shields" "stealth" )
+Flags2: ( )
+Respawn priority: 0
+Group: 0
+Use Table Score:
+Score: 1

$Name: Debris Chunk 4 243		;! Object #16
$Display Name: XSTR("Debris Chunk 4 243", 3845)
$Class: Debris Chunk 4
$Team: Surrendered
$Location: -3164.294434, -209.563843, 12705.232422
$Orientation:
	-0.618313, -0.010989, 0.785855,
	0.282357, 0.930039, 0.235164,
	-0.733460, 0.367297, -0.571952
$Cargo 1:  XSTR("Nothing", 3335)
+Initial Velocity: 33
+Initial Hull: 100
+Initial Shields: 100
+Subsystem: Pilot
$Arrival Location: Hyperspace
$Arrival Cue: ( true ) 
$Departure Location: Hyperspace
$Departure Cue: ( false ) 
$Determination: 10
+Flags: ( "cargo-known" "no-shields" "stealth" )
+Flags2: ( )
+Respawn priority: 0
+Group: 0
+Use Table Score:
+Score: 1

$Name: Debris Chunk 3 244		;! Object #17
$Display Name: XSTR("Debris Chunk 3 244", 3846)
$Class: Debris Chunk 3
$Team: Surrendered
$Location: -2654.257324, 782.787476, 11852.193359
$Orientation:
	-0.977023, -0.010989, -0.212850,
	-0.088175, 0.930039, 0.356725,
	0.194039, 0.367297, -0.909638
$Cargo 1:  XSTR("Nothing", 3335)
+Initial Velocity: 33
+Initial Hull: 100
+Initial Shields: 100
+Subsystem: Pilot
$Arrival Location: Hyperspace
$Arrival Cue: ( true ) 
$Departure Location: Hyperspace
$Departure Cue: ( false ) 
$Determination: 10
+Flags: ( "cargo-known" "no-shields" "stealth" )
+Flags2: ( )
+Respawn priority: 0
+Group: 0
+Use Table Score:
+Score: 1

$Name: Debris Chunk 7 245		;! Object #18
$Display Name: XSTR("Debris Chunk 7 245", 3847)
$Class: Debris Chunk 7
$Team: Surrendered
$Location: -1150.939453, -1066.141357, 9064.443359
$Orientation:
	-0.973798, -0.010989, -0.227148,
	-0.093394, 0.930039, 0.355395,
	0.207351, 0.367297, -0.906697
$Cargo 1:  XSTR("Nothing", 3335)
+Initial Velocity: 33
+Initial Hull: 100
+Initial Shields: 100
+Subsystem: Pilot
$Arrival Location: Hyperspace
$Arrival Cue: ( true ) 
$Departure Location: Hyperspace
$Departure Cue: ( false ) 
$Determination: 10
+Flags: ( "cargo-known" "no-shields" "stealth" )
+Flags2: ( )
+Respawn priority: 0
+Group: 0
+Use Table Score:
+Score: 1

$Name: Debris Chunk 8 246		;! Object #19
$Display Name: XSTR("Debris Chunk 8 246", 3848)
$Class: Debris Chunk 8
$Team: Surrendered
$Location: -1809.390015, -828.100708, 10491.141602
$Orientation:
	-0.973798, -0.010989, -0.227148,
	-0.093394, 0.930039, 0.355395,
	0.207351, 0.367297, -0.906697
$Cargo 1:  XSTR("Nothing", 3335)
+Initial Velocity: 33
+Initial Hull: 100
+Initial Shields: 100
+Subsystem: Pilot
$Arrival Location: Hyperspace
$Arrival Cue: ( true ) 
$Departure Location: Hyperspace
$Departure Cue: ( false ) 
$Determination: 10
+Flags: ( "cargo-known" "no-shields" "stealth" )
+Flags2: ( )
+Respawn priority: 0
+Group: 0
+Use Table Score:
+Score: 1

$Name: Debris Chunk 9 247		;! Object #20
$Display Name: XSTR("Debris Chunk 9 247", 3849)
$Class: Debris Chunk 9
$Team: Surrendered
$Location: -2835.491943, -1179.362061, 9815.179688
$Orientation:
	-0.973798, -0.010989, -0.227148,
	-0.093394, 0.930039, 0.355395,
	0.207351, 0.367297, -0.906697
$Cargo 1:  XSTR("Nothing", 3335)
+Initial Velocity: 33
+Initial Hull: 100
+Initial Shields: 100
+Subsystem: Pilot
$Arrival Location: Hyperspace
$Arrival Cue: ( true ) 
$Departure Location: Hyperspace
$Departure Cue: ( false ) 
$Determination: 10
+Flags: ( "cargo-known" "no-shields" "stealth" )
+Flags2: ( )
+Respawn priority: 0
+Group: 0
+Use Table Score:
+Score: 1

$Name: Debris Chunk 10 248		;! Object #21
$Display Name: XSTR("Debris Chunk 10 248", 3850)
$Class: Debris Chunk 10
$Team: Surrendered
$Location: -1255.779297, -94.854614, 8977.412109
$Orientation:
	-0.973798, -0.010989, -0.227148,
	-0.093394, 0.930039, 0.355395,
	0.207351, 0.367297, -0.906697
$Cargo 1:  XSTR("Nothing", 3335)
+Initial Velocity: 33
+Initial Hull: 100
+Initial Shields: 100
+Subsystem: Pilot
$Arrival Location: Hyperspace
$Arrival Cue: ( true ) 
$Departure Location: Hyperspace
$Departure Cue: ( false ) 
$Determination: 10
+Flags: ( "cargo-known" "no-shields" "stealth" )
+Flags2: ( )
+Respawn priority: 0
+Group: 0
+Use Table Score:
+Score: 1

$Name: Debris Chunk 11 249		;! Object #22
$Display Name: XSTR("Debris Chunk 11 249", 3851)
$Class: Debris Chunk 11
$Team: Surrendered
$Location: -2488.725098, -1989.320313, 15356.096680
$Orientation:
	-0.973798, -0.010989, -0.227148,
	-0.093394, 0.930039, 0.355395,
	0.207351, 0.367297, -0.906697
$Cargo 1:  XSTR("Nothing", 3335)
+Initial Velocity: 33
+Initial Hull: 100
+Initial Shields: 100
+Subsystem: Pilot
$Arrival Location: Hyperspace
$Arrival Cue: ( true ) 
$Departure Location: Hyperspace
$Departure Cue: ( false ) 
$Determination: 10
+Flags: ( "cargo-known" "no-shields" "stealth" )
+Flags2: ( )
+Respawn priority: 0
+Group: 0
+Use Table Score:
+Score: 1

$Name: Debris Chunk 7 250		;! Object #23
$Display Name: XSTR("Debris Chunk 7 250", 3852)
$Class: Debris Chunk 7
$Team: Surrendered
$Location: -1992.999512, -1192.296143, 8696.839844
$Orientation:
	0.225323, -0.010989, 0.974222,
	0.360175, 0.930039, -0.072813,
	-0.905264, 0.367297, 0.213517
$Cargo 1:  XSTR("Nothing", 3335)
+Initial Velocity: 33
+Initial Hull: 100
+Initial Shields: 100
+Subsystem: Pilot
$Arrival Location: Hyperspace
$Arrival Cue: ( true ) 
$Departure Location: Hyperspace
$Departure Cue: ( false ) 
$Determination: 10
+Flags: ( "cargo-known" "no-shields" "stealth" )
+Flags2: ( )
+Respawn priority: 0
+Group: 0
+Use Table Score:
+Score: 1

$Name: Debris Chunk 8 251		;! Object #24
$Display Name: XSTR("Debris Chunk 8 251", 3853)
$Class: Debris Chunk 8
$Team: Surrendered
$Location: -1495.558594, 137.316895, 9411.417969
$Orientation:
	0.225323, -0.010989, 0.974222,
	0.360175, 0.930039, -0.072813,
	-0.905264, 0.367297, 0.213517
$Cargo 1:  XSTR("Nothing", 3335)
+Initial Velocity: 33
+Initial Hull: 100
+Initial Shields: 100
+Subsystem: Pilot
$Arrival Location: Hyperspace
$Arrival Cue: ( true ) 
$Departure Location: Hyperspace
$Departure Cue: ( false ) 
$Determination: 10
+Flags: ( "cargo-known" "no-shields" "stealth" )
+Flags2: ( )
+Respawn priority: 0
+Group: 0
+Use Table Score:
+Score: 1

$Name: Debris Chunk 9 252		;! Object #25
$Display Name: XSTR("Debris Chunk 9 252", 3854)
$Class: Debris Chunk 9
$Team: Surrendered
$Location: -1892.272949, -238.171082, 9302.399414
$Orientation:
	0.225323, -0.010989, 0.974222,
	0.360175, 0.930039, -0.072813,
	-0.905264, 0.367297, 0.213517
$Cargo 1:  XSTR("Nothing", 3335)
+Initial Velocity: 33
+Initial Hull: 100
+Initial Shields: 100
+Subsystem: Pilot
$Arrival Location: Hyperspace
$Arrival Cue: ( true ) 
$Departure Location: Hyperspace
$Departure Cue: ( false ) 
$Determination: 10
+Flags: ( "cargo-known" "no-shields" "stealth" )
+Flags2: ( )
+Respawn priority: 0
+Group: 0
+Use Table Score:
+Score: 1

$Name: Debris Chunk 10 253		;! Object #26
$Display Name: XSTR("Debris Chunk 10 253", 3855)
$Class: Debris Chunk 10
$Team: Surrendered
$Location: -2573.098145, -1217.200562, 14691.676758
$Orientation:
	0.225323, -0.010989, 0.974222,
	0.360175, 0.930039, -0.072813,
	-0.905264, 0.367297, 0.213517
$Cargo 1:  XSTR("Nothing", 3335)
+Initial Velocity: 33
+Initial Hull: 100
+Initial Shields: 100
+Subsystem: Pilot
$Arrival Location: Hyperspace
$Arrival Cue: ( true ) 
$Departure Location: Hyperspace
$Departure Cue: ( false ) 
$Determination: 10
+Flags: ( "cargo-known" "no-shields" "stealth" )
+Flags2: ( )
+Respawn priority: 0
+Group: 0
+Use Table Score:
+Score: 1

$Name: Debris Chunk 11 254		;! Object #27
$Display Name: XSTR("Debris Chunk 11 254", 3856)
$Class: Derelict 2
$Team: Surrendered
$Location: -962.980103, -182.551132, 12092.320313
$Orientation:
	0.225323, -0.010989, 0.974222,
	0.360175, 0.930039, -0.072813,
	-0.905264, 0.367297, 0.213517
$Cargo 1:  XSTR("Nothing", 3335)
+Initial Hull: 100
+Initial Shields: 100
+Subsystem: Pilot
$Arrival Location: Hyperspace
$Arrival Cue: ( true ) 
$Departure Location: Hyperspace
$Departure Cue: ( false ) 
$Determination: 10
+Flags: ( "cargo-known" "no-shields" "stealth" )
+Flags2: ( )
+Respawn priority: 0
+Group: 0
+Use Table Score:
+Score: 1

$Name: Debris Chunk 14 255		;! Object #28
$Display Name: XSTR("Debris Chunk 14 255", 3857)
$Class: Debris Chunk 14
$Team: Surrendered
$Location: -1845.411499, 1221.098633, 10267.333984
$Orientation:
	0.225323, -0.010989, 0.974222,
	0.360175, 0.930039, -0.072813,
	-0.905264, 0.367297, 0.213517
$Cargo 1:  XSTR("Nothing", 3335)
+Initial Velocity: 33
+Initial Hull: 100
+Initial Shields: 100
+Subsystem: Pilot
$Arrival Location: Hyperspace
$Arrival Cue: ( true ) 
$Departure Location: Hyperspace
$Departure Cue: ( false ) 
$Determination: 10
+Flags: ( "cargo-known" "no-shields" "stealth" )
+Flags2: ( )
+Respawn priority: 0
+Group: 0
+Use Table Score:
+Score: 1

$Name: Debris Chunk 7 256		;! Object #29
$Display Name: XSTR("Debris Chunk 7 256", 3858)
$Class: Debris Chunk 7
$Team: Surrendered
$Location: -2371.877441, -1024.732056, 15525.984375
$Orientation:
	0.871467, -0.010989, -0.490331,
	-0.171211, 0.930039, -0.325138,
	0.459599, 0.367297, 0.808617
$Cargo 1:  XSTR("Nothing", 3335)
+Initial Velocity: 33
+Initial Hull: 100
+Initial Shields: 100
+Subsystem: Pilot
$Arrival Location: Hyperspace
$Arrival Cue: ( true ) 
$Departure Location: Hyperspace
$Departure Cue: ( false ) 
$Determination: 10
+Flags: ( "cargo-known" "no-shields" "stealth" )
+Flags2: ( )
+Respawn priority: 0
+Group: 0
+Use Table Score:
+Score: 1

$Name: Debris Chunk 8 257		;! Object #30
$Display Name: XSTR("Debris Chunk 8 257", 3859)
$Class: Debris Chunk 8
$Team: Surrendered
$Location: -769.775635, 418.453064, 8527.674805
$Orientation:
	0.871467, -0.010989, -0.490331,
	-0.171211, 0.930039, -0.325138,
	0.459599, 0.367297, 0.808617
$Cargo 1:  XSTR("Nothing", 3335)
+Initial Velocity: 33
+Initial Hull: 100
+Initial Shields: 100
+Subsystem: Pilot
$Arrival Location: Hyperspace
$Arrival Cue: ( true ) 
$Departure Location: Hyperspace
$Departure Cue: ( false ) 
$Determination: 10
+Flags: ( "cargo-known" "no-shields" "stealth" )
+Flags2: ( )
+Respawn priority: 0
+Group: 0
+Use Table Score:
+Score: 1

$Name: Debris Chunk 9 258		;! Object #31
$Display Name: XSTR("Debris Chunk 9 258", 3860)
$Class: Debris Chunk 9
$Team: Surrendered
$Location: -982.833984, -96.004456, 8542.566406
$Orientation:
	0.871467, -0.010989, -0.490331,
	-0.171211, 0.930039, -0.325138,
	0.459599, 0.367297, 0.808617
$Cargo 1:  XSTR("Nothing", 3335)
+Initial Velocity: 33
+Initial Hull: 100
+Initial Shields: 100
+Subsystem: Pilot
$Arrival Location: Hyperspace
$Arrival Cue: ( true ) 
$Departure Location: Hyperspace
$Departure Cue: ( false ) 
$Determination: 10
+Flags: ( "cargo-known" "no-shields" "stealth" )
+Flags2: ( )
+Respawn priority: 0
+Group: 0
+Use Table Score:
+Score: 1

$Name: Debris Chunk 10 259		;! Object #32
$Display Name: XSTR("Debris Chunk 10 259", 3861)
$Class: Debris Chunk 10
$Team: Surrendered
$Location: -1712.615479, -663.430786, 16155.951172
$Orientation:
	0.871467, -0.010989, -0.490331,
	-0.171211, 0.930039, -0.325138,
	0.459599, 0.367297, 0.808617
$Cargo 1:  XSTR("Nothing", 3335)
+Initial Velocity: 33
+Initial Hull: 100
+Initial Shields: 100
+Subsystem: Pilot
$Arrival Location: Hyperspace
$Arrival Cue: ( true ) 
$Departure Location: Hyperspace
$Departure Cue: ( false ) 
$Determination: 10
+Flags: ( "cargo-known" "no-shields" "stealth" )
+Flags2: ( )
+Respawn priority: 0
+Group: 0
+Use Table Score:
+Score: 1

$Name: Debris Chunk 11 260		;! Object #33
$Display Name: XSTR("Debris Chunk 11 260", 3862)
$Class: Debris Chunk 11
$Team: Surrendered
$Location: -1497.593994, -1491.647461, 8661.875977
$Orientation:
	0.871467, -0.010989, -0.490331,
	-0.171211, 0.930039, -0.325138,
	0.459599, 0.367297, 0.808617
$Cargo 1:  XSTR("Nothing", 3335)
+Initial Velocity: 33
+Initial Hull: 100
+Initial Shields: 100
+Subsystem: Pilot
$Arrival Location: Hyperspace
$Arrival Cue: ( true ) 
$Departure Location: Hyperspace
$Departure Cue: ( false ) 
$Determination: 10
+Flags: ( "cargo-known" "no-shields" "stealth" )
+Flags2: ( )
+Respawn priority: 0
+Group: 0
+Use Table Score:
+Score: 1

$Name: Debris Chunk 14 261		;! Object #34
$Display Name: XSTR("Debris Chunk 14 261", 3863)
$Class: Debris Chunk 14
$Team: Surrendered
$Location: -1225.458984, 1279.672974, 7488.338379
$Orientation:
	0.871467, -0.010989, -0.490331,
	-0.171211, 0.930039, -0.325138,
	0.459599, 0.367297, 0.808617
$Cargo 1:  XSTR("Nothing", 3335)
+Initial Velocity: 33
+Initial Hull: 100
+Initial Shields: 100
+Subsystem: Pilot
$Arrival Location: Hyperspace
$Arrival Cue: ( true ) 
$Departure Location: Hyperspace
$Departure Cue: ( false ) 
$Determination: 10
+Flags: ( "cargo-known" "no-shields" "stealth" )
+Flags2: ( )
+Respawn priority: 0
+Group: 0
+Use Table Score:
+Score: 1

$Name: Debris Chunk 7 262		;! Object #35
$Display Name: XSTR("Debris Chunk 7 262", 3864)
$Class: Debris Chunk 7
$Team: Surrendered
$Location: -2084.511230, 1610.803467, 10284.464844
$Orientation:
	-0.787724, -0.010989, 0.615931,
	0.218205, 0.930039, 0.295659,
	-0.576088, 0.367297, -0.730216
$Cargo 1:  XSTR("Nothing", 3335)
+Initial Velocity: 33
+Initial Hull: 100
+Initial Shields: 100
+Subsystem: Pilot
$Arrival Location: Hyperspace
$Arrival Cue: ( true ) 
$Departure Location: Hyperspace
$Departure Cue: ( false ) 
$Determination: 10
+Flags: ( "cargo-known" "no-shields" "stealth" )
+Flags2: ( )
+Respawn priority: 0
+Group: 0
+Use Table Score:
+Score: 1

$Name: Debris Chunk 8 263		;! Object #36
$Display Name: XSTR("Debris Chunk 8 263", 3865)
$Class: Debris Chunk 8
$Team: Surrendered
$Location: -1380.869141, 811.006165, 11463.802734
$Orientation:
	-0.787724, -0.010989, 0.615931,
	0.218205, 0.930039, 0.295659,
	-0.576088, 0.367297, -0.730216
$Cargo 1:  XSTR("Nothing", 3335)
+Initial Velocity: 33
+Initial Hull: 100
+Initial Shields: 100
+Subsystem: Pilot
$Arrival Location: Hyperspace
$Arrival Cue: ( true ) 
$Departure Location: Hyperspace
$Departure Cue: ( false ) 
$Determination: 10
+Flags: ( "cargo-known" "no-shields" "stealth" )
+Flags2: ( )
+Respawn priority: 0
+Group: 0
+Use Table Score:
+Score: 1

$Name: Debris Chunk 9 264		;! Object #37
$Display Name: XSTR("Debris Chunk 9 264", 3866)
$Class: Debris Chunk 9
$Team: Surrendered
$Location: -1838.513184, 989.235718, 11201.117188
$Orientation:
	-0.787724, -0.010989, 0.615931,
	0.218205, 0.930039, 0.295659,
	-0.576088, 0.367297, -0.730216
$Cargo 1:  XSTR("Nothing", 3335)
+Initial Velocity: 33
+Initial Hull: 100
+Initial Shields: 100
+Subsystem: Pilot
$Arrival Location: Hyperspace
$Arrival Cue: ( true ) 
$Departure Location: Hyperspace
$Departure Cue: ( false ) 
$Determination: 10
+Flags: ( "cargo-known" "no-shields" "stealth" )
+Flags2: ( )
+Respawn priority: 0
+Group: 0
+Use Table Score:
+Score: 1

$Name: Debris Chunk 10 265		;! Object #38
$Display Name: XSTR("Debris Chunk 10 265", 3867)
$Class: Debris Chunk 10
$Team: Surrendered
$Location: -1161.642578, 1795.100098, 10008.070313
$Orientation:
	-0.787724, -0.010989, 0.615931,
	0.218205, 0.930039, 0.295659,
	-0.576088, 0.367297, -0.730216
$Cargo 1:  XSTR("Nothing", 3335)
+Initial Velocity: 33
+Initial Hull: 100
+Initial Shields: 100
+Subsystem: Pilot
$Arrival Location: Hyperspace
$Arrival Cue: ( true ) 
$Departure Location: Hyperspace
$Departure Cue: ( false ) 
$Determination: 10
+Flags: ( "cargo-known" "no-shields" "stealth" )
+Flags2: ( )
+Respawn priority: 0
+Group: 0
+Use Table Score:
+Score: 1

$Name: Debris Chunk 11 266		;! Object #39
$Display Name: XSTR("Debris Chunk 11 266", 3868)
$Class: Debris Chunk 11
$Team: Surrendered
$Location: -877.666016, 1511.371948, 15041.044922
$Orientation:
	-0.787724, -0.010989, 0.615931,
	0.218205, 0.930039, 0.295659,
	-0.576088, 0.367297, -0.730216
$Cargo 1:  XSTR("Nothing", 3335)
+Initial Velocity: 33
+Initial Hull: 100
+Initial Shields: 100
+Subsystem: Pilot
$Arrival Location: Hyperspace
$Arrival Cue: ( true ) 
$Departure Location: Hyperspace
$Departure Cue: ( false ) 
$Determination: 10
+Flags: ( "cargo-known" "no-shields" "stealth" )
+Flags2: ( )
+Respawn priority: 0
+Group: 0
+Use Table Score:
+Score: 1

$Name: Debris Chunk 13 267		;! Object #40
$Display Name: XSTR("Debris Chunk 13 267", 3869)
$Class: Debris Chunk 13
$Team: Surrendered
$Location: -623.544617, 835.689819, 12605.061523
$Orientation:
	-0.787718, -0.010989, 0.615937,
	0.218208, 0.930039, 0.295657,
	-0.576095, 0.367297, -0.730211
$Cargo 1:  XSTR("Nothing", 3335)
+Initial Velocity: 33
+Initial Hull: 100
+Initial Shields: 100
+Subsystem: Pilot
$Arrival Location: Hyperspace
$Arrival Cue: ( true ) 
$Departure Location: Hyperspace
$Departure Cue: ( false ) 
$Determination: 10
+Flags: ( "cargo-known" "no-shields" "stealth" )
+Flags2: ( )
+Respawn priority: 0
+Group: 0
+Use Table Score:
+Score: 1

$Name: Debris Chunk 7 268		;! Object #41
$Display Name: XSTR("Debris Chunk 7 268", 3870)
$Class: Debris Chunk 7
$Team: Surrendered
$Location: -2562.515137, 1988.209839, 14276.613281
$Orientation:
	0.243096, -0.010989, 0.969940,
	0.358784, 0.930039, -0.079385,
	-0.901210, 0.367297, 0.230031
$Cargo 1:  XSTR("Nothing", 3335)
+Initial Velocity: 33
+Initial Hull: 100
+Initial Shields: 100
+Subsystem: Pilot
$Arrival Location: Hyperspace
$Arrival Cue: ( true ) 
$Departure Location: Hyperspace
$Departure Cue: ( false ) 
$Determination: 10
+Flags: ( "cargo-known" "no-shields" "stealth" )
+Flags2: ( )
+Respawn priority: 0
+Group: 0
+Use Table Score:
+Score: 1

$Name: Debris Chunk 8 269		;! Object #42
$Display Name: XSTR("Debris Chunk 8 269", 3871)
$Class: Debris Chunk 8
$Team: Surrendered
$Location: -787.252197, 1582.649292, 10346.373047
$Orientation:
	0.243096, -0.010989, 0.969940,
	0.358784, 0.930039, -0.079385,
	-0.901210, 0.367297, 0.230031
$Cargo 1:  XSTR("Nothing", 3335)
+Initial Velocity: 33
+Initial Hull: 100
+Initial Shields: 100
+Subsystem: Pilot
$Arrival Location: Hyperspace
$Arrival Cue: ( true ) 
$Departure Location: Hyperspace
$Departure Cue: ( false ) 
$Determination: 10
+Flags: ( "cargo-known" "no-shields" "stealth" )
+Flags2: ( )
+Respawn priority: 0
+Group: 0
+Use Table Score:
+Score: 1

$Name: Debris Chunk 9 270		;! Object #43
$Display Name: XSTR("Debris Chunk 9 270", 3872)
$Class: Debris Chunk 9
$Team: Surrendered
$Location: -1071.207031, 1873.702759, 10727.066406
$Orientation:
	0.243096, -0.010989, 0.969940,
	0.358784, 0.930039, -0.079385,
	-0.901210, 0.367297, 0.230031
$Cargo 1:  XSTR("Nothing", 3335)
+Initial Velocity: 33
+Initial Hull: 100
+Initial Shields: 100
+Subsystem: Pilot
$Arrival Location: Hyperspace
$Arrival Cue: ( true ) 
$Departure Location: Hyperspace
$Departure Cue: ( false ) 
$Determination: 10
+Flags: ( "cargo-known" "no-shields" "stealth" )
+Flags2: ( )
+Respawn priority: 0
+Group: 0
+Use Table Score:
+Score: 1

$Name: Debris Chunk 10 271		;! Object #44
$Display Name: XSTR("Debris Chunk 10 271", 3873)
$Class: Debris Chunk 10
$Team: Surrendered
$Location: -1961.022461, 2150.960938, 16214.698242
$Orientation:
	0.243096, -0.010989, 0.969940,
	0.358784, 0.930039, -0.079385,
	-0.901210, 0.367297, 0.230031
$Cargo 1:  XSTR("Nothing", 3335)
+Initial Velocity: 33
+Initial Hull: 100
+Initial Shields: 100
+Subsystem: Pilot
$Arrival Location: Hyperspace
$Arrival Cue: ( true ) 
$Departure Location: Hyperspace
$Departure Cue: ( false ) 
$Determination: 10
+Flags: ( "cargo-known" "no-shields" "stealth" )
+Flags2: ( )
+Respawn priority: 0
+Group: 0
+Use Table Score:
+Score: 1

$Name: Debris Chunk 14 272		;! Object #45
$Display Name: XSTR("Debris Chunk 14 272", 3874)
$Class: Debris Chunk 14
$Team: Surrendered
$Location: -984.897949, 1129.470459, 17053.843750
$Orientation:
	0.243096, -0.010989, 0.969940,
	0.358784, 0.930039, -0.079385,
	-0.901210, 0.367297, 0.230031
$Cargo 1:  XSTR("Nothing", 3335)
+Initial Velocity: 33
+Initial Hull: 100
+Initial Shields: 100
+Subsystem: Pilot
$Arrival Location: Hyperspace
$Arrival Cue: ( true ) 
$Departure Location: Hyperspace
$Departure Cue: ( false ) 
$Determination: 10
+Flags: ( "cargo-known" "no-shields" "stealth" )
+Flags2: ( )
+Respawn priority: 0
+Group: 0
+Use Table Score:
+Score: 1

$Name: Debris Chunk 7 273		;! Object #46
$Display Name: XSTR("Debris Chunk 7 273", 3875)
$Class: Debris Chunk 7
$Team: Surrendered
$Location: -2084.558105, 1358.755371, 10113.472656
$Orientation:
	0.917257, -0.010989, 0.398145,
	0.155631, 0.930039, -0.332877,
	-0.366632, 0.367297, 0.854795
$Cargo 1:  XSTR("Nothing", 3335)
+Initial Velocity: 33
+Initial Hull: 100
+Initial Shields: 100
+Subsystem: Pilot
$Arrival Location: Hyperspace
$Arrival Cue: ( true ) 
$Departure Location: Hyperspace
$Departure Cue: ( false ) 
$Determination: 10
+Flags: ( "cargo-known" "no-shields" "stealth" )
+Flags2: ( )
+Respawn priority: 0
+Group: 0
+Use Table Score:
+Score: 1

$Name: Debris Chunk 8 274		;! Object #47
$Display Name: XSTR("Debris Chunk 8 274", 3876)
$Class: Debris Chunk 8
$Team: Surrendered
$Location: -894.617188, 1924.239502, 9224.410156
$Orientation:
	0.917257, -0.010989, 0.398145,
	0.155631, 0.930039, -0.332877,
	-0.366632, 0.367297, 0.854795
$Cargo 1:  XSTR("Nothing", 3335)
+Initial Velocity: 33
+Initial Hull: 100
+Initial Shields: 100
+Subsystem: Pilot
$Arrival Location: Hyperspace
$Arrival Cue: ( true ) 
$Departure Location: Hyperspace
$Departure Cue: ( false ) 
$Determination: 10
+Flags: ( "cargo-known" "no-shields" "stealth" )
+Flags2: ( )
+Respawn priority: 0
+Group: 0
+Use Table Score:
+Score: 1

$Name: Debris Chunk 9 275		;! Object #48
$Display Name: XSTR("Debris Chunk 9 275", 3877)
$Class: Debris Chunk 9
$Team: Surrendered
$Location: -1326.015625, 2002.457886, 9568.070313
$Orientation:
	0.917257, -0.010989, 0.398145,
	0.155631, 0.930039, -0.332877,
	-0.366632, 0.367297, 0.854795
$Cargo 1:  XSTR("Nothing", 3335)
+Initial Velocity: 33
+Initial Hull: 100
+Initial Shields: 100
+Subsystem: Pilot
$Arrival Location: Hyperspace
$Arrival Cue: ( true ) 
$Departure Location: Hyperspace
$Departure Cue: ( false ) 
$Determination: 10
+Flags: ( "cargo-known" "no-shields" "stealth" )
+Flags2: ( )
+Respawn priority: 0
+Group: 0
+Use Table Score:
+Score: 1

$Name: Debris Chunk 10 276		;! Object #49
$Display Name: XSTR("Debris Chunk 10 276", 3878)
$Class: Debris Chunk 10
$Team: Surrendered
$Location: -1759.857788, 488.993958, 9796.883789
$Orientation:
	0.917257, -0.010989, 0.398145,
	0.155631, 0.930039, -0.332877,
	-0.366632, 0.367297, 0.854795
$Cargo 1:  XSTR("Nothing", 3335)
+Initial Velocity: 33
+Initial Hull: 100
+Initial Shields: 100
+Subsystem: Pilot
$Arrival Location: Hyperspace
$Arrival Cue: ( true ) 
$Departure Location: Hyperspace
$Departure Cue: ( false ) 
$Determination: 10
+Flags: ( "cargo-known" "no-shields" "stealth" )
+Flags2: ( )
+Respawn priority: 0
+Group: 0
+Use Table Score:
+Score: 1

$Name: Debris Chunk 11 277		;! Object #50
$Display Name: XSTR("Debris Chunk 11 277", 3879)
$Class: Debris Chunk 11
$Team: Surrendered
$Location: -365.693359, 2114.162598, 15100.078125
$Orientation:
	0.917257, -0.010989, 0.398145,
	0.155631, 0.930039, -0.332877,
	-0.366632, 0.367297, 0.854795
$Cargo 1:  XSTR("Nothing", 3335)
+Initial Velocity: 33
+Initial Hull: 100
+Initial Shields: 100
+Subsystem: Pilot
$Arrival Location: Hyperspace
$Arrival Cue: ( true ) 
$Departure Location: Hyperspace
$Departure Cue: ( false ) 
$Determination: 10
+Flags: ( "cargo-known" "no-shields" "stealth" )
+Flags2: ( )
+Respawn priority: 0
+Group: 0
+Use Table Score:
+Score: 1

$Name: Debris Chunk 14 278		;! Object #51
$Display Name: XSTR("Debris Chunk 14 278", 3880)
$Class: Debris Chunk 14
$Team: Surrendered
$Location: -205.758972, 3086.427734, 8772.682617
$Orientation:
	0.917257, -0.010989, 0.398145,
	0.155631, 0.930039, -0.332877,
	-0.366632, 0.367297, 0.854795
$Cargo 1:  XSTR("Nothing", 3335)
+Initial Velocity: 33
+Initial Hull: 100
+Initial Shields: 100
+Subsystem: Pilot
$Arrival Location: Hyperspace
$Arrival Cue: ( true ) 
$Departure Location: Hyperspace
$Departure Cue: ( false ) 
$Determination: 10
+Flags: ( "cargo-known" "no-shields" "stealth" )
+Flags2: ( )
+Respawn priority: 0
+Group: 0
+Use Table Score:
+Score: 1

$Name: Debris Chunk 7 279		;! Object #52
$Display Name: XSTR("Debris Chunk 7 279", 3881)
$Class: Debris Chunk 7
$Team: Surrendered
$Location: -4851.158203, -3031.444824, 8725.232422
$Orientation:
	-0.789624, -0.010989, 0.613492,
	0.217290, 0.930039, 0.296332,
	-0.573828, 0.367297, -0.731993
