#Mission Info

$Version: 0.10
$Name:  XSTR("Post Tenebrus", 5300)
$Author: Darius
$Created: 03/10/18 at 18:36:44
$Modified: 05/16/23 at 09:40:53
$Notes:
This is a FRED2_OPEN created mission.
$End Notes:

$Mission Desc:
 XSTR("Put mission description here
", 3291)
$end_multi_text
+Game Type Flags: 1
+Flags: 134480070
+NebAwacs: 300000.000000

+Storm: none

+Fog Near Mult: 7.000000

+Fog Far Mult: 10.000000

+Disallow Support: 1
+Hull Repair Ceiling: 95.000000
+Subsystem Repair Ceiling: 100.000000

+Viewer pos: -3136.561279, 1480.134399, 200.006454
+Viewer orient:
	0.871570, 0.000004, -0.490271,
	0.476727, 0.233418, 0.847495,
	0.114441, -0.972377, 0.203438


$Load Screen 1024: 2_LoadingBGM00

$Skybox Model: skybox_ringsys.pof
+Skybox Orientation:
	0.981627, 0.190809, 0.000000,
	-0.190809, 0.981627, 0.000000,
	0.000000, -0.000000, 1.000000

$AI Profile: Solaris

#Sexp_variables

$Variables:
(
		0		"playerview"		"1"		"number"		"save-on-mission-progress"
		1		"VNdone"		"0"		"number"
		2		"i18nVariable1"		"Sensor Picket"		"string"
		3		"i18nVariable2"		"Elam Navy"		"string"
		4		"i18nVariable3"		"Qahtadnan Navy"		"string"
		5		"i18nVariable4"		"#Artemis"		"string"
		6		"i18nVariable5"		"#Ramly"		"string"
		7		"i18nVariable6"		"#Euphrates"		"string"
		8		"i18nVariable7"		"#Punchy"		"string"
		9		"i18nVariable8"		"#Raptor"		"string"
		10		"i18nVariable9"		"#Ahab"		"string"
		11		"i18nVariable10"		"Nuclear Launcher"		"string"
		12		"i18nVariable11"		"Alpha"		"string"
		13		"i18nVariable12"		"Air Superiority"		"string"
		14		"i18nVariable13"		"Beta"		"string"
		15		"i18nVariable14"		"Gamma"		"string"
		16		"i18nVariable15"		"Heavy Intercept"		"string"
		17		"i18nVariable16"		"Delta"		"string"
		18		"i18nVariable17"		"Heavy Strike"		"string"
)

#Command Briefing

#Briefing
$start_briefing
$num_stages: 0
$end_briefing

#Debriefing_info

$Num stages: 2

$Formula: ( and 
   ( is-event-true-delay 
      "mission complete title" 
      0 
   )
   ( not 
      ( is-destroyed-delay 0 "Euphrates" ) 
   )
)
$Multi text
    XSTR("This is Rear Admiral Akrami.

The Sinarus Combine have suffered a comprehensive defeat. Task Force 55 has repelled the Excelsior battlegroup from Elam space and the capital system of Akkad remains secure. Our tactical and strategic superiority over our old rivals remains indisputable.

We suffered few hits, but each bruise will still be felt. The destroyers Chimera, Sigurd and the cruiser Fauchard were lost to enemy fire. The battlecruiser Heracles took critical damage and will be out of action for several weeks. Task Force 55 bore thousands of casualties and we will remember every one of them.

This battle was the opening shot of a new Great War. Border waystations have reported incoming high-intensity signals from Alphard and Actium. The Combine fleets have begun their attack on Morik.", 5301)
$end_multi_text
$Voice: 05-db1
$Recommendation text:
    XSTR("", 2690)
$end_multi_text

$Formula: ( and 
   ( is-event-true-delay 
      "mission complete title" 
      0 
   )
   ( is-destroyed-delay 0 "Euphrates" ) 
)
$Multi text
    XSTR("This is Rear Admiral Akrami.

The Sinarus Combine have suffered a comprehensive defeat. Task Force 55 has repelled the Excelsior battlegroup from Elam space and the capital system of Akkad remains secure. Our tactical and strategic superiority over our old rivals remains indisputable.

We suffered few hits, but each bruise will still be felt. The destroyers Chimera, Sigurd and the cruiser Fauchard were lost to enemy fire. The Euphrates was destroyed defending Durius Installation. The battlecruiser Heracles took critical damage and will be out of action for several weeks. Task Force 55 bore thousands of casualties and we will remember every one of them.

This battle was the opening shot of a new Great War. Border waystations have reported incoming high-intensity signals from Alphard and Actium. The Combine fleets have begun their attack on Morik.", 5302)
$end_multi_text
$Voice: 05-db2
$Recommendation text:
    XSTR("Mission successful.

Combine destroyer groups have a devastating alpha strike capability. Though difficult to counter, it is possible to minimise their effectiveness by rapidly striking their turrets.", 5303)
$end_multi_text


#Callsigns:
$Callsign: XSTR("Ahab", 3294)
$Callsign: XSTR("Raptor", 3295)
$Callsign: XSTR("Cook", 3296)
$Callsign: XSTR("Punchy", 3297)
$Callsign: XSTR("Scuttle", 5304)
$Callsign: XSTR("Catcher", 5305)
$Callsign: XSTR("Skippy", 5306)
$Callsign: XSTR("Mack", 5307)
$Callsign: XSTR("Razor", 5246)
$Callsign: XSTR("Ratpack", 5308)
$Callsign: XSTR("Akrami", 5309)

#end


#Players		;! 1 total

$Starting Shipname: Alpha 2
$Ship Choices: (
	"Hornet-class Striker"	1
	"Thunderbolt-class Interceptor"	1
	"Cobra-class Fighter"	1
	"Stalker-class Striker"	1
)

+Weaponry Pool: (
	"Vulcan"	1
	"Gattler"	5
	"Maxim"	6
)

#Objects		;! 86 total

$Name: Alpha 1		;! Object #0
$Display Name: XSTR("Alpha 1", 3299)
$Class: Viper-class Fighter
$Callsign: XSTR("Ahab", 3294)

$Team: Friendly
$Location: -2958.271729, 222.054443, 611.060364
$Orientation:
	0.999366, -0.000000, 0.035604,
	0.000000, 1.000000, 0.000000,
	-0.035604, 0.000000, 0.999366
$Cargo 1:  XSTR("Nothing", 3300)
+Initial Velocity: 100
+Initial Hull: 100
+Initial Shields: 100
+Subsystem: Pilot
$Arrival Location: Hyperspace
$Arrival Cue: ( false ) 
$Departure Location: Hyperspace
$Departure Cue: ( false ) 
$Determination: 10
+Flags: ( "cargo-known" "no-shields" )
+Flags2: ( "no-subspace-drive" "no-ets" "ship-locked" "weapons-locked" )
+Respawn priority: 0
+Orders Accepted List: ( "attack ship" "disable ship" "disarm ship" "guard ship" "ignore ship" "form on wing" "cover me" "attack any" "disable subsys" )
+Group: 0
+Use Table Score:
+Score: 10
+Persona Index: 14

$Name: Durius Installation		;! Object #1
$Display Name: XSTR("Durius Installation", 3301)
$Class: Commerce Hub
$Team: Friendly
$Location: -4044.793213, 345.015900, 3671.808594
$Orientation:
	1.000000, 0.000000, 0.000000,
	0.000000, 1.000000, 0.000000,
	0.000000, 0.000000, 1.000000
$Cargo 1:  XSTR("Nothing", 3300)
+Initial Hull: 100
+Initial Shields: 100
+Subsystem: Pilot
$Arrival Location: Hyperspace
$Arrival Cue: ( true ) 
$Departure Location: Hyperspace
$Departure Cue: ( false ) 
$Determination: 10
+Flags: ( "cargo-known" "protect-ship" "no-shields" "invulnerable" "stealth" "friendly-stealth-invisible" )
+Flags2: ( )
+Respawn priority: 0
+Group: 0
+Use Table Score:
+Score: 0

$Name: Alpha 2		;! Object #2
$Display Name: XSTR("Alpha 2", 3304)
$Class: Viper-class Fighter
$Callsign: XSTR("Razor", 5246)

$Team: Friendly
$Location: -3226.035889, 222.054214, 609.329895
$Orientation:
	0.999366, -0.000000, 0.035604,
	0.000000, 1.000000, 0.000000,
	-0.035604, 0.000000, 0.999366
$Cargo 1:  XSTR("Nothing", 3300)
+Initial Velocity: 100
+Initial Hull: 100
+Initial Shields: 100
+Subsystem: Pilot
$Arrival Location: Hyperspace
$Arrival Cue: ( false ) 
$Departure Location: Hyperspace
$Departure Cue: ( false ) 
$Determination: 10
+Flags: ( "cargo-known" "protect-ship" "no-shields" "player-start" )
+Flags2: ( "no-subspace-drive" "no-ets" )
+Respawn priority: 0
+Orders Accepted List: ( "attack ship" "disable ship" "disarm ship" "guard ship" "ignore ship" "form on wing" "cover me" "attack any" "disable subsys" )
+Group: 0
+Use Table Score:
+Score: 10
+Persona Index: 17

$Name: Artemis		;! Object #3
$Display Name: XSTR("Artemis", 3309)
$Class: Leander-class Cruiser
$Team: Friendly
$Location: -2553.967285, 245.296143, 3879.633789
$Orientation:
	-0.139373, -0.000207, -0.990240,
	-0.000000, 1.000000, -0.000209,
	0.990240, -0.000029, -0.139373
$Cargo 1:  XSTR("Nothing", 3300)
+Initial Hull: 100
+Initial Shields: 100
+Subsystem: Pilot
+Subsystem: turret01
+Subsystem: turret02
+Subsystem: turret07
+Subsystem: turret08
+Subsystem: turret09
+Subsystem: turret10
+Subsystem: turret11
+Subsystem: turret12
+Subsystem: turret13
+Subsystem: turret14
+Subsystem: turret15
+Subsystem: turret16
+Subsystem: turret17
+Subsystem: turret18
+Subsystem: turret19
+Subsystem: turret20
$Arrival Location: Hyperspace
$Arrival Cue: ( true ) 
$Departure Location: Hyperspace
$Departure Cue: ( false ) 
$Determination: 10
+Flags: ( "cargo-known" "no-shields" "escort" )
+Flags2: ( "no-ets" )
+Respawn priority: 0
+Escort priority: 50
+Group: 0
+Score: 10

$Name: Euphrates		;! Object #4
$Display Name: XSTR("Euphrates", 5176)
$Class: Constitution-class Destroyer
$Team: Friendly
$Location: -2068.811035, 463.237793, 2924.656250
$Orientation:
	-0.031483, 0.003410, -0.999498,
	-0.000067, 0.999994, 0.003414,
	0.999504, 0.000174, -0.031483
$Cargo 1:  XSTR("Nothing", 3300)
+Initial Hull: 100
+Initial Shields: 100
+Subsystem: Pilot
+Subsystem: turret01
+Subsystem: turret02
+Subsystem: turret03
+Subsystem: turret04
+Subsystem: turret05
+Subsystem: turret06
+Subsystem: turret07
+Subsystem: turret08
+Subsystem: turret09
+Subsystem: turret10
+Subsystem: turret11
+Subsystem: turret12
+Subsystem: turret13
$Arrival Location: Hyperspace
$Arrival Cue: ( true ) 
$Departure Location: Hyperspace
$Departure Cue: ( false ) 
$Determination: 10
+Flags: ( "cargo-known" "protect-ship" "no-shields" "escort" "missile-protect-ship" )
+Flags2: ( "no-ets" )
+Respawn priority: 0
+Escort priority: 40
+Group: 0
+Use Table Score:
+Score: 0

$Name: Beta 1		;! Object #5
$Display Name: XSTR("Beta 1", 3325)
$Class: Viper-class Fighter
$Callsign: XSTR("Raptor", 3295)

$Team: Friendly
$Location: -2972.978516, 222.054382, 462.013611
$Orientation:
	0.999366, -0.000000, 0.035604,
	0.000000, 1.000000, 0.000000,
	-0.035604, 0.000000, 0.999366
$Cargo 1:  XSTR("Nothing", 3300)
+Initial Velocity: 50
+Initial Hull: 100
+Initial Shields: 100
+Subsystem: Pilot
$Arrival Location: Hyperspace
$Arrival Cue: ( false ) 
$Departure Location: Hyperspace
$Departure Cue: ( false ) 
$Determination: 10
+Flags: ( "cargo-known" "no-shields" )
+Flags2: ( "no-subspace-drive" "no-ets" "ship-locked" "weapons-locked" )
+Respawn priority: 0
+Orders Accepted List: ( "attack ship" "disable ship" "disarm ship" "guard ship" "ignore ship" "form on wing" "cover me" "attack any" "disable subsys" )
+Group: 0
+Use Table Score:
+Score: 10
+Persona Index: 12

$Name: Excelsior		;! Object #6
$Display Name: XSTR("Excelsior", 5310)
$Class: Executrix-class Carrier
$Team: Hostile
$Location: 12521.400391, 221.800003, 4171.399902
$Orientation:
	-0.037539, 0.000000, 0.999295,
	-0.022057, 0.999756, -0.000829,
	-0.999052, -0.022073, -0.037530
$Cargo 1:  XSTR("Nothing", 3300)
+Initial Hull: 100
+Initial Shields: 100
+Subsystem: Pilot
+Subsystem: turret01
+Subsystem: turret03
+Subsystem: turret05
+Subsystem: turret06
+Subsystem: turret08
+Subsystem: turret11
+Subsystem: turret12
+Subsystem: turret15
+Subsystem: turret16
+Subsystem: turret17
+Subsystem: turret18
+Subsystem: turret19
+Subsystem: turret20
+Subsystem: mturret01
+Subsystem: nturret01
$Arrival Location: Hyperspace
$Arrival Cue: ( true ) 
$Departure Location: Hyperspace
+Departure delay: 10
$Departure Cue: ( < ( hits-left "Excelsior" ) 20 ) 
$Determination: 10
+Flags: ( "no-shields" "escort" )
+Flags2: ( "no-ets" )
+Respawn priority: 0
+Escort priority: 10
+Group: 0
+Use Table Score:
+Score: 0

$Name: Beta 2		;! Object #7
$Display Name: XSTR("Beta 2", 3326)
$Class: Viper-class Fighter
$Callsign: XSTR("Punchy", 3297)

$Team: Friendly
$Location: -3240.742676, 222.054153, 460.283142
$Orientation:
	0.999366, -0.000000, 0.035604,
	0.000000, 1.000000, 0.000000,
	-0.035604, 0.000000, 0.999366
$Cargo 1:  XSTR("Nothing", 3300)
+Initial Velocity: 50
+Initial Hull: 100
+Initial Shields: 100
+Subsystem: Pilot
$Arrival Location: Hyperspace
$Arrival Cue: ( false ) 
$Departure Location: Hyperspace
$Departure Cue: ( false ) 
$Determination: 10
+Flags: ( "cargo-known" "no-shields" )
+Flags2: ( "no-subspace-drive" "no-ets" "ship-locked" "weapons-locked" )
+Respawn priority: 0
+Orders Accepted List: ( "attack ship" "disable ship" "disarm ship" "guard ship" "ignore ship" "form on wing" "cover me" "attack any" "disable subsys" )
+Group: 0
+Use Table Score:
+Score: 10
+Persona Index: 13

$Name: Alpha 3		;! Object #8
$Display Name: XSTR("Alpha 3", 5179)
$Class: Viper-class Fighter
$Callsign: XSTR("Ratpack", 5308)

$Team: Friendly
$Location: -2718.610352, 222.054504, 612.682434
$Orientation:
	0.999366, -0.000000, 0.035604,
	0.000000, 1.000000, 0.000000,
	-0.035604, 0.000000, 0.999366
$Cargo 1:  XSTR("Nothing", 3300)
+Initial Velocity: 100
+Initial Hull: 100
+Initial Shields: 100
+Subsystem: Pilot
$Arrival Location: Hyperspace
$Arrival Cue: ( false ) 
$Departure Location: Hyperspace
$Departure Cue: ( false ) 
$Determination: 10
+Flags: ( "cargo-known" "no-shields" )
+Flags2: ( "no-subspace-drive" "always-death-scream" "no-ets" "ship-locked" "weapons-locked" )
+Respawn priority: 0
+Orders Accepted List: ( "attack ship" "disable ship" "disarm ship" "guard ship" "ignore ship" "form on wing" "cover me" "attack any" "disable subsys" )
+Group: 0
+Use Table Score:
+Score: 10
+Persona Index: 9

$Name: Beta 3		;! Object #9
$Display Name: XSTR("Beta 3", 5180)
$Class: Viper-class Fighter
$Callsign: XSTR("Scuttle", 5304)

$Team: Friendly
$Location: -2736.248047, 222.054428, 466.153809
$Orientation:
	0.999366, -0.000000, 0.035604,
	0.000000, 1.000000, 0.000000,
	-0.035604, 0.000000, 0.999366
$Cargo 1:  XSTR("Nothing", 3300)
+Initial Velocity: 50
+Initial Hull: 100
+Initial Shields: 100
+Subsystem: Pilot
$Arrival Location: Hyperspace
$Arrival Cue: ( false ) 
$Departure Location: Hyperspace
$Departure Cue: ( false ) 
$Determination: 10
+Flags: ( "cargo-known" "no-shields" )
+Flags2: ( "no-subspace-drive" "no-ets" "ship-locked" "weapons-locked" )
+Respawn priority: 0
+Orders Accepted List: ( "attack ship" "disable ship" "disarm ship" "guard ship" "ignore ship" "form on wing" "cover me" "attack any" "disable subsys" )
+Group: 0
+Use Table Score:
+Score: 10
+Persona Index: 4

$Name: Cancer 1		;! Object #10
$Display Name: XSTR("Cancer 1", 3449)
$Class: Interdictor-class Striker
$Team: Hostile
$Location: 7092.519531, 4.237900, 3668.738037
$Orientation:
	0.033938, -0.000005, 0.999424,
	-0.004836, 0.999988, 0.000169,
	-0.999412, -0.004839, 0.033938
$Cargo 1:  XSTR("Nothing", 3300)
+Initial Hull: 100
+Initial Shields: 100
+Subsystem: Pilot
$Arrival Location: Hyperspace
$Arrival Cue: ( false ) 
$Departure Location: Hyperspace
$Departure Cue: ( false ) 
$Determination: 10
+Flags: ( "no-shields" )
+Flags2: ( "no-ets" )
+Respawn priority: 0
+Orders Accepted List: ( )
+Group: 0
+Use Table Score:
+Score: 10

$Name: Cancer 2		;! Object #11
$Display Name: XSTR("Cancer 2", 3450)
$Class: Interdictor-class Striker
$Team: Hostile
$Location: 7181.512695, 4.695130, 3563.383789
$Orientation:
	0.033938, -0.000005, 0.999424,
	-0.004836, 0.999988, 0.000169,
	-0.999412, -0.004839, 0.033938
$Cargo 1:  XSTR("Nothing", 3300)
+Initial Hull: 100
+Initial Shields: 100
+Subsystem: Pilot
$Arrival Location: Hyperspace
$Arrival Cue: ( false ) 
$Departure Location: Hyperspace
$Departure Cue: ( false ) 
$Determination: 10
+Flags: ( "no-shields" )
+Flags2: ( "no-ets" )
+Respawn priority: 0
+Orders Accepted List: ( )
+Group: 0
+Use Table Score:
+Score: 10

$Name: Cancer 3		;! Object #12
$Display Name: XSTR("Cancer 3", 3451)
$Class: Interdictor-class Striker
$Team: Hostile
$Location: 7175.060547, 4.627687, 3782.645508
$Orientation:
	0.033938, -0.000005, 0.999424,
	-0.004836, 0.999988, 0.000169,
	-0.999412, -0.004839, 0.033938
$Cargo 1:  XSTR("Nothing", 3300)
+Initial Hull: 100
+Initial Shields: 100
+Subsystem: Pilot
$Arrival Location: Hyperspace
$Arrival Cue: ( false ) 
$Departure Location: Hyperspace
$Departure Cue: ( false ) 
$Determination: 10
+Flags: ( "no-shields" )
+Flags2: ( "no-ets" )
+Respawn priority: 0
+Orders Accepted List: ( )
+Group: 0
+Use Table Score:
+Score: 10

$Name: Cancer 4		;! Object #13
$Display Name: XSTR("Cancer 4", 5311)
$Class: Interdictor-class Striker
$Team: Hostile
$Location: 7239.121094, 4.951202, 3674.972168
$Orientation:
	0.033938, -0.000005, 0.999424,
	-0.004836, 0.999988, 0.000169,
	-0.999412, -0.004839, 0.033938
$Cargo 1:  XSTR("Nothing", 3300)
+Initial Hull: 100
+Initial Shields: 100
+Subsystem: Pilot
$Arrival Location: Hyperspace
$Arrival Cue: ( false ) 
$Departure Location: Hyperspace
$Departure Cue: ( false ) 
$Determination: 10
+Flags: ( "no-shields" )
+Flags2: ( "no-ets" )
+Respawn priority: 0
+Orders Accepted List: ( )
+Group: 0
+Use Table Score:
+Score: 10

$Name: Draco 1		;! Object #14
$Display Name: XSTR("Draco 1", 3318)
$Class: Defender-class Fighter
$Team: Hostile
$Location: 10851.769531, 20.373489, 3871.101807
$Orientation:
	1.000000, 0.000000, 0.000000,
	0.000000, 1.000000, 0.000000,
	0.000000, 0.000000, 1.000000
$Cargo 1:  XSTR("Nothing", 3300)
+Initial Velocity: 33
+Initial Hull: 100
+Initial Shields: 100
+Subsystem: Pilot
$Arrival Location: Hyperspace
$Arrival Cue: ( false ) 
$Departure Location: Hyperspace
$Departure Cue: ( false ) 
$Determination: 10
+Flags: ( "no-shields" )
+Flags2: ( "no-ets" )
+Respawn priority: 0
+Orders Accepted List: ( )
+Group: 0
+Use Table Score:
+Score: 10

$Name: Draco 2		;! Object #15
$Display Name: XSTR("Draco 2", 3327)
$Class: Defender-class Fighter
$Team: Hostile
$Location: 10748.852539, 20.380737, 3780.604980
$Orientation:
	1.000000, 0.000000, 0.000000,
	0.000000, 1.000000, 0.000000,
	0.000000, 0.000000, 1.000000
$Cargo 1:  XSTR("Nothing", 3300)
+Initial Velocity: 33
+Initial Hull: 100
+Initial Shields: 100
+Subsystem: Pilot
$Arrival Location: Hyperspace
$Arrival Cue: ( false ) 
$Departure Location: Hyperspace
$Departure Cue: ( false ) 
$Determination: 10
+Flags: ( "no-shields" )
+Flags2: ( "no-ets" )
+Respawn priority: 0
+Orders Accepted List: ( )
+Group: 0
+Use Table Score:
+Score: 10

$Name: Draco 3		;! Object #16
$Display Name: XSTR("Draco 3", 3458)
$Class: Defender-class Fighter
$Team: Hostile
$Location: 10945.583984, 20.376511, 3789.572021
$Orientation:
	1.000000, 0.000000, 0.000000,
	0.000000, 1.000000, 0.000000,
	0.000000, 0.000000, 1.000000
$Cargo 1:  XSTR("Nothing", 3300)
+Initial Velocity: 33
+Initial Hull: 100
+Initial Shields: 100
+Subsystem: Pilot
$Arrival Location: Hyperspace
$Arrival Cue: ( false ) 
$Departure Location: Hyperspace
$Departure Cue: ( false ) 
$Determination: 10
+Flags: ( "no-shields" )
+Flags2: ( "no-ets" )
+Respawn priority: 0
+Orders Accepted List: ( )
+Group: 0
+Use Table Score:
+Score: 10

$Name: Draco 4		;! Object #17
$Display Name: XSTR("Draco 4", 5190)
$Class: Defender-class Fighter
$Team: Hostile
$Location: 10855.022461, 20.368805, 3716.367188
$Orientation:
	1.000000, 0.000000, 0.000000,
	0.000000, 1.000000, 0.000000,
	0.000000, 0.000000, 1.000000
$Cargo 1:  XSTR("Nothing", 3300)
+Initial Velocity: 33
+Initial Hull: 100
+Initial Shields: 100
+Subsystem: Pilot
$Arrival Location: Hyperspace
$Arrival Cue: ( false ) 
$Departure Location: Hyperspace
$Departure Cue: ( false ) 
$Determination: 10
+Flags: ( "no-shields" )
+Flags2: ( "no-ets" )
+Respawn priority: 0
+Orders Accepted List: ( )
+Group: 0
+Use Table Score:
+Score: 10

$Name: Majestic		;! Object #18
$Display Name: XSTR("Majestic", 5312)
$Class: Glory-class Destroyer
$Team: Hostile
$Location: 1967.715088, 805.203064, -3642.901855
$Orientation:
	0.999776, -0.000009, -0.021143,
	-0.000251, 0.999924, -0.012311,
	0.021142, 0.012314, 0.999701
$AI Goals: ( goals ( ai-waypoints "majestic attacks" 50 ) )
$Cargo 1:  XSTR("Nothing", 3300)
+Initial Hull: 100
+Initial Shields: 100
+Subsystem: Pilot
+Subsystem: turret01
+Subsystem: turret02
+Subsystem: turret03
+Subsystem: turret04
+Subsystem: turret06
+Subsystem: turret07
$Arrival Location: Hyperspace
$Arrival Cue: ( is-event-true-msecs-delay 
   "destroyer arrival cue" 
   0 
)
$Departure Location: Hyperspace
$Departure Cue: ( false ) 
$Determination: 10
+Flags: ( "no-shields" "escort" "missile-protect-ship" )
+Flags2: ( "no-ets" )
+Respawn priority: 0
+Escort priority: 0
+Group: 0
+Use Table Score:
+Score: 0

$Name: Independence		;! Object #19
$Display Name: XSTR("Independence", 5313)
$Class: Glory-class Destroyer
$Team: Hostile
$Location: 361.589813, 1071.866211, -682.421631
$Orientation:
	0.996851, 0.000013, -0.079297,
	0.001678, 0.999773, 0.021257,
	0.079279, -0.021323, 0.996624
$AI Goals: ( goals ( ai-waypoints "independence attacks" 50 ) )
$Cargo 1:  XSTR("Nothing", 3300)
+Initial Hull: 100
+Initial Shields: 100
+Subsystem: Pilot
+Subsystem: turret01
+Subsystem: turret02
+Subsystem: turret03
+Subsystem: turret04
+Subsystem: turret06
+Subsystem: turret07
$Arrival Location: Hyperspace
$Arrival Cue: ( is-event-true-msecs-delay 
   "destroyer arrival cue" 
   450 
)
$Departure Location: Hyperspace
$Departure Cue: ( false ) 
$Determination: 10
+Flags: ( "no-shields" "escort" "missile-protect-ship" )
+Flags2: ( "no-ets" )
+Respawn priority: 0
+Escort priority: 0
+Group: 0
+Use Table Score:
+Score: 0

$Name: Scorpio 1		;! Object #20
$Display Name: XSTR("Scorpio 1", 3337)
$Class: Defender-class Fighter
$Team: Hostile
$Location: 750.109009, 1361.061768, 2367.561035
$Orientation:
	0.830783, 0.000000, 0.556596,
	-0.000016, 1.000000, 0.000023,
	-0.556596, -0.000028, 0.830783
$Cargo 1:  XSTR("Nothing", 3300)
+Initial Velocity: 33
+Initial Hull: 100
+Initial Shields: 100
+Subsystem: Pilot
$Arrival Location: Hyperspace
$Arrival Cue: ( false ) 
$Departure Location: Hyperspace
$Departure Cue: ( false ) 
$Determination: 10
+Flags: ( "no-shields" "no-arrival-warp" )
+Flags2: ( "no-ets" )
+Respawn priority: 0
+Orders Accepted List: ( )
+Group: 0
+Use Table Score:
+Score: 10

$Name: Scorpio 2		;! Object #21
$Display Name: XSTR("Scorpio 2", 3338)
$Class: Defender-class Fighter
$Team: Hostile
$Location: 626.265503, 1339.819458, 2243.444092
$Orientation:
	0.830783, 0.000000, 0.556596,
	-0.000016, 1.000000, 0.000023,
	-0.556596, -0.000028, 0.830783
$Cargo 1:  XSTR("Nothing", 3300)
+Initial Velocity: 33
+Initial Hull: 100
+Initial Shields: 100
+Subsystem: Pilot
$Arrival Location: Hyperspace
$Arrival Cue: ( false ) 
$Departure Location: Hyperspace
$Departure Cue: ( false ) 
$Determination: 10
+Flags: ( "no-shields" "no-arrival-warp" )
+Flags2: ( "no-ets" )
+Respawn priority: 0
+Orders Accepted List: ( )
+Group: 0
+Use Table Score:
+Score: 10

$Name: Scorpio 3		;! Object #22
$Display Name: XSTR("Scorpio 3", 5314)
$Class: Defender-class Fighter
$Team: Hostile
$Location: 788.289429, 1361.067139, 2156.520508
$Orientation:
	0.830783, 0.000000, 0.556596,
	-0.000016, 1.000000, 0.000023,
	-0.556596, -0.000028, 0.830783
$Cargo 1:  XSTR("Nothing", 3300)
+Initial Velocity: 33
+Initial Hull: 100
+Initial Shields: 100
+Subsystem: Pilot
$Arrival Location: Hyperspace
$Arrival Cue: ( false ) 
$Departure Location: Hyperspace
$Departure Cue: ( false ) 
$Determination: 10
+Flags: ( "no-shields" "no-arrival-warp" )
+Flags2: ( "no-ets" )
+Respawn priority: 0
+Orders Accepted List: ( )
+Group: 0
+Use Table Score:
+Score: 10

$Name: Scorpio 4		;! Object #23
$Display Name: XSTR("Scorpio 4", 5315)
$Class: Defender-class Fighter
$Team: Hostile
$Location: 890.130859, 1361.065552, 2292.439941
$Orientation:
	0.830783, 0.000000, 0.556596,
	-0.000016, 1.000000, 0.000023,
	-0.556596, -0.000028, 0.830783
$Cargo 1:  XSTR("Nothing", 3300)
+Initial Velocity: 33
+Initial Hull: 100
+Initial Shields: 100
+Subsystem: Pilot
$Arrival Location: Hyperspace
$Arrival Cue: ( false ) 
$Departure Location: Hyperspace
$Departure Cue: ( false ) 
$Determination: 10
+Flags: ( "no-shields" "no-arrival-warp" )
+Flags2: ( "no-ets" )
+Respawn priority: 0
+Orders Accepted List: ( )
+Group: 0
+Use Table Score:
+Score: 10

$Name: Aquarius 1		;! Object #24
$Display Name: XSTR("Aquarius 1", 4785)
$Class: Raider-class Interceptor
$Team: Hostile
$Location: 7503.520996, 1361.070313, 5367.286621
$Orientation:
	-0.453018, 0.000000, 0.891501,
	0.000000, 1.000000, 0.000000,
	-0.891501, 0.000000, -0.453018
$Cargo 1:  XSTR("Nothing", 3300)
+Initial Hull: 100
+Initial Shields: 100
+Subsystem: Pilot
$Arrival Location: Hyperspace
$Arrival Cue: ( false ) 
$Departure Location: Hyperspace
$Departure Cue: ( false ) 
$Determination: 10
+Flags: ( "no-shields" )
+Flags2: ( "no-ets" )
+Respawn priority: 0
+Orders Accepted List: ( )
+Group: 0
+Use Table Score:
+Score: 10

$Name: Aquarius 2		;! Object #25
$Display Name: XSTR("Aquarius 2", 4786)
$Class: Raider-class Interceptor
$Team: Hostile
$Location: 7611.900879, 1361.070313, 5229.460938
$Orientation:
	-0.453018, 0.000000, 0.891501,
	0.000000, 1.000000, 0.000000,
	-0.891501, 0.000000, -0.453018
$Cargo 1:  XSTR("Nothing", 3300)
+Initial Hull: 100
+Initial Shields: 100
+Subsystem: Pilot
$Arrival Location: Hyperspace
$Arrival Cue: ( false ) 
$Departure Location: Hyperspace
$Departure Cue: ( false ) 
$Determination: 10
+Flags: ( "no-shields" )
+Flags2: ( "no-ets" )
+Respawn priority: 0
+Orders Accepted List: ( )
+Group: 0
+Use Table Score:
+Score: 10

$Name: Aquarius 3		;! Object #26
$Display Name: XSTR("Aquarius 3", 4787)
$Class: Raider-class Interceptor
$Team: Hostile
$Location: 7717.616211, 1361.070313, 5379.899414
$Orientation:
	-0.453018, 0.000000, 0.891501,
	0.000000, 1.000000, 0.000000,
	-0.891501, 0.000000, -0.453018
$Cargo 1:  XSTR("Nothing", 3300)
+Initial Hull: 100
+Initial Shields: 100
+Subsystem: Pilot
$Arrival Location: Hyperspace
$Arrival Cue: ( false ) 
$Departure Location: Hyperspace
$Departure Cue: ( false ) 
$Determination: 10
+Flags: ( "no-shields" )
+Flags2: ( "no-ets" )
+Respawn priority: 0
+Orders Accepted List: ( )
+Group: 0
+Use Table Score:
+Score: 10

$Name: Aquarius 4		;! Object #27
$Display Name: XSTR("Aquarius 4", 5182)
$Class: Raider-class Interceptor
$Team: Hostile
$Location: 7594.882813, 1361.070313, 5497.297852
$Orientation:
	-0.453018, 0.000000, 0.891501,
	0.000000, 1.000000, 0.000000,
	-0.891501, 0.000000, -0.453018
$Cargo 1:  XSTR("Nothing", 3300)
+Initial Hull: 100
+Initial Shields: 100
+Subsystem: Pilot
$Arrival Location: Hyperspace
$Arrival Cue: ( false ) 
$Departure Location: Hyperspace
$Departure Cue: ( false ) 
$Determination: 10
+Flags: ( "no-shields" )
+Flags2: ( "no-ets" )
+Respawn priority: 0
+Orders Accepted List: ( )
+Group: 0
+Use Table Score:
+Score: 10

$Name: Gamma 1		;! Object #28
$Display Name: XSTR("Gamma 1", 5256)
$Class: Rapier-class Fighter
$Callsign: XSTR("Catcher", 5305)

$Team: Friendly
$Location: -2821.145996, 265.588867, 244.469116
$Orientation:
	1.000000, 0.000000, 0.000000,
	0.000000, 1.000000, 0.000000,
	0.000000, 0.000000, 1.000000
$Cargo 1:  XSTR("Nothing", 3300)
+Initial Velocity: 100
+Initial Hull: 100
+Initial Shields: 100
+Subsystem: Pilot
$Arrival Location: Hyperspace
$Arrival Cue: ( false ) 
$Departure Location: Hyperspace
$Departure Cue: ( false ) 
$Determination: 10
+Flags: ( "cargo-known" "no-shields" )
+Flags2: ( "no-subspace-drive" "no-ets" "ship-locked" "weapons-locked" )
+Respawn priority: 0
+Orders Accepted List: ( "attack ship" "disable ship" "disarm ship" "guard ship" "ignore ship" "form on wing" "cover me" "attack any" "disable subsys" )
+Group: 0
+Use Table Score:
+Score: 10
+Persona Index: 6

$Name: Gamma 2		;! Object #29
$Display Name: XSTR("Gamma 2", 5257)
$Class: Rapier-class Fighter
$Callsign: XSTR("Skippy", 5306)

$Team: Friendly
$Location: -3010.504639, 265.588867, 253.221069
$Orientation:
	1.000000, 0.000000, 0.000000,
	0.000000, 1.000000, 0.000000,
	0.000000, 0.000000, 1.000000
$Cargo 1:  XSTR("Nothing", 3300)
+Initial Velocity: 100
+Initial Hull: 100
+Initial Shields: 100
+Subsystem: Pilot
$Arrival Location: Hyperspace
$Arrival Cue: ( false ) 
$Departure Location: Hyperspace
$Departure Cue: ( false ) 
$Determination: 10
+Flags: ( "cargo-known" "no-shields" )
+Flags2: ( "no-subspace-drive" "no-ets" "ship-locked" "weapons-locked" )
+Respawn priority: 0
+Orders Accepted List: ( "attack ship" "disable ship" "disarm ship" "guard ship" "ignore ship" "form on wing" "cover me" "attack any" "disable subsys" )
+Group: 0
+Use Table Score:
+Score: 10
+Persona Index: 5

$Name: Gamma 3		;! Object #30
$Display Name: XSTR("Gamma 3", 5316)
$Class: Rapier-class Fighter
$Callsign: XSTR("Mack", 5307)

$Team: Friendly
$Location: -3173.729492, 265.588867, 260.766113
$Orientation:
	1.000000, 0.000000, 0.000000,
	0.000000, 1.000000, 0.000000,
	0.000000, 0.000000, 1.000000
$Cargo 1:  XSTR("Nothing", 3300)
+Initial Velocity: 100
+Initial Hull: 100
+Initial Shields: 100
+Subsystem: Pilot
$Arrival Location: Hyperspace
$Arrival Cue: ( false ) 
$Departure Location: Hyperspace
$Departure Cue: ( false ) 
$Determination: 10
+Flags: ( "cargo-known" "no-shields" )
+Flags2: ( "no-subspace-drive" "no-ets" "ship-locked" "weapons-locked" )
+Respawn priority: 0
+Orders Accepted List: ( "attack ship" "disable ship" "disarm ship" "guard ship" "ignore ship" "form on wing" "cover me" "attack any" "disable subsys" )
+Group: 0
+Use Table Score:
+Score: 10
+Persona Index: 7

$Name: Dauntless		;! Object #31
$Display Name: XSTR("Dauntless", 5317)
$Class: Glory-class Destroyer
$Team: Hostile
$Location: 1115.269775, 746.028442, -2189.469482
$Orientation:
	0.999776, -0.000009, -0.021143,
	-0.000251, 0.999924, -0.012311,
	0.021142, 0.012314, 0.999701
$AI Goals: ( goals ( ai-waypoints "Dauntless attacks" 50 ) )
$Cargo 1:  XSTR("Nothing", 3300)
+Initial Hull: 100
+Initial Shields: 100
+Subsystem: Pilot
+Subsystem: turret01
+Subsystem: turret02
+Subsystem: turret03
+Subsystem: turret04
+Subsystem: turret06
+Subsystem: turret07
$Arrival Location: Hyperspace
$Arrival Cue: ( is-event-true-msecs-delay 
   "destroyer arrival cue" 
   0 
)
$Departure Location: Hyperspace
$Departure Cue: ( false ) 
$Determination: 10
+Flags: ( "cargo-known" "no-shields" "escort" "missile-protect-ship" )
+Flags2: ( "no-ets" )
+Respawn priority: 0
+Escort priority: 0
+Group: 0
+Use Table Score:
+Score: 0

$Name: Colossus		;! Object #32
$Display Name: XSTR("Colossus", 5318)
$Class: Vanguard-class Dreadnought
$Callsign: XSTR("Akrami", 5309)

$Team: Friendly
$Location: 11754.311523, -279.548401, 1460.703979
$Orientation:
	-0.009274, 0.000000, 0.999957,
	0.000007, 1.000000, 0.000000,
	-0.999957, 0.000007, -0.009274
$AI Goals: ( goals ( ai-waypoints-once "Colossus approach" 50 ) )
$Cargo 1:  XSTR("Nothing", 3300)
+Initial Velocity: 100
+Initial Hull: 100
+Initial Shields: 100
+Subsystem: Pilot
+Subsystem: turret01
+Subsystem: turret02
+Subsystem: turret03
+Subsystem: turret04
+Subsystem: turret05
+Subsystem: turret06
+Subsystem: turret07
+Subsystem: turret08
+Subsystem: turret09
+Subsystem: turret10
+Subsystem: turret11
+Subsystem: turret12
+Subsystem: turret13
+Subsystem: turret14
+Subsystem: turret16
+Subsystem: turret17
+Subsystem: turret20
+Subsystem: turret21
+Subsystem: turret22
+Subsystem: turret23
+Subsystem: turret26
+Subsystem: turret27
+Subsystem: nturret01
$Arrival Location: Hyperspace
+Arrival Delay: 375
$Arrival Cue: ( and 
   ( not 
      ( is-destroyed-delay 0 "Artemis" ) 
   )
   ( is-event-true-delay 
      "mission setup" 
      0 
   )
)
$Departure Location: Hyperspace
$Departure Cue: ( false ) 
$Determination: 10
+Flags: ( "cargo-known" "no-shields" "escort" )
+Flags2: ( "no-ets" )
+Respawn priority: 0
+Escort priority: 30
+Group: 0
+Use Table Score:
+Score: 0

$Name: Lyra 1		;! Object #33
$Display Name: XSTR("Lyra 1", 3314)
$Class: Retaliator-class Bomber
$Team: Hostile
$Location: 11136.561523, -18.032898, 4232.284668
$Orientation:
	1.000000, 0.000000, 0.000000,
	0.000000, 1.000000, 0.000000,
	0.000000, 0.000000, 1.000000
$Cargo 1:  XSTR("Nothing", 3300)
+Initial Velocity: 33
+Initial Hull: 100
+Initial Shields: 100
+Subsystem: Pilot
+Subsystem: turret01
+Subsystem: turret02
$Arrival Location: Hyperspace
$Arrival Cue: ( false ) 
$Departure Location: Hyperspace
$Departure Cue: ( false ) 
$Determination: 10
+Flags: ( "no-shields" "escort" )
+Flags2: ( "no-ets" )
+Respawn priority: 0
+Escort priority: 1
+Orders Accepted List: ( )
+Group: 0
+Use Table Score:
+Score: 10

$Name: Lyra 2		;! Object #34
$Display Name: XSTR("Lyra 2", 3328)
$Class: Retaliator-class Bomber
$Team: Hostile
$Location: 10923.534180, -18.040436, 4277.850586
$Orientation:
	1.000000, 0.000000, 0.000000,
	0.000000, 1.000000, 0.000000,
	0.000000, 0.000000, 1.000000
$Cargo 1:  XSTR("Nothing", 3300)
+Initial Velocity: 33
+Initial Hull: 100
+Initial Shields: 100
+Subsystem: Pilot
+Subsystem: turret01
+Subsystem: turret02
$Arrival Location: Hyperspace
$Arrival Cue: ( false ) 
$Departure Location: Hyperspace
$Departure Cue: ( false ) 
$Determination: 10
+Flags: ( "no-shields" "escort" )
+Flags2: ( "no-ets" )
+Respawn priority: 0
+Escort priority: 0
+Orders Accepted List: ( )
+Group: 0
+Use Table Score:
+Score: 10

$Name: Delta 1		;! Object #35
$Display Name: XSTR("Delta 1", 4874)
$Class: Hornet-class Striker
$Callsign: XSTR("Cook", 3296)

$Team: Friendly
$Location: -3370.018555, 0.000488, -347.406494
$Orientation:
	1.000000, 0.000000, 0.000000,
	0.000000, 1.000000, 0.000000,
	0.000000, 0.000000, 1.000000
$Cargo 1:  XSTR("Nothing", 3300)
+Initial Velocity: 33
+Initial Hull: 100
+Initial Shields: 100
+Subsystem: Pilot
$Arrival Location: Hyperspace
$Arrival Cue: ( false ) 
$Departure Location: Hyperspace
$Departure Cue: ( false ) 
$Determination: 10
+Flags: ( "cargo-known" "no-shields" )
+Flags2: ( "no-ets" )
+Respawn priority: 0
+Orders Accepted List: ( "attack ship" "disable ship" "disarm ship" "guard ship" "ignore ship" "form on wing" "cover me" "attack any" "disable subsys" )
+Group: 0
+Use Table Score:
+Score: 10
+Persona Index: 8

$Name: Delta 2		;! Object #36
$Display Name: XSTR("Delta 2", 4875)
$Class: Hornet-class Striker
$Team: Friendly
$Location: -3407.962158, 0.000610, -389.934937
$Orientation:
	1.000000, 0.000000, 0.000000,
	0.000000, 1.000000, 0.000000,
	0.000000, 0.000000, 1.000000
$Cargo 1:  XSTR("Nothing", 3300)
+Initial Velocity: 33
+Initial Hull: 100
+Initial Shields: 100
+Subsystem: Pilot
$Arrival Location: Hyperspace
$Arrival Cue: ( false ) 
$Departure Location: Hyperspace
$Departure Cue: ( false ) 
$Determination: 10
+Flags: ( "cargo-known" "no-shields" )
+Flags2: ( "no-ets" )
+Respawn priority: 0
+Orders Accepted List: ( "attack ship" "disable ship" "disarm ship" "guard ship" "ignore ship" "form on wing" "cover me" "attack any" "disable subsys" )
+Group: 0
+Use Table Score:
+Score: 10
+Persona Index: 5

$Name: Delta 3		;! Object #37
$Display Name: XSTR("Delta 3", 4876)
$Class: Hornet-class Striker
$Team: Friendly
$Location: -3314.317139, 0.000580, -396.197205
$Orientation:
	1.000000, 0.000000, 0.000000,
	0.000000, 1.000000, 0.000000,
	0.000000, 0.000000, 1.000000
$Cargo 1:  XSTR("Nothing", 3300)
+Initial Velocity: 33
+Initial Hull: 100
+Initial Shields: 100
+Subsystem: Pilot
$Arrival Location: Hyperspace
$Arrival Cue: ( false ) 
$Departure Location: Hyperspace
$Departure Cue: ( false ) 
$Determination: 10
+Flags: ( "cargo-known" "no-shields" )
+Flags2: ( "no-ets" )
+Respawn priority: 0
+Orders Accepted List: ( "attack ship" "disable ship" "disarm ship" "guard ship" "ignore ship" "form on wing" "cover me" "attack any" "disable subsys" )
+Group: 0
+Use Table Score:
+Score: 10
+Persona Index: 8

$Name: Scar Asteroid C 10		;! Object #38
$Display Name: XSTR("Scar Asteroid C 10", 3305)
$Class: Asteroid Field 3#Flat
$Team: Unknown
$Location: -3516.400635, 2602.973145, 13925.080078
$Orientation:
	-0.904381, -0.046684, 0.424165,
	0.313281, 0.602277, 0.734246,
	-0.289743, 0.796921, -0.530063
$Cargo 1:  XSTR("Nothing", 3300)
+Initial Hull: 100
+Initial Shields: 100
+Subsystem: Pilot
$Arrival Location: Hyperspace
$Arrival Cue: ( true ) 
$Departure Location: Hyperspace
$Departure Cue: ( false ) 
$Determination: 10
+Flags: ( "cargo-known" "no-shields" "invulnerable" "hidden-from-sensors" "stealth" "friendly-stealth-invisible" )
+Flags2: ( "primitive-sensors" "no-subspace-drive" )
+Respawn priority: 0
+Group: 0
+Use Table Score:
+Score: 10000

$Name: Scar Asteroid 11		;! Object #39
$Display Name: XSTR("Scar Asteroid 11", 3306)
$Class: Scar Asteroid
$Team: Unknown
$Location: -7758.441895, -173.730957, 14168.199219
$Orientation:
	-0.988520, 0.000000, -0.151088,
	0.000000, 1.000000, 0.000000,
	0.151088, 0.000000, -0.988520
$Cargo 1:  XSTR("Nothing", 3300)
+Initial Velocity: 33
+Initial Hull: 100
+Initial Shields: 100
+Subsystem: Pilot
$Arrival Location: Hyperspace
$Arrival Cue: ( true ) 
$Departure Location: Hyperspace
$Departure Cue: ( false ) 
$Determination: 10
+Flags: ( "cargo-known" "no-shields" "invulnerable" "hidden-from-sensors" "stealth" "friendly-stealth-invisible" )
+Flags2: ( "primitive-sensors" "no-subspace-drive" )
+Respawn priority: 0
+Group: 0
+Use Table Score:
+Score: 10000

$Name: AstLayer 12		;! Object #40
$Display Name: XSTR("AstLayer 12", 3307)
$Class: AstLayer
$Team: Neutral
$Location: 2.357422, -407.580688, -0.210938
$Orientation:
	0.999413, 0.000010, -0.034259,
	0.000000, 1.000000, 0.000292,
	0.034259, -0.000292, 0.999413
$Cargo 1:  XSTR("Nothing", 3300)
+Initial Velocity: 33
+Initial Shields: 100
+Subsystem: Pilot
$Arrival Location: Hyperspace
$Arrival Cue: ( true ) 
$Departure Location: Hyperspace
$Departure Cue: ( false ) 
$Determination: 10
+Flags: ( "cargo-known" "no-shields" "invulnerable" "hidden-from-sensors" "guardian" "stealth" "friendly-stealth-invisible" )
+Flags2: ( "primitive-sensors" "no-subspace-drive" "no_collide" )
+Respawn priority: 0
+Group: 0
+Use Table Score:
+Score: 0

$Name: Scar Asteroid C 12		;! Object #41
$Display Name: XSTR("Scar Asteroid C 12", 3310)
$Class: Scar Asteroid C
$Team: Unknown
$Location: -1031.468750, -6163.099121, 32617.564453
$Orientation:
	0.988519, 0.012146, -0.150611,
	0.047664, -0.970938, 0.234538,
	-0.143385, -0.239024, -0.960369
$Cargo 1:  XSTR("Nothing", 3300)
+Initial Velocity: 33
+Initial Hull: 100
+Initial Shields: 100
+Subsystem: Pilot
$Arrival Location: Hyperspace
$Arrival Cue: ( true ) 
$Departure Location: Hyperspace
$Departure Cue: ( false ) 
$Determination: 10
+Flags: ( "cargo-known" "no-shields" "invulnerable" "hidden-from-sensors" "stealth" "friendly-stealth-invisible" )
+Flags2: ( "primitive-sensors" "no-subspace-drive" )
+Respawn priority: 0
+Group: 0
+Use Table Score:
+Score: 10000

$Name: Scar Asteroid 13		;! Object #42
$Display Name: XSTR("Scar Asteroid 13", 3311)
$Class: Scar Asteroid
$Team: Unknown
$Location: 2014.998535, 1061.092285, 29250.927734
$Orientation:
	0.919379, -0.159374, 0.359642,
	-0.249401, -0.943174, 0.219597,
	0.304207, -0.291588, -0.906882
$Cargo 1:  XSTR("Nothing", 3300)
+Initial Velocity: 33
+Initial Hull: 100
+Initial Shields: 100
+Subsystem: Pilot
$Arrival Location: Hyperspace
$Arrival Cue: ( true ) 
$Departure Location: Hyperspace
$Departure Cue: ( false ) 
$Determination: 10
+Flags: ( "cargo-known" "no-shields" "invulnerable" "hidden-from-sensors" "stealth" "friendly-stealth-invisible" )
+Flags2: ( "primitive-sensors" "no-subspace-drive" )
+Respawn priority: 0
+Group: 0
+Use Table Score:
+Score: 10000

$Name: Scar Asteroid 24		;! Object #43
$Display Name: XSTR("Scar Asteroid 24", 3320)
$Class: Scar Asteroid
$Team: Unknown
$Location: 31121.177734, 1061.089844, 62442.101563
$Orientation:
	0.323213, -0.856852, -0.401669,
	-0.862769, -0.092428, -0.497078,
	0.388797, 0.507210, -0.769139
$Cargo 1:  XSTR("Nothing", 3300)
+Initial Velocity: 33
+Initial Hull: 100
+Initial Shields: 100
+Subsystem: Pilot
$Arrival Location: Hyperspace
$Arrival Cue: ( true ) 
$Departure Location: Hyperspace
$Departure Cue: ( false ) 
$Determination: 10
+Flags: ( "cargo-known" "no-shields" "invulnerable" "hidden-from-sensors" "stealth" "friendly-stealth-invisible" )
+Flags2: ( "no-subspace-drive" )
+Respawn priority: 0
+Group: 0
+Use Table Score:
+Score: 10000

$Name: Scar Asteroid C 25		;! Object #44
$Display Name: XSTR("Scar Asteroid C 25", 3321)
$Class: Scar Asteroid C
$Team: Unknown
$Location: 51057.773438, -601.122070, 54718.687500
$Orientation:
	0.087329, 0.981058, -0.172914,
	0.962426, -0.038288, 0.268833,
	0.257120, -0.189894, -0.947539
$Cargo 1:  XSTR("Nothing", 3300)
+Initial Velocity: 33
+Initial Hull: 100
+Initial Shields: 100
+Subsystem: Pilot
$Arrival Location: Hyperspace
$Arrival Cue: ( true ) 
$Departure Location: Hyperspace
$Departure Cue: ( false ) 
$Determination: 10
