#Mission Info

$Version: 23.1
$Name:  XSTR("Blood and Ash", 6547)
$Author: Dan
$Created: 05/27/18 at 09:30:11
$Modified: 08/06/25 at 06:04:21
$Notes:
This is a FRED2_OPEN created mission.
$End Notes:

$Mission Desc:
 XSTR("Put mission description here
", 3326)
$end_multi_text
+Game Type Flags: 1
+Flags: 402915556
+NebAwacs: 11000.000000

+Storm: s_standard

+Fog Near Mult: 2.000000

+Fog Far Mult: 4.000000


+Disallow Support: 0
+Hull Repair Ceiling: 95.000000
+Subsystem Repair Ceiling: 100.000000

+Viewer pos: -795.726379, 4651.082520, -1218.759399
+Viewer orient:
	-0.248144, 0.000002, 0.968723,
	-0.372600, 0.923071, -0.095445,
	-0.894200, -0.384630, -0.229053


$Load Screen 1024: 2_LoadingBGM00

$Skybox Model: skybox_clouds4.pof

$AI Profile: Solaris

#Sexp_variables

$Variables:
(
		0		"fov"		"51"		"number"
		1		"fovunedited"		"51"		"number"
		2		"loadcheckpoint"		"0"		"number"
		3		"m7checkpoint"		"0"		"number"
		4		"saveexist"		"0"		"number"
		5		"i18nVariable1"		"#"		"string"
		6		"i18nVariable2"		"#Raptor"		"string"
		7		"i18nVariable3"		"#Longview"		"string"
		8		"i18nVariable4"		"#Lancaster"		"string"
		9		"i18nVariable5"		"Installation"		"string"
		10		"i18nVariable6"		"Nav 1"		"string"
		11		"i18nVariable7"		"Nav 2"		"string"
		12		"i18nVariable8"		"Nav 3"		"string"
)

#Command Briefing

#Briefing
$start_briefing
$num_stages: 0
$end_briefing

#Debriefing_info

$Num stages: 3

$Formula: ( is-event-true-delay 
   "mission complete good" 
   0 
)
$Multi text
    XSTR("Lieutenant Ross, this is an excellent outcome. We found a treasure trove of ammunition, parts and equipment. It was a gamble but looks like we managed to pull it off. The icing on the cake is the destruction of the cruisers Venturous and Stella Polare. More strain will be placed on Romanowska's remaining forces in Morik.

Fifteen minutes ago, nuclear bombers flying off the carrier Imperatrix glassed Juliet Base. We'd already secured all the supplies we needed and took no further losses, but the base is now a tomb.

We've had a preliminary look at the Combine research data. As expected, there's high-level encryption. The algorithm is one that Federation Defense Intelligence uses. Without an FDI counter-algorithm we can't decrypt the data. The Combine get to keep their secrets for now.

You'll be pleased to know the Juliet hangars contained Phantom-class stealth fighters in spaceworthy condition. With some minor maintenance they've been made mission ready and should be available for deployment at the next sortie. Yeah, I knew you'd like that.
", 6548)
$end_multi_text
$Voice: 07-db1
$Recommendation text:
    XSTR("", 2696)
$end_multi_text

$Formula: ( is-event-true-delay 
   "lac arrival cue" 
   0 
)
$Multi text
    XSTR("Unfortunately, things didn't go as smooth as I'd like. We had to deploy LACs to take out the Combine cruisers. I know this mission was critically important, but I'd prefer not to expose these craft to enemy fire. Resources are scarce enough.", 6549)
$end_multi_text
$Voice: 07-db2
$Recommendation text:
    XSTR("The main threats to the Uriel transport are the Combine light fighters. Make sure you intercept them in time to protect the lightly-armoured transport.", 6550)
$end_multi_text

$Formula: ( or 
   ( is-destroyed-delay 0 "LAC Zeta 1" ) 
   ( is-destroyed-delay 0 "LAC Zeta 2" ) 
   ( is-destroyed-delay 0 "LAC Theta 1" ) 
   ( is-destroyed-delay 0 "LAC Theta 2" ) 
)
$Multi text
    XSTR("The fact that some of these assets were lost in the attack makes it especially hard for me to justify their use. Never mind. Couldn't be helped.", 6551)
$end_multi_text
$Voice: 07-db3
$Recommendation text:
    XSTR("", 2696)
$end_multi_text

#Alternate Types:
$Alt: Station

#end


#Callsigns:
$Callsign: XSTR("Raptor", 3330)
$Callsign: XSTR("Razor", 6317)
$Callsign: XSTR("Murphy", 6552)
$Callsign: XSTR("McKearney", 3482)
$Callsign: XSTR("Ross", 3333)

#end


#Players		;! 1 total

$Starting Shipname: Alpha 1
$Ship Choices: (
	"Viper-class Fighter"	2
)

+Weaponry Pool: (
	"Maxim"	4
	"Vulcan"	2
)

#Objects		;! 108 total

$Name: Alpha 1		;! Object #0
$Display Name: XSTR("Alpha 1", 3334)
$Class: Thunderbolt-class Interceptor
$Callsign: XSTR("Ross", 3333)

$Team: Friendly
$Location: -4.656003, 7722.564453, 271.859344
$Orientation:
	0.999853, -0.000000, 0.017124,
	0.000000, 1.000000, 0.000000,
	-0.017124, 0.000000, 0.999853
$Cargo 1:  XSTR("Nothing", 3335)
+Initial Velocity: 100
+Initial Hull: 100
+Initial Shields: 100
+Subsystem: Pilot
$Arrival Location: Hyperspace
$Arrival Cue: ( false ) 
$Departure Location: Hyperspace
$Departure Cue: ( false ) 
$Determination: 10
+Flags: ( "cargo-known" "no-shields" "player-start" "no-departure-warp" )
+Flags2: ( "no-subspace-drive" "no-ets" )
+Respawn priority: 0
+Orders Accepted List: ( "attack ship" "disable ship" "disarm ship" "guard ship" "ignore ship" "form on wing" "cover me" "attack any" "disable subsys" )
+Group: 0
+Use Table Score:
+Score: 10

$Name: Rocinante		;! Object #1
$Display Name: XSTR("Rocinante", 6553)
$Class: Miranda-class Transport
$Team: Friendly
$Location: -16572.675781, 3928.491943, -2428.403320
$Orientation:
	0.000126, 0.000000, -1.000000,
	0.006512, 0.999979, 0.000001,
	0.999979, -0.006512, 0.000126
$Cargo 1:  XSTR("Technicians", 6554)
+Initial Hull: 100
+Initial Shields: 100
+Subsystem: Pilot
+Subsystem: turret01
+Subsystem: turret02
$Arrival Location: Hyperspace
$Arrival Cue: ( true ) 
$Departure Location: Hyperspace
$Departure Cue: ( false ) 
$Determination: 10
+Flags: ( "cargo-known" "no-shields" )
+Flags2: ( "no-ets" )
+Respawn priority: 0
+Group: 0
+Use Table Score:
+Score: 0

$Name: Landscape 2		;! Object #2
$Display Name: XSTR("Landscape 2", 3313)
$Class: Green Mountain Terrain
$Team: Unknown
$Location: -36739.332031, 2288.114746, -35717.503906
$Orientation:
	-0.681985, -0.000000, -0.731366,
	-0.000045, 1.000000, 0.000042,
	0.731366, 0.000062, -0.681985
$Cargo 1:  XSTR("Nothing", 3335)
+Initial Hull: 100
+Initial Shields: 100
+Subsystem: Pilot
$Arrival Location: Hyperspace
$Arrival Cue: ( true ) 
$Departure Location: Hyperspace
$Departure Cue: ( false ) 
$Determination: 10
+Flags: ( "cargo-known" "protect-ship" "no-shields" "invulnerable" "stealth" "friendly-stealth-invisible" )
+Flags2: ( "don't-change-position" "don't-change-orientation" )
+Respawn priority: 0
+Group: 0
+Use Table Score:
+Score: 0
$Texture Replace:
+old: green_mountains
+new: groundtile
+old: green_mountains-normal
+new: groundtile-normal
+old: green_mountains-reflect
+new: groundtile-shine

$Name: Landscape 7		;! Object #3
$Display Name: XSTR("Landscape 7", 4260)
$Class: Landscape
$Team: Unknown
$Location: -3121.118652, 2132.452148, 97383.429688
$Orientation:
	-0.999974, 0.000000, -0.007264,
	0.000000, 1.000000, 0.000000,
	0.007264, 0.000000, -0.999974
$Cargo 1:  XSTR("Nothing", 3335)
+Initial Velocity: 33
+Initial Hull: 100
+Initial Shields: 100
+Subsystem: Pilot
$Arrival Location: Hyperspace
$Arrival Cue: ( true ) 
$Departure Location: Hyperspace
$Departure Cue: ( false ) 
$Determination: 10
+Flags: ( "cargo-known" "protect-ship" "no-shields" "invulnerable" "stealth" "friendly-stealth-invisible" )
+Flags2: ( )
+Respawn priority: 0
+Group: 0
+Use Table Score:
+Score: 0

$Name: Landscape 8		;! Object #4
$Display Name: XSTR("Landscape 8", 4261)
$Class: Landscape
$Team: Neutral
$Location: -99210.109375, 2132.450195, 95899.015625
$Orientation:
	1.000000, 0.000000, 0.000000,
	0.000000, 1.000000, 0.000000,
	0.000000, 0.000000, 1.000000
$Cargo 1:  XSTR("Nothing", 3335)
+Initial Velocity: 33
+Initial Hull: 100
+Initial Shields: 100
+Subsystem: Pilot
$Arrival Location: Hyperspace
$Arrival Cue: ( true ) 
$Departure Location: Hyperspace
$Departure Cue: ( false ) 
$Determination: 10
+Flags: ( "cargo-known" "protect-ship" "no-shields" "invulnerable" "stealth" "friendly-stealth-invisible" )
+Flags2: ( )
+Respawn priority: 0
+Group: 0
+Use Table Score:
+Score: 0

$Name: Landscape 9		;! Object #5
$Display Name: XSTR("Landscape 9", 4262)
$Class: Landscape
$Team: Neutral
$Location: -92454.695313, 2132.449219, -1287.708496
$Orientation:
	1.000000, 0.000000, 0.000000,
	0.000000, 1.000000, 0.000000,
	0.000000, 0.000000, 1.000000
$Cargo 1:  XSTR("Nothing", 3335)
+Initial Velocity: 33
+Initial Hull: 100
+Initial Shields: 100
+Subsystem: Pilot
$Arrival Location: Hyperspace
$Arrival Cue: ( true ) 
$Departure Location: Hyperspace
$Departure Cue: ( false ) 
$Determination: 10
+Flags: ( "cargo-known" "protect-ship" "no-shields" "invulnerable" "stealth" "friendly-stealth-invisible" )
+Flags2: ( )
+Respawn priority: 0
+Group: 0
+Use Table Score:
+Score: 0

$Name: Landscape 10		;! Object #6
$Display Name: XSTR("Landscape 10", 4263)
$Class: Landscape
$Team: Neutral
$Location: -92181.125000, 2132.442383, -101279.390625
$Orientation:
	1.000000, 0.000000, 0.000000,
	0.000000, 1.000000, 0.000000,
	0.000000, 0.000000, 1.000000
$Cargo 1:  XSTR("Nothing", 3335)
+Initial Velocity: 33
+Initial Hull: 100
+Initial Shields: 100
+Subsystem: Pilot
$Arrival Location: Hyperspace
$Arrival Cue: ( true ) 
$Departure Location: Hyperspace
$Departure Cue: ( false ) 
$Determination: 10
+Flags: ( "cargo-known" "protect-ship" "no-shields" "invulnerable" "stealth" "friendly-stealth-invisible" )
+Flags2: ( )
+Respawn priority: 0
+Group: 0
+Use Table Score:
+Score: 0

$Name: Landscape 11		;! Object #7
$Display Name: XSTR("Landscape 11", 4264)
$Class: Landscape
$Team: Neutral
$Location: -482.292236, 2132.438477, -96076.671875
$Orientation:
	1.000000, 0.000000, 0.000000,
	0.000000, 1.000000, 0.000000,
	0.000000, 0.000000, 1.000000
$Cargo 1:  XSTR("Nothing", 3335)
+Initial Velocity: 33
+Initial Hull: 100
+Initial Shields: 100
+Subsystem: Pilot
$Arrival Location: Hyperspace
$Arrival Cue: ( true ) 
$Departure Location: Hyperspace
$Departure Cue: ( false ) 
$Determination: 10
+Flags: ( "cargo-known" "protect-ship" "no-shields" "invulnerable" "stealth" "friendly-stealth-invisible" )
+Flags2: ( )
+Respawn priority: 0
+Group: 0
+Use Table Score:
+Score: 0

$Name: Landscape 12		;! Object #8
$Display Name: XSTR("Landscape 12", 4265)
$Class: Landscape
$Team: Neutral
$Location: 92130.804688, 2132.429688, -89267.906250
$Orientation:
	1.000000, 0.000000, 0.000000,
	0.000000, 1.000000, 0.000000,
	0.000000, 0.000000, 1.000000
$Cargo 1:  XSTR("Nothing", 3335)
+Initial Velocity: 33
+Initial Hull: 100
+Initial Shields: 100
+Subsystem: Pilot
$Arrival Location: Hyperspace
$Arrival Cue: ( true ) 
$Departure Location: Hyperspace
$Departure Cue: ( false ) 
$Determination: 10
+Flags: ( "cargo-known" "protect-ship" "no-shields" "invulnerable" "stealth" "friendly-stealth-invisible" )
+Flags2: ( )
+Respawn priority: 0
+Group: 0
+Use Table Score:
+Score: 0

$Name: Landscape 13		;! Object #9
$Display Name: XSTR("Landscape 13", 4266)
$Class: Landscape
$Team: Unknown
$Location: 97978.468750, 2132.432617, 5585.242188
$Orientation:
	-0.019367, 0.000000, 0.999812,
	0.000000, 1.000000, 0.000000,
	-0.999812, 0.000000, -0.019367
$Cargo 1:  XSTR("Nothing", 3335)
+Initial Velocity: 33
+Initial Hull: 100
+Initial Shields: 100
+Subsystem: Pilot
$Arrival Location: Hyperspace
$Arrival Cue: ( true ) 
$Departure Location: Hyperspace
$Departure Cue: ( false ) 
$Determination: 10
+Flags: ( "cargo-known" "protect-ship" "no-shields" "invulnerable" "stealth" "friendly-stealth-invisible" )
+Flags2: ( )
+Respawn priority: 0
+Group: 0
+Use Table Score:
+Score: 0

$Name: Landscape 14		;! Object #10
$Display Name: XSTR("Landscape 14", 4267)
$Class: Landscape
$Team: Unknown
$Location: 95601.789063, 2132.432617, 96736.250000
$Orientation:
	-0.019367, 0.000000, 0.999812,
	0.000000, 1.000000, 0.000000,
	-0.999812, 0.000000, -0.019367
$Cargo 1:  XSTR("Nothing", 3335)
+Initial Velocity: 33
+Initial Hull: 100
+Initial Shields: 100
+Subsystem: Pilot
$Arrival Location: Hyperspace
$Arrival Cue: ( true ) 
$Departure Location: Hyperspace
$Departure Cue: ( false ) 
$Determination: 10
+Flags: ( "cargo-known" "protect-ship" "no-shields" "invulnerable" "stealth" "friendly-stealth-invisible" )
+Flags2: ( )
+Respawn priority: 0
+Group: 0
+Use Table Score:
+Score: 0

$Name: Landscape 3		;! Object #11
$Display Name: XSTR("Landscape 3", 3314)
$Class: Landscape 3
$Team: Unknown
$Location: -5687.440430, 2212.286377, -3493.040039
$Orientation:
	-0.945899, 0.000000, 0.324461,
	0.000006, 1.000000, 0.000016,
	-0.324461, 0.000017, -0.945899
+AI Class: Fighter
$Cargo 1:  XSTR("Nothing", 3335)
+Initial Hull: 100
+Initial Shields: 100
+Subsystem: Pilot
$Arrival Location: Hyperspace
$Arrival Cue: ( true ) 
$Departure Location: Hyperspace
$Departure Cue: ( false ) 
$Determination: 10
+Flags: ( "cargo-known" "protect-ship" "no-shields" "invulnerable" "hidden-from-sensors" "stealth" "friendly-stealth-invisible" )
+Flags2: ( "don't-change-position" "don't-change-orientation" )
+Respawn priority: 0
+Group: 0
+Use Table Score:
+Score: 0

$Name: City Layer		;! Object #12
$Display Name: XSTR("City Layer", 3315)
$Class: City Layer
$Team: Surrendered
$Location: -5955.544922, 2320.934570, -3799.615479
$Orientation:
	0.349544, 0.000002, 0.936920,
	-0.000001, 1.000000, -0.000002,
	-0.936920, -0.000000, 0.349544
$Cargo 1:  XSTR("Nothing", 3335)
+Initial Hull: 100
+Initial Shields: 100
+Subsystem: Pilot
$Arrival Location: Hyperspace
$Arrival Cue: ( true ) 
$Departure Location: Hyperspace
$Departure Cue: ( false ) 
$Determination: 10
+Flags: ( "cargo-known" "protect-ship" "no-shields" "invulnerable" "hidden-from-sensors" "stealth" "friendly-stealth-invisible" )
+Flags2: ( "don't-change-position" "don't-change-orientation" )
+Respawn priority: 0
+Group: 0
+Use Table Score:
+Score: 0

$Name: Beta 1		;! Object #13
$Display Name: XSTR("Beta 1", 3360)
$Class: Thunderbolt-class Interceptor
$Callsign: XSTR("McKearney", 3482)

$Team: Friendly
$Location: 101.493576, 7722.564453, -70.649414
$Orientation:
	0.999853, -0.000000, 0.017124,
	0.000000, 1.000000, 0.000000,
	-0.017124, 0.000000, 0.999853
$Cargo 1:  XSTR("Nothing", 3335)
+Initial Velocity: 100
+Initial Hull: 100
+Initial Shields: 100
+Subsystem: Pilot
$Arrival Location: Hyperspace
$Arrival Cue: ( false ) 
$Departure Location: Hyperspace
$Departure Cue: ( false ) 
$Determination: 10
+Flags: ( "cargo-known" "no-shields" "no-departure-warp" "invulnerable" "guardian" )
+Flags2: ( "no-ets" )
+Respawn priority: 0
+Orders Accepted List: ( "attack ship" "disable ship" "disarm ship" "guard ship" "ignore ship" "form on wing" "cover me" "attack any" "disable subsys" )
+Group: 0
+Use Table Score:
+Score: 10
+Persona Name: Raptor

$Name: Venturous		;! Object #14
$Display Name: XSTR("Venturous", 6555)
$Class: Halberd-class Cruiser
$Team: Hostile
$Location: 3784.100098, 3443.000000, 1409.900024
$Orientation:
	-0.501275, 0.000000, 0.865288,
	-0.021573, 0.999689, -0.012498,
	-0.865019, -0.024932, -0.501119
$AI Goals: ( goals ( ai-waypoints-once "venturous waypoint" 50 ) )
$Cargo 1:  XSTR("Nothing", 3335)
+Initial Hull: 100
+Initial Shields: 100
+Subsystem: Pilot
+Subsystem: turret01
+Subsystem: turret02
+Subsystem: turret03
+Subsystem: turret04
+Subsystem: turret05
+Subsystem: turret06
+Subsystem: turret07
+Subsystem: turret08
+Subsystem: turret09
+Subsystem: turret10
+Subsystem: mturret01
$Arrival Location: Hyperspace
$Arrival Cue: ( is-event-true-delay 
   "protect base" 
   2 
)
$Departure Location: Hyperspace
$Departure Cue: ( false ) 
$Determination: 10
+Flags: ( "no-shields" "no-arrival-warp" )
+Flags2: ( "no-ets" )
+Respawn priority: 0
+Group: 0
+Use Table Score:
+Score: 0

$Name: Taurus 1		;! Object #15
$Display Name: XSTR("Taurus 1", 3347)
$Class: Defender-class Fighter
$Team: Hostile
$Location: -12517.028320, 5211.523438, 4603.831543
$Orientation:
	-0.984557, 0.000000, -0.175063,
	0.000000, 1.000000, 0.000000,
	0.175063, 0.000000, -0.984557
$Cargo 1:  XSTR("Nothing", 3335)
+Initial Hull: 100
+Initial Shields: 100
+Subsystem: Pilot
$Arrival Location: Hyperspace
$Arrival Cue: ( false ) 
$Departure Location: Hyperspace
$Departure Cue: ( false ) 
$Determination: 10
+Flags: ( "no-shields" "no-arrival-warp" )
+Flags2: ( "no-ets" )
+Respawn priority: 0
+Orders Accepted List: ( )
+Group: 0
+Use Table Score:
+Score: 10

$Name: Taurus 2		;! Object #16
$Display Name: XSTR("Taurus 2", 3348)
$Class: Defender-class Fighter
$Team: Hostile
$Location: -12345.128906, 5211.523438, 4811.947754
$Orientation:
	-0.984557, 0.000000, -0.175063,
	0.000000, 1.000000, 0.000000,
	0.175063, 0.000000, -0.984557
$Cargo 1:  XSTR("Nothing", 3335)
+Initial Hull: 100
+Initial Shields: 100
+Subsystem: Pilot
$Arrival Location: Hyperspace
$Arrival Cue: ( false ) 
$Departure Location: Hyperspace
$Departure Cue: ( false ) 
$Determination: 10
+Flags: ( "no-shields" "no-arrival-warp" )
+Flags2: ( "no-ets" )
+Respawn priority: 0
+Orders Accepted List: ( )
+Group: 0
+Use Table Score:
+Score: 10

$Name: Taurus 3		;! Object #17
$Display Name: XSTR("Taurus 3", 4832)
$Class: Defender-class Fighter
$Team: Hostile
$Location: -12650.572266, 5211.523438, 4753.536621
$Orientation:
	-0.984557, 0.000000, -0.175063,
	0.000000, 1.000000, 0.000000,
	0.175063, 0.000000, -0.984557
$Cargo 1:  XSTR("Nothing", 3335)
+Initial Hull: 100
+Initial Shields: 100
+Subsystem: Pilot
$Arrival Location: Hyperspace
$Arrival Cue: ( false ) 
$Departure Location: Hyperspace
$Departure Cue: ( false ) 
$Determination: 10
+Flags: ( "no-shields" "no-arrival-warp" )
+Flags2: ( "no-ets" )
+Respawn priority: 0
+Orders Accepted List: ( )
+Group: 0
+Use Table Score:
+Score: 10

$Name: Landscape 2 31		;! Object #18
$Display Name: XSTR("Landscape 2 31", 6556)
$Class: Landscape 2
$Team: Unknown
$Location: -10794.360352, 2308.926270, -1263.470581
$Orientation:
	-0.276725, 0.000272, -0.960949,
	-0.022525, 0.999723, 0.006770,
	0.960685, 0.023519, -0.276642
+AI Class: Fighter
$Cargo 1:  XSTR("Nothing", 3335)
+Initial Hull: 100
+Initial Shields: 100
+Subsystem: Pilot
$Arrival Location: Hyperspace
$Arrival Cue: ( true ) 
$Departure Location: Hyperspace
$Departure Cue: ( false ) 
$Determination: 10
+Flags: ( "cargo-known" "protect-ship" "no-shields" "invulnerable" "hidden-from-sensors" "stealth" "friendly-stealth-invisible" )
+Flags2: ( "don't-change-position" "don't-change-orientation" )
+Respawn priority: 0
+Group: 0
+Use Table Score:
+Score: 0

$Name: Landscape 2 33		;! Object #19
$Display Name: XSTR("Landscape 2 33", 6557)
$Class: Landscape 2
$Team: Unknown
$Location: -11304.336914, 2266.038574, -4500.118652
$Orientation:
	0.158695, -0.003878, -0.987320,
	0.001418, 0.999992, -0.003699,
	0.987327, -0.000813, 0.158699
+AI Class: Fighter
$Cargo 1:  XSTR("Nothing", 3335)
+Initial Hull: 100
+Initial Shields: 100
+Subsystem: Pilot
$Arrival Location: Hyperspace
$Arrival Cue: ( true ) 
$Departure Location: Hyperspace
$Departure Cue: ( false ) 
$Determination: 10
+Flags: ( "cargo-known" "protect-ship" "no-shields" "invulnerable" "hidden-from-sensors" "stealth" "friendly-stealth-invisible" )
+Flags2: ( "don't-change-position" "don't-change-orientation" )
+Respawn priority: 0
+Group: 0
+Use Table Score:
+Score: 0

$Name: Command Tower		;! Object #20
$Display Name: XSTR("Command Tower", 6558)
$Class: Ground Tower
$Team: Friendly
$Location: -5746.279297, 2560.064209, -4336.122070
$Orientation:
	0.351496, 0.000248, 0.936190,
	0.000003, 1.000000, -0.000266,
	-0.936190, 0.000097, 0.351496
$Cargo 1:  XSTR("Nothing", 3335)
+Initial Velocity: 33
+Initial Hull: 100
+Initial Shields: 100
+Subsystem: Pilot
$Arrival Location: Hyperspace
$Arrival Cue: ( true ) 
$Departure Location: Hyperspace
$Departure Cue: ( false ) 
$Determination: 10
+Flags: ( "cargo-known" "protect-ship" "no-shields" "invulnerable" "hidden-from-sensors" "stealth" "friendly-stealth-invisible" )
+Flags2: ( "don't-change-position" "don't-change-orientation" )
+Respawn priority: 0
+Group: 0
+Use Table Score:
+Score: 0

$Name: Ground Panel#		;! Object #21
$Display Name: XSTR("Ground Panel", 3243)
$Class: Ground Panel
$Team: Friendly
$Location: -6136.534180, 2494.471191, -2724.027344
$Orientation:
	0.947608, -0.000088, -0.319437,
	0.000003, 1.000000, -0.000266,
	0.319437, 0.000251, 0.947608
$Cargo 1:  XSTR("Nothing", 3335)
+Initial Hull: 100
+Initial Shields: 100
+Subsystem: Pilot
$Arrival Location: Hyperspace
$Arrival Cue: ( true ) 
$Departure Location: Hyperspace
$Departure Cue: ( false ) 
$Determination: 10
+Flags: ( "cargo-known" "protect-ship" "no-shields" "invulnerable" "hidden-from-sensors" "stealth" "friendly-stealth-invisible" )
+Flags2: ( "don't-change-position" "don't-change-orientation" )
+Respawn priority: 0
+Group: 0
+Use Table Score:
+Score: 0

$Name: Ground Panel#2		;! Object #22
$Display Name: XSTR("Ground Panel", 3243)
$Class: Ground Panel
$Team: Friendly
$Location: -6201.459473, 2494.480713, -2927.552979
$Orientation:
	0.947608, -0.000088, -0.319437,
	0.000003, 1.000000, -0.000266,
	0.319437, 0.000251, 0.947608
$Cargo 1:  XSTR("Nothing", 3335)
+Initial Hull: 100
+Initial Shields: 100
+Subsystem: Pilot
$Arrival Location: Hyperspace
$Arrival Cue: ( true ) 
$Departure Location: Hyperspace
$Departure Cue: ( false ) 
$Determination: 10
+Flags: ( "cargo-known" "protect-ship" "no-shields" "invulnerable" "hidden-from-sensors" "stealth" "friendly-stealth-invisible" )
+Flags2: ( "don't-change-position" "don't-change-orientation" )
+Respawn priority: 0
+Group: 0
+Use Table Score:
+Score: 0

$Name: Hangar#1		;! Object #23
$Display Name: XSTR("Hangar", 3210)
$Class: Ground Hangar
$Team: Friendly
$Location: -7194.832031, 2506.452393, -3184.404541
$Orientation:
	0.947608, -0.000088, -0.319437,
	0.000003, 1.000000, -0.000266,
	0.319437, 0.000251, 0.947608
+AI Class: Fighter
$Cargo 1:  XSTR("Nothing", 3335)
+Initial Hull: 100
+Initial Shields: 100
+Subsystem: Pilot
$Arrival Location: Hyperspace
$Arrival Cue: ( true ) 
$Departure Location: Hyperspace
$Departure Cue: ( false ) 
$Determination: 10
+Flags: ( "cargo-known" "protect-ship" "no-shields" "invulnerable" "hidden-from-sensors" "stealth" "friendly-stealth-invisible" )
+Flags2: ( "don't-change-position" "don't-change-orientation" )
+Respawn priority: 0
+Group: 0
+Use Table Score:
+Score: 0

$Name: Ground Hangar 25		;! Object #24
$Display Name: XSTR("Ground Hangar 25", 6559)
$Class: Ground Warehouse
$Team: Friendly
$Location: -5973.493652, 2494.473389, -2447.556396
$Orientation:
	0.947608, -0.000088, -0.319437,
	0.000003, 1.000000, -0.000266,
	0.319437, 0.000251, 0.947608
+AI Class: Fighter
$Cargo 1:  XSTR("Nothing", 3335)
+Initial Hull: 100
+Initial Shields: 100
+Subsystem: Pilot
$Arrival Location: Hyperspace
$Arrival Cue: ( true ) 
$Departure Location: Hyperspace
$Departure Cue: ( false ) 
$Determination: 10
+Flags: ( "cargo-known" "protect-ship" "no-shields" "invulnerable" "hidden-from-sensors" "stealth" "friendly-stealth-invisible" )
+Flags2: ( "don't-change-position" "don't-change-orientation" )
+Respawn priority: 0
+Group: 0
+Use Table Score:
+Score: 0

$Name: Ground Warehouse 26		;! Object #25
$Display Name: XSTR("Ground Warehouse 26", 6560)
$Class: Ground Warehouse
$Team: Friendly
$Location: -5837.613281, 2494.468750, -2053.895508
$Orientation:
	0.947608, -0.000088, -0.319437,
	0.000003, 1.000000, -0.000266,
	0.319437, 0.000251, 0.947608
+AI Class: Fighter
$Cargo 1:  XSTR("Nothing", 3335)
+Initial Hull: 100
+Initial Shields: 100
+Subsystem: Pilot
$Arrival Location: Hyperspace
$Arrival Cue: ( true ) 
$Departure Location: Hyperspace
$Departure Cue: ( false ) 
$Determination: 10
+Flags: ( "cargo-known" "protect-ship" "no-shields" "invulnerable" "hidden-from-sensors" "stealth" "friendly-stealth-invisible" )
+Flags2: ( "don't-change-position" "don't-change-orientation" )
+Respawn priority: 0
+Group: 0
+Use Table Score:
+Score: 0

$Name: Ground Panel 27		;! Object #26
$Display Name: XSTR("Ground Panel 27", 6561)
$Class: Ground Panel
$Team: Friendly
$Location: -5945.982910, 2494.471191, -2786.250732
$Orientation:
	0.947608, -0.000088, -0.319437,
	0.000003, 1.000000, -0.000266,
	0.319437, 0.000251, 0.947608
$Cargo 1:  XSTR("Nothing", 3335)
+Initial Hull: 100
+Initial Shields: 100
+Subsystem: Pilot
$Arrival Location: Hyperspace
$Arrival Cue: ( true ) 
$Departure Location: Hyperspace
$Departure Cue: ( false ) 
$Determination: 10
+Flags: ( "cargo-known" "protect-ship" "no-shields" "invulnerable" "hidden-from-sensors" "stealth" "friendly-stealth-invisible" )
+Flags2: ( "don't-change-position" "don't-change-orientation" )
+Respawn priority: 0
+Group: 0
+Use Table Score:
+Score: 0

$Name: Ground Panel 28		;! Object #27
$Display Name: XSTR("Ground Panel 28", 4278)
$Class: Ground Panel
$Team: Friendly
$Location: -6015.133301, 2494.480469, -2993.706299
$Orientation:
	0.947608, -0.000088, -0.319437,
	0.000003, 1.000000, -0.000266,
	0.319437, 0.000251, 0.947608
$Cargo 1:  XSTR("Nothing", 3335)
+Initial Hull: 100
+Initial Shields: 100
+Subsystem: Pilot
$Arrival Location: Hyperspace
$Arrival Cue: ( true ) 
$Departure Location: Hyperspace
$Departure Cue: ( false ) 
$Determination: 10
+Flags: ( "cargo-known" "protect-ship" "no-shields" "invulnerable" "hidden-from-sensors" "stealth" "friendly-stealth-invisible" )
+Flags2: ( "don't-change-position" "don't-change-orientation" )
+Respawn priority: 0
+Group: 0
+Use Table Score:
+Score: 0

$Name: Ground Warehouse 29		;! Object #28
$Display Name: XSTR("Ground Warehouse 29", 6562)
$Class: Ground Energy
$Team: Friendly
$Location: -5582.666504, 2494.388428, -2584.596680
$Orientation:
	0.947608, -0.000088, -0.319437,
	0.000003, 1.000000, -0.000266,
	0.319437, 0.000251, 0.947608
+AI Class: Fighter
$Cargo 1:  XSTR("Nothing", 3335)
+Initial Hull: 100
+Initial Shields: 100
+Subsystem: Pilot
$Arrival Location: Hyperspace
$Arrival Cue: ( true ) 
$Departure Location: Hyperspace
$Departure Cue: ( false ) 
$Determination: 10
+Flags: ( "cargo-known" "protect-ship" "no-shields" "invulnerable" "hidden-from-sensors" "stealth" "friendly-stealth-invisible" )
+Flags2: ( "don't-change-position" "don't-change-orientation" )
+Respawn priority: 0
+Group: 0
+Use Table Score:
+Score: 0

$Name: Ground Energy 30		;! Object #29
$Display Name: XSTR("Ground Energy 30", 6563)
$Class: Ground Energy
$Team: Friendly
$Location: -5702.555176, 2494.388428, -3023.134277
$Orientation:
	0.947608, -0.000088, -0.319437,
	0.000003, 1.000000, -0.000266,
	0.319437, 0.000251, 0.947608
+AI Class: Fighter
$Cargo 1:  XSTR("Nothing", 3335)
+Initial Hull: 100
+Initial Shields: 100
+Subsystem: Pilot
$Arrival Location: Hyperspace
$Arrival Cue: ( true ) 
$Departure Location: Hyperspace
$Departure Cue: ( false ) 
$Determination: 10
+Flags: ( "cargo-known" "protect-ship" "no-shields" "invulnerable" "hidden-from-sensors" "stealth" "friendly-stealth-invisible" )
+Flags2: ( "don't-change-position" "don't-change-orientation" )
+Respawn priority: 0
+Group: 0
+Use Table Score:
+Score: 0

$Name: Ground Hangar 31		;! Object #30
$Display Name: XSTR("Ground Hangar 31", 6564)
$Class: Antennae
$Team: Friendly
$Location: -5252.042969, 2448.567871, -2626.867920
$Orientation:
	0.316978, 0.000054, 0.948433,
	-0.001898, 0.999998, 0.000577,
	-0.948431, -0.001984, 0.316978
$Cargo 1:  XSTR("Nothing", 3335)
+Initial Hull: 100
+Initial Shields: 100
+Subsystem: Pilot
$Arrival Location: Hyperspace
$Arrival Cue: ( true ) 
$Departure Location: Hyperspace
$Departure Cue: ( false ) 
$Determination: 10
+Flags: ( "cargo-known" "protect-ship" "no-shields" "invulnerable" "hidden-from-sensors" "stealth" "friendly-stealth-invisible" )
+Flags2: ( "don't-change-position" "don't-change-orientation" )
+Respawn priority: 0
+Group: 0
+Use Table Score:
+Score: 0

$Name: Antennae 32		;! Object #31
$Display Name: XSTR("Antennae 32", 6565)
$Class: Antennae
$Team: Friendly
$Location: -5323.933105, 2448.567871, -2842.435547
$Orientation:
	0.316978, 0.000054, 0.948433,
	-0.001898, 0.999998, 0.000577,
	-0.948431, -0.001984, 0.316978
$Cargo 1:  XSTR("Nothing", 3335)
+Initial Hull: 100
+Initial Shields: 100
+Subsystem: Pilot
$Arrival Location: Hyperspace
$Arrival Cue: ( true ) 
$Departure Location: Hyperspace
$Departure Cue: ( false ) 
$Determination: 10
+Flags: ( "cargo-known" "protect-ship" "no-shields" "invulnerable" "hidden-from-sensors" "stealth" "friendly-stealth-invisible" )
+Flags2: ( "don't-change-position" "don't-change-orientation" )
+Respawn priority: 0
+Group: 0
+Use Table Score:
+Score: 0

$Name: Antennae 33		;! Object #32
$Display Name: XSTR("Antennae 33", 6566)
$Class: Antennae
$Team: Friendly
$Location: -5394.864258, 2448.567871, -3060.219482
$Orientation:
	0.316968, 0.000000, 0.948436,
	0.000000, 1.000000, 0.000000,
	-0.948436, 0.000000, 0.316968
$Cargo 1:  XSTR("Nothing", 3335)
+Initial Hull: 100
+Initial Shields: 100
+Subsystem: Pilot
$Arrival Location: Hyperspace
$Arrival Cue: ( true ) 
$Departure Location: Hyperspace
$Departure Cue: ( false ) 
$Determination: 10
+Flags: ( "cargo-known" "protect-ship" "no-shields" "invulnerable" "hidden-from-sensors" "stealth" "friendly-stealth-invisible" )
+Flags2: ( "don't-change-position" "don't-change-orientation" )
+Respawn priority: 0
+Group: 0
+Use Table Score:
+Score: 0

$Name: Antennae 34		;! Object #33
$Display Name: XSTR("Antennae 34", 6567)
$Class: Antennae
$Team: Friendly
$Location: -5134.729492, 2448.567871, -2677.834229
$Orientation:
	0.316978, 0.000054, 0.948433,
	-0.001898, 0.999998, 0.000577,
	-0.948431, -0.001984, 0.316978
$Cargo 1:  XSTR("Nothing", 3335)
+Initial Hull: 100
+Initial Shields: 100
+Subsystem: Pilot
$Arrival Location: Hyperspace
$Arrival Cue: ( true ) 
$Departure Location: Hyperspace
$Departure Cue: ( false ) 
$Determination: 10
+Flags: ( "cargo-known" "protect-ship" "no-shields" "invulnerable" "hidden-from-sensors" "stealth" "friendly-stealth-invisible" )
+Flags2: ( "don't-change-position" "don't-change-orientation" )
+Respawn priority: 0
+Group: 0
+Use Table Score:
+Score: 0

$Name: Antennae 35		;! Object #34
$Display Name: XSTR("Antennae 35", 6568)
$Class: Antennae
$Team: Friendly
$Location: -5206.619629, 2448.567871, -2893.401855
$Orientation:
	0.316978, 0.000054, 0.948433,
	-0.001898, 0.999998, 0.000577,
	-0.948431, -0.001984, 0.316978
$Cargo 1:  XSTR("Nothing", 3335)
+Initial Hull: 100
+Initial Shields: 100
+Subsystem: Pilot
$Arrival Location: Hyperspace
$Arrival Cue: ( true ) 
$Departure Location: Hyperspace
$Departure Cue: ( false ) 
$Determination: 10
+Flags: ( "cargo-known" "protect-ship" "no-shields" "invulnerable" "hidden-from-sensors" "stealth" "friendly-stealth-invisible" )
+Flags2: ( "don't-change-position" "don't-change-orientation" )
+Respawn priority: 0
+Group: 0
+Use Table Score:
+Score: 0

$Name: Antennae 36		;! Object #35
$Display Name: XSTR("Antennae 36", 6569)
$Class: Antennae
$Team: Friendly
$Location: -5277.550781, 2448.567871, -3111.185791
$Orientation:
	0.316968, 0.000000, 0.948436,
	0.000000, 1.000000, 0.000000,
	-0.948436, 0.000000, 0.316968
$Cargo 1:  XSTR("Nothing", 3335)
+Initial Hull: 100
+Initial Shields: 100
+Subsystem: Pilot
$Arrival Location: Hyperspace
$Arrival Cue: ( true ) 
$Departure Location: Hyperspace
$Departure Cue: ( false ) 
$Determination: 10
+Flags: ( "cargo-known" "protect-ship" "no-shields" "invulnerable" "hidden-from-sensors" "stealth" "friendly-stealth-invisible" )
+Flags2: ( "don't-change-position" "don't-change-orientation" )
+Respawn priority: 0
+Group: 0
+Use Table Score:
+Score: 0

$Name: Antennae 37		;! Object #36
$Display Name: XSTR("Antennae 37", 6570)
$Class: Antennae
$Team: Friendly
$Location: -5059.973145, 2448.567871, -2941.611084
$Orientation:
	0.316978, 0.000054, 0.948433,
	-0.001898, 0.999998, 0.000577,
	-0.948431, -0.001984, 0.316978
$Cargo 1:  XSTR("Nothing", 3335)
+Initial Hull: 100
+Initial Shields: 100
+Subsystem: Pilot
$Arrival Location: Hyperspace
$Arrival Cue: ( true ) 
$Departure Location: Hyperspace
$Departure Cue: ( false ) 
$Determination: 10
+Flags: ( "cargo-known" "protect-ship" "no-shields" "invulnerable" "hidden-from-sensors" "stealth" "friendly-stealth-invisible" )
+Flags2: ( "don't-change-position" "don't-change-orientation" )
+Respawn priority: 0
+Group: 0
+Use Table Score:
+Score: 0

$Name: Antennae 38		;! Object #37
$Display Name: XSTR("Antennae 38", 6571)
$Class: Antennae
$Team: Friendly
$Location: -5130.904297, 2448.567871, -3159.395020
$Orientation:
	0.316968, 0.000000, 0.948436,
	0.000000, 1.000000, 0.000000,
	-0.948436, 0.000000, 0.316968
$Cargo 1:  XSTR("Nothing", 3335)
+Initial Hull: 100
+Initial Shields: 100
+Subsystem: Pilot
$Arrival Location: Hyperspace
$Arrival Cue: ( true ) 
$Departure Location: Hyperspace
$Departure Cue: ( false ) 
$Determination: 10
+Flags: ( "cargo-known" "protect-ship" "no-shields" "invulnerable" "hidden-from-sensors" "stealth" "friendly-stealth-invisible" )
+Flags2: ( "don't-change-position" "don't-change-orientation" )
+Respawn priority: 0
+Group: 0
+Use Table Score:
+Score: 0

$Name: Ground Tower 40		;! Object #38
$Display Name: XSTR("Ground Tower 40", 6572)
$Class: Ground Tower
$Team: Friendly
$Location: -5863.245117, 2560.064209, -4660.223633
$Orientation:
	0.351496, 0.000248, 0.936190,
	0.000003, 1.000000, -0.000266,
	-0.936190, 0.000097, 0.351496
$Cargo 1:  XSTR("Nothing", 3335)
+Initial Velocity: 33
+Initial Hull: 100
+Initial Shields: 100
+Subsystem: Pilot
$Arrival Location: Hyperspace
$Arrival Cue: ( true ) 
$Departure Location: Hyperspace
$Departure Cue: ( false ) 
$Determination: 10
+Flags: ( "cargo-known" "protect-ship" "no-shields" "invulnerable" "hidden-from-sensors" "stealth" "friendly-stealth-invisible" )
+Flags2: ( "don't-change-position" "don't-change-orientation" )
+Respawn priority: 0
+Group: 0
+Use Table Score:
+Score: 0

$Name: Ground Hangar 41		;! Object #39
$Display Name: XSTR("Ground Hangar 41", 6573)
$Class: Ground Station
$Team: Friendly
$Location: -5009.729492, 2488.035156, -3725.155518
$Orientation:
	-0.945243, 0.000000, 0.326366,
	0.000001, 1.000000, 0.000002,
	-0.326366, 0.000002, -0.945243
$Cargo 1:  XSTR("Nothing", 3335)
+Initial Hull: 100
+Initial Shields: 100
+Subsystem: Pilot
$Arrival Location: Hyperspace
$Arrival Cue: ( true ) 
$Departure Location: Hyperspace
$Departure Cue: ( false ) 
$Determination: 10
+Flags: ( "cargo-known" "protect-ship" "no-shields" "invulnerable" "hidden-from-sensors" "stealth" "friendly-stealth-invisible" )
+Flags2: ( "don't-change-position" "don't-change-orientation" )
+Respawn priority: 0
+Group: 0
+Use Table Score:
+Score: 0

$Name: Landscape 2 41		;! Object #40
$Display Name: XSTR("Landscape 2 41", 6574)
$Class: Landscape 2
$Team: Unknown
$Location: -11032.478516, 2136.819580, 2173.966064
$Orientation:
	-0.260455, -0.000436, -0.965486,
	0.042798, 0.999012, -0.011996,
	0.964537, -0.044445, -0.260179
+AI Class: Fighter
$Cargo 1:  XSTR("Nothing", 3335)
+Initial Hull: 100
+Initial Shields: 100
+Subsystem: Pilot
$Arrival Location: Hyperspace
$Arrival Cue: ( true ) 
$Departure Location: Hyperspace
$Departure Cue: ( false ) 
$Determination: 10
+Flags: ( "cargo-known" "protect-ship" "no-shields" "invulnerable" "hidden-from-sensors" "stealth" "friendly-stealth-invisible" )
+Flags2: ( "don't-change-position" "don't-change-orientation" )
+Respawn priority: 0
+Group: 0
+Use Table Score:
+Score: 0

$Name: Landscape 2 42		;! Object #41
$Display Name: XSTR("Landscape 2 42", 6575)
$Class: Landscape 2
$Team: Unknown
$Location: -15790.734375, 2152.194336, -2215.548828
$Orientation:
	0.709634, 0.000000, -0.704571,
	0.031810, 0.998980, 0.032039,
	0.703852, -0.045149, 0.708910
+AI Class: Fighter
$Cargo 1:  XSTR("Nothing", 3335)
+Initial Hull: 100
+Initial Shields: 100
+Subsystem: Pilot
$Arrival Location: Hyperspace
$Arrival Cue: ( true ) 
$Departure Location: Hyperspace
$Departure Cue: ( false ) 
$Determination: 10
+Flags: ( "cargo-known" "protect-ship" "no-shields" "invulnerable" "hidden-from-sensors" "stealth" "friendly-stealth-invisible" )
+Flags2: ( "don't-change-position" "don't-change-orientation" )
+Respawn priority: 0
+Group: 0
+Use Table Score:
+Score: 0

$Name: Ground Panel 43		;! Object #42
$Display Name: XSTR("Ground Panel 43", 5452)
$Class: Ground Panel
$Team: Friendly
$Location: -6493.631348, 2483.892822, -2574.870605
$Orientation:
	0.947608, -0.000088, -0.319437,
	0.000003, 1.000000, -0.000266,
	0.319437, 0.000251, 0.947608
$Cargo 1:  XSTR("Nothing", 3335)
+Initial Hull: 100
+Initial Shields: 100
+Subsystem: Pilot
$Arrival Location: Hyperspace
$Arrival Cue: ( true ) 
$Departure Location: Hyperspace
$Departure Cue: ( false ) 
$Determination: 10
+Flags: ( "cargo-known" "protect-ship" "no-shields" "invulnerable" "hidden-from-sensors" "stealth" "friendly-stealth-invisible" )
+Flags2: ( "don't-change-position" "don't-change-orientation" )
+Respawn priority: 0
+Group: 0
+Use Table Score:
+Score: 0

$Name: Ground Panel 44		;! Object #43
$Display Name: XSTR("Ground Panel 44", 6576)
$Class: Ground Panel
$Team: Friendly
$Location: -6558.556641, 2483.902344, -2778.396484
$Orientation:
	0.947608, -0.000088, -0.319437,
	0.000003, 1.000000, -0.000266,
	0.319437, 0.000251, 0.947608
$Cargo 1:  XSTR("Nothing", 3335)
+Initial Hull: 100
+Initial Shields: 100
+Subsystem: Pilot
$Arrival Location: Hyperspace
$Arrival Cue: ( true ) 
$Departure Location: Hyperspace
$Departure Cue: ( false ) 
$Determination: 10
+Flags: ( "cargo-known" "protect-ship" "no-shields" "invulnerable" "hidden-from-sensors" "stealth" "friendly-stealth-invisible" )
+Flags2: ( "don't-change-position" "don't-change-orientation" )
+Respawn priority: 0
+Group: 0
+Use Table Score:
+Score: 0

$Name: Ground Panel 45		;! Object #44
$Display Name: XSTR("Ground Panel 45", 6577)
$Class: Ground Panel
$Team: Friendly
$Location: -6303.079590, 2494.471191, -2637.094238
$Orientation:
	0.947608, -0.000088, -0.319437,
	0.000003, 1.000000, -0.000266,
	0.319437, 0.000251, 0.947608
$Cargo 1:  XSTR("Nothing", 3335)
+Initial Hull: 100
+Initial Shields: 100
+Subsystem: Pilot
$Arrival Location: Hyperspace
$Arrival Cue: ( true ) 
$Departure Location: Hyperspace
$Departure Cue: ( false ) 
$Determination: 10
+Flags: ( "cargo-known" "protect-ship" "no-shields" "invulnerable" "hidden-from-sensors" "stealth" "friendly-stealth-invisible" )
+Flags2: ( "don't-change-position" "don't-change-orientation" )
+Respawn priority: 0
+Group: 0
+Use Table Score:
+Score: 0

$Name: Ground Panel 46		;! Object #45
$Display Name: XSTR("Ground Panel 46", 6578)
$Class: Ground Panel
$Team: Friendly
$Location: -6372.230469, 2494.480469, -2844.549561
$Orientation:
	0.947608, -0.000088, -0.319437,
	0.000003, 1.000000, -0.000266,
	0.319437, 0.000251, 0.947608
$Cargo 1:  XSTR("Nothing", 3335)
+Initial Hull: 100
+Initial Shields: 100
+Subsystem: Pilot
$Arrival Location: Hyperspace
$Arrival Cue: ( true ) 
$Departure Location: Hyperspace
$Departure Cue: ( false ) 
$Determination: 10
+Flags: ( "cargo-known" "protect-ship" "no-shields" "invulnerable" "hidden-from-sensors" "stealth" "friendly-stealth-invisible" )
+Flags2: ( "don't-change-position" "don't-change-orientation" )
+Respawn priority: 0
+Group: 0
+Use Table Score:
+Score: 0

$Name: Ground Panel 47		;! Object #46
$Display Name: XSTR("Ground Panel 47", 6579)
$Class: Ground Panel
$Team: Friendly
$Location: -6868.094727, 2483.893066, -2443.297119
$Orientation:
	0.947608, -0.000088, -0.319437,
	0.000003, 1.000000, -0.000266,
	0.319437, 0.000251, 0.947608
$Cargo 1:  XSTR("Nothing", 3335)
+Initial Hull: 100
+Initial Shields: 100
+Subsystem: Pilot
$Arrival Location: Hyperspace
$Arrival Cue: ( true ) 
$Departure Location: Hyperspace
$Departure Cue: ( false ) 
$Determination: 10
+Flags: ( "cargo-known" "protect-ship" "no-shields" "invulnerable" "hidden-from-sensors" "stealth" "friendly-stealth-invisible" )
+Flags2: ( "don't-change-position" "don't-change-orientation" )
+Respawn priority: 0
+Group: 0
+Use Table Score:
+Score: 0

$Name: Ground Panel 48		;! Object #47
$Display Name: XSTR("Ground Panel 48", 6580)
$Class: Ground Panel
$Team: Friendly
$Location: -6933.020508, 2483.902588, -2646.822754
$Orientation:
	0.947608, -0.000088, -0.319437,
	0.000003, 1.000000, -0.000266,
	0.319437, 0.000251, 0.947608
$Cargo 1:  XSTR("Nothing", 3335)
+Initial Hull: 100
+Initial Shields: 100
+Subsystem: Pilot
$Arrival Location: Hyperspace
$Arrival Cue: ( true ) 
$Departure Location: Hyperspace
