#Mission Info

$Version: 0.10
$Name:  XSTR("Blood and Ash", 5293)
$Author: Dan
$Created: 05/27/18 at 09:30:11
$Modified: 08/05/22 at 09:50:18
$Notes:
This is a FRED2_OPEN created mission.
$End Notes:

$Mission Desc:
 XSTR("Put mission description here
", 3168)
$end_multi_text
+Game Type Flags: 1
+Flags: 262244
+NebAwacs: 11000.000000

+Storm: s_standard

+Fog Near Mult: 2.000000

+Fog Far Mult: 3.000000

+Disallow Support: 0
+Hull Repair Ceiling: 75.000000
+Subsystem Repair Ceiling: 100.000000

+Viewer pos: -16118.502930, 5429.951660, -12211.949219
+Viewer orient:
	0.688881, -0.000001, -0.724875,
	0.058938, 0.996689, 0.056010,
	0.722475, -0.081307, 0.686600


$Load Screen 1024: 2_LoadingBGM00

$Skybox Model: redskybox.pof

$AI Profile: Solaris

#Sexp_variables

$Variables:
(
		0		"fov"		"51"		"number"
		1		"fovunedited"		"51"		"number"
		2		"loadcheckpoint"		"0"		"number"
		3		"m7checkpoint"		"0"		"number"
		4		"saveexist"		"0"		"number"
		5		"autoGenVar1"		"#"		"string"
		6		"autoGenVar2"		"#Raptor"		"string"
		7		"autoGenVar3"		"#Longview"		"string"
		8		"autoGenVar4"		"#Lancaster"		"string"
		9		"autoGenVar5"		"Installation"		"string"
		10		"autoGenVar6"		"Nav 1"		"string"
		11		"autoGenVar7"		"Nav 2"		"string"
		12		"autoGenVar8"		"Nav 3"		"string"
)

#Command Briefing

#Briefing
$start_briefing
$num_stages: 0
$end_briefing

#Debriefing_info

$Num stages: 3

$Formula: ( is-event-true-delay 
   "mission complete good" 
   0 
)
$Multi text
    XSTR("Lieutenant Ross, this is an excellent outcome. Our crews have secured a trove of ammunition, spare parts and military equipment. Our operational capability has increased by an order of magnitude. We took a gamble but managed to pull it off. With the destruction of the Venturous and Stella Polare, more strain will be placed on Romanowska's remaining forces in Morik.

Fifteen minutes ago, nuclear bombers flying off the carrier Imperatrix glassed Juliet Base. Our ships had already secured all the supplies we could and took no further losses, but the base is now a tomb.

I'll have my analysts decrypt the data from the Combine base at Mira. There is high-level encryption in the native data, but the algorithm is one that Federation Defense Intelligence uses. We don't have the clearance codes necessary, and will have to locate a counter-algorithm before we can read the data. What we've found only raises more questions about the nature of the Mira base, and what the Combine were doing there.

As well as supplies, the Juliet hangars also contained Phantom-class stealth fighters in spaceworthy condition. With some minor maintenance they've been made mission ready and should be available for deployment at the next sortie.
", 5294)
$end_multi_text
$Voice: 07-db1
$Recommendation text:
    XSTR("", 2974)
$end_multi_text

$Formula: ( is-event-true-delay 
   "lac arrival cue" 
   0 
)
$Multi text
    XSTR("Unfortunately, the mission did not go as smoothly as I'd liked. With no heavy firepower to bear against the Combine warships, Zeta wing were deployed for an assault. Though this mission was of critical importance, I would have preferred not to expose these LACS to enemy fire. Our resources are meagre enough as it is.", 5295)
$end_multi_text
$Voice: 07-db2
$Recommendation text:
    XSTR("The main threats to the Uriel transport are the Combine light fighters. Make sure you intercept them in time to protect the lightly-armoured transport.", 5296)
$end_multi_text

$Formula: ( or 
   ( is-destroyed-delay 0 "Zeta 1" ) 
   ( is-destroyed-delay 0 "Zeta 2" ) 
)
$Multi text
    XSTR("The fact that these assets were lost in the assault makes it especially hard for me to justify the use of the craft.", 5297)
$end_multi_text
$Voice: 07-db3
$Recommendation text:
    XSTR("", 2974)
$end_multi_text

#Alternate Types:
$Alt: Station

#end


#Callsigns:
$Callsign: XSTR("Raptor", 3171)
$Callsign: XSTR("Razor", 5063)
$Callsign: XSTR("Murphy", 5298)
$Callsign: XSTR("McKearney", 3305)
$Callsign: XSTR("Ross", 3174)

#end


#Players		;! 1 total

$Starting Shipname: Alpha 1
$Ship Choices: (
	"Viper-class Fighter"	2
)

+Weaponry Pool: (
	"Maxim"	4
	"Vulcan"	2
)

#Objects		;! 101 total

$Name: Alpha 1		;! Object #0
$Display Name: XSTR("Alpha 1", 3175)
$Class: Thunderbolt-class Interceptor
$Callsign: XSTR("Ross", 3174)

$Team: Friendly
$Location: -4.656003, 7722.564453, 271.859344
$Orientation:
	0.999853, -0.000000, 0.017124,
	0.000000, 1.000000, 0.000000,
	-0.017124, 0.000000, 0.999853
$AI Behavior: None
$Cargo 1:  XSTR("Nothing", 3176)
+Initial Velocity: 100
+Initial Hull: 100
+Initial Shields: 100
+Subsystem: Pilot
$Arrival Location: Hyperspace
$Arrival Cue: ( false ) 
$Departure Location: Hyperspace
$Departure Cue: ( false ) 
$Determination: 10
+Flags: ( "cargo-known" "no-shields" "player-start" "no-departure-warp" )
+Flags2: ( "no-subspace-drive" "no-ets" )
+Respawn priority: 0
+Orders Accepted List: ( "attack ship" "disable ship" "disarm ship" "guard ship" "ignore ship" "form on wing" "cover me" "attack any" "disable subsys" )
+Group: 0
+Use Table Score:
+Score: 10

$Name: Rocinante		;! Object #1
$Display Name: XSTR("Rocinante", 5299)
$Class: Miranda-class Transport
$Team: Friendly
$Location: -16572.675781, 3928.491943, -2428.403320
$Orientation:
	0.000126, 0.000000, -1.000000,
	0.006512, 0.999979, 0.000001,
	0.999979, -0.006512, 0.000126
$AI Behavior: None
$Cargo 1:  XSTR("Technicians", 5300)
+Initial Hull: 100
+Initial Shields: 100
+Subsystem: Pilot
+Subsystem: turret01
+Subsystem: turret02
$Arrival Location: Hyperspace
$Arrival Cue: ( true ) 
$Departure Location: Hyperspace
$Departure Cue: ( false ) 
$Determination: 10
+Flags: ( "cargo-known" "no-shields" )
+Flags2: ( "no-ets" )
+Respawn priority: 0
+Group: 0
+Use Table Score:
+Score: 0

$Name: Landscape 2		;! Object #2
$Display Name: XSTR("Landscape 2", 3005)
$Class: Landscape
$Team: Neutral
$Location: 468.656860, 2214.492188, 522.716431
$Orientation:
	0.996497, -0.000000, 0.083632,
	0.000000, 1.000000, 0.000000,
	-0.083632, 0.000000, 0.996497
$AI Behavior: None
$Cargo 1:  XSTR("Nothing", 3176)
+Initial Velocity: 33
+Initial Hull: 100
+Initial Shields: 100
+Subsystem: Pilot
$Arrival Location: Hyperspace
$Arrival Cue: ( true ) 
$Departure Location: Hyperspace
$Departure Cue: ( false ) 
$Determination: 10
+Flags: ( "cargo-known" "protect-ship" "no-shields" "invulnerable" "stealth" "friendly-stealth-invisible" )
+Flags2: ( "immobile" )
+Respawn priority: 0
+Group: 0
+Use Table Score:
+Score: 0

$Name: Landscape 7		;! Object #3
$Display Name: XSTR("Landscape 7", 4072)
$Class: Landscape
$Team: Neutral
$Location: -3121.118652, 2132.452148, 97383.429688
$Orientation:
	-0.999974, 0.000000, -0.007264,
	0.000000, 1.000000, 0.000000,
	0.007264, 0.000000, -0.999974
$AI Behavior: None
$Cargo 1:  XSTR("Nothing", 3176)
+Initial Velocity: 33
+Initial Hull: 100
+Initial Shields: 100
+Subsystem: Pilot
$Arrival Location: Hyperspace
$Arrival Cue: ( true ) 
$Departure Location: Hyperspace
$Departure Cue: ( false ) 
$Determination: 10
+Flags: ( "cargo-known" "protect-ship" "no-shields" "invulnerable" "stealth" "friendly-stealth-invisible" )
+Flags2: ( )
+Respawn priority: 0
+Group: 0
+Use Table Score:
+Score: 0

$Name: Landscape 8		;! Object #4
$Display Name: XSTR("Landscape 8", 4073)
$Class: Landscape
$Team: Neutral
$Location: -99210.109375, 2132.450195, 95899.015625
$Orientation:
	1.000000, 0.000000, 0.000000,
	0.000000, 1.000000, 0.000000,
	0.000000, 0.000000, 1.000000
$AI Behavior: None
$Cargo 1:  XSTR("Nothing", 3176)
+Initial Velocity: 33
+Initial Hull: 100
+Initial Shields: 100
+Subsystem: Pilot
$Arrival Location: Hyperspace
$Arrival Cue: ( true ) 
$Departure Location: Hyperspace
$Departure Cue: ( false ) 
$Determination: 10
+Flags: ( "cargo-known" "protect-ship" "no-shields" "invulnerable" "stealth" "friendly-stealth-invisible" )
+Flags2: ( )
+Respawn priority: 0
+Group: 0
+Use Table Score:
+Score: 0

$Name: Landscape 9		;! Object #5
$Display Name: XSTR("Landscape 9", 4074)
$Class: Landscape
$Team: Neutral
$Location: -92454.695313, 2132.449219, -1287.708496
$Orientation:
	1.000000, 0.000000, 0.000000,
	0.000000, 1.000000, 0.000000,
	0.000000, 0.000000, 1.000000
$AI Behavior: None
$Cargo 1:  XSTR("Nothing", 3176)
+Initial Velocity: 33
+Initial Hull: 100
+Initial Shields: 100
+Subsystem: Pilot
$Arrival Location: Hyperspace
$Arrival Cue: ( true ) 
$Departure Location: Hyperspace
$Departure Cue: ( false ) 
$Determination: 10
+Flags: ( "cargo-known" "protect-ship" "no-shields" "invulnerable" "stealth" "friendly-stealth-invisible" )
+Flags2: ( )
+Respawn priority: 0
+Group: 0
+Use Table Score:
+Score: 0

$Name: Landscape 10		;! Object #6
$Display Name: XSTR("Landscape 10", 4075)
$Class: Landscape
$Team: Neutral
$Location: -92181.125000, 2132.442383, -101279.390625
$Orientation:
	1.000000, 0.000000, 0.000000,
	0.000000, 1.000000, 0.000000,
	0.000000, 0.000000, 1.000000
$AI Behavior: None
$Cargo 1:  XSTR("Nothing", 3176)
+Initial Velocity: 33
+Initial Hull: 100
+Initial Shields: 100
+Subsystem: Pilot
$Arrival Location: Hyperspace
$Arrival Cue: ( true ) 
$Departure Location: Hyperspace
$Departure Cue: ( false ) 
$Determination: 10
+Flags: ( "cargo-known" "protect-ship" "no-shields" "invulnerable" "stealth" "friendly-stealth-invisible" )
+Flags2: ( )
+Respawn priority: 0
+Group: 0
+Use Table Score:
+Score: 0

$Name: Landscape 11		;! Object #7
$Display Name: XSTR("Landscape 11", 4076)
$Class: Landscape
$Team: Neutral
$Location: -482.292236, 2132.438477, -96076.671875
$Orientation:
	1.000000, 0.000000, 0.000000,
	0.000000, 1.000000, 0.000000,
	0.000000, 0.000000, 1.000000
$AI Behavior: None
$Cargo 1:  XSTR("Nothing", 3176)
+Initial Velocity: 33
+Initial Hull: 100
+Initial Shields: 100
+Subsystem: Pilot
$Arrival Location: Hyperspace
$Arrival Cue: ( true ) 
$Departure Location: Hyperspace
$Departure Cue: ( false ) 
$Determination: 10
+Flags: ( "cargo-known" "protect-ship" "no-shields" "invulnerable" "stealth" "friendly-stealth-invisible" )
+Flags2: ( )
+Respawn priority: 0
+Group: 0
+Use Table Score:
+Score: 0

$Name: Landscape 12		;! Object #8
$Display Name: XSTR("Landscape 12", 4077)
$Class: Landscape
$Team: Neutral
$Location: 92130.804688, 2132.429688, -89267.906250
$Orientation:
	1.000000, 0.000000, 0.000000,
	0.000000, 1.000000, 0.000000,
	0.000000, 0.000000, 1.000000
$AI Behavior: None
$Cargo 1:  XSTR("Nothing", 3176)
+Initial Velocity: 33
+Initial Hull: 100
+Initial Shields: 100
+Subsystem: Pilot
$Arrival Location: Hyperspace
$Arrival Cue: ( true ) 
$Departure Location: Hyperspace
$Departure Cue: ( false ) 
$Determination: 10
+Flags: ( "cargo-known" "protect-ship" "no-shields" "invulnerable" "stealth" "friendly-stealth-invisible" )
+Flags2: ( )
+Respawn priority: 0
+Group: 0
+Use Table Score:
+Score: 0

$Name: Landscape 13		;! Object #9
$Display Name: XSTR("Landscape 13", 4078)
$Class: Landscape
$Team: Neutral
$Location: 97978.468750, 2132.432617, 5585.242188
$Orientation:
	-0.019367, 0.000000, 0.999812,
	0.000000, 1.000000, 0.000000,
	-0.999812, 0.000000, -0.019367
$AI Behavior: None
$Cargo 1:  XSTR("Nothing", 3176)
+Initial Velocity: 33
+Initial Hull: 100
+Initial Shields: 100
+Subsystem: Pilot
$Arrival Location: Hyperspace
$Arrival Cue: ( true ) 
$Departure Location: Hyperspace
$Departure Cue: ( false ) 
$Determination: 10
+Flags: ( "cargo-known" "protect-ship" "no-shields" "invulnerable" "stealth" "friendly-stealth-invisible" )
+Flags2: ( )
+Respawn priority: 0
+Group: 0
+Use Table Score:
+Score: 0

$Name: Landscape 14		;! Object #10
$Display Name: XSTR("Landscape 14", 4079)
$Class: Landscape
$Team: Neutral
$Location: 95601.789063, 2132.432617, 96736.250000
$Orientation:
	-0.019367, 0.000000, 0.999812,
	0.000000, 1.000000, 0.000000,
	-0.999812, 0.000000, -0.019367
$AI Behavior: None
$Cargo 1:  XSTR("Nothing", 3176)
+Initial Velocity: 33
+Initial Hull: 100
+Initial Shields: 100
+Subsystem: Pilot
$Arrival Location: Hyperspace
$Arrival Cue: ( true ) 
$Departure Location: Hyperspace
$Departure Cue: ( false ) 
$Determination: 10
+Flags: ( "cargo-known" "protect-ship" "no-shields" "invulnerable" "stealth" "friendly-stealth-invisible" )
+Flags2: ( )
+Respawn priority: 0
+Group: 0
+Use Table Score:
+Score: 0

$Name: Landscape 3		;! Object #11
$Display Name: XSTR("Landscape 3", 3006)
$Class: Landscape 3
$Team: Unknown
$Location: -5687.440430, 2039.881958, -3493.039063
$Orientation:
	-0.945899, 0.000000, 0.324461,
	0.000006, 1.000000, 0.000016,
	-0.324461, 0.000017, -0.945899
$AI Behavior: None
+AI Class: Fighter
$Cargo 1:  XSTR("Nothing", 3176)
+Initial Hull: 100
+Initial Shields: 100
+Subsystem: Pilot
$Arrival Location: Hyperspace
$Arrival Cue: ( true ) 
$Departure Location: Hyperspace
$Departure Cue: ( false ) 
$Determination: 10
+Flags: ( "cargo-known" "protect-ship" "no-shields" "invulnerable" "hidden-from-sensors" "stealth" "friendly-stealth-invisible" )
+Flags2: ( "immobile" )
+Respawn priority: 0
+Group: 0
+Use Table Score:
+Score: 0

$Name: City Layer		;! Object #12
$Display Name: XSTR("City Layer", 3007)
$Class: City Layer
$Team: Surrendered
$Location: -5605.159180, 2351.973145, -3883.225098
$Orientation:
	0.943616, 0.000000, -0.331043,
	-0.000001, 1.000000, -0.000002,
	0.331043, 0.000002, 0.943616
$AI Behavior: None
$Cargo 1:  XSTR("Nothing", 3176)
+Initial Hull: 100
+Initial Shields: 100
+Subsystem: Pilot
$Arrival Location: Hyperspace
$Arrival Cue: ( true ) 
$Departure Location: Hyperspace
$Departure Cue: ( false ) 
$Determination: 10
+Flags: ( "cargo-known" "protect-ship" "no-shields" "invulnerable" "hidden-from-sensors" "stealth" "friendly-stealth-invisible" )
+Flags2: ( "immobile" )
+Respawn priority: 0
+Group: 0
+Use Table Score:
+Score: 0

$Name: Beta 1		;! Object #13
$Display Name: XSTR("Beta 1", 3200)
$Class: Thunderbolt-class Interceptor
$Callsign: XSTR("McKearney", 3305)

$Team: Friendly
$Location: 101.493576, 7722.564453, -70.649414
$Orientation:
	0.999853, -0.000000, 0.017124,
	0.000000, 1.000000, 0.000000,
	-0.017124, 0.000000, 0.999853
$AI Behavior: None
$Cargo 1:  XSTR("Nothing", 3176)
+Initial Velocity: 100
+Initial Hull: 100
+Initial Shields: 100
+Subsystem: Pilot
$Arrival Location: Hyperspace
$Arrival Cue: ( false ) 
$Departure Location: Hyperspace
$Departure Cue: ( false ) 
$Determination: 10
+Flags: ( "cargo-known" "no-shields" "no-departure-warp" "invulnerable" "guardian" )
+Flags2: ( "no-ets" )
+Respawn priority: 0
+Orders Accepted List: ( "attack ship" "disable ship" "disarm ship" "guard ship" "ignore ship" "form on wing" "cover me" "attack any" "disable subsys" )
+Group: 0
+Use Table Score:
+Score: 10
+Persona Index: 12

$Name: Venturous		;! Object #14
$Display Name: XSTR("Venturous", 5301)
$Class: Victory-class Destroyer
$Team: Hostile
$Location: 3784.100098, 3443.000000, 1409.900024
$Orientation:
	-0.501275, 0.000000, 0.865288,
	-0.021573, 0.999689, -0.012498,
	-0.865019, -0.024932, -0.501119
$AI Behavior: None
$AI Goals: ( goals ( ai-waypoints "Rocinante rises" 50 ) )
$Cargo 1:  XSTR("Nothing", 3176)
+Initial Hull: 100
+Initial Shields: 100
+Subsystem: Pilot
+Subsystem: turret04
+Subsystem: turret05
+Subsystem: turret06
+Subsystem: turret07
+Subsystem: mturret01
$Arrival Location: Hyperspace
$Arrival Cue: ( is-event-true-delay 
   "protect base" 
   2 
)
$Departure Location: Hyperspace
$Departure Cue: ( false ) 
$Determination: 10
+Flags: ( "no-shields" "no-arrival-warp" )
+Flags2: ( "no-ets" )
+Respawn priority: 0
+Group: 0
+Use Table Score:
+Score: 0

$Name: Taurus 1		;! Object #15
$Display Name: XSTR("Taurus 1", 3187)
$Class: Defender-class Fighter
$Team: Hostile
$Location: -12517.028320, 5211.523438, 4603.831543
$Orientation:
	-0.984557, 0.000000, -0.175063,
	0.000000, 1.000000, 0.000000,
	0.175063, 0.000000, -0.984557
$AI Behavior: None
$Cargo 1:  XSTR("Nothing", 3176)
+Initial Hull: 100
+Initial Shields: 100
+Subsystem: Pilot
$Arrival Location: Hyperspace
$Arrival Cue: ( false ) 
$Departure Location: Hyperspace
$Departure Cue: ( false ) 
$Determination: 10
+Flags: ( "no-shields" "no-arrival-warp" )
+Flags2: ( "no-ets" )
+Respawn priority: 0
+Orders Accepted List: ( )
+Group: 0
+Use Table Score:
+Score: 10

$Name: Taurus 2		;! Object #16
$Display Name: XSTR("Taurus 2", 3188)
$Class: Defender-class Fighter
$Team: Hostile
$Location: -12345.128906, 5211.523438, 4811.947754
$Orientation:
	-0.984557, 0.000000, -0.175063,
	0.000000, 1.000000, 0.000000,
	0.175063, 0.000000, -0.984557
$AI Behavior: None
$Cargo 1:  XSTR("Nothing", 3176)
+Initial Hull: 100
+Initial Shields: 100
+Subsystem: Pilot
$Arrival Location: Hyperspace
$Arrival Cue: ( false ) 
$Departure Location: Hyperspace
$Departure Cue: ( false ) 
$Determination: 10
+Flags: ( "no-shields" "no-arrival-warp" )
+Flags2: ( "no-ets" )
+Respawn priority: 0
+Orders Accepted List: ( )
+Group: 0
+Use Table Score:
+Score: 10

$Name: Taurus 3		;! Object #17
$Display Name: XSTR("Taurus 3", 3209)
$Class: Defender-class Fighter
$Team: Hostile
$Location: -12650.572266, 5211.523438, 4753.536621
$Orientation:
	-0.984557, 0.000000, -0.175063,
	0.000000, 1.000000, 0.000000,
	0.175063, 0.000000, -0.984557
$AI Behavior: None
$Cargo 1:  XSTR("Nothing", 3176)
+Initial Hull: 100
+Initial Shields: 100
+Subsystem: Pilot
$Arrival Location: Hyperspace
$Arrival Cue: ( false ) 
$Departure Location: Hyperspace
$Departure Cue: ( false ) 
$Determination: 10
+Flags: ( "no-shields" "no-arrival-warp" )
+Flags2: ( "no-ets" )
+Respawn priority: 0
+Orders Accepted List: ( )
+Group: 0
+Use Table Score:
+Score: 10

$Name: Landscape 2 31		;! Object #18
$Display Name: XSTR("Landscape 2 31", 5302)
$Class: Landscape 2
$Team: Unknown
$Location: -10794.360352, 2308.926270, -1263.470581
$Orientation:
	-0.276725, 0.000272, -0.960949,
	-0.022525, 0.999723, 0.006770,
	0.960685, 0.023519, -0.276642
$AI Behavior: None
+AI Class: Fighter
$Cargo 1:  XSTR("Nothing", 3176)
+Initial Hull: 100
+Initial Shields: 100
+Subsystem: Pilot
$Arrival Location: Hyperspace
$Arrival Cue: ( true ) 
$Departure Location: Hyperspace
$Departure Cue: ( false ) 
$Determination: 10
+Flags: ( "cargo-known" "protect-ship" "no-shields" "invulnerable" "hidden-from-sensors" "stealth" "friendly-stealth-invisible" )
+Flags2: ( "immobile" )
+Respawn priority: 0
+Group: 0
+Use Table Score:
+Score: 0

$Name: Landscape 2 33		;! Object #19
$Display Name: XSTR("Landscape 2 33", 5303)
$Class: Landscape 2
$Team: Unknown
$Location: -11304.336914, 2266.038574, -4500.118652
$Orientation:
	0.158695, -0.003878, -0.987320,
	0.001418, 0.999992, -0.003699,
	0.987327, -0.000813, 0.158699
$AI Behavior: None
+AI Class: Fighter
$Cargo 1:  XSTR("Nothing", 3176)
+Initial Hull: 100
+Initial Shields: 100
+Subsystem: Pilot
$Arrival Location: Hyperspace
$Arrival Cue: ( true ) 
$Departure Location: Hyperspace
$Departure Cue: ( false ) 
$Determination: 10
+Flags: ( "cargo-known" "protect-ship" "no-shields" "invulnerable" "hidden-from-sensors" "stealth" "friendly-stealth-invisible" )
+Flags2: ( "immobile" )
+Respawn priority: 0
+Group: 0
+Use Table Score:
+Score: 0

$Name: Command Tower		;! Object #20
$Display Name: XSTR("Command Tower", 5304)
$Class: Ground Tower
$Team: Friendly
$Location: -5746.279297, 2560.064209, -4336.122070
$Orientation:
	0.351496, 0.000248, 0.936190,
	0.000003, 1.000000, -0.000266,
	-0.936190, 0.000097, 0.351496
$AI Behavior: None
$Cargo 1:  XSTR("Nothing", 3176)
+Initial Velocity: 33
+Initial Hull: 100
+Initial Shields: 100
+Subsystem: Pilot
$Arrival Location: Hyperspace
$Arrival Cue: ( true ) 
$Departure Location: Hyperspace
$Departure Cue: ( false ) 
$Determination: 10
+Flags: ( "cargo-known" "protect-ship" "no-shields" "invulnerable" "hidden-from-sensors" "stealth" "friendly-stealth-invisible" )
+Flags2: ( "immobile" )
+Respawn priority: 0
+Group: 0
+Use Table Score:
+Score: 0

$Name: Ground Panel#		;! Object #21
$Display Name: XSTR("Ground Panel", 2956)
$Class: Ground Panel
$Team: Friendly
$Location: -6136.534180, 2494.471191, -2724.027344
$Orientation:
	0.947608, -0.000088, -0.319437,
	0.000003, 1.000000, -0.000266,
	0.319437, 0.000251, 0.947608
$AI Behavior: None
$Cargo 1:  XSTR("Nothing", 3176)
+Initial Hull: 100
+Initial Shields: 100
+Subsystem: Pilot
$Arrival Location: Hyperspace
$Arrival Cue: ( true ) 
$Departure Location: Hyperspace
$Departure Cue: ( false ) 
$Determination: 10
+Flags: ( "cargo-known" "protect-ship" "no-shields" "invulnerable" "hidden-from-sensors" "stealth" "friendly-stealth-invisible" )
+Flags2: ( "immobile" )
+Respawn priority: 0
+Group: 0
+Use Table Score:
+Score: 0

$Name: Ground Panel#2		;! Object #22
$Display Name: XSTR("Ground Panel", 2956)
$Class: Ground Panel
$Team: Friendly
$Location: -6201.459473, 2494.480713, -2927.552979
$Orientation:
	0.947608, -0.000088, -0.319437,
	0.000003, 1.000000, -0.000266,
	0.319437, 0.000251, 0.947608
$AI Behavior: None
$Cargo 1:  XSTR("Nothing", 3176)
+Initial Hull: 100
+Initial Shields: 100
+Subsystem: Pilot
$Arrival Location: Hyperspace
$Arrival Cue: ( true ) 
$Departure Location: Hyperspace
$Departure Cue: ( false ) 
$Determination: 10
+Flags: ( "cargo-known" "protect-ship" "no-shields" "invulnerable" "hidden-from-sensors" "stealth" "friendly-stealth-invisible" )
+Flags2: ( "immobile" )
+Respawn priority: 0
+Group: 0
+Use Table Score:
+Score: 0

$Name: Hangar#1		;! Object #23
$Display Name: XSTR("Hangar", 2927)
$Class: Ground Hangar
$Team: Friendly
$Location: -7194.832031, 2506.452393, -3184.404541
$Orientation:
	0.947608, -0.000088, -0.319437,
	0.000003, 1.000000, -0.000266,
	0.319437, 0.000251, 0.947608
$AI Behavior: None
+AI Class: Fighter
$Cargo 1:  XSTR("Nothing", 3176)
+Initial Hull: 100
+Initial Shields: 100
+Subsystem: Pilot
$Arrival Location: Hyperspace
$Arrival Cue: ( true ) 
$Departure Location: Hyperspace
$Departure Cue: ( false ) 
$Determination: 10
+Flags: ( "cargo-known" "protect-ship" "no-shields" "invulnerable" "hidden-from-sensors" "stealth" "friendly-stealth-invisible" )
+Flags2: ( "immobile" )
+Respawn priority: 0
+Group: 0
+Use Table Score:
+Score: 0

$Name: Ground Hangar 25		;! Object #24
$Display Name: XSTR("Ground Hangar 25", 5305)
$Class: Ground Warehouse
$Team: Friendly
$Location: -5973.493652, 2494.473389, -2447.556396
$Orientation:
	0.947608, -0.000088, -0.319437,
	0.000003, 1.000000, -0.000266,
	0.319437, 0.000251, 0.947608
$AI Behavior: None
+AI Class: Fighter
$Cargo 1:  XSTR("Nothing", 3176)
+Initial Hull: 100
+Initial Shields: 100
+Subsystem: Pilot
$Arrival Location: Hyperspace
$Arrival Cue: ( true ) 
$Departure Location: Hyperspace
$Departure Cue: ( false ) 
$Determination: 10
+Flags: ( "cargo-known" "protect-ship" "no-shields" "invulnerable" "hidden-from-sensors" "stealth" "friendly-stealth-invisible" )
+Flags2: ( "immobile" )
+Respawn priority: 0
+Group: 0
+Use Table Score:
+Score: 0

$Name: Ground Warehouse 26		;! Object #25
$Display Name: XSTR("Ground Warehouse 26", 5306)
$Class: Ground Warehouse
$Team: Friendly
$Location: -5837.613281, 2494.468750, -2053.895508
$Orientation:
	0.947608, -0.000088, -0.319437,
	0.000003, 1.000000, -0.000266,
	0.319437, 0.000251, 0.947608
$AI Behavior: None
+AI Class: Fighter
$Cargo 1:  XSTR("Nothing", 3176)
+Initial Hull: 100
+Initial Shields: 100
+Subsystem: Pilot
$Arrival Location: Hyperspace
$Arrival Cue: ( true ) 
$Departure Location: Hyperspace
$Departure Cue: ( false ) 
$Determination: 10
+Flags: ( "cargo-known" "protect-ship" "no-shields" "invulnerable" "hidden-from-sensors" "stealth" "friendly-stealth-invisible" )
+Flags2: ( "immobile" )
+Respawn priority: 0
+Group: 0
+Use Table Score:
+Score: 0

$Name: Ground Panel 27		;! Object #26
$Display Name: XSTR("Ground Panel 27", 5307)
$Class: Ground Panel
$Team: Friendly
$Location: -5945.982910, 2494.471191, -2786.250732
$Orientation:
	0.947608, -0.000088, -0.319437,
	0.000003, 1.000000, -0.000266,
	0.319437, 0.000251, 0.947608
$AI Behavior: None
$Cargo 1:  XSTR("Nothing", 3176)
+Initial Hull: 100
+Initial Shields: 100
+Subsystem: Pilot
$Arrival Location: Hyperspace
$Arrival Cue: ( true ) 
$Departure Location: Hyperspace
$Departure Cue: ( false ) 
$Determination: 10
+Flags: ( "cargo-known" "protect-ship" "no-shields" "invulnerable" "hidden-from-sensors" "stealth" "friendly-stealth-invisible" )
+Flags2: ( "immobile" )
+Respawn priority: 0
+Group: 0
+Use Table Score:
+Score: 0

$Name: Ground Panel 28		;! Object #27
$Display Name: XSTR("Ground Panel 28", 4090)
$Class: Ground Panel
$Team: Friendly
$Location: -6015.133301, 2494.480469, -2993.706299
$Orientation:
	0.947608, -0.000088, -0.319437,
	0.000003, 1.000000, -0.000266,
	0.319437, 0.000251, 0.947608
$AI Behavior: None
$Cargo 1:  XSTR("Nothing", 3176)
+Initial Hull: 100
+Initial Shields: 100
+Subsystem: Pilot
$Arrival Location: Hyperspace
$Arrival Cue: ( true ) 
$Departure Location: Hyperspace
$Departure Cue: ( false ) 
$Determination: 10
+Flags: ( "cargo-known" "protect-ship" "no-shields" "invulnerable" "hidden-from-sensors" "stealth" "friendly-stealth-invisible" )
+Flags2: ( "immobile" )
+Respawn priority: 0
+Group: 0
+Use Table Score:
+Score: 0

$Name: Ground Warehouse 29		;! Object #28
$Display Name: XSTR("Ground Warehouse 29", 5308)
$Class: Ground Energy
$Team: Friendly
$Location: -5582.666504, 2494.388428, -2584.596680
$Orientation:
	0.947608, -0.000088, -0.319437,
	0.000003, 1.000000, -0.000266,
	0.319437, 0.000251, 0.947608
$AI Behavior: None
+AI Class: Fighter
$Cargo 1:  XSTR("Nothing", 3176)
+Initial Hull: 100
+Initial Shields: 100
+Subsystem: Pilot
$Arrival Location: Hyperspace
$Arrival Cue: ( true ) 
$Departure Location: Hyperspace
$Departure Cue: ( false ) 
$Determination: 10
+Flags: ( "cargo-known" "protect-ship" "no-shields" "invulnerable" "hidden-from-sensors" "stealth" "friendly-stealth-invisible" )
+Flags2: ( "immobile" )
+Respawn priority: 0
+Group: 0
+Use Table Score:
+Score: 0

$Name: Ground Energy 30		;! Object #29
$Display Name: XSTR("Ground Energy 30", 5309)
$Class: Ground Energy
$Team: Friendly
$Location: -5702.555176, 2494.388428, -3023.134277
$Orientation:
	0.947608, -0.000088, -0.319437,
	0.000003, 1.000000, -0.000266,
	0.319437, 0.000251, 0.947608
$AI Behavior: None
+AI Class: Fighter
$Cargo 1:  XSTR("Nothing", 3176)
+Initial Hull: 100
+Initial Shields: 100
+Subsystem: Pilot
$Arrival Location: Hyperspace
$Arrival Cue: ( true ) 
$Departure Location: Hyperspace
$Departure Cue: ( false ) 
$Determination: 10
+Flags: ( "cargo-known" "protect-ship" "no-shields" "invulnerable" "hidden-from-sensors" "stealth" "friendly-stealth-invisible" )
+Flags2: ( "immobile" )
+Respawn priority: 0
+Group: 0
+Use Table Score:
+Score: 0

$Name: Ground Hangar 31		;! Object #30
$Display Name: XSTR("Ground Hangar 31", 5310)
$Class: Antennae
$Team: Friendly
$Location: -5252.042969, 2448.567871, -2626.867920
$Orientation:
	0.316978, 0.000054, 0.948433,
	-0.001898, 0.999998, 0.000577,
	-0.948431, -0.001984, 0.316978
$AI Behavior: None
$Cargo 1:  XSTR("Nothing", 3176)
+Initial Hull: 100
+Initial Shields: 100
+Subsystem: Pilot
$Arrival Location: Hyperspace
$Arrival Cue: ( true ) 
$Departure Location: Hyperspace
$Departure Cue: ( false ) 
$Determination: 10
+Flags: ( "cargo-known" "protect-ship" "no-shields" "invulnerable" "hidden-from-sensors" "stealth" "friendly-stealth-invisible" )
+Flags2: ( "immobile" )
+Respawn priority: 0
+Group: 0
+Use Table Score:
+Score: 0

$Name: Antennae 32		;! Object #31
$Display Name: XSTR("Antennae 32", 5311)
$Class: Antennae
$Team: Friendly
$Location: -5323.933105, 2448.567871, -2842.435547
$Orientation:
	0.316978, 0.000054, 0.948433,
	-0.001898, 0.999998, 0.000577,
	-0.948431, -0.001984, 0.316978
$AI Behavior: None
$Cargo 1:  XSTR("Nothing", 3176)
+Initial Hull: 100
+Initial Shields: 100
+Subsystem: Pilot
$Arrival Location: Hyperspace
$Arrival Cue: ( true ) 
$Departure Location: Hyperspace
$Departure Cue: ( false ) 
$Determination: 10
+Flags: ( "cargo-known" "protect-ship" "no-shields" "invulnerable" "hidden-from-sensors" "stealth" "friendly-stealth-invisible" )
+Flags2: ( "immobile" )
+Respawn priority: 0
+Group: 0
+Use Table Score:
+Score: 0

$Name: Antennae 33		;! Object #32
$Display Name: XSTR("Antennae 33", 5312)
$Class: Antennae
$Team: Friendly
$Location: -5394.864258, 2448.567871, -3060.219482
$Orientation:
	0.316968, 0.000000, 0.948436,
	0.000000, 1.000000, -0.000000,
	-0.948436, 0.000000, 0.316968
$AI Behavior: None
$Cargo 1:  XSTR("Nothing", 3176)
+Initial Hull: 100
+Initial Shields: 100
+Subsystem: Pilot
$Arrival Location: Hyperspace
$Arrival Cue: ( true ) 
$Departure Location: Hyperspace
$Departure Cue: ( false ) 
$Determination: 10
+Flags: ( "cargo-known" "protect-ship" "no-shields" "invulnerable" "hidden-from-sensors" "stealth" "friendly-stealth-invisible" )
+Flags2: ( "immobile" )
+Respawn priority: 0
+Group: 0
+Use Table Score:
+Score: 0

$Name: Antennae 34		;! Object #33
$Display Name: XSTR("Antennae 34", 5313)
$Class: Antennae
$Team: Friendly
$Location: -5134.729492, 2448.567871, -2677.834229
$Orientation:
	0.316978, 0.000054, 0.948433,
	-0.001898, 0.999998, 0.000577,
	-0.948431, -0.001984, 0.316978
$AI Behavior: None
$Cargo 1:  XSTR("Nothing", 3176)
+Initial Hull: 100
+Initial Shields: 100
+Subsystem: Pilot
$Arrival Location: Hyperspace
$Arrival Cue: ( true ) 
$Departure Location: Hyperspace
$Departure Cue: ( false ) 
$Determination: 10
+Flags: ( "cargo-known" "protect-ship" "no-shields" "invulnerable" "hidden-from-sensors" "stealth" "friendly-stealth-invisible" )
+Flags2: ( "immobile" )
+Respawn priority: 0
+Group: 0
+Use Table Score:
+Score: 0

$Name: Antennae 35		;! Object #34
$Display Name: XSTR("Antennae 35", 5314)
$Class: Antennae
$Team: Friendly
$Location: -5206.619629, 2448.567871, -2893.401855
$Orientation:
	0.316978, 0.000054, 0.948433,
	-0.001898, 0.999998, 0.000577,
	-0.948431, -0.001984, 0.316978
$AI Behavior: None
$Cargo 1:  XSTR("Nothing", 3176)
+Initial Hull: 100
+Initial Shields: 100
+Subsystem: Pilot
$Arrival Location: Hyperspace
$Arrival Cue: ( true ) 
$Departure Location: Hyperspace
$Departure Cue: ( false ) 
$Determination: 10
+Flags: ( "cargo-known" "protect-ship" "no-shields" "invulnerable" "hidden-from-sensors" "stealth" "friendly-stealth-invisible" )
+Flags2: ( "immobile" )
+Respawn priority: 0
+Group: 0
+Use Table Score:
+Score: 0

$Name: Antennae 36		;! Object #35
$Display Name: XSTR("Antennae 36", 5315)
$Class: Antennae
$Team: Friendly
$Location: -5277.550781, 2448.567871, -3111.185791
$Orientation:
	0.316968, 0.000000, 0.948436,
	0.000000, 1.000000, -0.000000,
	-0.948436, 0.000000, 0.316968
$AI Behavior: None
$Cargo 1:  XSTR("Nothing", 3176)
+Initial Hull: 100
+Initial Shields: 100
+Subsystem: Pilot
$Arrival Location: Hyperspace
$Arrival Cue: ( true ) 
$Departure Location: Hyperspace
$Departure Cue: ( false ) 
$Determination: 10
+Flags: ( "cargo-known" "protect-ship" "no-shields" "invulnerable" "hidden-from-sensors" "stealth" "friendly-stealth-invisible" )
+Flags2: ( "immobile" )
+Respawn priority: 0
+Group: 0
+Use Table Score:
+Score: 0

$Name: Antennae 37		;! Object #36
$Display Name: XSTR("Antennae 37", 5316)
$Class: Antennae
$Team: Friendly
$Location: -5059.973145, 2448.567871, -2941.611084
$Orientation:
	0.316978, 0.000054, 0.948433,
	-0.001898, 0.999998, 0.000577,
	-0.948431, -0.001984, 0.316978
$AI Behavior: None
$Cargo 1:  XSTR("Nothing", 3176)
+Initial Hull: 100
+Initial Shields: 100
+Subsystem: Pilot
$Arrival Location: Hyperspace
$Arrival Cue: ( true ) 
$Departure Location: Hyperspace
$Departure Cue: ( false ) 
$Determination: 10
+Flags: ( "cargo-known" "protect-ship" "no-shields" "invulnerable" "hidden-from-sensors" "stealth" "friendly-stealth-invisible" )
+Flags2: ( "immobile" )
+Respawn priority: 0
+Group: 0
+Use Table Score:
+Score: 0

$Name: Antennae 38		;! Object #37
$Display Name: XSTR("Antennae 38", 5317)
$Class: Antennae
$Team: Friendly
$Location: -5130.904297, 2448.567871, -3159.395020
$Orientation:
	0.316968, 0.000000, 0.948436,
	0.000000, 1.000000, -0.000000,
	-0.948436, 0.000000, 0.316968
$AI Behavior: None
$Cargo 1:  XSTR("Nothing", 3176)
+Initial Hull: 100
+Initial Shields: 100
+Subsystem: Pilot
$Arrival Location: Hyperspace
$Arrival Cue: ( true ) 
$Departure Location: Hyperspace
$Departure Cue: ( false ) 
$Determination: 10
+Flags: ( "cargo-known" "protect-ship" "no-shields" "invulnerable" "hidden-from-sensors" "stealth" "friendly-stealth-invisible" )
+Flags2: ( "immobile" )
+Respawn priority: 0
+Group: 0
+Use Table Score:
+Score: 0

$Name: Ground Tower 40		;! Object #38
$Display Name: XSTR("Ground Tower 40", 5318)
$Class: Ground Tower
$Team: Friendly
$Location: -5863.245117, 2560.064209, -4660.223633
$Orientation:
	0.351496, 0.000248, 0.936190,
	0.000003, 1.000000, -0.000266,
	-0.936190, 0.000097, 0.351496
$AI Behavior: None
$Cargo 1:  XSTR("Nothing", 3176)
+Initial Velocity: 33
+Initial Hull: 100
+Initial Shields: 100
+Subsystem: Pilot
$Arrival Location: Hyperspace
$Arrival Cue: ( true ) 
$Departure Location: Hyperspace
$Departure Cue: ( false ) 
$Determination: 10
+Flags: ( "cargo-known" "protect-ship" "no-shields" "invulnerable" "hidden-from-sensors" "stealth" "friendly-stealth-invisible" )
+Flags2: ( "immobile" )
+Respawn priority: 0
+Group: 0
+Use Table Score:
+Score: 0

$Name: Ground Hangar 41		;! Object #39
$Display Name: XSTR("Ground Hangar 41", 5319)
$Class: Ground Station
$Team: Friendly
$Location: -5009.729492, 2488.035156, -3725.155518
$Orientation:
	-0.945243, 0.000000, 0.326366,
	0.000001, 1.000000, 0.000002,
	-0.326366, 0.000002, -0.945243
$AI Behavior: None
$Cargo 1:  XSTR("Nothing", 3176)
+Initial Hull: 100
+Initial Shields: 100
+Subsystem: Pilot
$Arrival Location: Hyperspace
$Arrival Cue: ( true ) 
$Departure Location: Hyperspace
$Departure Cue: ( false ) 
$Determination: 10
+Flags: ( "cargo-known" "protect-ship" "no-shields" "invulnerable" "hidden-from-sensors" "stealth" "friendly-stealth-invisible" )
+Flags2: ( "immobile" )
+Respawn priority: 0
+Group: 0
+Use Table Score:
+Score: 0

$Name: Landscape 2 41		;! Object #40
$Display Name: XSTR("Landscape 2 41", 5320)
$Class: Landscape 2
$Team: Unknown
$Location: -11032.478516, 2136.819580, 2173.966064
$Orientation:
	-0.260455, -0.000436, -0.965486,
	0.042798, 0.999012, -0.011996,
	0.964537, -0.044445, -0.260179
$AI Behavior: None
+AI Class: Fighter
$Cargo 1:  XSTR("Nothing", 3176)
+Initial Hull: 100
+Initial Shields: 100
+Subsystem: Pilot
$Arrival Location: Hyperspace
$Arrival Cue: ( true ) 
$Departure Location: Hyperspace
$Departure Cue: ( false ) 
$Determination: 10
+Flags: ( "cargo-known" "protect-ship" "no-shields" "invulnerable" "hidden-from-sensors" "stealth" "friendly-stealth-invisible" )
+Flags2: ( "immobile" )
+Respawn priority: 0
+Group: 0
+Use Table Score:
+Score: 0

$Name: Landscape 2 42		;! Object #41
$Display Name: XSTR("Landscape 2 42", 5321)
$Class: Landscape 2
$Team: Unknown
$Location: -15790.734375, 2152.194336, -2215.548828
$Orientation:
	0.709634, 0.000000, -0.704571,
	0.031810, 0.998980, 0.032039,
	0.703852, -0.045149, 0.708910
$AI Behavior: None
+AI Class: Fighter
$Cargo 1:  XSTR("Nothing", 3176)
+Initial Hull: 100
+Initial Shields: 100
+Subsystem: Pilot
$Arrival Location: Hyperspace
$Arrival Cue: ( true ) 
$Departure Location: Hyperspace
$Departure Cue: ( false ) 
$Determination: 10
+Flags: ( "cargo-known" "protect-ship" "no-shields" "invulnerable" "hidden-from-sensors" "stealth" "friendly-stealth-invisible" )
+Flags2: ( "immobile" )
+Respawn priority: 0
+Group: 0
+Use Table Score:
+Score: 0

$Name: Ground Panel 43		;! Object #42
$Display Name: XSTR("Ground Panel 43", 5322)
$Class: Ground Panel
$Team: Friendly
$Location: -6493.631348, 2483.892822, -2574.870605
$Orientation:
	0.947608, -0.000088, -0.319437,
	0.000003, 1.000000, -0.000266,
	0.319437, 0.000251, 0.947608
$AI Behavior: None
$Cargo 1:  XSTR("Nothing", 3176)
+Initial Hull: 100
+Initial Shields: 100
+Subsystem: Pilot
$Arrival Location: Hyperspace
$Arrival Cue: ( true ) 
$Departure Location: Hyperspace
$Departure Cue: ( false ) 
$Determination: 10
+Flags: ( "cargo-known" "protect-ship" "no-shields" "invulnerable" "hidden-from-sensors" "stealth" "friendly-stealth-invisible" )
+Flags2: ( "immobile" )
+Respawn priority: 0
+Group: 0
+Use Table Score:
+Score: 0

$Name: Ground Panel 44		;! Object #43
$Display Name: XSTR("Ground Panel 44", 5323)
$Class: Ground Panel
$Team: Friendly
$Location: -6558.556641, 2483.902344, -2778.396484
$Orientation:
	0.947608, -0.000088, -0.319437,
	0.000003, 1.000000, -0.000266,
	0.319437, 0.000251, 0.947608
$AI Behavior: None
$Cargo 1:  XSTR("Nothing", 3176)
+Initial Hull: 100
+Initial Shields: 100
+Subsystem: Pilot
$Arrival Location: Hyperspace
$Arrival Cue: ( true ) 
$Departure Location: Hyperspace
$Departure Cue: ( false ) 
$Determination: 10
+Flags: ( "cargo-known" "protect-ship" "no-shields" "invulnerable" "hidden-from-sensors" "stealth" "friendly-stealth-invisible" )
+Flags2: ( "immobile" )
+Respawn priority: 0
+Group: 0
+Use Table Score:
+Score: 0

$Name: Ground Panel 45		;! Object #44
$Display Name: XSTR("Ground Panel 45", 5324)
$Class: Ground Panel
$Team: Friendly
$Location: -6303.079590, 2494.471191, -2637.094238
$Orientation:
	0.947608, -0.000088, -0.319437,
	0.000003, 1.000000, -0.000266,
	0.319437, 0.000251, 0.947608
$AI Behavior: None
$Cargo 1:  XSTR("Nothing", 3176)
+Initial Hull: 100
+Initial Shields: 100
+Subsystem: Pilot
$Arrival Location: Hyperspace
$Arrival Cue: ( true ) 
$Departure Location: Hyperspace
$Departure Cue: ( false ) 
$Determination: 10
+Flags: ( "cargo-known" "protect-ship" "no-shields" "invulnerable" "hidden-from-sensors" "stealth" "friendly-stealth-invisible" )
+Flags2: ( "immobile" )
+Respawn priority: 0
+Group: 0
+Use Table Score:
+Score: 0

$Name: Ground Panel 46		;! Object #45
$Display Name: XSTR("Ground Panel 46", 5325)
$Class: Ground Panel
$Team: Friendly
$Location: -6372.230469, 2494.480469, -2844.549561
$Orientation:
	0.947608, -0.000088, -0.319437,
	0.000003, 1.000000, -0.000266,
	0.319437, 0.000251, 0.947608
$AI Behavior: None
$Cargo 1:  XSTR("Nothing", 3176)
+Initial Hull: 100
+Initial Shields: 100
+Subsystem: Pilot
$Arrival Location: Hyperspace
$Arrival Cue: ( true ) 
$Departure Location: Hyperspace
$Departure Cue: ( false ) 
$Determination: 10
+Flags: ( "cargo-known" "protect-ship" "no-shields" "invulnerable" "hidden-from-sensors" "stealth" "friendly-stealth-invisible" )
+Flags2: ( "immobile" )
+Respawn priority: 0
+Group: 0
+Use Table Score:
+Score: 0

$Name: Ground Panel 47		;! Object #46
$Display Name: XSTR("Ground Panel 47", 5326)
$Class: Ground Panel
$Team: Friendly
$Location: -6868.094727, 2483.893066, -2443.297119
$Orientation:
	0.947608, -0.000088, -0.319437,
	0.000003, 1.000000, -0.000266,
	0.319437, 0.000251, 0.947608
$AI Behavior: None
$Cargo 1:  XSTR("Nothing", 3176)
+Initial Hull: 100
+Initial Shields: 100
+Subsystem: Pilot
$Arrival Location: Hyperspace
$Arrival Cue: ( true ) 
$Departure Location: Hyperspace
$Departure Cue: ( false ) 
$Determination: 10
+Flags: ( "cargo-known" "protect-ship" "no-shields" "invulnerable" "hidden-from-sensors" "stealth" "friendly-stealth-invisible" )
+Flags2: ( "immobile" )
+Respawn priority: 0
+Group: 0
+Use Table Score:
+Score: 0

$Name: Ground Panel 48		;! Object #47
$Display Name: XSTR("Ground Panel 48", 5327)
$Class: Ground Panel
$Team: Friendly
$Location: -6933.020508, 2483.902588, -2646.822754
$Orientation:
	0.947608, -0.000088, -0.319437,
	0.000003, 1.000000, -0.000266,
	0.319437, 0.000251, 0.947608
$AI Behavior: None
$Cargo 1:  XSTR("Nothing", 3176)
+Initial Hull: 100
+Initial Shields: 100
+Subsystem: Pilot
$Arrival Location: Hyperspace
$Arrival Cue: ( true ) 
$Departure Location: Hyperspace
$Departure Cue: ( false ) 
$Determination: 10
+Flags: ( "cargo-known" "protect-ship" "no-shields" "invulnerable" "hidden-from-sensors" "stealth" "friendly-stealth-invisible" )
+Flags2: ( "immobile" )
+Respawn priority: 0
+Group: 0
+Use Table Score:
+Score: 0

$Name: Ground Panel 49		;! Object #48
$Display Name: XSTR("Ground Panel 49", 5328)
$Class: Ground Panel
$Team: Friendly
$Location: -6677.543457, 2483.892822, -2505.520508
$Orientation:
	0.947608, -0.000088, -0.319437,
	0.000003, 1.000000, -0.000266,
	0.319437, 0.000251, 0.947608
$AI Behavior: None
