#Mission Info

$Version: 0.10
$Name:  XSTR("Artemis Station", 7662)
$Author: Danial Bell
$Created: 10/27/08 at 19:45:43
$Modified: 11/23/15 at 22:29:41
$Notes:
This is a FRED2_OPEN created mission.
$End Notes:

$Mission Desc:
 XSTR("Galactic Terran forces are given a huge boost by the arrival of the GTD Atreus and Imperieuse and the balance of power is tilted to the GTVA. Jovian defenses fall and the Rim Fleet is pulverised. The remnants of the fleet are ordered to retreat to Mars, but some ships refuse the order and choose to stay at Europa to delay the GTVA advance.", 7663)
$end_multi_text
+Game Type Flags: 1
+Flags: 789512
+Fog Near Mult: 1.000000

+Fog Far Mult: 1.000000

+Disallow Support: 1
+Hull Repair Ceiling: 0.000000
+Subsystem Repair Ceiling: 100.000000

+Viewer pos: 1686.305054, 2550.436768, 17661.671875
+Viewer orient:
	0.566966, -0.000009, 0.823741,
	-0.563981, 0.728860, 0.388186,
	-0.600395, -0.684663, 0.413234


$Load Screen 640: LoadingBG.pcx
$Load Screen 1024: 2_LoadingBGM00.png

$Skybox Model: europa.pof

$AI Profile: BP2

#Sexp_variables

$Variables:
(
		0		"emptyVar"		" "		"string"
)

#Command Briefing

#Briefing
$start_briefing
$num_stages: 0
$end_briefing

#Debriefing_info

$Num stages: 0

#Players		;! 1 total

$Starting Shipname: Alpha 1
$Ship Choices: (
	"UEF Uhlan"	4
	"UEF Kentauroi"	4
)

+Weaponry Pool: (
	"Rapier"	8
	"Vulcan"	17
	"Scalpel"	16
	"Maul"	5
	"Sidhe"	1
	"Javelin"	50
	"Dart"	500
	"Dirk"	660
	"Slammer"	4
	"Paveway"	12
	"Hellfire"	500
)

#Objects		;! 56 total

$Name: Alpha 1		;! Object #0
$Display Name: XSTR("Alpha 1", 6326)
$Class: UEF Ainsarii
$Team: Friendly
$Location: 0.000000, 30000.000000, -30000.000000
$Orientation:
	1.000000, 0.000000, 0.000000,
	0.000000, 1.000000, 0.000000,
	0.000000, 0.000000, 1.000000
$AI Behavior: None
$Cargo 1:  XSTR("Nothing", 13)
+Initial Hull: 100
+Subsystem: Pilot
$Arrival Location: Hyperspace
$Arrival Cue: ( false ) 
$Departure Location: Hyperspace
$Departure Cue: ( false ) 
$Determination: 10
+Flags: ( "cargo-known" "protect-ship" "player-start" "invulnerable" "stealth" )
+Flags2: ( "primitive-sensors" "primaries-locked" "secondaries-locked" "afterburners-locked" )
+Respawn priority: 0
+Group: 0
+Score: 10

$Name: Nelson		;! Object #1
$Display Name: XSTR("Nelson", 7664)
$Class: UEFg Karuna
$Team: Friendly
$Team Color Setting: 3rdFleet
$Location: 114.800598, 0.000000, 18971.720703
$Orientation:
	0.334493, 0.000000, -0.942398,
	-0.000000, 1.000000, 0.000000,
	0.942398, 0.000000, 0.334493
$AI Behavior: None
+AI Class: BP2-Captain
$AI Goals: ( goals ( ai-waypoints-once "Waypoint path 2" 50 ) )
$Cargo 1:  XSTR("Nothing", 13)
+Initial Velocity: 100
+Initial Hull: 100
+Initial Shields: 100
+Subsystem: Pilot
+Subsystem: turret01
+Subsystem: turret02
+Subsystem: turret03
+Subsystem: turret04
+Subsystem: turret05
+Subsystem: turret28
+Subsystem: turret29
+Subsystem: turret30
+Subsystem: turret31
+Subsystem: turret32
+Subsystem: turret35
+Subsystem: turret36
+Subsystem: turret37
+Subsystem: turret38
+Subsystem: turret39
+Subsystem: turret40
+Subsystem: turret41
+Subsystem: turret42
+Subsystem: turret43
+Subsystem: turret44
+Subsystem: turret45
+Subsystem: turret46
+Subsystem: turret47
+Subsystem: turret48
+Subsystem: turret49
+Subsystem: turret50
+Subsystem: turret51
+Subsystem: Turret52
+Subsystem: Turret53
$Arrival Location: Hyperspace
+Arrival Delay: 4
$Arrival Cue: ( true ) 
$Departure Location: Hyperspace
$Departure Cue: ( false ) 
$Determination: 10
+Flags: ( "cargo-known" "no-shields" "no-arrival-warp" "invulnerable" )
+Flags2: ( )
+Respawn priority: 0
+Orders Accepted: 1		;! note that this is a bitfield!!!
+Group: 0
+Use Table Score:
+Score: 300
$Texture Replace:
+old: nameplate
+new: nelson

$Name: Artemis Station		;! Object #2
$Display Name: XSTR("Artemis Station", 7662)
$Class: UEI Kumari
$Team: Friendly
$Location: -3519.000000, 141.699997, 22659.000000
$Orientation:
	0.749371, -0.000005, -0.662150,
	0.000064, 1.000000, 0.000065,
	0.662150, -0.000091, 0.749371
$AI Behavior: None
+AI Class: BP2-Captain
$Cargo 1:  XSTR("Nothing", 13)
+Initial Velocity: 33
+Initial Hull: 100
+Initial Shields: 100
+Subsystem: Pilot
+Subsystem: turret01
+Subsystem: turret02
+Subsystem: turret03
+Subsystem: turret04
+Subsystem: turret05
+Subsystem: turret06
+Subsystem: turret07
+Subsystem: turret08
+Subsystem: turret09
+Subsystem: turret10
+Subsystem: turret11
+Subsystem: turret12
+Subsystem: turret13
+Subsystem: turret14
+Subsystem: turret15
+Subsystem: turret16
+Subsystem: turret17
+Subsystem: turret18
+Subsystem: turret19
+Subsystem: turret20
$Arrival Location: Hyperspace
$Arrival Cue: ( true ) 
$Departure Location: Hyperspace
$Departure Cue: ( false ) 
$Determination: 10
+Flags: ( "cargo-known" "protect-ship" "no-shields" )
+Flags2: ( )
+Respawn priority: 0
+Orders Accepted: 0		;! note that this is a bitfield!!!
+Group: 0
+Use Table Score:
+Score: 800

$Name: Suffron		;! Object #3
$Display Name: XSTR("Suffron", 7665)
$Class: UEC Sanctus
$Team: Friendly
$Team Color Setting: 3rdFleet
$Location: -471.966064, 536.226013, 19648.763672
$Orientation:
	0.316976, -0.000000, -0.948434,
	-0.000002, 1.000000, -0.000001,
	0.948434, 0.000002, 0.316976
$AI Behavior: None
+AI Class: BP2-Captain
$AI Goals: ( goals ( ai-waypoints-once "Waypoint path 3" 50 ) )
$Cargo 1:  XSTR("Nothing", 13)
+Initial Velocity: 100
+Initial Hull: 100
+Initial Shields: 100
+Subsystem: Pilot
+Subsystem: Turret01
+Subsystem: Turret02
+Subsystem: Turret03
+Subsystem: Turret04
+Subsystem: Turret05
+Subsystem: Turret06
+Subsystem: turret07
+Subsystem: turret08
+Subsystem: Turret09
+Subsystem: Turret10
+Subsystem: Turret11
+Subsystem: Turret12
+Subsystem: Turret13
+Subsystem: Turret14
+Subsystem: Turret15
+Subsystem: Turret16
+Subsystem: Turret17
$Arrival Location: Hyperspace
+Arrival Delay: 1
$Arrival Cue: ( is-event-true-delay "fadeout 1" 0 ) 
$Departure Location: Hyperspace
$Departure Cue: ( false ) 
$Determination: 10
+Flags: ( "cargo-known" "no-shields" )
+Flags2: ( )
+Respawn priority: 0
+Orders Accepted: 1		;! note that this is a bitfield!!!
+Group: 0
+Use Table Score:
+Score: 200

$Name: Atreus		;! Object #4
$Display Name: XSTR("Atreus", 7666)
$Class: GTD Erebus
$Team: Hostile
$Location: 26090.283203, 552.013672, 27224.507813
$Orientation:
	-0.321612, 0.003580, 0.946865,
	-0.022002, 0.999695, -0.011253,
	-0.946616, -0.024452, -0.321435
$AI Behavior: None
+AI Class: BALLS OF STEELE
$AI Goals: ( goals ( ai-waypoints-once "Waypoint path 6" 50 ) )
$Cargo 1:  XSTR("Nothing", 13)
+Initial Hull: 100
+Initial Shields: 100
+Subsystem: Pilot
+Subsystem: turret01
+Subsystem: turret02
+Subsystem: turret03
+Subsystem: turret04
+Subsystem: turret05
+Subsystem: turret06
+Subsystem: turret07
+Subsystem: turret08
+Subsystem: turret09
+Subsystem: turret10
+Subsystem: turret11
+Subsystem: turret12
+Subsystem: turret13
+Subsystem: turret14
+Subsystem: turret15
+Subsystem: turret16
+Subsystem: turret17
+Subsystem: turret18
+Subsystem: turret19
+Subsystem: turret20
+Subsystem: turret21
+Subsystem: turret22
+Subsystem: turret23
+Subsystem: turret24
+Subsystem: turret25
+Subsystem: turret26
+Subsystem: turret27
+Subsystem: turret28
+Subsystem: turret29
+Subsystem: turret30
+Subsystem: turret31
+Subsystem: turret32
+Subsystem: turret33
+Subsystem: turret34
+Subsystem: turret35
+Subsystem: turret36
+Subsystem: turret37
+Subsystem: turret38
+Subsystem: turret39
+Subsystem: turret40
+Subsystem: turret41
+Subsystem: turret42
+Subsystem: turret43
+Subsystem: turret44
+Subsystem: turret45
+Subsystem: turret46
+Subsystem: turret47
+Subsystem: turret48
+Subsystem: turret49
+Subsystem: turret50
+Subsystem: turret51
+Subsystem: turret52
+Subsystem: turret53
+Subsystem: turret54
+Subsystem: turret55
+Subsystem: turret56
+Subsystem: turret57
+Subsystem: turret58
+Subsystem: turret59
+Subsystem: turret60
+Subsystem: turret61
+Subsystem: turret62
+Subsystem: turret63
+Subsystem: turret64
+Subsystem: turret65
+Subsystem: turret66
$Arrival Location: Hyperspace
$Arrival Cue: ( true ) 
$Departure Location: Hyperspace
$Departure Cue: ( false ) 
$Determination: 10
+Flags: ( "cargo-known" "no-shields" "invulnerable" )
+Flags2: ( )
+Respawn priority: 0
+Orders Accepted: 0		;! note that this is a bitfield!!!
+Group: 0
+Use Table Score:
+Score: 1000
$Texture Replace:
+old: nameplate
+new: gtd_atreus

$Name: Marcus Glaive		;! Object #5
$Display Name: XSTR("Marcus Glaive", 7667)
$Class: GTCv Bellerophon
$Team: Hostile
$Location: 27665.613281, -284.320496, 25903.529297
$Orientation:
	-0.217536, 0.000000, 0.976052,
	0.000000, 1.000000, 0.000000,
	-0.976052, 0.000000, -0.217536
$AI Behavior: None
+AI Class: BP2-Captain
$AI Goals: ( goals ( ai-waypoints-once "Waypoint path 6" 50 ) )
$Cargo 1:  XSTR("Nothing", 13)
+Initial Velocity: 33
+Initial Hull: 100
+Initial Shields: 100
+Subsystem: Pilot
+Subsystem: turret01
+Subsystem: turret02
+Subsystem: turret03
+Subsystem: turret04
+Subsystem: turret05
+Subsystem: turret06
+Subsystem: turret07
+Subsystem: turret08
+Subsystem: turret09
+Subsystem: turret10
+Subsystem: turret11
+Primary Banks: ( "AAAh" )
+Subsystem: turret12
+Primary Banks: ( "AAAh" )
+Subsystem: turret13
+Subsystem: turret14
+Subsystem: turret15
+Primary Banks: ( "AAAh" )
+Subsystem: turret16
+Primary Banks: ( "AAAh" )
+Subsystem: turret17
+Subsystem: turret18
+Subsystem: turret19
+Subsystem: turret20
+Subsystem: turret21
+Primary Banks: ( "AAAh" )
+Subsystem: turret22
+Subsystem: turret23
+Subsystem: turret24
+Primary Banks: ( "AAAh" )
$Arrival Location: Hyperspace
$Arrival Cue: ( true ) 
$Departure Location: Hyperspace
$Departure Cue: ( false ) 
$Determination: 10
+Flags: ( "cargo-known" "no-shields" "invulnerable" )
+Flags2: ( )
+Respawn priority: 0
+Orders Accepted: 1		;! note that this is a bitfield!!!
+Group: 0
+Use Table Score:
+Score: 40
$Texture Replace:
+old: nameplate
+new: gtcv_marcus_glaive

$Name: Hydra		;! Object #6
$Display Name: XSTR("Hydra", 5349)
$Class: GTCv Chimera
$Team: Hostile
$Location: 27299.839844, -591.725769, 26367.392578
$Orientation:
	-0.191002, 0.000000, 0.981590,
	0.000000, 1.000000, 0.000000,
	-0.981590, 0.000000, -0.191002
$AI Behavior: None
+AI Class: BP2-Captain
$AI Goals: ( goals ( ai-waypoints-once "Waypoint path 6" 50 ) )
$Cargo 1:  XSTR("Nothing", 13)
+Initial Velocity: 33
+Initial Hull: 100
+Initial Shields: 100
+Subsystem: Pilot
+Subsystem: turret01
+Subsystem: turret02
+Subsystem: turret03
+Subsystem: turret04
+Subsystem: turret05
+Subsystem: turret06
+Subsystem: turret07
+Subsystem: turret08
+Subsystem: turret09
+Subsystem: turret10
+Subsystem: turret11
+Primary Banks: ( "AAAh" )
+Subsystem: turret12
+Primary Banks: ( "AAAh" )
+Subsystem: turret13
+Subsystem: turret14
+Subsystem: turret15
+Subsystem: turret16
+Subsystem: turret17
+Subsystem: turret18
+Subsystem: turret19
+Primary Banks: ( "AAAh" )
+Subsystem: turret20
+Primary Banks: ( "AAAh" )
+Subsystem: turret21
+Primary Banks: ( "AAAh" )
+Subsystem: turret22
+Primary Banks: ( "AAAh" )
+Subsystem: turret23
+Primary Banks: ( "AAAh" )
+Subsystem: turret24
+Subsystem: turret25
+Subsystem: turret26
+Subsystem: turret27
$Arrival Location: Hyperspace
$Arrival Cue: ( true ) 
$Departure Location: Hyperspace
$Departure Cue: ( false ) 
$Determination: 10
+Flags: ( "cargo-known" "no-shields" "invulnerable" )
+Flags2: ( )
+Respawn priority: 0
+Orders Accepted: 1		;! note that this is a bitfield!!!
+Group: 0
+Use Table Score:
+Score: 40
$Texture Replace:
+old: nameplate
+new: gtcv_hydra

$Name: St Vincent		;! Object #7
$Display Name: XSTR("St Vincent", 7668)
$Class: UEC Sanctus
$Team: Friendly
$Team Color Setting: 3rdFleet
$Location: 20881.167969, -493.772034, 24844.751953
$Orientation:
	-0.702301, -0.696980, -0.144889,
	0.704413, -0.709790, -0.000004,
	-0.102839, -0.102064, 0.989448
$AI Behavior: None
+AI Class: BP2-Captain
$Cargo 1:  XSTR("Nothing", 13)
+Initial Velocity: 33
+Initial Hull: 15
+Initial Shields: 100
+Subsystem: Pilot
+Subsystem: Turret01
+Subsystem: Turret02
+Subsystem: Turret03
+Subsystem: Turret04
+Subsystem: Turret05
+Subsystem: Turret06
+Subsystem: turret07
+Subsystem: turret08
+Subsystem: Turret09
+Subsystem: Turret10
+Subsystem: Turret11
+Subsystem: Turret12
+Subsystem: Turret13
+Subsystem: Turret14
+Subsystem: Turret15
+Subsystem: Turret16
+Subsystem: Turret17
$Arrival Location: Hyperspace
$Arrival Cue: ( true ) 
$Departure Location: Hyperspace
$Departure Cue: ( false ) 
$Determination: 10
+Flags: ( "cargo-known" "no-shields" "invulnerable" )
+Flags2: ( )
+Respawn priority: 0
+Orders Accepted: 1		;! note that this is a bitfield!!!
+Group: 0
+Use Table Score:
+Score: 200

$Name: Dea Nemetona		;! Object #8
$Display Name: XSTR("Dea Nemetona", 7669)
$Class: UEC Sanctus
$Team: Friendly
$Team Color Setting: 3rdFleet
$Location: 23225.347656, -102.827148, 26266.044922
$Orientation:
	-0.851810, -0.000752, -0.523851,
	-0.000704, 1.000000, -0.000291,
	0.523851, 0.000121, -0.851810
$AI Behavior: None
+AI Class: BP2-Captain
$Cargo 1:  XSTR("Nothing", 13)
+Initial Velocity: 15
+Initial Hull: 100
+Initial Shields: 100
+Subsystem: Pilot
+Subsystem: Turret01
+Subsystem: Turret02
+Subsystem: Turret03
+Subsystem: Turret04
+Subsystem: Turret05
+Subsystem: Turret06
+Subsystem: turret07
+Subsystem: turret08
+Subsystem: Turret09
+Subsystem: Turret10
+Subsystem: Turret11
+Subsystem: Turret12
+Subsystem: Turret13
+Subsystem: Turret14
+Subsystem: Turret15
+Subsystem: Turret16
+Subsystem: Turret17
$Arrival Location: Hyperspace
$Arrival Cue: ( true ) 
$Departure Location: Hyperspace
$Departure Cue: ( false ) 
$Determination: 10
+Flags: ( "cargo-known" "no-shields" "invulnerable" )
+Flags2: ( )
+Respawn priority: 0
+Orders Accepted: 1		;! note that this is a bitfield!!!
+Group: 0
+Use Table Score:
+Score: 200

$Name: Cormorant		;! Object #9
$Display Name: XSTR("Cormorant", 7670)
$Class: UEFg Karuna
$Team: Friendly
$Team Color Setting: 3rdFleet
$Location: 23739.515625, 1465.000000, 26920.462891
$Orientation:
	0.223338, 0.770971, -0.596426,
	-0.193919, 0.634794, 0.747952,
	0.955257, -0.051388, 0.291279
$AI Behavior: None
+AI Class: BP2-Captain
$Cargo 1:  XSTR("Nothing", 13)
+Initial Hull: 28
+Initial Shields: 100
+Subsystem: Pilot
+Subsystem: engine02a
$Damage: 100
+Subsystem: engine03a
$Damage: 100
+Subsystem: engine04a
$Damage: 100
+Subsystem: navigation
$Damage: 100
+Subsystem: Sensors
$Damage: 100
+Subsystem: Weapons
$Damage: 100
+Subsystem: turret01
+Subsystem: turret02
+Subsystem: turret03
+Subsystem: turret04
+Subsystem: turret05
+Subsystem: turret28
+Subsystem: turret29
+Subsystem: turret30
+Subsystem: turret31
+Subsystem: turret32
+Sbank Ammo: ( 0 0 )
+Subsystem: turret35
+Subsystem: turret36
+Secondary Banks: ( "Hydra#Karuna" "Apocalypse#Karuna" )
+Sbank Ammo: ( 0 0 )
+Subsystem: turret37
+Sbank Ammo: ( 0 0 )
+Subsystem: turret38
+Subsystem: turret39
+Subsystem: turret40
+Subsystem: turret41
+Subsystem: turret42
+Subsystem: turret43
+Subsystem: turret44
+Subsystem: turret45
+Subsystem: turret46
+Subsystem: turret47
+Subsystem: turret48
+Subsystem: turret49
+Subsystem: turret50
+Subsystem: turret51
+Subsystem: Turret52
+Subsystem: Turret53
$Arrival Location: Hyperspace
$Arrival Cue: ( true ) 
$Departure Location: Hyperspace
$Departure Cue: ( false ) 
$Determination: 10
+Flags: ( "cargo-known" "no-shields" "invulnerable" )
+Flags2: ( )
+Respawn priority: 0
+Orders Accepted: 1		;! note that this is a bitfield!!!
+Group: 0
+Use Table Score:
+Score: 300
$Texture Replace:
+old: nameplate
+new: cormorant

$Name: Omega 1		;! Object #10
$Display Name: XSTR("Omega 1", 7671)
$Class: UEF Uhlan
$Team: Friendly
$Location: -42.032867, 26.421326, 18612.826172
$Orientation:
	0.346045, -0.000000, -0.938218,
	0.000001, 1.000000, 0.000000,
	0.938218, -0.000001, 0.346045
$AI Behavior: None
+AI Class: BP2-Colonel
$Cargo 1:  XSTR("Nothing", 13)
+Initial Velocity: 33
+Initial Hull: 100
+Subsystem: Pilot
$Arrival Location: Hyperspace
$Arrival Cue: ( false ) 
$Departure Location: Hyperspace
$Departure Cue: ( false ) 
$Determination: 10
+Flags: ( "cargo-known" )
+Flags2: ( )
+Respawn priority: 0
+Group: 0
+Use Table Score:
+Score: 10

$Name: Omega 2		;! Object #11
$Display Name: XSTR("Omega 2", 7672)
$Class: UEF Uhlan
$Team: Friendly
$Location: -190.021118, 26.421162, 18533.681641
$Orientation:
	0.347047, -0.000000, -0.937848,
	0.000001, 1.000000, 0.000000,
	0.937848, -0.000001, 0.347047
$AI Behavior: None
+AI Class: BP2-Colonel
$Cargo 1:  XSTR("Nothing", 13)
+Initial Velocity: 33
+Initial Hull: 100
+Subsystem: Pilot
$Arrival Location: Hyperspace
$Arrival Cue: ( false ) 
$Departure Location: Hyperspace
$Departure Cue: ( false ) 
$Determination: 10
+Flags: ( "cargo-known" )
+Flags2: ( )
+Respawn priority: 0
+Group: 0
+Use Table Score:
+Score: 10

$Name: Omega 3		;! Object #12
$Display Name: XSTR("Omega 3", 7673)
$Class: UEF Uhlan
$Team: Friendly
$Location: 188.427917, 26.425058, 18538.705078
$Orientation:
	0.352633, 0.000001, -0.935762,
	0.000001, 1.000000, 0.000001,
	0.935762, -0.000001, 0.352633
$AI Behavior: None
+AI Class: BP2-Colonel
$Cargo 1:  XSTR("Nothing", 13)
+Initial Velocity: 33
+Initial Hull: 100
+Subsystem: Pilot
$Arrival Location: Hyperspace
$Arrival Cue: ( false ) 
$Departure Location: Hyperspace
$Departure Cue: ( false ) 
$Determination: 10
+Flags: ( "cargo-known" )
+Flags2: ( )
+Respawn priority: 0
+Group: 0
+Use Table Score:
+Score: 10

$Name: Omega 4		;! Object #13
$Display Name: XSTR("Omega 4", 7674)
$Class: UEF Uhlan
$Team: Friendly
$Location: -20.659332, 26.422039, 18408.625000
$Orientation:
	0.354724, 0.000001, -0.934971,
	0.000001, 1.000000, 0.000001,
	0.934971, -0.000001, 0.354724
$AI Behavior: None
+AI Class: BP2-Colonel
$Cargo 1:  XSTR("Nothing", 13)
+Initial Velocity: 33
+Initial Hull: 100
+Subsystem: Pilot
$Arrival Location: Hyperspace
$Arrival Cue: ( false ) 
$Departure Location: Hyperspace
$Departure Cue: ( false ) 
$Determination: 10
+Flags: ( "cargo-known" )
+Flags2: ( )
+Respawn priority: 0
+Group: 0
+Use Table Score:
+Score: 10

$Name: Taurus 1		;! Object #14
$Display Name: XSTR("Taurus 1", 7675)
$Class: GTF Erinyes
$Team: Hostile
$Location: 26061.019531, -3.377442, 26356.302734
$Orientation:
	0.989448, -0.000001, -0.144889,
	-0.000000, 1.000000, -0.000004,
	0.144889, 0.000004, 0.989448
$AI Behavior: None
+AI Class: BP2-Colonel
$Cargo 1:  XSTR("Nothing", 13)
+Initial Velocity: 33
+Initial Hull: 100
+Subsystem: Pilot
+Primary Banks: ( "Balor" "UD-8 Kayser" )
+Secondary Banks: ( "Harpoon" "Tornado" )
$Arrival Location: Hyperspace
$Arrival Cue: ( false ) 
$Departure Location: Hyperspace
$Departure Cue: ( false ) 
$Determination: 10
+Flags: ( "cargo-known" "no-arrival-warp" "invulnerable" )
+Flags2: ( )
+Respawn priority: 0
+Group: 0
+Use Table Score:
+Score: 12

$Name: Taurus 2		;! Object #15
$Display Name: XSTR("Taurus 2", 7676)
$Class: GTF Erinyes
$Team: Hostile
$Location: 26232.693359, -4.630554, 26050.957031
$Orientation:
	0.989448, -0.000001, -0.144889,
	-0.000000, 1.000000, -0.000004,
	0.144889, 0.000004, 0.989448
$AI Behavior: None
+AI Class: BP2-Colonel
$Cargo 1:  XSTR("Nothing", 13)
+Initial Velocity: 33
+Initial Hull: 100
+Subsystem: Pilot
+Primary Banks: ( "Balor" "UD-8 Kayser" )
+Secondary Banks: ( "Harpoon" "Tornado" )
$Arrival Location: Hyperspace
$Arrival Cue: ( false ) 
$Departure Location: Hyperspace
$Departure Cue: ( false ) 
$Determination: 10
+Flags: ( "cargo-known" "no-arrival-warp" "invulnerable" )
+Flags2: ( )
+Respawn priority: 0
+Group: 0
+Use Table Score:
+Score: 12

$Name: Taurus 3		;! Object #16
$Display Name: XSTR("Taurus 3", 7677)
$Class: GTF Erinyes
$Team: Hostile
$Location: 26718.855469, -4.594788, 26269.259766
$Orientation:
	0.989448, -0.000001, -0.144889,
	-0.000000, 1.000000, -0.000004,
	0.144889, 0.000004, 0.989448
$AI Behavior: None
+AI Class: BP2-Colonel
$Cargo 1:  XSTR("Nothing", 13)
+Initial Velocity: 33
+Initial Hull: 100
+Subsystem: Pilot
+Primary Banks: ( "Balor" "UD-8 Kayser" )
+Secondary Banks: ( "Harpoon" "Tornado" )
$Arrival Location: Hyperspace
$Arrival Cue: ( false ) 
$Departure Location: Hyperspace
$Departure Cue: ( false ) 
$Determination: 10
+Flags: ( "cargo-known" "no-arrival-warp" "invulnerable" )
+Flags2: ( )
+Respawn priority: 0
+Group: 0
+Use Table Score:
+Score: 12

$Name: Taurus 4		;! Object #17
$Display Name: XSTR("Taurus 4", 7678)
$Class: GTF Erinyes
$Team: Hostile
$Location: 26735.105469, -5.627686, 25963.548828
$Orientation:
	0.989448, -0.000001, -0.144889,
	-0.000000, 1.000000, -0.000004,
	0.144889, 0.000004, 0.989448
$AI Behavior: None
+AI Class: BP2-Colonel
$Cargo 1:  XSTR("Nothing", 13)
+Initial Velocity: 33
+Initial Hull: 100
+Subsystem: Pilot
+Primary Banks: ( "Balor" "UD-8 Kayser" )
+Secondary Banks: ( "Harpoon" "Tornado" )
$Arrival Location: Hyperspace
$Arrival Cue: ( false ) 
$Departure Location: Hyperspace
$Departure Cue: ( false ) 
$Determination: 10
+Flags: ( "cargo-known" "no-arrival-warp" "invulnerable" )
+Flags2: ( )
+Respawn priority: 0
+Group: 0
+Use Table Score:
+Score: 12

$Name: Cancer 1		;! Object #18
$Display Name: XSTR("Cancer 1", 7679)
$Class: GTB Boanerges
$Team: Hostile
$Location: 26718.759766, 1.977905, 28255.410156
$Orientation:
	0.989448, -0.000001, -0.144889,
	-0.000000, 1.000000, -0.000004,
	0.144889, 0.000004, 0.989448
$AI Behavior: None
+AI Class: BP2-Colonel
$Cargo 1:  XSTR("Nothing", 13)
+Initial Velocity: 33
+Initial Hull: 100
+Subsystem: Pilot
+Secondary Banks: ( "Helios" "Helios" "Cyclops#short" )
$Arrival Location: Hyperspace
$Arrival Cue: ( false ) 
$Departure Location: Hyperspace
$Departure Cue: ( false ) 
$Determination: 10
+Flags: ( "cargo-known" "no-arrival-warp" )
+Flags2: ( )
+Respawn priority: 0
+Group: 0
+Use Table Score:
+Score: 10

$Name: Cancer 2		;! Object #19
$Display Name: XSTR("Cancer 2", 7680)
$Class: GTB Boanerges
$Team: Hostile
$Location: 26920.945313, 1.216003, 28110.781250
$Orientation:
	0.989448, -0.000001, -0.144889,
	-0.000000, 1.000000, -0.000004,
	0.144889, 0.000004, 0.989448
$AI Behavior: None
+AI Class: BP2-Colonel
$Cargo 1:  XSTR("Nothing", 13)
+Initial Velocity: 33
+Initial Hull: 100
+Subsystem: Pilot
+Secondary Banks: ( "Helios" "Helios" "Cyclops#short" )
$Arrival Location: Hyperspace
$Arrival Cue: ( false ) 
$Departure Location: Hyperspace
$Departure Cue: ( false ) 
$Determination: 10
+Flags: ( "cargo-known" "no-arrival-warp" )
+Flags2: ( )
+Respawn priority: 0
+Group: 0
+Use Table Score:
+Score: 10

$Name: Cancer 3		;! Object #20
$Display Name: XSTR("Cancer 3", 7681)
$Class: GTB Boanerges
$Team: Hostile
$Location: 26541.031250, 1.470764, 28028.656250
$Orientation:
	0.989448, -0.000001, -0.144889,
	-0.000000, 1.000000, -0.000004,
	0.144889, 0.000004, 0.989448
$AI Behavior: None
+AI Class: BP2-Colonel
$Cargo 1:  XSTR("Nothing", 13)
+Initial Velocity: 33
+Initial Hull: 100
+Subsystem: Pilot
+Secondary Banks: ( "Helios" "Helios" "Cyclops#short" )
$Arrival Location: Hyperspace
$Arrival Cue: ( false ) 
$Departure Location: Hyperspace
$Departure Cue: ( false ) 
$Determination: 10
+Flags: ( "cargo-known" "no-arrival-warp" )
+Flags2: ( )
+Respawn priority: 0
+Group: 0
+Use Table Score:
+Score: 10

$Name: Cancer 4		;! Object #21
$Display Name: XSTR("Cancer 4", 7682)
$Class: GTB Boanerges
$Team: Hostile
$Location: 26641.683594, 0.737610, 27848.421875
$Orientation:
	0.989448, -0.000001, -0.144889,
	-0.000000, 1.000000, -0.000004,
	0.144889, 0.000004, 0.989448
$AI Behavior: None
+AI Class: BP2-Colonel
$Cargo 1:  XSTR("Nothing", 13)
+Initial Velocity: 33
+Initial Hull: 100
+Subsystem: Pilot
+Secondary Banks: ( "Helios" "Helios" "Cyclops#short" )
$Arrival Location: Hyperspace
$Arrival Cue: ( false ) 
$Departure Location: Hyperspace
$Departure Cue: ( false ) 
$Determination: 10
+Flags: ( "cargo-known" "no-arrival-warp" )
+Flags2: ( )
+Respawn priority: 0
+Group: 0
+Use Table Score:
+Score: 10

$Name: Iota 1		;! Object #22
$Display Name: XSTR("Iota 1", 6729)
$Class: UEF Uhlan
$Team: Friendly
$Location: 3352.075439, 349.395721, 20284.488281
$Orientation:
	0.323291, 0.000000, -0.946300,
	0.021010, 0.999754, 0.007178,
	0.946066, -0.022202, 0.323211
$AI Behavior: None
+AI Class: BP2-Colonel
$Cargo 1:  XSTR("Nothing", 13)
+Initial Hull: 100
+Subsystem: Pilot
$Arrival Location: Hyperspace
$Arrival Cue: ( false ) 
$Departure Location: Hyperspace
$Departure Cue: ( false ) 
$Determination: 10
+Flags: ( "cargo-known" )
+Flags2: ( )
+Respawn priority: 0
+Group: 0
+Score: 100

$Name: Iota 2		;! Object #23
$Display Name: XSTR("Iota 2", 6730)
$Class: UEF Uhlan
$Team: Friendly
$Location: 3613.776367, 348.914886, 20117.369141
$Orientation:
	0.335927, -0.000000, -0.941888,
	0.021108, 0.999749, 0.007528,
	0.941651, -0.022410, 0.335843
$AI Behavior: None
+AI Class: BP2-Colonel
$Cargo 1:  XSTR("Nothing", 13)
+Initial Hull: 100
+Subsystem: Pilot
$Arrival Location: Hyperspace
$Arrival Cue: ( false ) 
$Departure Location: Hyperspace
$Departure Cue: ( false ) 
$Determination: 10
+Flags: ( "cargo-known" )
+Flags2: ( )
+Respawn priority: 0
+Group: 0
+Score: 100

$Name: Iota 3		;! Object #24
$Display Name: XSTR("Iota 3", 7683)
$Class: UEF Uhlan
$Team: Friendly
$Location: 3396.570313, 348.554169, 19856.296875
$Orientation:
	0.344751, -0.000001, -0.938694,
	0.020684, 0.999757, 0.007596,
	0.938466, -0.022035, 0.344667
$AI Behavior: None
+AI Class: BP2-Colonel
$Cargo 1:  XSTR("Nothing", 13)
+Initial Hull: 100
+Subsystem: Pilot
$Arrival Location: Hyperspace
$Arrival Cue: ( false ) 
$Departure Location: Hyperspace
$Departure Cue: ( false ) 
$Determination: 10
+Flags: ( "cargo-known" )
+Flags2: ( )
+Respawn priority: 0
+Group: 0
+Score: 100

$Name: Iota 4		;! Object #25
$Display Name: XSTR("Iota 4", 7684)
$Class: UEF Uhlan
$Team: Friendly
$Location: 3590.883301, 350.692017, 19769.496094
$Orientation:
	0.352365, -0.000000, -0.935863,
	0.020778, 0.999754, 0.007823,
	0.935632, -0.022202, 0.352278
$AI Behavior: None
+AI Class: BP2-Colonel
$Cargo 1:  XSTR("Nothing", 13)
+Initial Hull: 100
+Subsystem: Pilot
$Arrival Location: Hyperspace
$Arrival Cue: ( false ) 
$Departure Location: Hyperspace
$Departure Cue: ( false ) 
$Determination: 10
+Flags: ( "cargo-known" )
+Flags2: ( )
+Respawn priority: 0
+Group: 0
+Score: 100

$Name: Upsilon 1		;! Object #26
$Display Name: XSTR("Upsilon 1", 7685)
$Class: UEF Uriel
$Team: Friendly
$Location: 3347.372070, 348.412476, 19765.292969
$Orientation:
	0.348221, -0.000000, -0.937413,
	0.020562, 0.999759, 0.007638,
	0.937187, -0.021935, 0.348137
$AI Behavior: None
+AI Class: BP2-Colonel
$Cargo 1:  XSTR("Nothing", 13)
+Initial Hull: 100
+Subsystem: Pilot
+Subsystem: turret01
$Arrival Location: Hyperspace
$Arrival Cue: ( false ) 
$Departure Location: Hyperspace
$Departure Cue: ( false ) 
$Determination: 10
+Flags: ( "cargo-known" )
+Flags2: ( )
+Respawn priority: 0
+Group: 0
+Score: 10

$Name: Upsilon 2		;! Object #27
$Display Name: XSTR("Upsilon 2", 7686)
$Class: UEF Uriel
$Team: Friendly
$Location: 3167.292480, 349.111572, 19981.726563
$Orientation:
	0.334802, 0.000000, -0.942288,
	0.020598, 0.999761, 0.007319,
	0.942063, -0.021860, 0.334722
$AI Behavior: None
+AI Class: BP2-Colonel
$Cargo 1:  XSTR("Nothing", 13)
+Initial Hull: 100
+Subsystem: Pilot
+Subsystem: turret01
$Arrival Location: Hyperspace
$Arrival Cue: ( false ) 
$Departure Location: Hyperspace
$Departure Cue: ( false ) 
$Determination: 10
+Flags: ( "cargo-known" )
+Flags2: ( )
+Respawn priority: 0
+Group: 0
+Score: 10

$Name: Upsilon 3		;! Object #28
$Display Name: XSTR("Upsilon 3", 7687)
$Class: UEF Uriel
$Team: Friendly
$Location: 3210.661133, 478.730530, 19801.033203
$Orientation:
	0.369122, -0.000001, -0.929381,
	0.020222, 0.999763, 0.008031,
	0.929161, -0.021758, 0.369035
$AI Behavior: None
+AI Class: BP2-Colonel
$Cargo 1:  XSTR("Nothing", 13)
+Initial Hull: 100
+Subsystem: Pilot
+Subsystem: turret01
$Arrival Location: Hyperspace
$Arrival Cue: ( false ) 
$Departure Location: Hyperspace
$Departure Cue: ( false ) 
$Determination: 10
+Flags: ( "cargo-known" )
+Flags2: ( )
+Respawn priority: 0
+Group: 0
+Score: 10

$Name: Upsilon 4		;! Object #29
$Display Name: XSTR("Upsilon 4", 7688)
$Class: UEF Uriel
$Team: Friendly
$Location: 3179.149170, 348.679321, 19633.291016
$Orientation:
	0.351483, 0.000000, -0.936194,
	0.020325, 0.999764, 0.007631,
	0.935974, -0.021710, 0.351400
$AI Behavior: None
+AI Class: BP2-Colonel
$Cargo 1:  XSTR("Nothing", 13)
+Initial Hull: 100
+Subsystem: Pilot
+Subsystem: turret01
$Arrival Location: Hyperspace
$Arrival Cue: ( false ) 
$Departure Location: Hyperspace
$Departure Cue: ( false ) 
$Determination: 10
+Flags: ( "cargo-known" )
+Flags2: ( )
+Respawn priority: 0
+Group: 0
+Score: 10

$Name: Medea		;! Object #30
$Display Name: XSTR("Medea", 7689)
$Class: GTCv Diomedes
$Team: Hostile
$Location: 25963.113281, -295.801208, 29120.177734
$Orientation:
	-0.446578, 0.000000, 0.894745,
	0.017537, 0.999808, 0.008753,
	-0.894573, 0.019600, -0.446492
$AI Behavior: None
$AI Goals: ( goals ( ai-waypoints-once "Waypoint path 6" 50 ) )
$Cargo 1:  XSTR("Nothing", 13)
+Initial Hull: 100
+Initial Shields: 100
+Subsystem: Pilot
+Subsystem: turret01
+Subsystem: turret02
+Subsystem: turret03
+Subsystem: turret04
+Subsystem: turret05
+Subsystem: turret06
+Subsystem: turret07
+Subsystem: turret08
+Subsystem: turret09
+Subsystem: turret10
+Subsystem: turret11
+Subsystem: turret12
+Subsystem: turret13
+Subsystem: turret14
+Subsystem: turret15
+Subsystem: turret16
+Subsystem: turret17
+Subsystem: turret18
+Subsystem: turret19
+Subsystem: turret20
+Subsystem: turret21
+Subsystem: turret22
$Arrival Location: Hyperspace
$Arrival Cue: ( true ) 
$Departure Location: Hyperspace
$Departure Cue: ( false ) 
$Determination: 10
+Flags: ( "cargo-known" "no-shields" )
+Flags2: ( )
+Respawn priority: 0
+Orders Accepted: 1		;! note that this is a bitfield!!!
+Group: 0
+Score: 800
$Texture Replace:
+old: nameplate
+new: gtcv_medea

$Name: UET Kadmos 42		;! Object #31
$Display Name: XSTR("UET Kadmos 42", 7690)
$Class: UET Kadmos
$Team: Friendly
$Location: -2794.197266, 138.100006, 20851.199219
$Orientation:
	-0.946330, 0.000000, 0.323201,
	-0.001668, 0.999987, -0.004883,
	-0.323197, -0.005160, -0.946318
$AI Behavior: None
$AI Goals: ( goals ( ai-waypoints-once "Waypoint path 5" 50 ) )
$Cargo 1:  XSTR("Nothing", 13)
+Initial Velocity: 33
+Initial Hull: 100
+Initial Shields: 100
+Subsystem: Pilot
+Subsystem: turret01
+Subsystem: turret02
+Subsystem: turret03
+Subsystem: turret04
+Subsystem: turret05
+Subsystem: turret06
$Arrival Location: Hyperspace
$Arrival Cue: ( true ) 
$Departure Location: Hyperspace
$Departure Cue: ( is-event-true-delay 
   "camera cormorant" 
   0 
)
$Determination: 10
+Flags: ( "cargo-known" "no-shields" "no-departure-warp" )
+Flags2: ( )
+Respawn priority: 0
+Orders Accepted: 257		;! note that this is a bitfield!!!
+Group: 0
+Use Table Score:
+Score: 45

$Name: UET Corsair 43		;! Object #32
$Display Name: XSTR("UET Corsair 43", 7691)
$Class: UET Corsair
$Team: Friendly
$Location: -3447.450195, -286.554626, 20614.505859
$Orientation:
	-0.951675, 0.000000, 0.307108,
	0.000000, 1.000000, 0.000000,
	-0.307108, 0.000000, -0.951675
$AI Behavior: None
$AI Goals: ( goals ( ai-waypoints-once "Waypoint path 5" 50 ) )
$Cargo 1:  XSTR("Nothing", 13)
+Initial Hull: 100
+Initial Shields: 100
+Subsystem: Pilot
+Subsystem: turret01
+Subsystem: turret02
+Subsystem: turret03
+Subsystem: turret04
$Arrival Location: Hyperspace
$Arrival Cue: ( true ) 
$Departure Location: Hyperspace
$Departure Cue: ( is-event-true-delay 
   "camera cormorant" 
   0 
)
$Determination: 10
+Flags: ( "cargo-known" "no-shields" "no-departure-warp" )
+Flags2: ( )
+Respawn priority: 0
+Orders Accepted: 257		;! note that this is a bitfield!!!
+Group: 0
+Score: 45

$Name: UET Corsair 44		;! Object #33
$Display Name: XSTR("UET Corsair 44", 7692)
$Class: UET Corsair
$Team: Friendly
$Location: -3029.079346, 506.747101, 19536.566406
$Orientation:
	-0.943727, 0.000000, 0.330726,
	-0.006585, 0.999802, -0.018790,
	-0.330661, -0.019911, -0.943540
$AI Behavior: None
$AI Goals: ( goals ( ai-waypoints-once "Waypoint path 5" 50 ) )
$Cargo 1:  XSTR("Nothing", 13)
+Initial Hull: 100
+Initial Shields: 100
+Subsystem: Pilot
+Subsystem: turret01
+Subsystem: turret02
+Subsystem: turret03
+Subsystem: turret04
$Arrival Location: Hyperspace
$Arrival Cue: ( true ) 
$Departure Location: Hyperspace
$Departure Cue: ( is-event-true-delay 
   "camera cormorant" 
   0 
)
$Determination: 10
+Flags: ( "cargo-known" "no-shields" "no-departure-warp" )
+Flags2: ( )
+Respawn priority: 0
+Orders Accepted: 257		;! note that this is a bitfield!!!
+Group: 0
+Score: 45

$Name: UET Corsair 45		;! Object #34
$Display Name: XSTR("UET Corsair 45", 7693)
$Class: UET Corsair
$Team: Friendly
$Location: -3226.547607, -853.155762, 21512.527344
$Orientation:
	-0.953466, 0.000000, 0.301502,
	0.009432, 0.999511, 0.029827,
	-0.301354, 0.031283, -0.952999
$AI Behavior: None
$AI Goals: ( goals ( ai-waypoints-once "Waypoint path 5" 50 ) )
$Cargo 1:  XSTR("Nothing", 13)
+Initial Hull: 100
+Initial Shields: 100
+Subsystem: Pilot
+Subsystem: turret01
+Subsystem: turret02
+Subsystem: turret03
+Subsystem: turret04
$Arrival Location: Hyperspace
$Arrival Cue: ( true ) 
$Departure Location: Hyperspace
$Departure Cue: ( is-event-true-delay 
   "camera cormorant" 
   0 
)
$Determination: 10
+Flags: ( "cargo-known" "no-shields" "no-departure-warp" )
+Flags2: ( )
+Respawn priority: 0
+Orders Accepted: 257		;! note that this is a bitfield!!!
+Group: 0
+Score: 45

$Name: Leeuwenhoek		;! Object #35
$Display Name: XSTR("Leeuwenhoek", 7694)
$Class: UEM Galen
$Team: Friendly
$Location: -3058.699951, 138.100006, 20240.699219
$Orientation:
	-0.946984, -0.000000, 0.321280,
	-0.001700, 0.999986, -0.005010,
	-0.321275, -0.005291, -0.946971
$AI Behavior: None
$AI Goals: ( goals ( ai-waypoints-once "Waypoint path 5" 50 ) )
$Cargo 1:  XSTR("Nothing", 13)
+Initial Velocity: 100
+Initial Hull: 100
+Initial Shields: 100
+Subsystem: Pilot
+Subsystem: turret01
+Subsystem: turret02
+Subsystem: turret03
+Subsystem: turret04
+Subsystem: turret05
+Subsystem: turret06
+Subsystem: turret07
+Subsystem: turret08
$Arrival Location: Hyperspace
$Arrival Cue: ( true ) 
$Departure Location: Hyperspace
$Departure Cue: ( is-event-true-delay 
   "camera cormorant" 
   0 
)
$Determination: 10
+Flags: ( "cargo-known" "no-shields" "no-departure-warp" )
+Flags2: ( )
+Respawn priority: 0
+Orders Accepted: 0		;! note that this is a bitfield!!!
+Group: 0
+Score: 45

$Name: Dea Soucanna		;! Object #36
$Display Name: XSTR("Dea Soucanna", 7695)
$Class: UEC Sanctus
$Team: Friendly
$Team Color Setting: 3rdFleet
$Location: 1982.496826, -266.905609, 20646.886719
$Orientation:
	0.309163, 0.000000, -0.951009,
	-0.037722, 0.999213, -0.012263,
	0.950261, 0.039665, 0.308920
$AI Behavior: None
+AI Class: BP2-Captain
$AI Goals: ( goals ( ai-waypoints-once "Waypoint path 3" 50 ) )
$Cargo 1:  XSTR("Nothing", 13)
+Initial Velocity: 100
+Initial Hull: 100
+Initial Shields: 100
+Subsystem: Pilot
+Subsystem: Turret01
+Subsystem: Turret02
+Subsystem: Turret03
+Subsystem: Turret04
+Subsystem: Turret05
+Subsystem: Turret06
+Subsystem: turret07
+Subsystem: turret08
+Subsystem: Turret09
+Subsystem: Turret10
+Subsystem: Turret11
+Subsystem: Turret12
+Subsystem: Turret13
+Subsystem: Turret14
+Subsystem: Turret15
+Subsystem: Turret16
+Subsystem: Turret17
$Arrival Location: Hyperspace
+Arrival Delay: 3
$Arrival Cue: ( is-event-true-delay 
   "camera nelson 2" 
   0 
)
$Departure Location: Hyperspace
$Departure Cue: ( false ) 
$Determination: 10
+Flags: ( "cargo-known" "no-shields" )
+Flags2: ( )
+Respawn priority: 0
+Orders Accepted: 1		;! note that this is a bitfield!!!
+Group: 0
+Use Table Score:
+Score: 200

$Name: Sabaragamuwa		;! Object #37
$Display Name: XSTR("Sabaragamuwa", 7696)
$Class: UEC Sanctus
$Team: Friendly
$Team Color Setting: 3rdFleet
$Location: 2588.610840, 270.407990, 18700.427734
$Orientation:
	0.384719, 0.000000, -0.923034,
	0.012399, 0.999910, 0.005168,
	0.922951, -0.013433, 0.384684
$AI Behavior: None
+AI Class: BP2-Captain
$AI Goals: ( goals ( ai-waypoints-once "Waypoint path 2" 50 ) )
$Cargo 1:  XSTR("Nothing", 13)
+Initial Velocity: 100
+Initial Hull: 100
+Initial Shields: 100
+Subsystem: Pilot
+Subsystem: Turret01
+Subsystem: Turret02
+Subsystem: Turret03
+Subsystem: Turret04
+Subsystem: Turret05
+Subsystem: Turret06
+Subsystem: turret07
+Subsystem: turret08
+Subsystem: Turret09
+Subsystem: Turret10
+Subsystem: Turret11
+Subsystem: Turret12
+Subsystem: Turret13
+Subsystem: Turret14
+Subsystem: Turret15
+Subsystem: Turret16
+Subsystem: Turret17
$Arrival Location: Hyperspace
+Arrival Delay: 2
$Arrival Cue: ( is-event-true-delay 
   "camera nelson 2" 
   0 
)
$Departure Location: Hyperspace
$Departure Cue: ( false ) 
$Determination: 10
+Flags: ( "cargo-known" "no-shields" )
+Flags2: ( )
+Respawn priority: 0
+Orders Accepted: 1		;! note that this is a bitfield!!!
+Group: 0
+Use Table Score:
+Score: 200

$Name: UESh Mercury 49		;! Object #38
$Display Name: XSTR("UESh Mercury 49", 7697)
$Class: UESh Mercury
$Team: Friendly
$Location: -3167.418457, 0.000000, 19923.363281
$Orientation:
	-0.944221, -0.000000, 0.329311,
	0.000000, 1.000000, 0.000001,
	-0.329311, 0.000001, -0.944221
$AI Behavior: None
$AI Goals: ( goals ( ai-waypoints-once "Shuttles path" 50 ) )
$Cargo 1:  XSTR("Nothing", 13)
+Initial Velocity: 100
+Initial Hull: 100
+Initial Shields: 100
+Subsystem: Pilot
$Arrival Location: Hyperspace
$Arrival Cue: ( true ) 
$Departure Location: Hyperspace
$Departure Cue: ( false ) 
$Determination: 10
+Flags: ( "cargo-known" "no-shields" )
+Flags2: ( )
+Respawn priority: 0
+Orders Accepted: 257		;! note that this is a bitfield!!!
+Group: 0
+Use Table Score:
+Score: 15

$Name: UESh Mercury 50		;! Object #39
$Display Name: XSTR("UESh Mercury 50", 7698)
$Class: UESh Mercury
$Team: Friendly
$Location: -3130.044922, 0.000046, 20041.320313
$Orientation:
	-0.944753, -0.000000, 0.327784,
	0.000000, 1.000000, 0.000001,
	-0.327784, 0.000001, -0.944753
$AI Behavior: None
$AI Goals: ( goals ( ai-waypoints-once "Shuttles path" 50 ) )
$Cargo 1:  XSTR("Nothing", 13)
+Initial Velocity: 100
+Initial Hull: 100
+Initial Shields: 100
+Subsystem: Pilot
$Arrival Location: Hyperspace
$Arrival Cue: ( true ) 
$Departure Location: Hyperspace
$Departure Cue: ( false ) 
$Determination: 10
+Flags: ( "cargo-known" "no-shields" )
+Flags2: ( )
+Respawn priority: 0
+Orders Accepted: 257		;! note that this is a bitfield!!!
+Group: 0
+Use Table Score:
+Score: 15

$Name: UESh Mercury 51		;! Object #40
$Display Name: XSTR("UESh Mercury 51", 7699)
$Class: UESh Mercury
$Team: Friendly
$Location: -3096.913330, 0.000992, 20145.898438
$Orientation:
	-0.945174, -0.000000, 0.326566,
	0.000000, 1.000000, 0.000001,
	-0.326566, 0.000001, -0.945174
$AI Behavior: None
$AI Goals: ( goals ( ai-waypoints-once "Shuttles path" 50 ) )
$Cargo 1:  XSTR("Nothing", 13)
+Initial Velocity: 100
+Initial Hull: 100
+Initial Shields: 100
+Subsystem: Pilot
$Arrival Location: Hyperspace
$Arrival Cue: ( true ) 
$Departure Location: Hyperspace
$Departure Cue: ( false ) 
$Determination: 10
+Flags: ( "cargo-known" "no-shields" )
+Flags2: ( )
+Respawn priority: 0
+Orders Accepted: 257		;! note that this is a bitfield!!!
+Group: 0
+Use Table Score:
+Score: 15

$Name: UESh Mercury 52		;! Object #41
$Display Name: XSTR("UESh Mercury 52", 7700)
$Class: UESh Mercury
$Team: Friendly
$Location: -3059.546387, 0.000153, 20263.816406
$Orientation:
	-0.945603, -0.000000, 0.325324,
	0.000000, 1.000000, 0.000001,
	-0.325324, 0.000001, -0.945603
$AI Behavior: None
$AI Goals: ( goals ( ai-waypoints-once "Shuttles path" 50 ) )
$Cargo 1:  XSTR("Nothing", 13)
+Initial Velocity: 100
+Initial Hull: 100
+Initial Shields: 100
+Subsystem: Pilot
$Arrival Location: Hyperspace
$Arrival Cue: ( true ) 
$Departure Location: Hyperspace
$Departure Cue: ( false ) 
$Determination: 10
+Flags: ( "cargo-known" "no-shields" )
+Flags2: ( )
+Respawn priority: 0
+Orders Accepted: 257		;! note that this is a bitfield!!!
+Group: 0
+Use Table Score:
+Score: 15

$Name: Pilum		;! Object #42
$Display Name: XSTR("Pilum", 7701)
$Class: GTCv Chimera
