#Mission Info

$Version: 0.10
$Name:  XSTR("Dreamscape", 13182)
$Author: Seth
$Created: 10/20/10 at 20:36:19
$Modified: 10/31/15 at 02:49:29
$Notes:
This is a FRED2_OPEN created mission.
$End Notes:

$Mission Desc:
 XSTR("The Fedayeen share their dreams via cybernetic links to CASSANDRA.
", 13183)
$end_multi_text
+Game Type Flags: 1
+Flags: 395392
+Fog Near Mult: 1.000000

+Fog Far Mult: 1.000000

+Disallow Support: 1
+Hull Repair Ceiling: 0.000000
+Subsystem Repair Ceiling: 100.000000

+Viewer pos: 5317.247070, 18062.195313, -3776.109131
+Viewer orient:
	0.999988, 0.000002, -0.004846,
	0.004845, -0.019467, 0.999799,
	-0.000092, -0.999811, -0.019467

$Starting wing names: ( "Falcata" "Ricardo Laporte!#" "Gamma" )
$Squadron wing names: ( "Falcata" "Ricardo Laporte!#" "Gamma" "Delta" "Epsilon" )
$Team-versus-team wing names: ( "Falcata" "Ricardo Laporte!#" )

$Skybox Model: dreamscape.pof

$AI Profile: BP2

#Sexp_variables

$Variables:
(
		0		"1"		"1"		"number"
		1		"ableCountDown"		"-1"		"number"
		2		"ableCountUp"		"0"		"number"
		3		"aChatter"		"0"		"number"
		4		"aldawaprogress"		"0"		"number"		"campaign-persistent"
		5		"aldawaRandoms"		"0"		"number"
		6		"awakening"		"0"		"number"
		7		"chatterCounter"		"15"		"number"
		8		"chatterPicker"		"0"		"number"
		9		"chatterRoll"		"0"		"number"
		10		"custosName"		"Vindicator"		"string"
		11		"custosVLS"		"-1"		"number"
		12		"debugMode"		"0"		"number"
		13		"falconerProgress"		"0"		"number"		"campaign-persistent"
		14		"falconerRandoms"		"0"		"number"
		15		"fChatter"		"0"		"number"
		16		"gefProgress"		"0"		"number"
		17		"gefRandoms"		"0"		"number"
		18		"gefunhappiness"		"0"		"number"		"campaign-persistent"
		19		"goTraining"		"0"		"number"
		20		"hackConnection"		"0"		"number"
		21		"hammerProgress"		"0"		"number"		"campaign-persistent"
		22		"HammerRandoms"		"0"		"number"
		23		"hyCountdown"		"31"		"number"
		24		"isCampaign?"		"0"		"number"		"campaign-persistent"
		25		"jesterContacts"		"0"		"number"		"campaign-persistent"
		26		"kChatter"		"0"		"number"
		27		"kovacsProgress"		"0"		"number"
		28		"kovacsRandoms"		"0"		"number"
		29		"m18tKovacsDistrust"		"0"		"number"
		30		"m19tCurrentTalker"		"-1"		"number"
		31		"m19tDecoyLoc"		"0"		"number"
		32		"m19tDecoyShip"		"<Default Value>"		"string"
		33		"m19tTargetShip"		"<Default Value>"		"string"
		34		"m19tTransmitTimer"		"0"		"number"
		35		"m21tartilleryslaved?"		"0"		"number"
		36		"m21tokmsg?"		"0"		"number"
		37		"m21tpoints"		"0"		"number"
		38		"m21tsexpran"		"0"		"number"
		39		"m21tslavedstring"		"Slaved"		"string"
		40		"metRicardo"		"0"		"number"		"campaign-persistent"
		41		"missionindex"		"0"		"number"		"campaign-persistent"
		42		"nextNumberPoll"		"-1"		"number"
		43		"nextPoll"		"200"		"number"
		44		"novikovBeams"		"0"		"number"
		45		"playerFOV"		"30"		"number"
		46		"powerUpProgress"		"0"		"number"
		47		"readytotalk?"		"1"		"number"
		48		"renderChance"		"0"		"number"
		49		"rffduration"		"0"		"number"
		50		"signalA"		"0"		"number"
		51		"signalD"		"0"		"number"
		52		"signalScore"		"0"		"number"
		53		"targetShip"		"TMP"		"string"
		54		"tChatter"		"0"		"number"
		55		"thornProgress"		"0"		"number"
		56		"thornRandoms"		"0"		"number"
		57		"trainingMode"		"0"		"number"
		58		"transmitting"		"1"		"number"
		59		"turret01"		"turret01"		"string"
		60		"turret02"		"turret02"		"string"
		61		"turret03"		"turret03"		"string"
		62		"turret04"		"turret04"		"string"
		63		"turret05"		"turret05"		"string"
		64		"turret06"		"turret06"		"string"
		65		"vChatter"		"0"		"number"
		66		"vidauraProgress"		"0"		"number"
		67		"vidauraRandoms"		"0"		"number"
		68		"vindicatorMenuOn"		"0"		"number"
		69		"vindicatorTrainingStage"		"0"		"number"
		70		"watcherchange"		"0"		"number"
		71		"watchermove"		"0"		"number"
		1		"autoGenVar1"		"Nagari Firewall"		"string"
		2		"autoGenVar2"		"looking at me?"		"string"
		3		"autoGenVar3"		"she's still hurting"		"string"
		4		"autoGenVar4"		"my thoughts are mine"		"string"
		5		"autoGenVar5"		"sell soul buy time"		"string"
		6		"autoGenVar6"		"vicmouth was right"		"string"
		7		"autoGenVar7"		"we are all-da'wa"		"string"
		8		"autoGenVar8"		"konise'osoy esomuu'seh"		"string"
		9		"autoGenVar9"		"this is rff"		"string"
		10		"autoGenVar10"		"no air, no air, no air"		"string"
		11		"autoGenVar11"		"mirror mirror in the pall"		"string"
		12		"autoGenVar12"		"is she all they say?"		"string"
		13		"autoGenVar13"		"never willing prey"		"string"
		14		"autoGenVar14"		"Virtual Roadhaus"		"string"
		15		"autoGenVar15"		"Have some fun, Laporte!"		"string"
		16		"autoGenVar16"		"HLCv Sobek-Ra"		"string"
		1		"autoGenVar1"		"Dreamscape"		"string"
		2		"autoGenVar2"		"Linked..."		"string"
		3		"autoGenVar3"		"Nothing is True"		"string"
		4		"autoGenVar4"		"Everything is Permitted"		"string"
		5		"autoGenVar5"		"One Future"		"string"
		6		"autoGenVar6"		"Her Finest Hour"		"string"
		7		"autoGenVar7"		"Eyes in the Storm"		"string"
		8		"autoGenVar8"		"Before mission?"		"string"
		9		"autoGenVar9"		"Mission Systems"		"string"
		10		"autoGenVar10"		"Sensor Net: Infiltrated"		"string"
		11		"autoGenVar11"		"Sensor Overload Ready"		"string"
		12		"autoGenVar12"		"Ballistic Stealth"		"string"
		13		"autoGenVar13"		"Standing by..."		"string"
		14		"autoGenVar14"		"PULSE DISCHARGED"		"string"
		15		"autoGenVar15"		"PULSE COMPLETE"		"string"
		16		"autoGenVar16"		"::FALCONER:HEADGAMES"		"string"
		17		"autoGenVar17"		"GunJack:"		"string"
		18		"autoGenVar18"		"Searching for open"		"string"
		19		"autoGenVar19"		"connections..."		"string"
		20		"autoGenVar20"		"Open Port Detected"		"string"
		21		"autoGenVar21"		"The Simms"		"string"
		22		"autoGenVar22"		"The Vidaura"		"string"
		23		"autoGenVar23"		"The Uncle Brie"		"string"
		24		"autoGenVar24"		"The Kassim"		"string"
		25		"autoGenVar25"		"Wargod"		"string"
		26		"autoGenVar26"		"Name your Custos-X?"		"string"
		27		"autoGenVar27"		"TACTICAL INTERFACE"		"string"
		28		"autoGenVar28"		"overcharged"		"string"
		29		"autoGenVar29"		"MHD thrusters"		"string"
		30		"autoGenVar30"		"MHD thrusters cooling"		"string"
		31		"autoGenVar31"		"in progress"		"string"
		32		"autoGenVar32"		"countermeasure deployment"		"string"
		33		"autoGenVar33"		"shield boost underway"		"string"
		34		"autoGenVar34"		"capacitors recharging"		"string"
		35		"autoGenVar35"		"shield boost complete"		"string"
		36		"autoGenVar36"		"pumping active sealant"		"string"
		37		"autoGenVar37"		"stand by capacitors"		"string"
		38		"autoGenVar38"		"hardening active sealant"		"string"
		39		"autoGenVar39"		"Training Complete"		"string"
		40		"autoGenVar40"		"Mock Combat"		"string"
		41		"autoGenVar41"		"Finished training?"		"string"
		42		"autoGenVar42"		"Missiles: Dart"		"string"
		43		"autoGenVar43"		"Missiles: Warhammer"		"string"
		44		"autoGenVar44"		"Train for mission"		"string"
		45		"autoGenVar45"		"Skip training"		"string"
		46		"autoGenVar46"		"Train for next mission?"		"string"
		47		"autoGenVar47"		"Come to me, Miss Laporte."		"string"
		48		"autoGenVar48"		"ARTILLERY CONTROL"		"string"
		49		"autoGenVar49"		"TacNet"		"string"
)

#Fiction Viewer

$File: m18.txt
$Formula: ( = @missionindex[0] 0 ) 

$File: m19.txt
$Formula: ( = @missionindex[0] 1 ) 

$File: m20.txt
$Formula: ( = @missionindex[0] 2 ) 

$File: m21.txt
$Formula: ( = @missionindex[0] 3 ) 

$File: m22.txt
$Formula: ( = @missionindex[0] 4 ) 

#Command Briefing

#Briefing
$start_briefing
$num_stages: 15
$start_stage
$multi_text
 XSTR("My name is Falconer. You're Laporte, I know. I'm here to brief you.

No. Stay there. Stay in bed. You see that wire in the back of your head? That's connected to the DNI implants in your spine and brain. We've upgraded them.

Why? Good question. Lean back. I'm going to give you an injection.

That? That was a sedative.", 13184)
$end_multi_text
$voice: none.wav
$camera_pos: 5315.307129, -3959.321777, -4204.813965
$camera_orient:
	0.999988, 0.000003, -0.004846,
	0.004845, -0.019467, 0.999799,
	-0.000092, -0.999811, -0.019467
$camera_time: 500
$num_lines: 0
$num_icons: 0
$Flags: 0
$Formula: ( = @missionindex[0] 0 ) 
$end_stage
$start_stage
$multi_text
 XSTR("$f CASSANDRA's building a link to your mind. Tasting your nerves. Learning to read and induce.

What is CASSANDRA? It's a computer. It runs simulations that guide the Fedayeen. They're accurate, insane accurate. Like prophecy. No, no, it's not intelligent, it can't think. It's a tool.

A weapon. And it hosts our dreamscape.", 13185)
$end_multi_text
$voice: none.wav
$camera_pos: 5315.307129, -3959.321777, -4204.813965
$camera_orient:
	0.999988, 0.000003, -0.004846,
	0.004845, -0.019467, 0.999799,
	-0.000092, -0.999811, -0.019467
$camera_time: 500
$num_lines: 0
$num_icons: 0
$Flags: 0
$Formula: ( = @missionindex[0] 0 ) 
$end_stage
$start_stage
$multi_text
 XSTR("I've been tailing Falconer. I don't know why. Maybe I have a habit of following angry women.

In the $f Masyaf's forward gunnery spaces, there's a place where you can make pressurized coolant fountain up a naked metal shaft. The Fedayeen call it the ice flower room.

Falconer knows how to play the fountain so it freezes in midair. A spray tree of dry ice with little fractal blossoms. The additives in the coolant fill it up with veins of color. Metal colors. Fire colors. Flesh colors. Like the exit wound from a mass driver piercing a ship.", 13186)
$end_multi_text
$voice: none.wav
$camera_pos: 5315.307129, -3959.321777, -4204.813965
$camera_orient:
	0.999988, 0.000003, -0.004846,
	0.004845, -0.019467, 0.999799,
	-0.000092, -0.999811, -0.019467
$camera_time: 500
$num_lines: 0
$num_icons: 0
$Flags: 0
$Formula: ( = @missionindex[0] 1 ) 
$end_stage
$start_stage
$multi_text
 XSTR("She likes to watch it fall apart. She's fascinated by the way it shears. By the patterns of breakage.

They move like each other. All three of them. Sometimes they shiver or cough at the same moment.

Any day now I will too.", 13187)
$end_multi_text
$voice: none.wav
$camera_pos: 5315.307129, -3959.321777, -4204.813965
$camera_orient:
	0.999988, 0.000003, -0.004846,
	0.004845, -0.019467, 0.999799,
	-0.000092, -0.999811, -0.019467
$camera_time: 500
$num_lines: 0
$num_icons: 0
$Flags: 0
$Formula: ( = @missionindex[0] 1 ) 
$end_stage
$start_stage
$multi_text
 XSTR("We danced together.

Vidaura said, Laporte, come on come on, you've got to come! She was laughing. I couldn't say no! Can't say no to a laugh. She's a warm person, she's got big eyes.

She'd thrown a party in the ship's condenser garden. Mist and plastic sheeting all over. People dressed in plastic. Fedayeen don't get hung over, see, the dreamscape repairs it. Discipline is loose.", 13188)
$end_multi_text
$voice: none.wav
$camera_pos: 5315.307129, -3959.321777, -4204.813965
$camera_orient:
	0.999988, 0.000003, -0.004846,
	0.004845, -0.019467, 0.999799,
	-0.000092, -0.999811, -0.019467
$camera_time: 500
$num_lines: 0
$num_icons: 0
$Flags: 0
$Formula: ( = @missionindex[0] 2 ) 
$end_stage
$start_stage
$multi_text
 XSTR("Vidaura got us together, Falcata, the four of us. We did shots. We danced. I felt whole.

Not a sexual thing. Not like family. I felt like I was with...myself. The dreamscape is optimizing us to fly together. Our body language follows. My body reads them each as me.

But it's more than just body language, and Vidaura knows it. She reminds me of a weaponized version of Karen. She's always trying to get inside. Always trying to know.

Falconer breaks things. Vidaura repairs them.", 13189)
$end_multi_text
$voice: none.wav
$camera_pos: 5315.307129, -3959.321777, -4204.813965
$camera_orient:
	0.999988, 0.000003, -0.004846,
	0.004845, -0.019467, 0.999799,
	-0.000092, -0.999811, -0.019467
$camera_time: 500
$num_lines: 0
$num_icons: 0
$Flags: 0
$Formula: ( = @missionindex[0] 2 ) 
$end_stage
$start_stage
$multi_text
 XSTR("Each of them, K F V, they're elusive. Incomplete. Components of a person, you know?

They've been assembled around me. Like scaffolding. Like the rails in a railgun. L K F V. Laporte's katabasis, for victory.

I had fun. If you're out there, I hope that doesn't make you angry.", 13190)
$end_multi_text
$voice: none.wav
$camera_pos: 5315.307129, -3959.321777, -4204.813965
$camera_orient:
	0.999988, 0.000003, -0.004846,
	0.004845, -0.019467, 0.999799,
	-0.000092, -0.999811, -0.019467
$camera_time: 500
$num_lines: 0
$num_icons: 0
$Flags: 0
$Formula: ( = @missionindex[0] 2 ) 
$end_stage
$start_stage
$multi_text
 XSTR("We were in a conditioning session and an alarm went off. Not a drill. Urgent. Kovacs doesn't have the face for practical jokes, so I followed him.

It was a memorial service. The alarm was for a funeral. An undercover operator from Khanda Team was killed in a firefight on Europa. No body, of course, but you know, there hardly ever is.

We gathered around the number eight heatsink manifold. I felt like an ass, out in the crowd in my gym clothes, but nobody cared. We're all equipment.", 13191)
$end_multi_text
$voice: none.wav
$camera_pos: 5315.307129, -3959.321777, -4204.813965
$camera_orient:
	0.999988, 0.000003, -0.004846,
	0.004845, -0.019467, 0.999799,
	-0.000092, -0.999811, -0.019467
$camera_time: 500
$num_lines: 0
$num_icons: 0
$Flags: 0
$Formula: ( = @missionindex[0] 3 ) 
$end_stage
$start_stage
$multi_text
 XSTR("One by one we put our hands up on the heatsink wall. We left a little layer of human grease and it burnt black. A carbon memorial for Khanda Three.

Kovacs, I said. Won't the dreamscape just bleed the grief away?

Yes, he said. That's why we have the alarm. That's why we have to do it fast.

He's too put together for the Fedayeen, I think. And then I remember...they're the ones who put him back together.", 13192)
$end_multi_text
$voice: none.wav
$camera_pos: 5315.307129, -3959.321777, -4204.813965
$camera_orient:
	0.999988, 0.000003, -0.004846,
	0.004845, -0.019467, 0.999799,
	-0.000092, -0.999811, -0.019467
$camera_time: 500
$num_lines: 0
$num_icons: 0
$Flags: 0
$Formula: ( = @missionindex[0] 3 ) 
$end_stage
$start_stage
$multi_text
 XSTR("I feel alive. I feel alive. We're doing it. We're winning battles! It's like waking up.

We got into a fight today, the four of us. The ship's half-empty but the operators all live together in a kind of tactically robust favela in the inner life support spine. We were cooking in the sous-vide vacuum oven and Ged's crew called us for not sharing. Not very Ubuntu of them.

Falconer told them that we were the best and we'd won that oven time in combat.", 13193)
$end_multi_text
$voice: none.wav
$camera_pos: 5315.307129, -3959.321777, -4204.813965
$camera_orient:
	0.999988, 0.000003, -0.004846,
	0.004845, -0.019467, 0.999799,
	-0.000092, -0.999811, -0.019467
$camera_time: 500
$num_lines: 0
$num_icons: 0
$Flags: 0
$Formula: ( = @missionindex[0] 4 ) 
$end_stage
$start_stage
$multi_text
 XSTR("It's strange how the old pack instincts come out here. No Ubuntu. No Tev discipline. Just us predators.

We glared them down. All four of us together. Christ and Allah, I can't describe it, it's like the opposite of amputation, like we've been...written inside each others' skin. And I knew that if it came to a fight no one would be hurt. I knew where Falconer would strike and Kovacs would grapple and Vidaura would put that man's face a millimeter from the wall.

And they saw it. They saw that we were better Fedayeen. They laughed and told us we'd earned it.", 13194)
$end_multi_text
$voice: none.wav
$camera_pos: 5315.307129, -3959.321777, -4204.813965
$camera_orient:
	0.999988, 0.000003, -0.004846,
	0.004845, -0.019467, 0.999799,
	-0.000092, -0.999811, -0.019467
$camera_time: 500
$num_lines: 0
$num_icons: 0
$Flags: 0
$Formula: ( = @missionindex[0] 4 ) 
$end_stage
$start_stage
$multi_text
 XSTR("Who are these people with me? I'm still not sure I can see them each as separate people. I know Falcata Wing but do I really know -

Kovacs. The Syrian-Norweigan-something else muscle whip of a man. He must have been a cop? Maybe? I can't see it. To me he's the steady center of the wing. To Falconer he's the counterweight, pulling her back on mission. To Vidaura he's some kind of baseline. A reference point for human complexity. Fully understood.", 13195)
$end_multi_text
$voice: none.wav
$camera_pos: 5315.307129, -3959.321777, -4204.813965
$camera_orient:
	0.999988, 0.000003, -0.004846,
	0.004845, -0.019467, 0.999799,
	-0.000092, -0.999811, -0.019467
$camera_time: 500
$num_lines: 0
$num_icons: 0
$Flags: 0
$Formula: ( = @missionindex[0] 4 ) 
$end_stage
$start_stage
$multi_text
 XSTR("Falconer. I really couldn't stand her, but I understand her purpose. She tests my edges. She's like a woman dancing on a mine. Or maybe she's the mine, god damn, I don't know. Now that she likes me (she does), she's like a little pet id. Go on, Laporte, you know you want to... She's Kovacs' activating energy, his dynamo. Vidaura's probe. She asks what V can't.

Vidaura, oh Vidaura, you master. Little bit of a crush? No, boss, she's too scary. It's like talking to a meditation widget, but you can't tell if the picture's a kitten or a snake. She plays with your head. I thought she was the nice one, Falconer's opposite, but I think Falconer sees her as the danger in the wing. The quiet knife. She's the one who assembles Falconer and Kovacs and...and me.", 13196)
$end_multi_text
$voice: none.wav
$camera_pos: 5315.307129, -3959.321777, -4204.813965
$camera_orient:
	0.999988, 0.000003, -0.004846,
	0.004845, -0.019467, 0.999799,
	-0.000092, -0.999811, -0.019467
$camera_time: 500
$num_lines: 0
$num_icons: 0
$Flags: 0
$Formula: ( = @missionindex[0] 4 ) 
$end_stage
$start_stage
$multi_text
 XSTR("A whole person. That's what we are, I guess. One functional technological super-predator. Bound by CASSANDRA.

We climbed one of the old ammo chutes. It was hot, hot and dripping, and we climbed in gloves and drysuits. It was like hypnosis...up and up and up, no ropes, no belays, but we knew we couldn't make an error. It was as simple as walking. I forgot which one of us was me. I really did.

We huddled together in the warload bay at the top, all grinning and breathing, and...that was where we belonged. In that space for weapons. Being ourself.", 13197)
$end_multi_text
$voice: none.wav
$camera_pos: 5315.307129, -3959.321777, -4204.813965
$camera_orient:
	0.999988, 0.000003, -0.004846,
	0.004845, -0.019467, 0.999799,
	-0.000092, -0.999811, -0.019467
$camera_time: 500
$num_lines: 0
$num_icons: 0
$Flags: 0
$Formula: ( = @missionindex[0] 4 ) 
$end_stage
$start_stage
$multi_text
 XSTR("If you prefer to return to the action, you can leave the Dreamscape immediately by approaching the exit gate.", 13198)
$end_multi_text
$voice: none.wav
$camera_pos: 5315.307129, -3959.321777, -4204.813965
$camera_orient:
	0.999988, 0.000003, -0.004846,
	0.004845, -0.019467, 0.999799,
	-0.000092, -0.999811, -0.019467
$camera_time: 500
$num_lines: 0
$num_icons: 0
$Flags: 0
$Formula: ( != @missionindex[0] 0 ) 
$end_stage
$end_briefing

#Debriefing_info

$Num stages: 0


#Callsigns:
$Callsign: Laporte
$Callsign: we are all-da'wa
$Callsign: vicmouth was right
$Callsign: sell soul buy time
$Callsign: 

#end


#Players		;! 1 total

$Starting Shipname: Falcata 1
$Ship Choices: (
	"UEF Ainsarii"	1
	"UEF Ainsarii#Dream"	1
)

+Weaponry Pool: (
	"Vulcan"	19
	"Maul"	18
	"Rapier"	19
	"Gattler"	17
	"Scalpel"	16
	"Sidhe"	17
	"UX Accelerator"	17
	"Javelin"	548
	"Dart"	820
	"Dirk"	567
	"Cavalier"	0
	"Archer"	1
	"Slammer"	8
	"Hellfire"	320
	"Warhammer"	64
)

#Objects		;! 73 total

$Name: Falcata 1		;! Object #0
$Display Name: XSTR("Falcata 1", 10641)
$Class: UEF Ainsarii
$Callsign: Laporte

$Team: Friendly
$Location: -0.000000, 0.000000, 0.000000
$Orientation:
	1.000000, 0.000000, -0.000000,
	0.000000, 0.490550, 0.871413,
	0.000000, -0.871413, 0.490550
$AI Behavior: None
$Cargo 1:  XSTR("Nothing", 13)
+Initial Hull: 100
+Subsystem: Pilot
+Primary Banks: ( "Sidhe" "UX Accelerator" )
$Arrival Location: Hyperspace
$Arrival Cue: ( false ) 
$Departure Location: Hyperspace
$Departure Cue: ( false ) 
$Determination: 10
+Flags: ( "cargo-known" "player-start" "invulnerable" "stealth" )
+Flags2: ( "no-subspace-drive" "no-builtin-messages" "primaries-locked" "secondaries-locked" )
+Respawn priority: 0
+Group: 0
+Score: 8

$Name: Kovacs		;! Object #1
$Display Name: XSTR("Kovacs", 12484)
$Class: UEF Ainsarii

$Team: Friendly
$Location: -6.000000, 0.000000, 3143.600098
$Orientation:
	-0.999998, 0.000000, -0.001909,
	0.000000, 1.000000, 0.000000,
	0.001909, 0.000000, -0.999998
$AI Behavior: None
+AI Class: Little Devil
$Cargo 1:  XSTR("Nothing", 13)
+Initial Velocity: 33
+Initial Hull: 100
+Subsystem: Pilot
$Arrival Location: Hyperspace
$Arrival Cue: ( true ) 
$Departure Location: Hyperspace
$Departure Cue: ( false ) 
$Determination: 10
+Flags: ( "cargo-known" "escort" "stealth" )
+Flags2: ( "no-builtin-messages" "primaries-locked" "secondaries-locked" )
+Respawn priority: 0
+Escort priority: 0
+Orders Accepted: 0		;! note that this is a bitfield!!!
+Group: 0
+Use Table Score:
+Score: 24

$Name: Falconer		;! Object #2
$Display Name: XSTR("Falconer", 12486)
$Class: UEF Ainsarii

$Team: Friendly
$Location: -2106.169922, -0.000090, 2128.959229
$Orientation:
	-0.710901, 0.000000, -0.703292,
	-0.000000, 1.000000, 0.000000,
	0.703292, 0.000000, -0.710901
$AI Behavior: None
+AI Class: Little Devil
$Cargo 1:  XSTR("Nothing", 13)
+Initial Velocity: 33
+Initial Hull: 100
+Subsystem: Pilot
$Arrival Location: Hyperspace
$Arrival Cue: ( true ) 
$Departure Location: Hyperspace
$Departure Cue: ( false ) 
$Determination: 10
+Flags: ( "cargo-known" "escort" "stealth" )
+Flags2: ( "no-builtin-messages" )
+Respawn priority: 0
+Escort priority: 0
+Orders Accepted: 0		;! note that this is a bitfield!!!
+Group: 0
+Use Table Score:
+Score: 24

$Name: Vidaura		;! Object #3
$Display Name: XSTR("Vidaura", 12488)
$Class: UEF Ainsarii

$Team: Friendly
$Location: 2086.358398, -0.000073, 2114.522705
$Orientation:
	-0.711832, 0.000000, 0.702350,
	0.000000, 1.000000, 0.000000,
	-0.702350, 0.000000, -0.711832
$AI Behavior: None
+AI Class: Little Devil
$Cargo 1:  XSTR("Nothing", 13)
+Initial Velocity: 33
+Initial Hull: 100
+Subsystem: Pilot
$Arrival Location: Hyperspace
$Arrival Cue: ( true ) 
$Departure Location: Hyperspace
$Departure Cue: ( false ) 
$Determination: 10
+Flags: ( "cargo-known" "escort" "stealth" )
+Flags2: ( "no-builtin-messages" )
+Respawn priority: 0
+Escort priority: 0
+Orders Accepted: 0		;! note that this is a bitfield!!!
+Group: 0
+Use Table Score:
+Score: 24

$Name: Humanity		;! Object #4
$Display Name: XSTR("Humanity", 13199)
$Class: Alliance Jump Gate

$Team: Unknown
$Location: -289.899994, 0.000000, 60000.000000
$Orientation:
	1.000000, 0.000000, 0.000000,
	0.000000, 1.000000, 0.000000,
	0.000000, 0.000000, 1.000000
$AI Behavior: None
$Cargo 1:  XSTR("Nothing", 13)
+Initial Velocity: 33
+Initial Hull: 100
+Initial Shields: 100
+Subsystem: Pilot
$Arrival Location: Hyperspace
$Arrival Cue: ( true ) 
$Departure Location: Hyperspace
$Departure Cue: ( false ) 
$Determination: 10
+Flags: ( "cargo-known" "no-shields" "invulnerable" "don't-collide-invisible" )
+Flags2: ( )
+Respawn priority: 0
+Group: 0
+Use Table Score:
+Score: 0

$Name: Al-Da'wa		;! Object #5
$Display Name: XSTR("Al-Da'wa", 12610)
$Class: UEFg Narayana#Prefit

$Team: Friendly
$Team Color Setting: 1stFleet_BlueStripes
$Location: -7.600000, 2274.600098, 1691.400024
$Orientation:
	-0.434349, 0.491020, -0.755145,
	0.681672, 0.727190, 0.080753,
	0.588783, -0.479685, -0.650567
$AI Behavior: None
$Cargo 1:  XSTR("Nothing", 13)
+Initial Hull: 100
+Initial Shields: 100
+Subsystem: Pilot
+Subsystem: turret01
+Subsystem: turret02
+Subsystem: Turret03
+Subsystem: Turret04
+Subsystem: Turret05
+Subsystem: Turret06
+Subsystem: Turret07
+Subsystem: Turret08
+Subsystem: Turret09
+Subsystem: Turret10
+Subsystem: Turret11
+Subsystem: Turret12
+Subsystem: Turret13
+Subsystem: Turret14
+Subsystem: turret15
+Subsystem: turret16
+Subsystem: turret17
+Subsystem: turret18
+Subsystem: turret19
+Subsystem: turret20
+Subsystem: turret21
+Subsystem: turret22
+Subsystem: turret23
$Arrival Location: Hyperspace
$Arrival Cue: ( true ) 
$Departure Location: Hyperspace
$Departure Cue: ( false ) 
$Determination: 10
+Flags: ( "cargo-known" "no-shields" "escort" "invulnerable" )
+Flags2: ( "no-builtin-messages" )
+Respawn priority: 0
+Escort priority: 0
+Orders Accepted: 0		;! note that this is a bitfield!!!
+Group: 0
+Score: 0
$Texture Replace:
+old: nameplate
+new: masyaf

$Name: Thorn		;! Object #6
$Display Name: XSTR("Thorn", 13200)
$Class: UESc Shen Kuo

$Team: Friendly
$Location: -21.299999, -2000.000000, 1475.000000
$Orientation:
	1.000000, 0.000000, 0.000000,
	0.000000, 1.000000, 0.000000,
	0.000000, 0.000000, 1.000000
$AI Behavior: None
$Cargo 1:  XSTR("Nothing", 13)
+Initial Velocity: 33
+Initial Hull: 100
+Initial Shields: 100
+Subsystem: Pilot
+Subsystem: turret01
+Subsystem: turret02
$Arrival Location: Hyperspace
$Arrival Cue: ( true ) 
$Departure Location: Hyperspace
$Departure Cue: ( false ) 
$Determination: 10
+Flags: ( "cargo-known" "no-shields" "escort" "invulnerable" )
+Flags2: ( "no-builtin-messages" )
+Respawn priority: 0
+Escort priority: 0
+Orders Accepted: 1		;! note that this is a bitfield!!!
+Group: 0
+Use Table Score:
+Score: 160

$Name: Awake		;! Object #7
$Display Name: XSTR("Awake", 13201)
$Class: Intrasystem Gate#nocollide

$Team: Friendly
$Location: -65.400002, -4500.000000, 1608.699951
$Orientation:
	0.819651, 0.000000, -0.572863,
	0.572483, -0.036477, 0.819106,
	-0.020896, -0.999335, -0.029898
$AI Behavior: None
$Cargo 1:  XSTR("Nothing", 13)
+Initial Velocity: 33
+Initial Hull: 100
+Initial Shields: 100
+Subsystem: Pilot
$Arrival Location: Hyperspace
$Arrival Cue: ( true ) 
$Departure Location: Hyperspace
$Departure Cue: ( false ) 
$Determination: 10
+Flags: ( "cargo-known" "no-shields" "escort" "invulnerable" )
+Flags2: ( "no-builtin-messages" "no-collide" )
+Respawn priority: 0
+Escort priority: 50
+Group: 0
+Use Table Score:
+Score: 0

$Name: The Hammer of Light		;! Object #8
$Display Name: XSTR("The Hammer of Light", 13202)
$Class: GVD Typhon

$Team: Friendly
$Location: 122.202171, -0.001548, 5702.417969
$Orientation:
	0.499413, -0.395662, 0.770739,
	0.620986, 0.783822, 0.000000,
	-0.604122, 0.478618, 0.637151
$AI Behavior: None
$Cargo 1:  XSTR("Nothing", 13)
+Initial Hull: 100
+Initial Shields: 100
+Subsystem: Pilot
+Subsystem: turret01
+Subsystem: turret02
+Subsystem: turret03
+Subsystem: turret04
+Subsystem: turret05
+Subsystem: turret06
+Subsystem: turret07
+Subsystem: turret08
+Subsystem: turret09
+Subsystem: turret10
+Subsystem: turret11
+Subsystem: turret12
+Subsystem: turret13
+Subsystem: turret14
+Subsystem: turret15
+Subsystem: turret16
+Subsystem: turret17
+Subsystem: turret18
+Subsystem: turret19
+Subsystem: turret20
+Subsystem: turret21
+Subsystem: turret22
+Subsystem: turret23
+Subsystem: turret24
+Subsystem: turret25
+Subsystem: turret26
+Subsystem: turret27
$Arrival Location: Hyperspace
$Arrival Cue: ( > @missionindex[0] 0 ) 
$Departure Location: Hyperspace
$Departure Cue: ( false ) 
$Determination: 10
+Flags: ( "cargo-known" "no-shields" "escort" "no-arrival-warp" "invulnerable" )
+Flags2: ( "no-builtin-messages" )
+Respawn priority: 0
+Escort priority: 0
+Orders Accepted: 0		;! note that this is a bitfield!!!
+Group: 0
+Score: 10

$Name: Vasudan Imperium		;! Object #9
$Display Name: XSTR("Vasudan Imperium", 13203)
$Class: Knossos

$Team: Unknown
$Location: -1028.465820, -0.004594, -42442.902344
$Orientation:
	1.000000, 0.000000, 0.000000,
	0.000000, 1.000000, 0.000000,
	0.000000, 0.000000, 1.000000
$AI Behavior: None
$Cargo 1:  XSTR("Nothing", 13)
+Initial Hull: 100
+Initial Shields: 100
+Subsystem: Pilot
$Arrival Location: Hyperspace
$Arrival Cue: ( true ) 
$Departure Location: Hyperspace
$Departure Cue: ( false ) 
$Determination: 10
+Flags: ( "cargo-known" "no-shields" "don't-collide-invisible" )
+Flags2: ( )
+Respawn priority: 0
+Group: 0
+Use Table Score:
+Score: 0

$Name: Radio Free Fedayeen		;! Object #10
$Display Name: XSTR("Radio Free Fedayeen", 13204)
$Class: UENB Alexandria

$Team: Friendly
$Location: 3436.399902, 1000.000000, -12.000000
$Orientation:
	1.000000, 0.000000, 0.000000,
	0.000000, 1.000000, 0.000000,
	0.000000, 0.000000, 1.000000
$AI Behavior: None
$Cargo 1:  XSTR("Nothing", 13)
+Initial Shields: 100
+Subsystem: Pilot
$Arrival Location: Near Ship
+Arrival Distance: 2500
$Arrival Anchor: Falcata 1
$Arrival Cue: ( > @missionindex[0] 0 ) 
$Departure Location: Hyperspace
$Departure Cue: ( false ) 
$Determination: 10
+Flags: ( "cargo-known" "no-shields" "no-arrival-warp" "invulnerable" "hidden-from-sensors" )
+Flags2: ( "no-builtin-messages" "immobile" "no-collide" )
+Respawn priority: 0
+Group: 0
+Score: 8

$Name: Awhireinga Greenfly		;! Object #11
$Display Name: XSTR("Awhireinga Greenfly", 13205)
$Class: GTF Ulysses

$Team: Unknown
$Location: -3496.687500, -0.134766, -423.845001
$Orientation:
	0.320814, -0.230950, 0.918554,
	0.945806, 0.129611, -0.297745,
	-0.050290, 0.964294, 0.260015
$AI Behavior: None
$Cargo 1:  XSTR("Nothing", 13)
+Initial Velocity: 33
+Initial Hull: 100
+Initial Shields: 100
+Subsystem: Pilot
$Arrival Location: Hyperspace
$Arrival Cue: ( > @missionindex[0] 2 ) 
$Departure Location: Hyperspace
$Departure Cue: ( false ) 
$Determination: 10
+Flags: ( "cargo-known" "no-shields" "escort" "no-arrival-warp" )
+Flags2: ( "no-builtin-messages" )
+Respawn priority: 0
+Escort priority: 0
+Orders Accepted: 1		;! note that this is a bitfield!!!
+Group: 0
+Use Table Score:
+Score: 8

$Name: Ged		;! Object #12
$Display Name: XSTR("Ged", 7642)
$Class: UEF Ainsarii

$Team: Friendly
$Location: -3500.699951, 75.000000, -465.299988
$Orientation:
	0.995349, 0.000000, -0.096340,
	0.084261, 0.484817, 0.870547,
	0.046707, -0.874616, 0.482562
$AI Behavior: None
+AI Class: Little Devil
$Cargo 1:  XSTR("Nothing", 13)
+Initial Velocity: 33
+Initial Hull: 100
+Subsystem: Pilot
$Arrival Location: Hyperspace
$Arrival Cue: ( > @missionindex[0] 2 ) 
$Departure Location: Hyperspace
$Departure Cue: ( false ) 
$Determination: 10
+Flags: ( "cargo-known" "no-arrival-warp" "stealth" )
+Flags2: ( "no-builtin-messages" )
+Respawn priority: 0
+Group: 0
+Use Table Score:
+Score: 24

$Name: Strategic Grid		;! Object #13
$Display Name: XSTR("Strategic Grid", 13206)
$Class: The GRID
$Team: Neutral
$Location: 0.000000, -7000.000000, 0.000000
$Orientation:
	1.000000, 0.000000, 0.000000,
	0.000000, 1.000000, 0.000000,
	0.000000, 0.000000, 1.000000
$AI Behavior: None
$Cargo 1:  XSTR("Nothing", 13)
+Initial Velocity: 33
+Initial Hull: 100
+Initial Shields: 100
+Subsystem: Pilot
$Arrival Location: Hyperspace
$Arrival Cue: ( not ( = @missionindex[0] 4 ) ) 
$Departure Location: Hyperspace
$Departure Cue: ( false ) 
$Determination: 10
+Flags: ( "cargo-known" "no-shields" "no-arrival-warp" "hidden-from-sensors" "stealth" "friendly-stealth-invisible" )
+Flags2: ( "no-builtin-messages" "immobile" "no-collide" )
+Respawn priority: 0
+Group: 0
+Use Table Score:
+Score: 0

$Name: Strategic Grid#2		;! Object #14
$Display Name: XSTR("Strategic Grid", 13206)
$Class: The GRID
$Team: Neutral
$Location: 0.000000, -7010.000000, 0.000000
$Orientation:
	1.000000, 0.000000, 0.000000,
	0.000000, 1.000000, 0.000000,
	0.000000, 0.000000, 1.000000
$AI Behavior: None
$Cargo 1:  XSTR("Nothing", 13)
+Initial Velocity: 33
+Initial Hull: 100
+Initial Shields: 100
+Subsystem: Pilot
$Arrival Location: Hyperspace
$Arrival Cue: ( = @missionindex[0] 4 ) 
$Departure Location: Hyperspace
$Departure Cue: ( false ) 
$Determination: 10
+Flags: ( "cargo-known" "no-shields" "no-arrival-warp" "hidden-from-sensors" "stealth" "friendly-stealth-invisible" )
+Flags2: ( "no-builtin-messages" "no-collide" )
+Respawn priority: 0
+Group: 0
+Use Table Score:
+Score: 0
$Texture Replace:
+old: grid-trans
+new: grid2-trans
+old: grid-trans-glow
+new: grid2-trans-glow

$Name: Kovacs#m18train		;! Object #15
$Display Name: XSTR("Kovacs", 12484)
$Class: UEF Ainsarii

$Team: Friendly
$Location: 7720.078125, 1477.946167, -2998.363525
$Orientation:
	0.018525, 0.000000, -0.999828,
	-0.000066, 1.000000, -0.000001,
	0.999828, 0.000066, 0.018525
$AI Behavior: None
+AI Class: Little Devil
$AI Goals: ( goals ( ai-ignore-new "Target 1" 50 ) ( ai-ignore-new "Hostile AWACS" 50 ) )
$Cargo 1:  XSTR("Nothing", 13)
+Initial Velocity: 33
+Initial Hull: 100
+Subsystem: Pilot
+Primary Banks: ( "Gattler" "Gattler" )
+Secondary Banks: ( "Hellfire" )
$Arrival Location: Hyperspace
$Arrival Cue: ( is-event-true-delay 
   "XXXpre m18 trainingXXX" 
   0 
)
$Departure Location: Hyperspace
$Departure Cue: ( is-event-true-delay 
   "Training complete!" 
   0 
)
$Determination: 10
+Flags: ( "cargo-known" "no-arrival-warp" "no-departure-warp" "invulnerable" "no-dynamic" "stealth" )
+Flags2: ( "no-builtin-messages" )
+Respawn priority: 0
+Orders Accepted: 1		;! note that this is a bitfield!!!
+Group: 0
+Use Table Score:
+Score: 24

$Name: Target 1		;! Object #16
$Display Name: XSTR("Target 1", 13207)
$Class: GTG Zephyrus
$Team: Hostile
$Location: 7158.235840, 1500.006592, -3014.966064
$Orientation:
	0.992676, -0.099812, 0.068077,
	0.075984, 0.077678, -0.994079,
	0.093933, 0.991970, 0.084693
$AI Behavior: None
$Cargo 1:  XSTR("Nothing", 13)
+Initial Hull: 100
+Initial Shields: 100
+Subsystem: Pilot
+Subsystem: turret01
+Subsystem: turret02
+Subsystem: turret03
+Subsystem: turret04
+Subsystem: turret05
$Arrival Location: Hyperspace
$Arrival Cue: ( is-event-true-delay 
   "XXXpre m18 trainingXXX" 
   0 
)
$Departure Location: Hyperspace
$Departure Cue: ( false ) 
$Determination: 10
+Flags: ( "no-shields" "no-arrival-warp" "invulnerable" )
+Flags2: ( "no-builtin-messages" "lock-all-turrets" )
+Respawn priority: 0
$Special Explosion:
+Special Exp Damage: 3000
+Special Exp Blast: 2000
+Special Exp Inner Radius: 1000
+Special Exp Outer Radius: 2000
+Special Exp Shockwave Speed: 360
+Special Exp Death Roll Time: 10000
+Special Hitpoints: 5000
+Orders Accepted: 1		;! note that this is a bitfield!!!
+Group: 0
+Score: 150

$Name: Hostile AWACS		;! Object #17
$Display Name: XSTR("Hostile AWACS", 13208)
$Class: GTA Charybdis
$Team: Hostile
$Location: 7064.221680, 1500.006592, -3023.656982
$Orientation:
	1.000000, 0.000000, 0.000000,
	0.000000, 1.000000, 0.000000,
	0.000000, 0.000000, 1.000000
$AI Behavior: None
$Cargo 1:  XSTR("Nothing", 13)
+Initial Velocity: 33
+Initial Hull: 100
+Initial Shields: 100
+Subsystem: Pilot
+Subsystem: Turret01
+Subsystem: Turret02
+Subsystem: Turret03
+Subsystem: Turret04
+Subsystem: Turret05
+Subsystem: Turret06
$Arrival Location: Hyperspace
$Arrival Cue: ( is-event-true-delay 
   "Kovacs: awacs go far" 
   0 
)
$Departure Location: Hyperspace
$Departure Cue: ( false ) 
$Determination: 10
+Flags: ( "cargo-known" "no-shields" "no-arrival-warp" "invulnerable" )
+Flags2: ( "no-builtin-messages" "lock-all-turrets" )
+Respawn priority: 0
+Special Hitpoints: 5000
+Orders Accepted: 1		;! note that this is a bitfield!!!
+Group: 0
+Use Table Score:
+Score: 150

$Name: Falconer#m19t		;! Object #18
$Display Name: XSTR("Falconer", 12486)
$Class: UEF Ainsarii

$Team: Friendly
$Location: 6919.155762, -0.016506, -17836.722656
$Orientation:
	1.000000, 0.000000, 0.000000,
	0.000000, 1.000000, 0.000000,
	0.000000, 0.000000, 1.000000
$AI Behavior: None
+AI Class: Little Devil
$Cargo 1:  XSTR("Nothing", 13)
+Initial Velocity: 33
+Initial Hull: 100
+Subsystem: Pilot
$Arrival Location: Hyperspace
$Arrival Cue: ( is-event-true-delay 
   "XXXprem19trainingXXX" 
   0 
)
$Departure Location: Hyperspace
$Departure Cue: ( false ) 
$Determination: 10
+Flags: ( "cargo-known" "no-arrival-warp" "invulnerable" "stealth" )
+Flags2: ( "no-builtin-messages" "primaries-locked" "secondaries-locked" )
+Respawn priority: 0
+Orders Accepted: 0		;! note that this is a bitfield!!!
+Group: 0
+Use Table Score:
+Score: 24

$Name: Falconer's Metal Roadhouse		;! Object #19
$Display Name: XSTR("Falconer's Metal Roadhouse", 13209)
$Class: UEI Ceres

$Team: Unknown
$Location: 6979.007324, -0.011411, -13984.015625
$Orientation:
	0.682744, -0.573384, 0.452872,
	0.710777, 0.377600, -0.593480,
	0.169287, 0.727085, 0.665352
$AI Behavior: None
$Cargo 1:  XSTR("Nothing", 13)
+Initial Velocity: 33
+Initial Hull: 100
+Initial Shields: 100
+Subsystem: Pilot
+Subsystem: turret01
+Subsystem: turret02
+Subsystem: turret03
+Subsystem: turret04
+Subsystem: turret05
$Arrival Location: Hyperspace
$Arrival Cue: ( is-event-true-delay 
   "XXXprem19trainingXXX" 
   0 
)
$Departure Location: Hyperspace
$Departure Cue: ( false ) 
$Determination: 10
+Flags: ( "cargo-known" "no-shields" "no-arrival-warp" "invulnerable" )
+Flags2: ( "no-builtin-messages" )
+Respawn priority: 0
+Orders Accepted: 0		;! note that this is a bitfield!!!
+Group: 0
+Use Table Score:
+Score: 1000

$Name: Amiable 1		;! Object #20
$Display Name: XSTR("Amiable 1", 13210)
$Class: UET Corsair
$Team: Unknown
$Location: 12478.258789, 0.000335, -20345.023438
$Orientation:
	0.756490, 0.000000, 0.654005,
	-0.000001, 1.000000, 0.000001,
	-0.654005, -0.000001, 0.756490
$AI Behavior: None
$AI Goals: ( goals ( ai-waypoints "path amiable" 50 ) )
$Cargo 1:  XSTR("PURE FURY", 13211)
+Initial Velocity: 33
+Initial Hull: 100
+Initial Shields: 100
+Subsystem: Pilot
+Subsystem: turret01
+Subsystem: turret02
+Subsystem: turret03
+Subsystem: turret04
$Arrival Location: Hyperspace
$Arrival Cue: ( false ) 
$Departure Location: Hyperspace
$Departure Cue: ( false ) 
$Determination: 10
+Flags: ( "cargo-known" "no-shields" "no-arrival-warp" "no-departure-warp" "invulnerable" )
+Flags2: ( "no-builtin-messages" "lock-all-turrets" )
+Respawn priority: 0
+Hotkey: 4
+Orders Accepted: 257		;! note that this is a bitfield!!!
+Group: 0
+Use Table Score:
+Score: 20

$Name: Amiable 2		;! Object #21
$Display Name: XSTR("Amiable 2", 13212)
$Class: UET Corsair
$Team: Unknown
$Location: 12748.260742, -0.001055, -20453.386719
$Orientation:
	0.746337, 0.000000, 0.665568,
	-0.000001, 1.000000, 0.000001,
	-0.665568, -0.000001, 0.746337
$AI Behavior: None
$AI Goals: ( goals ( ai-waypoints "path amiable" 50 ) )
$Cargo 1:  XSTR("your dumb widget", 13213)
+Initial Velocity: 33
+Initial Hull: 100
+Initial Shields: 100
+Subsystem: Pilot
+Subsystem: turret01
+Subsystem: turret02
+Subsystem: turret03
+Subsystem: turret04
$Arrival Location: Hyperspace
$Arrival Cue: ( false ) 
$Departure Location: Hyperspace
$Departure Cue: ( false ) 
$Determination: 10
+Flags: ( "cargo-known" "no-shields" "no-arrival-warp" "no-departure-warp" "invulnerable" )
+Flags2: ( "no-builtin-messages" "lock-all-turrets" )
+Respawn priority: 0
+Hotkey: 4
+Orders Accepted: 257		;! note that this is a bitfield!!!
+Group: 0
+Use Table Score:
+Score: 20

$Name: Amiable 3		;! Object #22
$Display Name: XSTR("Amiable 3", 13214)
$Class: UET Corsair
$Team: Unknown
$Location: 12694.439453, -0.000837, -20738.082031
$Orientation:
	0.763361, 0.000000, 0.645972,
	-0.000001, 1.000000, 0.000001,
	-0.645972, -0.000001, 0.763361
$AI Behavior: None
$AI Goals: ( goals ( ai-waypoints "path amiable" 50 ) )
$Cargo 1:  XSTR("mom's sashila", 13215)
+Initial Velocity: 33
+Initial Hull: 100
+Initial Shields: 100
+Subsystem: Pilot
+Subsystem: turret01
+Subsystem: turret02
+Subsystem: turret03
+Subsystem: turret04
$Arrival Location: Hyperspace
$Arrival Cue: ( false ) 
$Departure Location: Hyperspace
$Departure Cue: ( false ) 
$Determination: 10
+Flags: ( "cargo-known" "no-shields" "no-arrival-warp" "no-departure-warp" "invulnerable" )
+Flags2: ( "no-builtin-messages" "lock-all-turrets" )
+Respawn priority: 0
+Hotkey: 4
+Orders Accepted: 257		;! note that this is a bitfield!!!
+Group: 0
+Use Table Score:
+Score: 20

$Name: Blithe 1		;! Object #23
$Display Name: XSTR("Blithe 1", 13216)
$Class: UET Corsair
$Team: Unknown
$Location: 15022.799805, 0.000000, -13690.099609
$Orientation:
	-0.036515, 0.000000, 0.999333,
	-0.000001, 1.000000, -0.000000,
	-0.999333, -0.000001, -0.036515
$AI Behavior: None
