#Mission Info

$Version: 0.10
$Name:  XSTR("Asteroid Dogfight", 201)
$Author: Shade
$Created: 06/21/08 at 18:39:27
$Modified: 09/09/12 at 11:08:59
$Notes:
Version 0.2$End Notes:

$Mission Desc:
 XSTR("12-player free for all dogfight set inside an asteroid field.
", 207)
$end_multi_text

+Game Type Flags: 34

+Flags: 262144
+Fog Near Mult: 1.000000

+Fog Far Mult: 1.000000


+Num Players: 12

+Num Respawns: 99

+Max Respawn Time: 30

+Disallow Support: 1

+Hull Repair Ceiling: 0.000000

+Subsystem Repair Ceiling: 100.000000

+Viewer pos: 5935.473633, 1087.679810, 5426.354004
+Viewer orient:
	-0.802336, 0.000001, 0.596873,
	-0.042050, 0.997515, -0.056527,
	-0.595390, -0.070452, -0.800342

$Starting wing names: ( "Green" "Red" "Blue" )
$Squadron wing names: ( "Green" "Red" "Blue" "Violet" "Orange" )
$Team-versus-team wing names: ( "Green" "Red" )

$Load Screen 640:	Y_No_1024x768.tga
$Load Screen 1024:	Load_MP-R1-DF2.tga


$Skybox Model: SkyBox_Starfield_01.pof

$AI Profile: Diaspora_default

#Command Briefing

#Briefing
$start_briefing
$num_stages: 1
$start_stage
$multi_text
 XSTR("In this free for all dogfight you must neutralize all other pilots while evading in a dense asteroid debris field. The player with the highest score at the end of combat will be the victor. Good hunting.", 211)
$end_multi_text
$voice: MP-R1-B-DF2.ogg
$camera_pos: -5576.796875, 13103.814453, -6616.936523
$camera_orient:
	-1.000000, 0.000000, 0.000000,
	0.000000, 0.000000, -1.000000,
	0.000000, -1.000000, 0.000000
$camera_time: 500
$num_lines: 0
$num_icons: 6
$Flags: 0
$Formula: ( true ) 
$start_icon
$type: 22
$team: Friendly
$class: Viper Mark VII
$pos: -1800.000000, 0.000000, -7000.000000
$label: XSTR("You", 1810)
+id: 7
$hlight: 0
$mirror: 0
$multi_text
$end_multi_text
$end_icon
$start_icon
$type: 0
$team: Hostile
$class: Raider
$pos: -5800.000000, 0.000000, -9700.000000
$label: XSTR("Enemy", 1811)
+id: 8
$hlight: 0
$mirror: 0
$multi_text
$end_multi_text
$end_icon
$start_icon
$type: 0
$team: Hostile
$class: Heavy Raider
$pos: -9600.000000, 0.000000, -7000.000000
$label: XSTR("Enemy", 1811)
+id: 9
$hlight: 0
$mirror: 0
$multi_text
$end_multi_text
$end_icon
$start_icon
$type: 0
$team: Hostile
$class: Assault Raptor
$pos: -3400.000000, 0.000000, -3700.000000
$label: XSTR("Enemy", 1811)
+id: 10
$hlight: 0
$mirror: 0
$multi_text
$end_multi_text
$end_icon
$start_icon
$type: 0
$team: Hostile
$class: Viper Mark VIIe
$pos: -8100.000000, 0.000000, -3700.000000
$label: XSTR("Enemy", 1811)
+id: 11
$hlight: 0
$mirror: 0
$multi_text
$end_multi_text
$end_icon
$start_icon
$type: 8
$team: Friendly
$class: Gemenon Traveler
$pos: -6100.000000, 0.000000, -6200.000000
$label: XSTR("Asteroids", 1824)
+id: 12
$hlight: 0
$mirror: 0
$multi_text
$end_multi_text
$end_icon
$end_stage
$end_briefing

#Debriefing_info

$Num stages: 0

#Players		;! 12 total

$Starting Shipname: Green 1
$Ship Choices: (
	"Viper Mark VII"	12
	"Viper Mark VIIe"	12
	"Assault Raptor"	12
	"Raider"	12
	"Advanced Raider"	12
	"Heavy Raider"	12
)

+Weaponry Pool: (
	"MEC-A6"	124
	"GBK-6"	18
	"30mm 2.1"	12
	"35mm 5.1"	18
	"HD-70 Lightning Javelin"	296
	"HD-51 Arbalest"	100
	"CTD-17 Jester"	100
	"HS-24 Lance"	6000
	"SRM-AF 2.6 Pilum"	200
	"LRM-AF 1.5 Voulge"	100
	"EWF-FM 3.1 Siren"	100
	"CR-HE 2.2 Dart"	6000
	"SR-HE 1.0 Halberd"	4000
)

#Objects		;! 12 total

$Name: Green 1		;! Object #0
$Display Name: XSTR("Green 1", 1812)
$Class: Viper Mark VII
$Team: Friendly
$Location: 1775.000000, 0.000000, 0.000000
$Orientation:
	0.000000, 0.000000, 1.000000,
	-0.640184, 0.768221, 0.000000,
	-0.768221, -0.640184, 0.000000
$AI Behavior: None
$Cargo 1:  XSTR("Nothing", 150)
+Initial Hull: 100
+Initial Shields: 100
+Subsystem: Pilot
$Arrival Location: Hyperspace
$Arrival Cue: ( false ) 
$Departure Location: Hyperspace
$Departure Cue: ( false ) 
$Determination: 10
+Flags: ( "cargo-known" "no-shields" "player-start" "don't-collide-invisible" )
+Flags2: ( "no-builtin-messages" "no-death-scream" "no-ets" )
+Respawn priority: 0
+Group: 0
+Use Table Score:
+Score: 10

$Name: Green 2		;! Object #1
$Display Name: XSTR("Green 2", 1813)
$Class: Viper Mark VII
$Team: Friendly
$Location: 0.000000, 0.000000, -1775.000000
$Orientation:
	1.000000, 0.000000, 0.000000,
	0.000000, 0.768221, 0.640184,
	0.000000, -0.640184, 0.768221
$AI Behavior: None
$Cargo 1:  XSTR("Nothing", 150)
+Initial Hull: 100
+Initial Shields: 100
+Subsystem: Pilot
$Arrival Location: Hyperspace
$Arrival Cue: ( false ) 
$Departure Location: Hyperspace
$Departure Cue: ( false ) 
$Determination: 10
+Flags: ( "cargo-known" "no-shields" "player-start" "don't-collide-invisible" )
+Flags2: ( "no-builtin-messages" "no-death-scream" "no-ets" )
+Respawn priority: 0
+Group: 0
+Use Table Score:
+Score: 10

$Name: Green 3		;! Object #2
$Display Name: XSTR("Green 3", 1814)
$Class: Viper Mark VII
$Team: Friendly
$Location: -1775.000000, 0.000000, 0.000000
$Orientation:
	0.000000, 0.000000, -1.000000,
	0.640184, 0.768221, 0.000000,
	0.768221, -0.640184, 0.000000
$AI Behavior: None
$Cargo 1:  XSTR("Nothing", 150)
+Initial Hull: 100
+Initial Shields: 100
+Subsystem: Pilot
$Arrival Location: Hyperspace
$Arrival Cue: ( false ) 
$Departure Location: Hyperspace
$Departure Cue: ( false ) 
$Determination: 10
+Flags: ( "cargo-known" "no-shields" "player-start" "don't-collide-invisible" )
+Flags2: ( "no-builtin-messages" "no-death-scream" "no-ets" )
+Respawn priority: 0
+Group: 0
+Use Table Score:
+Score: 10

$Name: Green 4		;! Object #3
$Display Name: XSTR("Green 4", 1815)
$Class: Viper Mark VII
$Team: Friendly
$Location: 0.000000, 0.000000, 1775.000000
$Orientation:
	-1.000000, 0.000000, 0.000000,
	0.000000, 0.768221, -0.640184,
	0.000000, -0.640184, -0.768221
$AI Behavior: None
$Cargo 1:  XSTR("Nothing", 150)
+Initial Hull: 100
+Initial Shields: 100
+Subsystem: Pilot
$Arrival Location: Hyperspace
$Arrival Cue: ( false ) 
$Departure Location: Hyperspace
$Departure Cue: ( false ) 
$Determination: 10
+Flags: ( "cargo-known" "no-shields" "player-start" "don't-collide-invisible" )
+Flags2: ( "no-builtin-messages" "no-death-scream" "no-ets" )
+Respawn priority: 0
+Group: 0
+Use Table Score:
+Score: 10

$Name: Red 1		;! Object #4
$Display Name: XSTR("Red 1", 1816)
$Class: Viper Mark VII
$Team: Friendly
$Location: 1250.000000, -2100.000000, -1250.000000
$Orientation:
	0.000000, 0.000000, 1.000000,
	0.640184, 0.768221, 0.000000,
	-0.768221, 0.640184, 0.000000
$AI Behavior: None
$Cargo 1:  XSTR("Nothing", 150)
+Initial Hull: 100
+Initial Shields: 100
+Subsystem: Pilot
$Arrival Location: Hyperspace
$Arrival Cue: ( false ) 
$Departure Location: Hyperspace
$Departure Cue: ( false ) 
$Determination: 10
+Flags: ( "cargo-known" "no-shields" "player-start" "don't-collide-invisible" )
+Flags2: ( "no-builtin-messages" "no-death-scream" "no-ets" )
+Respawn priority: 0
+Group: 0
+Use Table Score:
+Score: 10

$Name: Red 2		;! Object #5
$Display Name: XSTR("Red 2", 1817)
$Class: Viper Mark VII
$Team: Friendly
$Location: -1250.000000, -2100.000000, -1250.000000
$Orientation:
	1.000000, 0.000000, 0.000000,
	0.000000, 0.768221, -0.640184,
	0.000000, 0.640184, 0.768221
$AI Behavior: None
$Cargo 1:  XSTR("Nothing", 150)
+Initial Hull: 100
+Initial Shields: 100
+Subsystem: Pilot
$Arrival Location: Hyperspace
$Arrival Cue: ( false ) 
$Departure Location: Hyperspace
$Departure Cue: ( false ) 
$Determination: 10
+Flags: ( "cargo-known" "no-shields" "player-start" "don't-collide-invisible" )
+Flags2: ( "no-builtin-messages" "no-death-scream" "no-ets" )
+Respawn priority: 0
+Group: 0
+Use Table Score:
+Score: 10

$Name: Red 3		;! Object #6
$Display Name: XSTR("Red 3", 1818)
$Class: Viper Mark VII
$Team: Friendly
$Location: -1250.000000, -2100.000000, 1250.000000
$Orientation:
	0.000000, 0.000000, -1.000000,
	-0.640184, 0.768221, 0.000000,
	0.768221, 0.640184, 0.000000
$AI Behavior: None
$Cargo 1:  XSTR("Nothing", 150)
+Initial Hull: 100
+Initial Shields: 100
+Subsystem: Pilot
$Arrival Location: Hyperspace
$Arrival Cue: ( false ) 
$Departure Location: Hyperspace
$Departure Cue: ( false ) 
$Determination: 10
+Flags: ( "cargo-known" "no-shields" "player-start" "don't-collide-invisible" )
+Flags2: ( "no-builtin-messages" "no-death-scream" "no-ets" )
+Respawn priority: 0
+Group: 0
+Use Table Score:
+Score: 10

$Name: Red 4		;! Object #7
$Display Name: XSTR("Red 4", 1819)
$Class: Viper Mark VII
$Team: Friendly
$Location: 1250.000000, -2100.000000, 1250.000000
$Orientation:
	-1.000000, 0.000000, 0.000000,
	0.000000, 0.768221, 0.640184,
	0.000000, 0.640184, -0.768221
$AI Behavior: None
$Cargo 1:  XSTR("Nothing", 150)
+Initial Hull: 100
+Initial Shields: 100
+Subsystem: Pilot
$Arrival Location: Hyperspace
$Arrival Cue: ( false ) 
$Departure Location: Hyperspace
$Departure Cue: ( false ) 
$Determination: 10
+Flags: ( "cargo-known" "no-shields" "player-start" "don't-collide-invisible" )
+Flags2: ( "no-builtin-messages" "no-death-scream" "no-ets" )
+Respawn priority: 0
+Group: 0
+Use Table Score:
+Score: 10

$Name: Blue 1		;! Object #8
$Display Name: XSTR("Blue 1", 1820)
$Class: Viper Mark VII
$Team: Friendly
$Location: 1250.000000, 2100.000000, -1250.000000
$Orientation:
	-0.707107, 0.000000, 0.707107,
	0.000000, 1.000000, 0.000000,
	-0.707107, 0.000000, -0.707107
$AI Behavior: None
$Cargo 1:  XSTR("Nothing", 150)
+Initial Hull: 100
+Initial Shields: 100
+Subsystem: Pilot
$Arrival Location: Hyperspace
$Arrival Cue: ( false ) 
$Departure Location: Hyperspace
$Departure Cue: ( false ) 
$Determination: 10
+Flags: ( "cargo-known" "no-shields" "player-start" "don't-collide-invisible" )
+Flags2: ( "no-builtin-messages" "no-death-scream" "no-ets" )
+Respawn priority: 0
+Group: 0
+Use Table Score:
+Score: 10

$Name: Blue 2		;! Object #9
$Display Name: XSTR("Blue 2", 1821)
$Class: Viper Mark VII
$Team: Friendly
$Location: -1250.000000, 2100.000000, -1250.000000
$Orientation:
	0.707107, 0.000000, 0.707107,
	0.000000, 1.000000, 0.000000,
	-0.707107, 0.000000, 0.707107
$AI Behavior: None
$Cargo 1:  XSTR("Nothing", 150)
+Initial Hull: 100
+Initial Shields: 100
+Subsystem: Pilot
$Arrival Location: Hyperspace
$Arrival Cue: ( false ) 
$Departure Location: Hyperspace
$Departure Cue: ( false ) 
$Determination: 10
+Flags: ( "cargo-known" "no-shields" "player-start" "don't-collide-invisible" )
+Flags2: ( "no-builtin-messages" "no-death-scream" "no-ets" )
+Respawn priority: 0
+Group: 0
+Use Table Score:
+Score: 10

$Name: Blue 3		;! Object #10
$Display Name: XSTR("Blue 3", 1822)
$Class: Viper Mark VII
$Team: Friendly
$Location: -1250.000000, 2100.000000, 1249.999878
$Orientation:
	0.707107, 0.000000, -0.707107,
	0.000000, 1.000000, 0.000000,
	0.707107, 0.000000, 0.707107
$AI Behavior: None
$Cargo 1:  XSTR("Nothing", 150)
+Initial Hull: 100
+Initial Shields: 100
+Subsystem: Pilot
$Arrival Location: Hyperspace
$Arrival Cue: ( false ) 
$Departure Location: Hyperspace
$Departure Cue: ( false ) 
$Determination: 10
+Flags: ( "cargo-known" "no-shields" "player-start" "don't-collide-invisible" )
+Flags2: ( "no-builtin-messages" "no-death-scream" "no-ets" )
+Respawn priority: 0
+Group: 0
+Use Table Score:
+Score: 10

$Name: Blue 4		;! Object #11
$Display Name: XSTR("Blue 4", 1823)
$Class: Viper Mark VII
$Team: Friendly
$Location: 1250.000000, 2100.000000, 1250.000000
$Orientation:
	-0.707107, 0.000000, -0.707107,
	0.000000, 1.000000, 0.000000,
	0.707107, 0.000000, -0.707107
$AI Behavior: None
$Cargo 1:  XSTR("Nothing", 150)
+Initial Hull: 100
+Initial Shields: 100
+Subsystem: Pilot
$Arrival Location: Hyperspace
$Arrival Cue: ( false ) 
$Departure Location: Hyperspace
$Departure Cue: ( false ) 
$Determination: 10
+Flags: ( "cargo-known" "no-shields" "player-start" "don't-collide-invisible" )
+Flags2: ( "no-builtin-messages" "no-death-scream" "no-ets" )
+Respawn priority: 0
+Group: 0
+Use Table Score:
+Score: 10

#Wings		;! 3 total

$Name: Green
$Waves: 1
$Wave Threshold: 0
$Special Ship: 0		;! Green 1

$Arrival Location: Hyperspace
$Arrival Cue: ( true ) 
$Departure Location: Hyperspace
$Departure Cue: ( true ) 
$Ships: (		;! 4 total
	"Green 1"
	"Green 2"
	"Green 3"
	"Green 4"
)
+Hotkey: 0
+Flags: ( )

$Name: Red
$Waves: 1
$Wave Threshold: 0
$Special Ship: 0		;! Red 1

$Arrival Location: Hyperspace
$Arrival Cue: ( true ) 
$Departure Location: Hyperspace
$Departure Cue: ( true ) 
$Ships: (		;! 4 total
	"Red 1"
	"Red 2"
	"Red 3"
	"Red 4"
)
+Hotkey: 1
+Flags: ( )

$Name: Blue
$Waves: 1
$Wave Threshold: 0
$Special Ship: 0		;! Blue 1

$Arrival Location: Hyperspace
$Arrival Cue: ( true ) 
$Departure Location: Hyperspace
$Departure Cue: ( true ) 
$Ships: (		;! 4 total
	"Blue 1"
	"Blue 2"
	"Blue 3"
	"Blue 4"
)
+Hotkey: 2
+Flags: ( )

#Events		;! 0 total


#Goals		;! 1 total

$Type: Primary
+Name: primary
$MessageNew:  XSTR("Defeat All Other Pilots", 233)
$end_multi_text
$Formula: ( destroyed-or-departed-delay 
   0 
   "Green" 
   "Red" 
   "Blue" 
)
+Score: 300

#Waypoints		;! 0 lists total


#Messages		;! 0 total


#Reinforcements		;! 0 total


#Background bitmaps		;! 4 total

$Num stars: 0
$Ambient light level: 2105376

$Bitmap List:
$Sun: Stars_Sun_YHaze
+Angles: 0.942477 0.000000 4.677479
+Scale: 8.000000
$Starbitmap: Stars_Neb_Green05
+Angles: 0.000000 0.000000 0.349066
+ScaleX: 14.000000
+ScaleY: 14.000000
+DivX: 1
+DivY: 1
$Starbitmap: Stars_Neb_Green03
+Angles: 0.349066 0.000000 1.919861
+ScaleX: 12.000000
+ScaleY: 12.000000
+DivX: 1
+DivY: 1
$Starbitmap: Stars_Neb_Green02
+Angles: 0.523598 0.000000 3.490656
+ScaleX: 12.000000
+ScaleY: 12.000000
+DivX: 1
+DivY: 1
$Starbitmap: Stars_Neb_Green01
+Angles: 0.349066 0.000000 3.839721
+ScaleX: 12.000000
+ScaleY: 12.000000
+DivX: 1
+DivY: 1

#Asteroid Fields

$Density: 128
+Field Type: 0
+Debris Genre: 0
+Field Debris Type: 0
$Average Speed: 0.000000
$Minimum: -1750.000000, -2050.000000, -1200.000000
$Maximum: 1750.000000, 2050.000000, 1200.000000
+Inner Bound:
$Minimum: -500.000000, -500.000000, -500.000000
$Maximum: 500.000000, 500.000000, 500.000000

#Music

$Event Music: 2: Fraking Furball
$Briefing Music: Brief7

#End

