#Mission Info

$Version: 0.10
$Name:  XSTR("Chasing the Threat", 4475)
$Author: Brad Johnson
$Created: 10/21/98 at 15:30:59
$Modified: 01/01/20 at 20:33:00
$Notes:
This is a FRED created mission
$End Notes:

$Mission Desc:
 XSTR("Part 2 of the Templar Campaign.  Pursuing Hammer of Light transports containing hostages.", 4476)
$end_multi_text
+Game Type Flags: 1
+Flags: 0
+Fog Near Mult: 1.000000

+Fog Far Mult: 1.000000

+Disallow Support: 0
+Hull Repair Ceiling: 0.000000
+Subsystem Repair Ceiling: 100.000000

+Player Entry Delay:
1.000000

+Viewer pos: 5415.187012, 2083.717285, 3125.931396
+Viewer orient:
	0.548202, 0.000002, 0.836346,
	-0.263854, 0.948931, 0.172946,
	-0.793635, -0.315483, 0.520207
+SquadReassignName: Galactic TerranVasudan Alliance
+SquadReassignLogo: GTVA.pcx


$Load Screen 640: LoadingBG.pcx
$Load Screen 1024: 3_Load_TMPLR_02.png

$Skybox Model: alphcent-box.pof

$AI Profile: BTA

#Sexp_variables

$Variables:
(
		0		"<Wosyet-hull>"		"90"		"number"		"save-on-mission-progress"
		1		"HoL-Ang"		"0"		"number"
)

#Cutscenes
$Pre-game Cutscene: subspace.ogg
+formula: ( true ) 
#end

#Command Briefing

#Briefing
$start_briefing
$briefing_background_640: brief.pcx
$briefing_background_1024: 2_Brief_AlphaCent.png
$num_stages: 3
$start_stage
$multi_text
 XSTR("We arrived too late in Vasuda to prevent the $h HoL transport and freighters from escaping.  We are now pursuing them to Alpha Centauri.  The rebels demand the release of all $h HoL leaders in government custody in exchange for the safe return of the hostages.  The Vasudans have agreed to negotiate to give us time to attempt a rescue.", 4477)
$end_multi_text
$voice: bta-tem_02_br01.ogg
$camera_pos: 81.457489, 6355.708496, 329.432098
$camera_orient:
	0.999999, 0.000002, 0.001731,
	-0.001478, 0.521998, 0.852946,
	-0.000902, -0.852947, 0.521997
$camera_time: 500
$num_lines: 0
$num_icons: 3
$Flags: 0
$Formula: ( true ) 
$start_icon
$type: 27
$team: Neutral
$class: PVFr Satis
$pos: 1772.982544, 0.212409, 4703.298828
$label:  XSTR("Taurus", 4436)
+id: 1
$hlight: 0
$mirror: 0
$multi_text
$end_multi_text
$end_icon
$start_icon
$type: 34
$team: Neutral
$class: PVT Isis
$pos: -1946.035400, -0.000315, 4560.979492
$label:  XSTR("Isis", 4478)
+id: 2
$hlight: 0
$mirror: 0
$multi_text
$end_multi_text
$end_icon
$start_icon
$type: 33
$team: Friendly
$class: Waypoint#Marker
$pos: -25.955780, -0.001454, 3274.137695
$label:  XSTR("Vasuda Jump Node", 4479)
+id: 3
$hlight: 0
$mirror: 0
$multi_text
$end_multi_text
$end_icon
$end_stage
$start_stage
$multi_text
 XSTR("Vasudan intelligence believes the $h Hammer $h of $h Light has isolated Supreme Admiral Khu and is holding him on board the $h Isis transport.  The other hostages were transferred to two $h Taurus freighters.  The third $h Taurus contains the stealth technology prototypes.", 4480)
$end_multi_text
$voice: bta-tem_02_br02.ogg
$camera_pos: -81.095337, 5135.844238, 1489.106934
$camera_orient:
	0.999999, 0.000002, 0.001731,
	-0.001478, 0.521998, 0.852946,
	-0.000902, -0.852947, 0.521997
$camera_time: 600
$num_lines: 0
$num_icons: 2
$Flags: 0
$Formula: ( true ) 
$start_icon
$type: 27
$team: Neutral
$class: PVFr Satis
$pos: 1772.982544, 0.212409, 4703.298828
$label:  XSTR("Taurus", 4436)
+id: 1
$hlight: 0
$mirror: 0
$multi_text
$end_multi_text
$end_icon
$start_icon
$type: 34
$team: Neutral
$class: PVT Isis
$pos: -1946.035400, -0.000315, 4560.979492
$label:  XSTR("Isis", 4478)
+id: 2
$hlight: 0
$mirror: 0
$multi_text
$end_multi_text
$end_icon
$end_stage
$start_stage
$multi_text
 XSTR("Your mission is to scan all three freighters and destroy the vessel containing the prototypes.  Once you have completed this objective, stand by for further orders.  Under no circumstances should you fire on the ships carrying hostages.", 4481)
$end_multi_text
$voice: bta-tem_02_br03.ogg
$camera_pos: 1776.194702, 3037.754639, 2844.346680
$camera_orient:
	0.999999, 0.000002, 0.001731,
	-0.001478, 0.521998, 0.852946,
	-0.000902, -0.852947, 0.521997
$camera_time: 1000
$num_lines: 0
$num_icons: 1
$Flags: 0
$Formula: ( true ) 
$start_icon
$type: 27
$team: Neutral
$class: PVFr Satis
$pos: 1772.982544, 0.212409, 4703.298828
$label:  XSTR("Taurus", 4436)
+id: 1
$hlight: 1
$mirror: 0
$use wing icon: 1
$multi_text
$end_multi_text
$end_icon
$end_stage
$end_briefing

#Debriefing_info

$Num stages: 4

$Formula: ( and 
   ( is-goal-true-delay "Scan" 0 ) 
   ( is-event-true-delay 
      "Aldebaran Jump Node" 
      0 
   )
   ( is-event-true-delay 
      "Pick Your Node" 
      0 
   )
)
$Multi text
    XSTR("The Taurus freighters are taking the hostages to Aldebaran, while Admiral Khu is being taken to Sirius.  Your orders are to follow the freighters.  Other assets will try to track Admiral Khu.", 4482)
$end_multi_text
$Voice: bta-tem_02_db01.ogg
$Recommendation text:
    XSTR("", 4441)
$end_multi_text

$Formula: ( and 
   ( is-goal-true-delay "Scan" 0 ) 
   ( is-event-true-delay 
      "Sirius Jump Node" 
      0 
   )
   ( is-event-true-delay 
      "Pick Your Node" 
      0 
   )
)
$Multi text
    XSTR("The Taurus freighters are taking the hostages to Aldebaran, while Admiral Khu is being taken to Sirius.  Your orders are to track Admiral Khu.  Other assets will try to follow the freighters.", 4483)
$end_multi_text
$Voice: bta-tem_02_db02.ogg
$Recommendation text:
    XSTR("", 4441)
$end_multi_text

$Formula: ( or 
   ( not 
      ( has-departed-delay 
         0 
         "Taurus 1" 
         "Taurus 2" 
      )
   )
   ( is-destroyed-delay 0 "Taurus 1" ) 
   ( is-destroyed-delay 0 "Taurus 2" ) 
   ( is-destroyed-delay 0 "Seti" ) 
   ( not ( is-goal-true-delay "Scan" 0 ) ) 
   ( is-event-true-delay 
      "Mission Over" 
      0 
   )
)
$Multi text
    XSTR("You disobeyed a direct order, pilot.  Your reckless and criminal behavior has endangered the lives of our allies, jeopardizing future cooperation between Terrans and Vasudans.  You are confined to the brig pending a court-martial.", 4484)
$end_multi_text
$Voice: bta-tem_02_db03.ogg
$Recommendation text:
    XSTR("Only destroy the freighter carrying the prototypes, and only when you have identified which freighters carry the hostages.", 4485)
$end_multi_text

$Formula: ( and 
   ( not 
      ( is-event-true-delay 
         "Mission Over" 
         0 
      )
   )
   ( not 
      ( is-event-true-delay 
         "Pick Your Node" 
         0 
      )
   )
)
$Multi text
    XSTR("You did not have orders to return to base.  By deserting your unit, you have jeopardized this mission.  Consider yourself grounded until you can be court-martialed, pilot.", 4443)
$end_multi_text
$Voice: bta-tem_02_db04.ogg
$Recommendation text:
    XSTR("Don't leave until you are ordered to.", 4444)
$end_multi_text

#Alternate Types:
$Alt: GVFr Satis
$Alt: GVC Aten
$Alt: GVF Thoth
$Alt: GVF Horus
$Alt: GVT Isis
$Alt: GVFr Ma'at
$Alt: GVF Seth
$Alt: GVC Newet

#end


#Players		;! 1 total

$Starting Shipname: Alpha 1
$Ship Choices: (
	"GTF Valkyrie"	8
	"GTF Hercules"	8
	"GTF Ulysses"	4
	"GTF Loki"	8
)

+Weaponry Pool: (
	"Flail"	8
	"Banshee"	4
	"S-Breaker"	8
	"Leech Cannon"	12
	"Subach HL-7"	12
	"Akheton SDG"	8
	"Prometheus R"	16
	"Fury"	1000
	"Siren"	300
	"Ballista"	14
	"Synaptic"	140
	"Cluster Bomb"	120
	"Stiletto"	80
	"Rockeye"	140
	"Hornet"	660
)

#Objects		;! 35 total

$Name: Alpha 1		;! Object #0
$Class: GTF Myrmidon
$Team: Friendly
$Location: -984.500000, 927.000000, 8540.900391
$Orientation:
	-0.652337, 0.000000, -0.757929,
	0.263733, 0.937508, -0.226990,
	0.710565, -0.347965, -0.611570
$AI Behavior: None
$Cargo 1:  XSTR("Nothing", 4445)
+Initial Hull: 100
+Subsystem: Pilot
+Secondary Banks: ( "Rockeye" "Rockeye" "Hornet" )
$Arrival Location: Hyperspace
$Arrival Cue: ( false ) 
$Departure Location: Hyperspace
$Departure Cue: ( false ) 
$Determination: 10
+Flags: ( "cargo-known" "player-start" )
+Flags2: ( )
+Respawn priority: 0
+Group: 0
+Score: 12

$Name: Taurus 1		;! Object #1
$Class: PVFr Satis
$Alt: GVFr Satis

$Team: Neutral
$Location: 908.484863, 0.001351, 6911.641602
$Orientation:
	1.000000, 0.000000, 0.000000,
	0.000000, 1.000000, 0.000000,
	0.000000, 0.000000, 1.000000
$AI Behavior: None
+AI Class: Lieutenant
$Cargo 1:  XSTR("Hostages", 4446)
+Initial Velocity: 33
+Initial Hull: 100
+Initial Shields: 100
+Subsystem: Pilot
+Subsystem: turret01-main
+Primary Banks: ( "Vasudan Light Laser" )
+Subsystem: turret02
+Primary Banks: ( "Vasudan Turret Weak" )
+Subsystem: turret03
+Primary Banks: ( "Vasudan Turret Weak" )
+Subsystem: turret04
+Primary Banks: ( "Vasudan Turret Weak" )
+Subsystem: turret05
+Primary Banks: ( "Vasudan Turret Weak" )
$Arrival Location: Hyperspace
$Arrival Cue: ( false ) 
$Departure Location: Hyperspace
$Departure Cue: ( false ) 
$Determination: 10
+Flags: ( "protect-ship" "no-shields" "escort" "scannable" )
+Flags2: ( )
+Respawn priority: 0
+Escort priority: 0
+Orders Accepted: 257		;! note that this is a bitfield!!!
+Group: 0
+Use Table Score:
+Score: 20

$Name: Taurus 2		;! Object #2
$Class: PVFr Satis
$Alt: GVFr Satis

$Team: Neutral
$Location: 783.290283, -17.715368, 6567.103516
$Orientation:
	1.000000, 0.000000, 0.000000,
	0.000000, 1.000000, 0.000000,
	0.000000, 0.000000, 1.000000
$AI Behavior: None
+AI Class: Lieutenant
$Cargo 1:  XSTR("Hostages", 4446)
+Initial Velocity: 33
+Initial Hull: 100
+Initial Shields: 100
+Subsystem: Pilot
+Subsystem: turret01-main
+Primary Banks: ( "Vasudan Light Laser" )
+Subsystem: turret02
+Primary Banks: ( "Vasudan Turret Weak" )
+Subsystem: turret03
+Primary Banks: ( "Vasudan Turret Weak" )
+Subsystem: turret04
+Primary Banks: ( "Vasudan Turret Weak" )
+Subsystem: turret05
+Primary Banks: ( "Vasudan Turret Weak" )
$Arrival Location: Hyperspace
$Arrival Cue: ( false ) 
$Departure Location: Hyperspace
$Departure Cue: ( false ) 
$Determination: 10
+Flags: ( "protect-ship" "no-shields" "escort" "scannable" )
+Flags2: ( )
+Respawn priority: 0
+Escort priority: 0
+Orders Accepted: 257		;! note that this is a bitfield!!!
+Group: 0
+Use Table Score:
+Score: 20

$Name: Taurus 3		;! Object #3
$Class: PVFr Satis
$Alt: GVFr Satis

$Team: Neutral
$Location: 1041.554443, 18.144270, 6557.682617
$Orientation:
	1.000000, 0.000000, 0.000000,
	0.000000, 1.000000, 0.000000,
	0.000000, 0.000000, 1.000000
$AI Behavior: None
+AI Class: Lieutenant
$Cargo 1:  XSTR("Prototypes", 4486)
+Initial Velocity: 33
+Initial Hull: 100
+Initial Shields: 100
+Subsystem: Pilot
+Subsystem: turret01-main
+Primary Banks: ( "Vasudan Light Laser" )
+Subsystem: turret02
+Primary Banks: ( "Vasudan Turret Weak" )
+Subsystem: turret03
+Primary Banks: ( "Vasudan Turret Weak" )
+Subsystem: turret04
+Primary Banks: ( "Vasudan Turret Weak" )
+Subsystem: turret05
+Primary Banks: ( "Vasudan Turret Weak" )
$Arrival Location: Hyperspace
$Arrival Cue: ( false ) 
$Departure Location: Hyperspace
$Departure Cue: ( false ) 
$Determination: 10
+Flags: ( "protect-ship" "no-shields" "escort" "scannable" )
+Flags2: ( )
+Respawn priority: 0
+Escort priority: 0
+Orders Accepted: 257		;! note that this is a bitfield!!!
+Group: 0
+Use Table Score:
+Score: 20

$Name: Alpha 2		;! Object #4
$Class: GTF Myrmidon
$Team: Friendly
$Location: -1115.211914, 947.038635, 8662.323242
$Orientation:
	-0.654250, 0.000000, -0.756279,
	0.252324, 0.942701, -0.218283,
	0.712944, -0.333639, -0.616762
$AI Behavior: None
$Cargo 1:  XSTR("Nothing", 4445)
+Initial Hull: 100
+Subsystem: Pilot
+Secondary Banks: ( "Rockeye" "Rockeye" "Hornet" )
$Arrival Location: Hyperspace
$Arrival Cue: ( false ) 
$Departure Location: Hyperspace
$Departure Cue: ( false ) 
$Determination: 10
+Flags: ( "cargo-known" )
+Flags2: ( )
+Respawn priority: 0
+Group: 0
+Score: 12

$Name: Alpha 3		;! Object #5
$Class: GTF Myrmidon
$Team: Friendly
$Location: -1227.766602, 858.428894, 8576.623047
$Orientation:
	-0.614735, 0.000000, -0.788734,
	0.238301, 0.953266, -0.185731,
	0.751874, -0.302132, -0.586006
$AI Behavior: None
$Cargo 1:  XSTR("Nothing", 4445)
+Initial Hull: 100
+Subsystem: Pilot
+Secondary Banks: ( "Rockeye" "Rockeye" "Hornet" )
$Arrival Location: Hyperspace
$Arrival Cue: ( false ) 
$Departure Location: Hyperspace
$Departure Cue: ( false ) 
$Determination: 10
+Flags: ( "cargo-known" )
+Flags2: ( )
+Respawn priority: 0
+Group: 0
+Score: 12

$Name: Alpha 4		;! Object #6
$Class: GTF Myrmidon
$Team: Friendly
$Location: -1146.992676, 847.905396, 8463.402344
$Orientation:
	-0.602520, 0.000000, -0.798104,
	0.249578, 0.949847, -0.188416,
	0.758077, -0.312714, -0.572302
$AI Behavior: None
$Cargo 1:  XSTR("Nothing", 4445)
+Initial Hull: 100
+Subsystem: Pilot
+Secondary Banks: ( "Rockeye" "Rockeye" "Hornet" )
$Arrival Location: Hyperspace
$Arrival Cue: ( false ) 
$Departure Location: Hyperspace
$Departure Cue: ( false ) 
$Determination: 10
+Flags: ( "cargo-known" )
+Flags2: ( )
+Respawn priority: 0
+Group: 0
+Score: 12

$Name: GVC Wosyet		;! Object #7
$Class: PVC Aten
$Alt: GVC Aten

$Team: Friendly
$Location: 933.309998, 295.802856, 4275.697266
$Orientation:
	1.000000, 0.000000, 0.000000,
	0.000000, 1.000000, 0.000000,
	0.000000, 0.000000, 1.000000
$AI Behavior: None
$AI Goals: ( goals ( ai-waypoints-once "Waypoint path 3" 89 ) )
$Cargo 1:  XSTR("Nothing", 4445)
+Initial Hull: 100
+Initial Shields: 100
+Subsystem: Pilot
+Subsystem: turret01a
+Primary Banks: ( "Prototype Flak" )
+Subsystem: turret02a
+Primary Banks: ( "Prototype Flak" )
+Subsystem: turret03
+Subsystem: turret04
+Subsystem: turret05
+Subsystem: turret06
$Arrival Location: Hyperspace
+Arrival Delay: 5
$Arrival Cue: ( true ) 
$Departure Location: Hyperspace
$Departure Cue: ( or 
   ( are-waypoints-done-delay 
      "GVC Wosyet" 
      "Waypoint path 5" 
      0 
   )
   ( are-waypoints-done-delay 
      "GVC Wosyet" 
      "Waypoint path 3" 
      0 
   )
)
$Determination: 10
+Flags: ( "cargo-known" "no-shields" "escort" )
+Flags2: ( )
+Respawn priority: 0
+Escort priority: 0
+Orders Accepted: 0		;! note that this is a bitfield!!!
+Group: 0
+Score: 80

$Name: Aries 1		;! Object #8
$Class: PVF Thoth
$Alt: GVF Thoth

$Team: Neutral
$Location: -173.805252, 109.599655, 12749.162109
$Orientation:
	-0.999532, 0.000000, -0.030607,
	0.000000, 1.000000, 0.000000,
	0.030607, 0.000000, -0.999532
$AI Behavior: None
$Cargo 1:  XSTR("Nothing", 4445)
+Initial Velocity: 33
+Initial Hull: 100
+Subsystem: Pilot
+Secondary Banks: ( "Synaptic" )
+Sbank Ammo: ( 20 )
$Arrival Location: Hyperspace
$Arrival Cue: ( false ) 
$Departure Location: Hyperspace
$Departure Cue: ( false ) 
$Determination: 10
+Flags: ( "cargo-known" )
+Flags2: ( )
+Respawn priority: 0
+Group: 0
+Use Table Score:
+Score: 14

$Name: Aries 2		;! Object #9
$Class: PVF Thoth
$Alt: GVF Thoth

$Team: Neutral
$Location: 42.188217, -65.564072, 12728.148438
$Orientation:
	-0.999867, 0.000000, -0.016292,
	0.000000, 1.000000, 0.000000,
	0.016292, 0.000000, -0.999867
$AI Behavior: None
$Cargo 1:  XSTR("Nothing", 4445)
+Initial Velocity: 33
+Initial Hull: 100
+Subsystem: Pilot
+Secondary Banks: ( "Synaptic" )
+Sbank Ammo: ( 20 )
$Arrival Location: Hyperspace
$Arrival Cue: ( false ) 
$Departure Location: Hyperspace
$Departure Cue: ( false ) 
$Determination: 10
+Flags: ( "cargo-known" )
+Flags2: ( )
+Respawn priority: 0
+Group: 0
+Use Table Score:
+Score: 14

$Name: Aries 3		;! Object #10
$Class: PVF Thoth
$Alt: GVF Thoth

$Team: Neutral
$Location: 258.180786, -39.370926, 12707.136719
$Orientation:
	-0.999998, 0.000000, -0.001926,
	0.000000, 1.000000, 0.000000,
	0.001926, 0.000000, -0.999998
$AI Behavior: None
$Cargo 1:  XSTR("Nothing", 4445)
+Initial Velocity: 33
+Initial Hull: 100
+Subsystem: Pilot
+Secondary Banks: ( "Synaptic" )
+Sbank Ammo: ( 20 )
$Arrival Location: Hyperspace
$Arrival Cue: ( false ) 
$Departure Location: Hyperspace
$Departure Cue: ( false ) 
$Determination: 10
+Flags: ( "cargo-known" )
+Flags2: ( )
+Respawn priority: 0
+Group: 0
+Use Table Score:
+Score: 14

$Name: Aries 4		;! Object #11
$Class: PVF Thoth
$Alt: GVF Thoth

$Team: Neutral
$Location: 259.139282, 127.608383, 12533.296875
$Orientation:
	-0.999998, 0.000000, -0.001951,
	0.000000, 1.000000, 0.000000,
	0.001951, 0.000000, -0.999998
$AI Behavior: None
$Cargo 1:  XSTR("Nothing", 4445)
+Initial Velocity: 33
+Initial Hull: 100
+Subsystem: Pilot
+Secondary Banks: ( "Synaptic" )
+Sbank Ammo: ( 20 )
$Arrival Location: Hyperspace
$Arrival Cue: ( false ) 
$Departure Location: Hyperspace
$Departure Cue: ( false ) 
$Determination: 10
+Flags: ( "cargo-known" )
+Flags2: ( )
+Respawn priority: 0
+Group: 0
+Use Table Score:
+Score: 14

$Name: Virgo 1		;! Object #12
$Class: PVF Horus
$Alt: GVF Horus

$Team: Neutral
$Location: 328.089600, 0.005693, 12393.430664
$Orientation:
	-0.994720, 0.000000, -0.102628,
	0.000000, 1.000000, 0.000000,
	0.102628, 0.000000, -0.994720
$AI Behavior: None
$Cargo 1:  XSTR("Nothing", 4445)
+Initial Hull: 100
+Subsystem: Pilot
+Primary Banks: ( "Mekhu HL-7" "Avenger" )
$Arrival Location: Hyperspace
$Arrival Cue: ( false ) 
$Departure Location: Hyperspace
$Departure Cue: ( false ) 
$Determination: 10
+Flags: ( "cargo-known" )
+Flags2: ( )
+Respawn priority: 0
+Group: 0
+Use Table Score:
+Score: 10

$Name: Virgo 2		;! Object #13
$Class: PVF Horus
$Alt: GVF Horus

$Team: Neutral
$Location: 425.158997, 291.376068, 12389.935547
$Orientation:
	-0.995317, 0.000000, -0.096664,
	0.000000, 1.000000, 0.000000,
	0.096664, 0.000000, -0.995317
$AI Behavior: None
$Cargo 1:  XSTR("Nothing", 4445)
+Initial Hull: 100
+Subsystem: Pilot
+Primary Banks: ( "Mekhu HL-7" "Avenger" )
$Arrival Location: Hyperspace
$Arrival Cue: ( false ) 
$Departure Location: Hyperspace
$Departure Cue: ( false ) 
$Determination: 10
+Flags: ( "cargo-known" )
+Flags2: ( )
+Respawn priority: 0
+Group: 0
+Use Table Score:
+Score: 10

$Name: Virgo 3		;! Object #14
$Class: PVF Horus
$Alt: GVF Horus

$Team: Neutral
$Location: 520.862183, 0.005577, 12390.452148
$Orientation:
	-0.995874, 0.000000, -0.090749,
	0.000000, 1.000000, 0.000000,
	0.090749, 0.000000, -0.995874
$AI Behavior: None
$Cargo 1:  XSTR("Nothing", 4445)
+Initial Hull: 100
+Subsystem: Pilot
+Primary Banks: ( "Mekhu HL-7" "Avenger" )
$Arrival Location: Hyperspace
$Arrival Cue: ( false ) 
$Departure Location: Hyperspace
$Departure Cue: ( false ) 
$Determination: 10
+Flags: ( "cargo-known" )
+Flags2: ( )
+Respawn priority: 0
+Group: 0
+Use Table Score:
+Score: 10

$Name: Virgo 4		;! Object #15
$Class: PVF Horus
$Alt: GVF Horus

$Team: Neutral
$Location: 624.023926, -180.048126, 12391.674805
$Orientation:
	-0.996435, 0.000000, -0.084360,
	0.000000, 1.000000, 0.000000,
	0.084360, 0.000000, -0.996435
$AI Behavior: None
$Cargo 1:  XSTR("Nothing", 4445)
+Initial Hull: 100
+Subsystem: Pilot
+Primary Banks: ( "Mekhu HL-7" "Avenger" )
$Arrival Location: Hyperspace
$Arrival Cue: ( false ) 
$Departure Location: Hyperspace
$Departure Cue: ( false ) 
$Determination: 10
+Flags: ( "cargo-known" )
+Flags2: ( )
+Respawn priority: 0
+Group: 0
+Use Table Score:
+Score: 10

$Name: Seti		;! Object #16
$Class: PVT Isis
$Alt: GVT Isis

$Team: Neutral
$Location: -5797.813965, -0.000275, 6588.902832
$Orientation:
	0.865164, 0.000000, 0.501489,
	0.000000, 1.000000, 0.000000,
	-0.501489, 0.000000, 0.865164
$AI Behavior: None
$AI Goals: ( goals ( ai-waypoints-once "Waypoint path 8" 89 ) )
$Cargo 1:  XSTR("Supreme Admiral Khu", 4448)
+Initial Velocity: 33
+Initial Hull: 100
+Initial Shields: 100
+Subsystem: Pilot
+Subsystem: Turret01
+Primary Banks: ( "Vasudan Light Laser" )
+Subsystem: Turret02
+Primary Banks: ( "Vasudan Light Laser" )
$Arrival Location: Hyperspace
$Arrival Cue: ( true ) 
$Departure Location: Hyperspace
$Departure Cue: ( are-waypoints-done-delay 
   "Seti" 
   "Waypoint path 8" 
   0 
)
$Determination: 10
+Flags: ( "protect-ship" "no-shields" )
+Flags2: ( )
+Respawn priority: 0
+Orders Accepted: 257		;! note that this is a bitfield!!!
+Group: 0
+Use Table Score:
+Score: 15

$Name: Pisces 1		;! Object #17
$Class: PVF Seth
$Alt: GVF Seth

$Team: Neutral
$Location: -5847.723633, 349.876801, 7473.896484
$Orientation:
	-0.593582, 0.000000, -0.804773,
	0.000000, 1.000000, 0.000000,
	0.804773, 0.000000, -0.593582
$AI Behavior: None
$Cargo 1:  XSTR("Nothing", 4445)
+Initial Hull: 100
+Subsystem: Pilot
+Secondary Banks: ( "Phoenix V" "Hornet" )
$Arrival Location: Hyperspace
$Arrival Cue: ( false ) 
$Departure Location: Hyperspace
$Departure Cue: ( false ) 
$Determination: 10
+Flags: ( "cargo-known" )
+Flags2: ( )
+Respawn priority: 0
+Group: 0
+Score: 8

$Name: Pisces 2		;! Object #18
$Class: PVF Seth
$Alt: GVF Seth

$Team: Neutral
$Location: -5791.864258, -105.039398, 7457.296875
$Orientation:
	-0.594422, 0.000000, -0.804153,
	0.000000, 1.000000, 0.000000,
	0.804153, 0.000000, -0.594422
$AI Behavior: None
$Cargo 1:  XSTR("Nothing", 4445)
+Initial Hull: 100
+Subsystem: Pilot
+Secondary Banks: ( "Phoenix V" "Hornet" )
$Arrival Location: Hyperspace
$Arrival Cue: ( false ) 
$Departure Location: Hyperspace
$Departure Cue: ( false ) 
$Determination: 10
+Flags: ( "cargo-known" )
+Flags2: ( )
+Respawn priority: 0
+Group: 0
+Score: 8

$Name: Pisces 3		;! Object #19
$Class: PVF Seth
$Alt: GVF Seth

$Team: Neutral
$Location: -5690.526367, 215.399780, 7459.220703
$Orientation:
	-0.597050, 0.000000, -0.802204,
	0.000000, 1.000000, 0.000000,
	0.802204, 0.000000, -0.597050
$AI Behavior: None
$Cargo 1:  XSTR("Nothing", 4445)
+Initial Hull: 100
+Subsystem: Pilot
+Secondary Banks: ( "Phoenix V" "Hornet" )
$Arrival Location: Hyperspace
$Arrival Cue: ( false ) 
$Departure Location: Hyperspace
$Departure Cue: ( false ) 
$Determination: 10
+Flags: ( "cargo-known" )
+Flags2: ( )
+Respawn priority: 0
+Group: 0
+Score: 8

$Name: Pisces 4		;! Object #20
$Class: PVF Seth
$Alt: GVF Seth

$Team: Neutral
$Location: -5586.736328, -0.002045, 7461.423828
$Orientation:
	-0.599765, 0.000000, -0.800176,
	0.000000, 1.000000, 0.000000,
	0.800176, 0.000000, -0.599765
$AI Behavior: None
$Cargo 1:  XSTR("Nothing", 4445)
+Initial Hull: 100
+Subsystem: Pilot
+Secondary Banks: ( "Phoenix V" "Hornet" )
$Arrival Location: Hyperspace
$Arrival Cue: ( false ) 
$Departure Location: Hyperspace
$Departure Cue: ( false ) 
$Determination: 10
+Flags: ( "cargo-known" )
+Flags2: ( )
+Respawn priority: 0
+Group: 0
+Score: 8

$Name: Hathor		;! Object #21
$Class: PVC Aten
$Alt: GVC Aten

$Team: Neutral
$Location: -1701.699951, -945.500000, 11941.200195
$Orientation:
	-0.732972, 0.000000, 0.680258,
	0.141422, 0.978151, 0.152381,
	-0.665395, 0.207895, -0.716958
$AI Behavior: None
+AI Class: Major
$AI Goals: ( goals ( ai-waypoints-once "Waypoint path 4" 89 ) )
$Cargo 1:  XSTR("Nothing", 4445)
+Initial Hull: 100
+Initial Shields: 100
+Subsystem: Pilot
+Subsystem: turret01a
+Subsystem: turret02a
+Subsystem: turret03
+Subsystem: turret04
+Subsystem: turret05
+Subsystem: turret06
$Arrival Location: Hyperspace
+Arrival Delay: 130
$Arrival Cue: ( true ) 
$Departure Location: Hyperspace
$Departure Cue: ( are-waypoints-done-delay 
   "Hathor" 
   "Waypoint path 4" 
   0 
)
$Determination: 10
+Flags: ( "cargo-known" "no-shields" "escort" )
+Flags2: ( )
+Respawn priority: 0
+Escort priority: 0
+Orders Accepted: 1		;! note that this is a bitfield!!!
+Group: 0
+Score: 80

$Name: Leo 1		;! Object #22
$Class: PVFr Ma'at
$Alt: GVFr Ma'at

$Team: Neutral
$Location: -1507.470459, -1097.936523, 11742.778320
$Orientation:
	-0.701315, 0.000034, 0.712852,
	0.164959, 0.972865, 0.162243,
	-0.693503, 0.231375, -0.682290
$AI Behavior: None
+AI Class: Lieutenant
$Cargo 1:  XSTR("Nothing", 4445)
+Initial Velocity: 33
+Initial Hull: 100
+Initial Shields: 100
+Subsystem: Pilot
+Subsystem: Turret01
+Primary Banks: ( "Vasudan Turret Weak" )
+Subsystem: Turret02
+Primary Banks: ( "Vasudan Turret Weak" )
+Subsystem: Turret03
+Primary Banks: ( "Vasudan Light Laser" )
$Arrival Location: Hyperspace
+Arrival Delay: 120
$Arrival Cue: ( false ) 
$Departure Location: Hyperspace
$Departure Cue: ( false ) 
$Determination: 10
+Flags: ( "cargo-known" "no-shields" )
+Flags2: ( )
+Respawn priority: 0
+Orders Accepted: 257		;! note that this is a bitfield!!!
+Group: 0
+Use Table Score:
+Score: 10

$Name: VAC 4 28		;! Object #23
$Class: VAC 4
$Team: Neutral
$Location: -1497.722656, -1092.660767, 11753.830078
$Orientation:
	-0.701194, -0.000009, 0.712971,
	0.189050, 0.964203, 0.185940,
	-0.687450, 0.265167, -0.676092
$AI Behavior: None
$Cargo 1:  XSTR("Spare Parts", 4487)
+Initial Velocity: 33
+Initial Hull: 100
+Initial Shields: 100
+Subsystem: Pilot
$Arrival Location: Hyperspace
$Arrival Cue: ( false ) 
$Departure Location: Hyperspace
$Departure Cue: ( false ) 
$Determination: 10
+Flags: ( "cargo-known" "no-shields" )
+Flags2: ( )
+Respawn priority: 0
+Docked With: Leo 1
$Docker Point: cargo dock
$Dockee Point: cargo dock
+Group: 0
+Use Table Score:
+Score: 3

$Name: Leo 2		;! Object #24
$Class: PVFr Ma'at
$Alt: GVFr Ma'at

$Team: Neutral
$Location: -1324.469116, -1097.936157, 11715.716797
$Orientation:
	-0.683472, -0.000199, 0.729976,
	0.165842, 0.973809, 0.155543,
	-0.710888, 0.227370, -0.665538
$AI Behavior: None
+AI Class: Lieutenant
$Cargo 1:  XSTR("Nothing", 4445)
+Initial Velocity: 33
+Initial Hull: 100
+Initial Shields: 100
+Subsystem: Pilot
+Subsystem: Turret01
+Primary Banks: ( "Vasudan Turret Weak" )
+Subsystem: Turret02
+Primary Banks: ( "Vasudan Turret Weak" )
+Subsystem: Turret03
+Primary Banks: ( "Vasudan Light Laser" )
$Arrival Location: Hyperspace
+Arrival Delay: 120
$Arrival Cue: ( false ) 
$Departure Location: Hyperspace
$Departure Cue: ( false ) 
$Determination: 10
+Flags: ( "cargo-known" "no-shields" )
+Flags2: ( )
+Respawn priority: 0
+Orders Accepted: 257		;! note that this is a bitfield!!!
+Group: 0
+Use Table Score:
+Score: 10

$Name: VAC 4 30		;! Object #25
$Class: VAC 4
$Team: Neutral
$Location: -1314.467407, -1092.600098, 11726.508789
$Orientation:
	-0.682499, -0.000535, 0.730886,
	0.190553, 0.965286, 0.178645,
	-0.705609, 0.261197, -0.658705
$AI Behavior: None
$Cargo 1:  XSTR("Spare Parts", 4487)
+Initial Velocity: 33
+Initial Hull: 100
+Initial Shields: 100
+Subsystem: Pilot
$Arrival Location: Hyperspace
$Arrival Cue: ( false ) 
$Departure Location: Hyperspace
$Departure Cue: ( false ) 
$Determination: 10
+Flags: ( "cargo-known" "no-shields" )
+Flags2: ( )
+Respawn priority: 0
+Docked With: Leo 2
$Docker Point: cargo dock
$Dockee Point: cargo dock
+Group: 0
+Use Table Score:
+Score: 3

$Name: Beta 1		;! Object #26
$Class: GTF Hercules
$Team: Friendly
$Team Color Setting: None
$Location: -902.522949, 895.924194, 7533.319336
$Orientation:
	-0.324680, 0.000000, -0.945824,
	0.400848, 0.905752, -0.137602,
	0.856682, -0.423809, -0.294079
$AI Behavior: None
+AI Class: Colonel
$Cargo 1:  XSTR("Nothing", 4445)
+Initial Hull: 100
+Subsystem: Pilot
+Primary Banks: ( "Prometheus R" "Leech Cannon" )
+Secondary Banks: ( "Siren" "Hornet" )
$Arrival Location: Hyperspace
$Arrival Cue: ( false ) 
$Departure Location: Hyperspace
$Departure Cue: ( false ) 
$Determination: 10
+Flags: ( "cargo-known" )
+Flags2: ( )
+Respawn priority: 0
+Group: 0
+Use Table Score:
+Score: 12

$Name: Beta 2		;! Object #27
$Class: GTF Hercules
$Team: Friendly
$Team Color Setting: None
$Location: -1037.899902, 977.899963, 7609.600586
$Orientation:
	-0.337546, 0.000000, -0.941309,
	0.402438, 0.904001, -0.144311,
	0.850944, -0.427530, -0.305142
$AI Behavior: None
+AI Class: Colonel
$Cargo 1:  XSTR("Nothing", 4445)
+Initial Hull: 100
+Subsystem: Pilot
+Primary Banks: ( "Prometheus R" "Leech Cannon" )
+Secondary Banks: ( "Siren" "Hornet" )
$Arrival Location: Hyperspace
$Arrival Cue: ( false ) 
$Departure Location: Hyperspace
$Departure Cue: ( false ) 
$Determination: 10
+Flags: ( "cargo-known" )
+Flags2: ( )
+Respawn priority: 0
+Group: 0
+Use Table Score:
+Score: 12

$Name: Beta 3		;! Object #28
$Class: GTF Hercules
$Team: Friendly
$Team Color Setting: None
$Location: -985.934814, 933.223999, 7376.554688
$Orientation:
	-0.238340, 0.000000, -0.971182,
	0.419135, 0.902078, -0.102861,
	0.876082, -0.431573, -0.215001
$AI Behavior: None
+AI Class: Colonel
$Cargo 1:  XSTR("Nothing", 4445)
+Initial Hull: 100
+Subsystem: Pilot
+Primary Banks: ( "Prometheus R" "Leech Cannon" )
+Secondary Banks: ( "Siren" "Hornet" )
$Arrival Location: Hyperspace
$Arrival Cue: ( false ) 
$Departure Location: Hyperspace
$Departure Cue: ( false ) 
$Determination: 10
+Flags: ( "cargo-known" )
+Flags2: ( )
+Respawn priority: 0
+Group: 0
+Use Table Score:
+Score: 12

$Name: Beta 4		;! Object #29
$Class: GTF Hercules
$Team: Friendly
$Team Color Setting: None
$Location: -1183.330811, 847.194519, 7469.701172
$Orientation:
	-0.257767, 0.000000, -0.966207,
	0.352095, 0.931239, -0.093933,
	0.899769, -0.364410, -0.240043
$AI Behavior: None
+AI Class: Colonel
$Cargo 1:  XSTR("Nothing", 4445)
+Initial Hull: 100
+Subsystem: Pilot
+Primary Banks: ( "Prometheus R" "Leech Cannon" )
+Secondary Banks: ( "Siren" "Hornet" )
$Arrival Location: Hyperspace
$Arrival Cue: ( false ) 
$Departure Location: Hyperspace
$Departure Cue: ( false ) 
$Determination: 10
+Flags: ( "cargo-known" )
+Flags2: ( )
+Respawn priority: 0
+Group: 0
+Use Table Score:
+Score: 12

$Name: Leo 3		;! Object #30
$Class: PVFr Ma'at
$Alt: GVFr Ma'at

$Team: Neutral
$Location: -1346.845337, -1102.210571, 11994.823242
$Orientation:
	-0.708901, 0.000078, 0.705308,
	0.156597, 0.975058, 0.157286,
	-0.687704, 0.221950, -0.691232
$AI Behavior: None
+AI Class: Lieutenant
$Cargo 1:  XSTR("Nothing", 4445)
+Initial Velocity: 33
+Initial Hull: 100
+Initial Shields: 100
+Subsystem: Pilot
+Subsystem: Turret01
+Primary Banks: ( "Vasudan Turret Weak" )
+Subsystem: Turret02
+Primary Banks: ( "Vasudan Turret Weak" )
+Subsystem: Turret03
+Primary Banks: ( "Vasudan Light Laser" )
$Arrival Location: Hyperspace
+Arrival Delay: 120
$Arrival Cue: ( false ) 
$Departure Location: Hyperspace
$Departure Cue: ( false ) 
$Determination: 10
+Flags: ( "ignore-count" "no-shields" )
+Flags2: ( )
+Respawn priority: 0
+Orders Accepted: 257		;! note that this is a bitfield!!!
+Group: 0
+Use Table Score:
+Score: 10

$Name: VAC 4 31		;! Object #31
$Class: VAC 4
$Team: Neutral
$Location: -1337.254272, -1096.792847, 12005.941406
$Orientation:
	-0.708802, 0.000044, 0.705408,
	0.180491, 0.966723, 0.181298,
	-0.681926, 0.255825, -0.685224
$AI Behavior: None
$Cargo 1:  XSTR("Spare Parts", 4487)
+Initial Velocity: 33
+Initial Hull: 100
+Initial Shields: 100
+Subsystem: Pilot
$Arrival Location: Hyperspace
$Arrival Cue: ( false ) 
$Departure Location: Hyperspace
$Departure Cue: ( false ) 
$Determination: 10
+Flags: ( "ignore-count" "no-shields" )
+Flags2: ( )
+Respawn priority: 0
+Docked With: Leo 3
$Docker Point: cargo dock
$Dockee Point: cargo dock
+Group: 0
+Use Table Score:
+Score: 3

$Name: Cancer 1		;! Object #32
$Class: PVF Horus
$Team: Neutral
$Location: -296.970062, 0.005280, 12182.970703
$Orientation:
	-0.978362, 0.000000, 0.206902,
	0.000000, 1.000000, 0.000000,
	-0.206902, 0.000000, -0.978362
$AI Behavior: None
+AI Class: BtA-Lieutenant
$Cargo 1:  XSTR("Nothing", 4445)
+Initial Hull: 100
+Subsystem: Pilot
+Primary Banks: ( "Mekhu HL-7" "Mekhu HL-7" )
+Secondary Banks: ( "Rockeye" "Synaptic" )
$Arrival Location: Hyperspace
$Arrival Cue: ( false ) 
$Departure Location: Hyperspace
$Departure Cue: ( false ) 
$Determination: 10
+Flags: ( "cargo-known" )
+Flags2: ( )
+Respawn priority: 0
+Group: 0
+Score: 6

$Name: Cancer 2		;! Object #33
$Class: PVF Horus
$Team: Neutral
$Location: -208.912689, 130.820480, 12161.699219
$Orientation:
	-0.978362, 0.000000, 0.206902,
	0.000000, 1.000000, 0.000000,
	-0.206902, 0.000000, -0.978362
$AI Behavior: None
+AI Class: BtA-Lieutenant
$Cargo 1:  XSTR("Nothing", 4445)
+Initial Hull: 100
+Subsystem: Pilot
+Primary Banks: ( "Mekhu HL-7" "Mekhu HL-7" )
+Secondary Banks: ( "Rockeye" "Synaptic" )
$Arrival Location: Hyperspace
$Arrival Cue: ( false ) 
$Departure Location: Hyperspace
$Departure Cue: ( false ) 
$Determination: 10
+Flags: ( "cargo-known" )
+Flags2: ( )
+Respawn priority: 0
+Group: 0
+Score: 6

$Name: Cancer 3		;! Object #34
$Class: PVF Horus
$Team: Neutral
$Location: -409.591736, -116.808685, 12371.342773
$Orientation:
	-0.978362, 0.000000, 0.206902,
	0.000000, 1.000000, 0.000000,
	-0.206902, 0.000000, -0.978362
$AI Behavior: None
+AI Class: BtA-Lieutenant
$Cargo 1:  XSTR("Nothing", 4445)
+Initial Hull: 100
+Subsystem: Pilot
+Primary Banks: ( "Mekhu HL-7" "Mekhu HL-7" )
+Secondary Banks: ( "Rockeye" "Synaptic" )
$Arrival Location: Hyperspace
$Arrival Cue: ( false ) 
$Departure Location: Hyperspace
$Departure Cue: ( false ) 
$Determination: 10
+Flags: ( "cargo-known" )
+Flags2: ( )
+Respawn priority: 0
+Group: 0
+Score: 6

#Wings		;! 8 total

$Name: Taurus
$Waves: 1
$Wave Threshold: 0
$Special Ship: 0		;! Taurus 1

$Arrival Location: Hyperspace
$Arrival Cue: ( true ) 
$Departure Location: Hyperspace
$Departure Cue: ( < 
   ( distance 
      "Taurus" 
      "Aldebaran Jump Node WP:1" 
   )
   666 
)
$Ships: (		;! 3 total
	"Taurus 1"
	"Taurus 2"
	"Taurus 3"
)
$AI Goals: ( goals ( ai-waypoints-once "Aldebaran Jump Node WP" 89 ) )
+Flags: ( )

$Name: Alpha
$Waves: 1
$Wave Threshold: 0
$Special Ship: 0		;! Alpha 1

$Arrival Location: Hyperspace
$Arrival Cue: ( true ) 
$Departure Location: Hyperspace
$Departure Cue: ( false ) 
$Ships: (		;! 4 total
	"Alpha 1"
	"Alpha 2"
	"Alpha 3"
	"Alpha 4"
)
$AI Goals: ( goals ( ai-guard "Alpha 1" 50 ) )
+Hotkey: 0
+Flags: ( )
+Wave Delay Min: 20
+Wave Delay Max: 45

$Name: Aries
$Waves: 1
$Wave Threshold: 0
$Special Ship: 0		;! Aries 1

$Arrival Location: Hyperspace
+Arrival delay: 10
$Arrival Cue: ( and 
   ( is-destroyed-delay 
      6 
      "Virgo" 
      "Pisces" 
   )
   ( not 
      ( is-event-true-delay 
         "Pick Your Node" 
         0 
      )
   )
)
$Departure Location: Hyperspace
$Departure Cue: ( false ) 
$Ships: (		;! 4 total
	"Aries 1"
	"Aries 2"
	"Aries 3"
	"Aries 4"
)
$AI Goals: ( goals ( ai-chase-wing "Alpha" 89 ) ( ai-guard-wing "Taurus" 50 ) ( ai-chase "GVC Wosyet" 50 ) ( ai-chase-wing "Beta" 50 ) )
+Flags: ( "no-arrival-message" )

$Name: Virgo
$Waves: 2
$Wave Threshold: 0
$Special Ship: 0		;! Virgo 1

$Arrival Location: Hyperspace
$Arrival Cue: ( has-time-elapsed 35 ) 
$Departure Location: Hyperspace
$Departure Cue: ( false ) 
$Ships: (		;! 4 total
	"Virgo 1"
	"Virgo 2"
	"Virgo 3"
	"Virgo 4"
)
$AI Goals: ( goals ( ai-guard-wing "Taurus" 89 ) )
+Flags: ( )
+Wave Delay Min: 15
+Wave Delay Max: 25

$Name: Pisces
$Waves: 2
$Wave Threshold: 0
$Special Ship: 0		;! Pisces 1

$Arrival Location: Hyperspace
$Arrival Cue: ( has-arrived-delay 105 "GVC Wosyet" ) 
$Departure Location: Hyperspace
$Departure Cue: ( false ) 
$Ships: (		;! 4 total
	"Pisces 1"
	"Pisces 2"
	"Pisces 3"
	"Pisces 4"
)
$AI Goals: ( goals ( ai-chase "GVC Wosyet" 89 ) ( ai-guard-wing "Taurus" 89 ) ( ai-chase-wing "Alpha" 50 ) ( ai-chase-wing "Beta" 50 ) )
+Flags: ( )
+Wave Delay Min: 8
+Wave Delay Max: 15

$Name: Leo
$Waves: 1
$Wave Threshold: 0
$Special Ship: 0		;! Leo 1

$Arrival Location: Hyperspace
$Arrival Cue: ( has-arrived-delay 3 "Hathor" ) 
$Departure Location: Hyperspace
$Departure Cue: ( are-waypoints-done-delay 
   "Leo" 
   "Waypoint path 7" 
   0 
)
$Ships: (		;! 3 total
	"Leo 1"
	"Leo 2"
	"Leo 3"
)
$AI Goals: ( goals ( ai-waypoints-once "Waypoint path 7" 89 ) )
+Flags: ( )

$Name: Beta
$Waves: 1
$Wave Threshold: 0
$Special Ship: 0		;! Beta 1

$Arrival Location: Hyperspace
$Arrival Cue: ( true ) 
$Departure Location: Hyperspace
$Departure Cue: ( false ) 
$Ships: (		;! 4 total
	"Beta 1"
	"Beta 2"
	"Beta 3"
	"Beta 4"
)
$AI Goals: ( goals ( ai-chase-any 50 ) )
+Hotkey: 1
+Flags: ( )

$Name: Cancer
$Waves: 2
$Wave Threshold: 0
$Special Ship: 0		;! Cancer 1

$Arrival Location: Hyperspace
$Arrival Cue: ( and 
   ( has-time-elapsed 450 ) 
   ( not 
      ( destroyed-or-departed-delay 
         0 
         "GVC Wosyet" 
      )
   )
   ( is-event-true-delay "Get Out" 0 ) 
)
$Departure Location: Hyperspace
$Departure Cue: ( destroyed-or-departed-delay 
   10 
   "GVC Wosyet" 
)
$Ships: (		;! 3 total
	"Cancer 1"
	"Cancer 2"
	"Cancer 3"
)
$AI Goals: ( goals ( ai-chase-any 50 ) )
+Flags: ( )
+Wave Delay Min: 30
+Wave Delay Max: 50

#Events		;! 47 total

$Formula: ( when 
   ( true ) 
   ( fade-out 0 1 ) 
   ( play-sound-from-file "warp_1.wav" ) 
   ( fade-in 1500 ) 
)
+Name: Exit Warp
+Repeat Count: 1
+Interval: 1

$Formula: ( when 
   ( or 
      ( depart-node-delay 
         0 
         "Aldebaran Jump Node" 
         "Alpha 1" 
      )
      ( and 
         ( key-pressed "Alt-J" ) 
         ( < 
            ( distance 
               "Alpha 1" 
               "Aldebaran Jump Node WP:1" 
            )
            ( distance 
               "Alpha 1" 
               "Sirius Jump Node WP:1" 
            )
         )
      )
   )
   ( do-nothing ) 
)
+Name: Aldebaran Jump Node
+Repeat Count: 1
+Interval: 1

$Formula: ( when 
   ( or 
      ( depart-node-delay 
         0 
         "Sirius Jump Node" 
         "Alpha 1" 
      )
      ( and 
         ( key-pressed "Alt-J" ) 
         ( > 
            ( distance 
               "Alpha 1" 
               "Aldebaran Jump Node WP:1" 
            )
            ( distance 
               "Alpha 1" 
               "Sirius Jump Node WP:1" 
            )
         )
      )
   )
   ( do-nothing ) 
)
+Name: Sirius Jump Node
+Repeat Count: 1
+Interval: 1

$Formula: ( when 
   ( < ( hits-left "Seti" ) 2 ) 
   ( ship-invulnerable "Seti" ) 
)
+Name: Invincible Isis
+Repeat Count: 1
+Interval: 1

$Formula: ( when 
   ( are-waypoints-done-delay 
      "GVC Wosyet" 
      "Waypoint path 3" 
      0 
   )
   ( do-nothing ) 
)
+Name: Wosyet depart to aldebaran
+Repeat Count: 1
+Interval: 1

$Formula: ( when 
   ( is-event-true-delay 
      "Wosyet depart to aldebaran" 
      0 
   )
   ( modify-variable 
      @<Wosyet-hull>[90] 
      ( hits-left "GVC Wosyet" ) 
   )
)
+Name: Get Wosyet Hull
+Repeat Count: 1
+Interval: 1

$Formula: ( when 
   ( has-arrived-delay 1 "GVC Wosyet" ) 
   ( ship-subsys-guardian-threshold 
      20 
      "GVC Wosyet" 
      "<all engines>" 
   )
   ( cap-waypoint-speed "GVC Wosyet" 20 ) 
)
+Name: Wosyet settings
+Repeat Count: 1
+Interval: 1

$Formula: ( when 
   ( has-departed-delay 3 "Seti" ) 
   ( send-message 
      "#Command" 
      "High" 
      "Sirius Jump Node" 
   )
)
+Name: Isis Transport Warps Out
+Repeat Count: 1
+Interval: 1

$Formula: ( when 
   ( has-departed-delay 3 "Taurus" ) 
   ( send-message 
      "#Command" 
      "High" 
      "Tarus Has Made It" 
   )
   ( change-iff 
      "Neutral" 
      "Virgo" 
      "Seti" 
      "Pisces" 
      "Leo" 
      "Cancer" 
      "Hathor" 
      "Taurus" 
      "Aries" 
      "VAC 4 28" 
      "VAC 4 30" 
      "VAC 4 31" 
   )
   ( change-iff-color 
      "Friendly" 
      "Neutral" 
      255 
      0 
      0 
      "Taurus 1" 
      "Taurus 2" 
      "Virgo" 
      "Seti" 
      "Pisces" 
      "Leo" 
      "Cancer" 
      "Hathor" 
      "Aries" 
      "VAC 4 28" 
      "VAC 4 30" 
      "VAC 4 31" 
   )
   ( add-goal 
      "Virgo" 
      ( ai-chase-any 89 ) 
   )
   ( unprotect-ship 
      "Virgo 1" 
      "Virgo 2" 
      "Virgo 3" 
      "Virgo 4" 
      "Alpha 1" 
      "Alpha 2" 
      "Alpha 3" 
      "Alpha 4" 
      "Beta 1" 
      "Beta 2" 
      "Beta 3" 
      "Beta 4" 
   )
   ( lua-play-music-from-file 
      "Goddess.ogg" 
      ( true ) 
   )
)
+Name: Taurus Warps Out
+Repeat Count: 1
+Interval: 1

$Formula: ( when 
   ( has-arrived-delay 2 "Leo" ) 
   ( send-message 
      "#Command" 
      "High" 
      "New HOL Group" 
   )
)
+Name: New HOL Group
+Repeat Count: 1
+Interval: 1

$Formula: ( when 
   ( is-destroyed-delay 4 "Hathor" ) 
   ( send-message 
      "#Command" 
      "High" 
      "Aten Destroyed" 
   )
)
+Name: Aten Destroyed
+Repeat Count: 1
+Interval: 1

$Formula: ( when 
   ( is-destroyed-delay 3 "Seti" ) 
   ( send-message 
      "#Command" 
      "High" 
      "Isis Transport Destroyed" 
   )
)
+Name: Isis Destroyed
+Repeat Count: 1
+Interval: 1

$Formula: ( when 
   ( destroyed-or-departed-delay 
      5 
      "Leo" 
      "Hathor" 
      "Taurus 3" 
      "GVC Wosyet" 
      "Pisces" 
   )
   ( send-message 
