#Mission Info

$Version: 0.10
$Name:  XSTR("To Run from Death...", 6299)
$Author: Ransom Arceihn
$Created: 07/16/04 at 15:48:13
$Modified: 05/03/11 at 20:14:01
$Notes:
This is a FRED2_OPEN created mission.
$End Notes:

$Mission Desc:
 XSTR("Put mission description here
", 5912)
$end_multi_text

+Game Type Flags: 1

+Flags: 133146

+Disallow Support: 1

+Hull Repair Ceiling: 0.000000

+Subsystem Repair Ceiling: 0.000000

+Viewer pos: -134.065369, 5190.040039, 1131.574463
+Viewer orient:
	0.004088, -0.000002, -0.999992,
	0.999078, 0.042743, 0.004084,
	0.042743, -0.999086, 0.000177


$Skybox Model: starfield.pof

$AI Profile: FS2 RETAIL

#Command Briefing

#Briefing
$start_briefing
$num_stages: 3
$start_stage
$multi_text
 XSTR("The Persistence has detected another subspace node within the system. We will emerge roughly within 20 kilometres of the node.", 6300)
$end_multi_text
$voice: none.wav
$camera_pos: -176.364487, 1593.255127, 67.166618
$camera_orient:
	1.000000, -0.000002, 0.000434,
	-0.000434, -0.041380, 0.999143,
	0.000016, -0.999143, -0.041380
$camera_time: 500
$num_lines: 0
$num_icons: 3
$Flags: 0
$Formula: ( true ) 
$start_icon
$type: 28
$team: Friendly
$class: GTCv Deimos
$pos: -7.590713, -0.000009, 11.966541
$label: XSTR("Persistence", 6083)
+id: 1
$hlight: 0
$mirror: 0
$multi_text
$end_multi_text
$end_icon
$start_icon
$type: 1
$team: Friendly
$class: GTF Hercules
$pos: -305.121735, -1.999841, -54.489960
$label: XSTR("Alpha", 5851)
+id: 3
$hlight: 0
$mirror: 0
$multi_text
$end_multi_text
$end_icon
$start_icon
$type: 1
$team: Friendly
$class: GTF Myrmidon
$pos: -283.626648, -22.999853, 204.863403
$label: XSTR("Phi", 6301)
+id: 5
$hlight: 0
$mirror: 0
$multi_text
$end_multi_text
$end_icon
$end_stage
$start_stage
$multi_text
 XSTR("Phi and Alpha, it's up to you to provide fighter escort. We don't know what's out there. If the Vasudans are intent on chasing us, this would be an opportune time to intercept us, so be on your guard.", 6302)
$end_multi_text
$voice: none.wav
$camera_pos: -176.364487, 1593.255127, 67.166618
$camera_orient:
	1.000000, -0.000002, 0.000434,
	-0.000434, -0.041380, 0.999143,
	0.000016, -0.999143, -0.041380
$camera_time: 500
$num_lines: 0
$num_icons: 3
$Flags: 0
$Formula: ( true ) 
$start_icon
$type: 28
$team: Friendly
$class: GTCv Deimos
$pos: -7.590713, -0.000009, 11.966541
$label: XSTR("Persistence", 6083)
+id: 1
$hlight: 0
$mirror: 0
$multi_text
$end_multi_text
$end_icon
$start_icon
$type: 1
$team: Friendly
$class: GTF Hercules
$pos: -305.121735, -1.999841, -54.489960
$label: XSTR("Alpha", 5851)
+id: 3
$hlight: 1
$mirror: 0
$multi_text
$end_multi_text
$end_icon
$start_icon
$type: 1
$team: Friendly
$class: GTF Myrmidon
$pos: -283.626648, -22.999853, 204.863403
$label: XSTR("Phi", 6301)
+id: 5
$hlight: 1
$mirror: 0
$multi_text
$end_multi_text
$end_icon
$end_stage
$start_stage
$multi_text
 XSTR("According to Phi's sensor logs, we may be being tracked by a Vasudan destroyer Aikhet. It is unknown whether the destroyer is still pursuing us. However, we cannot rule the possibility out. We will emerge from subspace momentarily.", 6303)
$end_multi_text
$voice: none.wav
$camera_pos: -134.065369, 5190.040039, 1131.574463
$camera_orient:
	0.004087, -0.000002, -0.999992,
	0.999078, 0.042744, 0.004084,
	0.042743, -0.999086, 0.000177
$camera_time: 500
$num_lines: 0
$num_icons: 3
$Flags: 0
$Formula: ( true ) 
$start_icon
$type: 28
$team: Friendly
$class: GTCv Deimos
$pos: -7.590713, -0.000009, 11.966541
$label: XSTR("Persistence", 6083)
+id: 1
$hlight: 0
$mirror: 0
$multi_text
$end_multi_text
$end_icon
$start_icon
$type: 33
$team: Friendly
$class: GVF Seth
$pos: -10.527016, 0.007837, 2698.781494
$label: XSTR("Jump Node", 6304)
+id: 6
$hlight: 0
$mirror: 0
$multi_text
$end_multi_text
$end_icon
$start_icon
$type: 21
$team: Hostile
$class: GTF Ulysses
$pos: 21.555624, 0.008927, 1374.727661
$label: XSTR("Hostiles", 6305)
+id: 7
$hlight: 1
$mirror: 0
$multi_text
$end_multi_text
$end_icon
$end_stage
$end_briefing

#Debriefing_info

$Num stages: 0

#Players		;! 1 total

$Starting Shipname: Alpha 1
$Ship Choices: (
	"GTF Hercules"	5
)

+Weaponry Pool: (
	"Subach HL-7"	102
	"Prometheus R"	100
	"Rockeye"	100
	"Tempest"	100
	"Harpoon"	148
)

#Objects		;! 44 total

$Name: Alpha 1		;! Object #0
$Display Name: XSTR("Alpha 1", 5710)
$Class: GTF Hercules
$Team: Friendly
$Location: -305.121735, -1.999841, -54.489960
$Orientation:
	0.999588, 0.000000, -0.028718,
	-0.000005, 1.000000, -0.000189,
	0.028718, 0.000189, 0.999588
$AI Behavior: Stay Near
$Cargo 1:  XSTR("Nothing", 13)
+Initial Velocity: 50
+Initial Hull: 100
+Subsystem: Pilot
+Primary Banks: ( "Subach HL-7" "Subach HL-7" )
+Secondary Banks: ( "Harpoon" "Harpoon" )
$Arrival Location: Hyperspace
$Arrival Cue: ( false ) 
$Departure Location: Hyperspace
$Departure Cue: ( false ) 
$Determination: 10
+Flags: ( "cargo-known" "player-start" )
+Flags2: ( )
+Respawn priority: 0
+Group: 0
+Score: 8

$Name: Phi 1		;! Object #1
$Display Name: XSTR("Phi 1", 5771)
$Class: GTF Myrmidon
$Team: Friendly
$Location: -333.500000, 0.000000, 267.500000
$Orientation:
	0.999475, 0.000000, -0.032388,
	0.000000, 1.000000, 0.000000,
	0.032388, 0.000000, 0.999475
$AI Behavior: None
$AI Goals: ( goals ( ai-ignore "Aikhet" 40 ) )
$Cargo 1:  XSTR("Nothing", 13)
+Initial Velocity: 33
+Initial Hull: 100
+Subsystem: Pilot
$Arrival Location: Hyperspace
$Arrival Cue: ( false ) 
$Departure Location: Hyperspace
$Departure Cue: ( false ) 
$Determination: 10
+Flags: ( "cargo-known" "invulnerable" )
+Flags2: ( )
+Respawn priority: 0
+Orders Accepted: 0		;! note that this is a bitfield!!!
+Group: 0
+Use Table Score:
+Score: 10

$Name: Phi 2		;! Object #2
$Display Name: XSTR("Phi 2", 5772)
$Class: GTF Myrmidon
$Team: Friendly
$Location: -376.644379, 12.000104, 199.182861
$Orientation:
	0.999339, 0.000000, -0.036352,
	0.000042, 0.999999, 0.001163,
	0.036352, -0.001163, 0.999338
$AI Behavior: None
$AI Goals: ( goals ( ai-ignore "Aikhet" 40 ) )
$Cargo 1:  XSTR("Nothing", 13)
+Initial Velocity: 33
+Initial Hull: 100
+Subsystem: Pilot
$Arrival Location: Hyperspace
$Arrival Cue: ( false ) 
$Departure Location: Hyperspace
$Departure Cue: ( false ) 
$Determination: 10
+Flags: ( "cargo-known" "invulnerable" )
+Flags2: ( )
+Respawn priority: 0
+Orders Accepted: 0		;! note that this is a bitfield!!!
+Group: 0
+Use Table Score:
+Score: 10

$Name: Alpha 3		;! Object #3
$Display Name: XSTR("Alpha 3", 5733)
$Class: GTF Hercules
$Team: Friendly
$Location: -208.755630, -33.999744, 85.691765
$Orientation:
	0.999759, 0.000000, -0.021939,
	-0.000070, 0.999995, -0.003211,
	0.021939, 0.003212, 0.999754
$AI Behavior: None
$AI Goals: ( goals ( ai-guard "Alpha 1" 50 ) ( ai-ignore "Aikhet" 40 ) )
$Cargo 1:  XSTR("Nothing", 13)
+Initial Velocity: 33
+Initial Hull: 100
+Subsystem: Pilot
+Primary Banks: ( "Subach HL-7" "Subach HL-7" )
+Secondary Banks: ( "Harpoon" "Harpoon" )
$Arrival Location: Hyperspace
$Arrival Cue: ( true ) 
$Departure Location: Hyperspace
$Departure Cue: ( and 
   ( < 
      ( distance "JumpNode:1" "Phi" ) 
      500 
   )
   ( is-event-true-delay "everyrun" 0 ) 
)
$Determination: 10
+Flags: ( "cargo-known" "invulnerable" )
+Flags2: ( )
+Respawn priority: 0
+Orders Accepted: 33023		;! note that this is a bitfield!!!
+Group: 0
+Use Table Score:
+Score: 10

$Name: Persistence		;! Object #4
$Display Name: XSTR("Persistence", 6083)
$Class: GTCv Deimos
$Team: Friendly
$Location: -7.590713, -0.000009, 11.966541
$Orientation:
	1.000000, 0.000000, 0.000000,
	0.000000, 1.000000, 0.000000,
	0.000000, 0.000000, 1.000000
$AI Behavior: None
$AI Goals: ( goals ( ai-waypoints-once "BigMcWaypoint" 50 ) )
$Cargo 1:  XSTR("Nothing", 13)
+Initial Velocity: 100
+Initial Hull: 100
+Initial Shields: 100
+Subsystem: Pilot
+Subsystem: turret01
+Subsystem: turret02
+Subsystem: turret03
+Subsystem: turret04
+Subsystem: turret05
+Subsystem: turret06
+Subsystem: turret07
+Subsystem: turret08
+Subsystem: turret09
+Subsystem: turret10
+Subsystem: turret11
+Subsystem: turret12
+Subsystem: turret13
+Subsystem: turret14
+Subsystem: turret15
+Subsystem: turret16
+Subsystem: turret17
+Subsystem: turret18
+Subsystem: turret19
+Subsystem: turret20
+Subsystem: turret21
+Subsystem: turret22
+Subsystem: turret23
+Subsystem: turret24
+Subsystem: turret25
+Subsystem: turret26
$Arrival Location: Hyperspace
$Arrival Cue: ( true ) 
$Departure Location: Hyperspace
$Departure Cue: ( < 
   ( distance 
      "BigMcWaypoint:1" 
      "Persistence" 
   )
   1500 
)
$Determination: 10
+Flags: ( "cargo-known" "protect-ship" "no-shields" "escort" "beam-protect-ship" )
+Flags2: ( )
+Respawn priority: 0
+Escort priority: 60
+Orders Accepted: 0		;! note that this is a bitfield!!!
+Group: 0
+Use Table Score:
+Score: 800
$Texture Replace:
+old: nameplate
+new: Persistence-trans.dds

$Name: Phi 3		;! Object #5
$Display Name: XSTR("Phi 3", 5773)
$Class: GTF Myrmidon
$Team: Friendly
$Location: -283.626648, -22.999853, 204.863403
$Orientation:
	0.999626, 0.000000, -0.027357,
	-0.000061, 0.999997, -0.002231,
	0.027357, 0.002232, 0.999623
$AI Behavior: None
$AI Goals: ( goals ( ai-ignore "Aikhet" 40 ) )
$Cargo 1:  XSTR("Nothing", 13)
+Initial Velocity: 33
+Initial Hull: 100
+Subsystem: Pilot
$Arrival Location: Hyperspace
$Arrival Cue: ( false ) 
$Departure Location: Hyperspace
$Departure Cue: ( false ) 
$Determination: 10
+Flags: ( "cargo-known" "invulnerable" )
+Flags2: ( )
+Respawn priority: 0
+Orders Accepted: 0		;! note that this is a bitfield!!!
+Group: 0
+Use Table Score:
+Score: 10

$Name: Phi 4		;! Object #6
$Display Name: XSTR("Phi 4", 6084)
$Class: GTF Myrmidon
$Team: Friendly
$Location: -338.582153, 53.000256, 256.513885
$Orientation:
	0.999460, 0.000000, -0.032849,
	0.000170, 0.999987, 0.005165,
	0.032848, -0.005168, 0.999447
$AI Behavior: None
$AI Goals: ( goals ( ai-ignore "Aikhet" 40 ) )
$Cargo 1:  XSTR("Nothing", 13)
+Initial Velocity: 33
+Initial Hull: 100
+Subsystem: Pilot
$Arrival Location: Hyperspace
$Arrival Cue: ( false ) 
$Departure Location: Hyperspace
$Departure Cue: ( false ) 
$Determination: 10
+Flags: ( "cargo-known" "invulnerable" )
+Flags2: ( )
+Respawn priority: 0
+Orders Accepted: 0		;! note that this is a bitfield!!!
+Group: 0
+Use Table Score:
+Score: 10

$Name: Virgo 1		;! Object #7
$Display Name: XSTR("Virgo 1", 5933)
$Class: GVF Tauret
$Team: Hostile
$Location: 983.200012, 0.000000, 2305.699951
$Orientation:
	-0.918016, 0.000000, 0.396542,
	0.000000, 1.000000, 0.000000,
	-0.396542, 0.000000, -0.918016
$AI Behavior: None
$Cargo 1:  XSTR("Nothing", 13)
+Initial Velocity: 33
+Initial Hull: 100
+Subsystem: Pilot
$Arrival Location: Hyperspace
$Arrival Cue: ( false ) 
$Departure Location: Hyperspace
$Departure Cue: ( false ) 
$Determination: 10
+Flags: ( "cargo-known" )
+Flags2: ( )
+Respawn priority: 0
+Group: 0
+Use Table Score:
+Score: 10

$Name: Virgo 2		;! Object #8
$Display Name: XSTR("Virgo 2", 5934)
$Class: GVF Tauret
$Team: Hostile
$Location: 921.503723, -0.000375, 2218.477295
$Orientation:
	-0.921630, 0.000000, 0.388070,
	0.000000, 1.000000, 0.000000,
	-0.388070, 0.000000, -0.921630
$AI Behavior: None
$Cargo 1:  XSTR("Nothing", 13)
+Initial Velocity: 33
+Initial Hull: 100
+Subsystem: Pilot
$Arrival Location: Hyperspace
$Arrival Cue: ( false ) 
$Departure Location: Hyperspace
$Departure Cue: ( false ) 
$Determination: 10
+Flags: ( "cargo-known" )
+Flags2: ( )
+Respawn priority: 0
+Group: 0
+Use Table Score:
+Score: 10

$Name: Virgo 3		;! Object #9
$Display Name: XSTR("Virgo 3", 5935)
$Class: GVF Tauret
$Team: Hostile
$Location: 1104.900635, -0.000103, 2204.082275
$Orientation:
	-0.891737, 0.000000, 0.452554,
	0.000000, 1.000000, 0.000000,
	-0.452554, 0.000000, -0.891737
$AI Behavior: None
$Cargo 1:  XSTR("Nothing", 13)
+Initial Velocity: 33
+Initial Hull: 100
+Subsystem: Pilot
$Arrival Location: Hyperspace
$Arrival Cue: ( false ) 
$Departure Location: Hyperspace
$Departure Cue: ( false ) 
$Determination: 10
+Flags: ( "cargo-known" )
+Flags2: ( )
+Respawn priority: 0
+Group: 0
+Use Table Score:
+Score: 10

$Name: Virgo 4		;! Object #10
$Display Name: XSTR("Virgo 4", 6306)
$Class: GVF Tauret
$Team: Hostile
$Location: 1071.737305, -0.000399, 2086.259033
$Orientation:
	-0.887095, 0.000000, 0.461587,
	0.000000, 1.000000, 0.000000,
	-0.461587, 0.000000, -0.887095
$AI Behavior: None
$Cargo 1:  XSTR("Nothing", 13)
+Initial Velocity: 33
+Initial Hull: 100
+Subsystem: Pilot
$Arrival Location: Hyperspace
$Arrival Cue: ( false ) 
$Departure Location: Hyperspace
$Departure Cue: ( false ) 
$Determination: 10
+Flags: ( "cargo-known" )
+Flags2: ( )
+Respawn priority: 0
+Group: 0
+Use Table Score:
+Score: 10

$Name: Aikhet		;! Object #11
$Display Name: XSTR("Aikhet", 6159)
$Class: GVD Hatshepsut
$Team: Hostile
$Location: -2036.287109, -220.000336, 2511.342529
$Orientation:
	1.000000, 0.000000, 0.000000,
	0.000000, 1.000000, 0.000000,
	0.000000, 0.000000, 1.000000
$AI Behavior: None
$AI Goals: ( goals ( ai-waypoints-once "AikhetPoint" 50 ) )
$Cargo 1:  XSTR("Nothing", 13)
+Initial Velocity: 100
+Initial Hull: 100
+Initial Shields: 100
+Subsystem: Pilot
+Subsystem: turret01
+Subsystem: turret02
+Subsystem: turret03
+Subsystem: turret04
+Subsystem: turret05
+Subsystem: turret06
+Subsystem: turret07
+Subsystem: turret08
+Subsystem: turret09
+Subsystem: turret10
+Subsystem: turret11
+Subsystem: turret12
+Subsystem: turret13
+Subsystem: turret14
+Subsystem: turret15
+Subsystem: turret16
+Subsystem: turret17
+Subsystem: turret18
+Subsystem: turret19
+Subsystem: turret20
+Subsystem: turret21
+Subsystem: turret22
+Subsystem: turret23
+Subsystem: turret24
+Subsystem: turret25
+Subsystem: turret26
+Subsystem: turret27
+Subsystem: turret28
+Subsystem: turret29
+Subsystem: turret30
$Arrival Location: Hyperspace
$Arrival Cue: ( has-arrived-delay 17 "Virgo" ) 
$Departure Location: Hyperspace
$Departure Cue: ( false ) 
$Determination: 10
+Flags: ( "cargo-known" "no-shields" "escort" )
+Flags2: ( )
+Respawn priority: 0
+Escort priority: 50
+Orders Accepted: 0		;! note that this is a bitfield!!!
+Group: 0
+Use Table Score:
+Score: 1400

$Name: Capricorn 1		;! Object #12
$Display Name: XSTR("Capricorn 1", 5971)
$Class: GVF Seth
$Team: Hostile
$Location: -600.000000, 0.000000, 3591.399902
$Orientation:
	-0.986579, 0.000000, -0.163282,
	0.000000, 1.000000, 0.000000,
	0.163282, 0.000000, -0.986579
$AI Behavior: Stay Near
$Cargo 1:  XSTR("Nothing", 13)
+Initial Hull: 100
+Subsystem: Pilot
$Arrival Location: Hyperspace
$Arrival Cue: ( false ) 
$Departure Location: Hyperspace
$Departure Cue: ( false ) 
$Determination: 10
+Flags: ( "cargo-known" )
+Flags2: ( )
+Respawn priority: 0
+Group: 0
+Score: 10

$Name: Capricorn 2		;! Object #13
$Display Name: XSTR("Capricorn 2", 5972)
$Class: GVF Seth
$Team: Hostile
$Location: -530.346924, 0.000270, 3646.066406
$Orientation:
	-0.989812, 0.000000, -0.142382,
	0.000000, 1.000000, 0.000000,
	0.142382, 0.000000, -0.989812
$AI Behavior: Stay Near
$Cargo 1:  XSTR("Nothing", 13)
+Initial Hull: 100
+Subsystem: Pilot
$Arrival Location: Hyperspace
$Arrival Cue: ( false ) 
$Departure Location: Hyperspace
$Departure Cue: ( false ) 
$Determination: 10
+Flags: ( "cargo-known" )
+Flags2: ( )
+Respawn priority: 0
+Group: 0
+Score: 10

$Name: Capricorn 3		;! Object #14
$Display Name: XSTR("Capricorn 3", 5973)
$Class: GVF Seth
$Team: Hostile
$Location: -479.437988, 0.000540, 3659.882324
$Orientation:
	-0.991738, 0.000000, -0.128278,
	0.000000, 1.000000, 0.000000,
	0.128278, 0.000000, -0.991738
$AI Behavior: Stay Near
$Cargo 1:  XSTR("Nothing", 13)
+Initial Hull: 100
+Subsystem: Pilot
$Arrival Location: Hyperspace
$Arrival Cue: ( false ) 
$Departure Location: Hyperspace
$Departure Cue: ( false ) 
$Determination: 10
+Flags: ( "cargo-known" )
+Flags2: ( )
+Respawn priority: 0
+Group: 0
+Score: 10

$Name: Capricorn 4		;! Object #15
$Display Name: XSTR("Capricorn 4", 6065)
$Class: GVF Seth
$Team: Hostile
$Location: -563.300232, -0.000087, 3704.392334
$Orientation:
	-0.988864, 0.000000, -0.148824,
	0.000000, 1.000000, 0.000000,
	0.148824, 0.000000, -0.988864
$AI Behavior: Stay Near
$Cargo 1:  XSTR("Nothing", 13)
+Initial Hull: 100
+Subsystem: Pilot
$Arrival Location: Hyperspace
$Arrival Cue: ( false ) 
$Departure Location: Hyperspace
$Departure Cue: ( false ) 
$Determination: 10
+Flags: ( "cargo-known" )
+Flags2: ( )
+Respawn priority: 0
+Group: 0
+Score: 10

$Name: Scorpio 1		;! Object #16
$Display Name: XSTR("Scorpio 1", 5929)
$Class: GVF Serapis
$Team: Hostile
$Location: 1165.099976, 0.000000, 5183.600098
$Orientation:
	-0.975242, 0.000000, 0.221140,
	0.000000, 1.000000, 0.000000,
	-0.221140, 0.000000, -0.975242
$AI Behavior: None
$Cargo 1:  XSTR("Nothing", 13)
+Initial Velocity: 33
+Initial Hull: 100
+Subsystem: Pilot
$Arrival Location: Hyperspace
$Arrival Cue: ( false ) 
$Departure Location: Hyperspace
$Departure Cue: ( false ) 
$Determination: 10
+Flags: ( "cargo-known" )
+Flags2: ( )
+Respawn priority: 0
+Group: 0
+Use Table Score:
+Score: 12

$Name: Scorpio 2		;! Object #17
$Display Name: XSTR("Scorpio 2", 5930)
$Class: GVF Serapis
$Team: Hostile
$Location: 1094.316528, -0.000104, 5256.564453
$Orientation:
	-0.978633, 0.000000, 0.205614,
	0.000000, 1.000000, 0.000000,
	-0.205614, 0.000000, -0.978633
$AI Behavior: None
$Cargo 1:  XSTR("Nothing", 13)
+Initial Velocity: 33
+Initial Hull: 100
+Subsystem: Pilot
$Arrival Location: Hyperspace
$Arrival Cue: ( false ) 
$Departure Location: Hyperspace
$Departure Cue: ( false ) 
$Determination: 10
+Flags: ( "cargo-known" )
+Flags2: ( )
+Respawn priority: 0
+Group: 0
+Use Table Score:
+Score: 12

$Name: Scorpio 3		;! Object #18
$Display Name: XSTR("Scorpio 3", 5931)
$Class: GVF Serapis
$Team: Hostile
$Location: 1069.980103, -0.000100, 5128.979492
$Orientation:
	-0.978538, 0.000000, 0.206066,
	0.000000, 1.000000, 0.000000,
	-0.206066, 0.000000, -0.978538
$AI Behavior: None
$Cargo 1:  XSTR("Nothing", 13)
+Initial Velocity: 33
+Initial Hull: 100
+Subsystem: Pilot
$Arrival Location: Hyperspace
$Arrival Cue: ( false ) 
$Departure Location: Hyperspace
$Departure Cue: ( false ) 
$Determination: 10
+Flags: ( "cargo-known" )
+Flags2: ( )
+Respawn priority: 0
+Group: 0
+Use Table Score:
+Score: 12

$Name: Scorpio 4		;! Object #19
$Display Name: XSTR("Scorpio 4", 6307)
$Class: GVF Serapis
$Team: Hostile
$Location: 997.569092, -0.000140, 5181.573730
$Orientation:
	-0.981617, 0.000000, 0.190862,
	0.000000, 1.000000, 0.000000,
	-0.190862, 0.000000, -0.981617
$AI Behavior: None
$Cargo 1:  XSTR("Nothing", 13)
+Initial Velocity: 33
+Initial Hull: 100
+Subsystem: Pilot
$Arrival Location: Hyperspace
$Arrival Cue: ( false ) 
$Departure Location: Hyperspace
$Departure Cue: ( false ) 
$Determination: 10
+Flags: ( "cargo-known" )
+Flags2: ( )
+Respawn priority: 0
+Group: 0
+Use Table Score:
+Score: 12

$Name: Cancer 1		;! Object #20
$Display Name: XSTR("Cancer 1", 5974)
$Class: GVB Sekhmet
$Team: Hostile
$Location: 268.153748, -0.000017, 6266.049805
$Orientation:
	1.000000, 0.000000, 0.000000,
	0.000000, 1.000000, 0.000000,
	0.000000, 0.000000, 1.000000
$AI Behavior: None
$Cargo 1:  XSTR("Nothing", 13)
+Initial Velocity: 33
+Initial Hull: 100
+Subsystem: Pilot
$Arrival Location: Hyperspace
$Arrival Cue: ( false ) 
$Departure Location: Hyperspace
$Departure Cue: ( false ) 
$Determination: 10
+Flags: ( "cargo-known" )
+Flags2: ( )
+Respawn priority: 0
+Group: 0
+Use Table Score:
+Score: 10

$Name: Cancer 2		;! Object #21
$Display Name: XSTR("Cancer 2", 5975)
$Class: GVB Sekhmet
$Team: Hostile
$Location: 148.688705, 0.000194, 6307.412598
$Orientation:
	1.000000, 0.000000, 0.000000,
	0.000000, 1.000000, 0.000000,
	0.000000, 0.000000, 1.000000
$AI Behavior: None
$Cargo 1:  XSTR("Nothing", 13)
+Initial Velocity: 33
+Initial Hull: 100
+Subsystem: Pilot
$Arrival Location: Hyperspace
$Arrival Cue: ( false ) 
$Departure Location: Hyperspace
$Departure Cue: ( false ) 
$Determination: 10
+Flags: ( "cargo-known" )
+Flags2: ( )
+Respawn priority: 0
+Group: 0
+Use Table Score:
+Score: 10

$Name: Cancer 3		;! Object #22
$Display Name: XSTR("Cancer 3", 5976)
$Class: GVB Sekhmet
$Team: Hostile
$Location: 175.352646, -0.000323, 6154.984863
$Orientation:
	1.000000, 0.000000, 0.000000,
	0.000000, 1.000000, 0.000000,
	0.000000, 0.000000, 1.000000
$AI Behavior: None
$Cargo 1:  XSTR("Nothing", 13)
+Initial Velocity: 33
+Initial Hull: 100
+Subsystem: Pilot
$Arrival Location: Hyperspace
$Arrival Cue: ( false ) 
$Departure Location: Hyperspace
$Departure Cue: ( false ) 
$Determination: 10
+Flags: ( "cargo-known" )
+Flags2: ( )
+Respawn priority: 0
+Group: 0
+Use Table Score:
+Score: 10

$Name: Cancer 4		;! Object #23
$Display Name: XSTR("Cancer 4", 6161)
$Class: GVB Sekhmet
$Team: Hostile
$Location: 37.550220, -0.000055, 6192.673340
$Orientation:
	1.000000, 0.000000, 0.000000,
	0.000000, 1.000000, 0.000000,
	0.000000, 0.000000, 1.000000
$AI Behavior: None
$Cargo 1:  XSTR("Nothing", 13)
+Initial Velocity: 33
+Initial Hull: 100
+Subsystem: Pilot
$Arrival Location: Hyperspace
$Arrival Cue: ( false ) 
$Departure Location: Hyperspace
$Departure Cue: ( false ) 
$Determination: 10
+Flags: ( "cargo-known" )
+Flags2: ( )
+Respawn priority: 0
+Group: 0
+Use Table Score:
+Score: 10

$Name: Sadjin		;! Object #24
$Display Name: XSTR("Sadjin", 6308)
$Class: GVCv Sobek
$Team: Hostile
$Location: 1924.000000, 510.000000, 16057.500000
$Orientation:
	-0.010725, 0.000000, 0.999942,
	-0.113973, 0.993483, -0.001222,
	-0.993426, -0.113979, -0.010655
$AI Behavior: None
$Cargo 1:  XSTR("Nothing", 13)
+Initial Hull: 100
+Initial Shields: 100
+Subsystem: Pilot
+Subsystem: turret01
+Subsystem: turret02
+Subsystem: turret03
+Subsystem: turret04
+Subsystem: turret05
+Subsystem: turret06
+Subsystem: turret07
+Subsystem: turret08
+Subsystem: turret09
+Subsystem: turret10
+Subsystem: turret11
+Subsystem: turret12
+Subsystem: turret13
+Subsystem: turret14
+Subsystem: turret15
+Subsystem: turret16
+Subsystem: turret17
+Subsystem: turret18
+Subsystem: turret19
+Subsystem: turret20
+Subsystem: turret21
+Subsystem: turret22
$Arrival Location: Hyperspace
$Arrival Cue: ( < 
   ( distance 
      "Persistence" 
      "BigMcWaypoint:1" 
   )
   5000 
)
$Departure Location: Hyperspace
$Departure Cue: ( false ) 
$Determination: 10
+Flags: ( "cargo-known" "no-shields" )
+Flags2: ( )
+Respawn priority: 0
+Orders Accepted: 1		;! note that this is a bitfield!!!
+Group: 0
+Use Table Score:
+Score: 400

$Name: Reitsek		;! Object #25
$Display Name: XSTR("Reitsek", 6309)
$Class: GVCv Sobek
$Team: Hostile
$Location: -2084.699951, -518.000000, 15918.500000
$Orientation:
	-0.048189, 0.000000, -0.998838,
	-0.027887, 0.999610, 0.001345,
	0.998449, 0.027920, -0.048170
$AI Behavior: None
$Cargo 1:  XSTR("Nothing", 13)
+Initial Hull: 100
+Initial Shields: 100
+Subsystem: Pilot
+Subsystem: turret01
+Subsystem: turret02
+Subsystem: turret03
+Subsystem: turret04
+Subsystem: turret05
+Subsystem: turret06
+Subsystem: turret07
+Subsystem: turret08
+Subsystem: turret09
+Subsystem: turret10
+Subsystem: turret11
+Subsystem: turret12
+Subsystem: turret13
+Subsystem: turret14
+Subsystem: turret15
+Subsystem: turret16
+Subsystem: turret17
+Subsystem: turret18
+Subsystem: turret19
+Subsystem: turret20
+Subsystem: turret21
+Subsystem: turret22
$Arrival Location: Hyperspace
$Arrival Cue: ( < 
   ( distance 
      "Persistence" 
      "BigMcWaypoint:1" 
   )
   5000 
)
$Departure Location: Hyperspace
$Departure Cue: ( false ) 
$Determination: 10
+Flags: ( "cargo-known" "no-shields" )
+Flags2: ( )
+Respawn priority: 0
+Orders Accepted: 1		;! note that this is a bitfield!!!
+Group: 0
+Use Table Score:
+Score: 400

$Name: Aries 1		;! Object #26
$Display Name: XSTR("Aries 1", 5727)
$Class: GVB Sekhmet
$Team: Hostile
$Location: 1298.699951, 0.000000, 14121.700195
$Orientation:
	-0.993661, 0.000000, 0.112418,
	-0.000016, 1.000000, -0.000139,
	-0.112418, -0.000140, -0.993661
$AI Behavior: Stay Near
$Cargo 1:  XSTR("Nothing", 13)
+Initial Hull: 100
+Subsystem: Pilot
$Arrival Location: Hyperspace
$Arrival Cue: ( false ) 
$Departure Location: Hyperspace
$Departure Cue: ( false ) 
$Determination: 10
+Flags: ( "cargo-known" )
+Flags2: ( )
+Respawn priority: 0
+Group: 0
+Score: 8

$Name: Aries 2		;! Object #27
$Display Name: XSTR("Aries 2", 5728)
$Class: GVB Sekhmet
$Team: Hostile
$Location: 1404.693604, 0.000171, 14117.596680
$Orientation:
	-0.992801, 0.000000, 0.119778,
	-0.000017, 1.000000, -0.000139,
	-0.119778, -0.000140, -0.992801
$AI Behavior: Stay Near
$Cargo 1:  XSTR("Nothing", 13)
+Initial Hull: 100
+Subsystem: Pilot
$Arrival Location: Hyperspace
$Arrival Cue: ( false ) 
$Departure Location: Hyperspace
$Departure Cue: ( false ) 
$Determination: 10
+Flags: ( "cargo-known" )
+Flags2: ( )
+Respawn priority: 0
+Group: 0
+Score: 8

$Name: Aries 3		;! Object #28
$Display Name: XSTR("Aries 3", 5729)
$Class: GVB Sekhmet
$Team: Hostile
$Location: 1370.376099, 0.000219, 14004.417969
$Orientation:
	-0.992973, 0.000000, 0.118340,
	-0.000017, 1.000000, -0.000140,
	-0.118340, -0.000141, -0.992973
$AI Behavior: Stay Near
$Cargo 1:  XSTR("Nothing", 13)
+Initial Hull: 100
+Subsystem: Pilot
$Arrival Location: Hyperspace
$Arrival Cue: ( false ) 
$Departure Location: Hyperspace
$Departure Cue: ( false ) 
$Determination: 10
+Flags: ( "cargo-known" )
+Flags2: ( )
+Respawn priority: 0
+Group: 0
+Score: 8

$Name: Aries 4		;! Object #29
$Display Name: XSTR("Aries 4", 5730)
$Class: GVB Sekhmet
$Team: Hostile
$Location: 1286.785889, 0.000235, 13966.720703
$Orientation:
	-0.993616, 0.000000, 0.112811,
	-0.000016, 1.000000, -0.000141,
	-0.112811, -0.000142, -0.993616
$AI Behavior: Stay Near
$Cargo 1:  XSTR("Nothing", 13)
+Initial Hull: 100
+Subsystem: Pilot
$Arrival Location: Hyperspace
$Arrival Cue: ( false ) 
$Departure Location: Hyperspace
$Departure Cue: ( false ) 
$Determination: 10
+Flags: ( "cargo-known" )
+Flags2: ( )
+Respawn priority: 0
+Group: 0
+Score: 8

$Name: Gemini 1		;! Object #30
$Display Name: XSTR("Gemini 1", 5983)
$Class: GVF Horus
$Team: Hostile
$Location: 1368.169800, -0.001435, 13905.898438
$Orientation:
	-0.992893, 0.000000, 0.119008,
	-0.000017, 1.000000, -0.000141,
	-0.119008, -0.000142, -0.992893
$AI Behavior: None
$Cargo 1:  XSTR("Nothing", 13)
+Initial Velocity: 33
+Initial Hull: 100
+Subsystem: Pilot
$Arrival Location: Hyperspace
$Arrival Cue: ( false ) 
$Departure Location: Hyperspace
$Departure Cue: ( false ) 
$Determination: 10
+Flags: ( "cargo-known" )
+Flags2: ( )
+Respawn priority: 0
+Group: 0
+Use Table Score:
+Score: 10

$Name: Gemini 2		;! Object #31
$Display Name: XSTR("Gemini 2", 5984)
$Class: GVF Horus
$Team: Hostile
$Location: 1339.862183, -0.001448, 13894.221680
$Orientation:
	-0.993118, 0.000000, 0.117119,
	-0.000017, 1.000000, -0.000141,
	-0.117119, -0.000142, -0.993118
$AI Behavior: None
$Cargo 1:  XSTR("Nothing", 13)
+Initial Velocity: 33
+Initial Hull: 100
+Subsystem: Pilot
$Arrival Location: Hyperspace
$Arrival Cue: ( false ) 
$Departure Location: Hyperspace
$Departure Cue: ( false ) 
$Determination: 10
+Flags: ( "cargo-known" )
+Flags2: ( )
+Respawn priority: 0
+Group: 0
+Use Table Score:
+Score: 10

$Name: Gemini 3		;! Object #32
$Display Name: XSTR("Gemini 3", 5985)
$Class: GVF Horus
$Team: Hostile
$Location: 1376.135742, -0.001448, 13873.373047
$Orientation:
	-0.992793, 0.000000, 0.119842,
	-0.000017, 1.000000, -0.000141,
	-0.119842, -0.000142, -0.992793
$AI Behavior: None
$Cargo 1:  XSTR("Nothing", 13)
+Initial Velocity: 33
+Initial Hull: 100
+Subsystem: Pilot
$Arrival Location: Hyperspace
$Arrival Cue: ( false ) 
$Departure Location: Hyperspace
$Departure Cue: ( false ) 
$Determination: 10
+Flags: ( "cargo-known" )
+Flags2: ( )
+Respawn priority: 0
+Group: 0
+Use Table Score:
+Score: 10

$Name: Gemini 4		;! Object #33
$Display Name: XSTR("Gemini 4", 6235)
$Class: GVF Horus
$Team: Hostile
$Location: 1349.184204, -0.001449, 13863.515625
$Orientation:
	-0.993010, 0.000000, 0.118030,
	-0.000017, 1.000000, -0.000142,
	-0.118030, -0.000143, -0.993010
$AI Behavior: None
$Cargo 1:  XSTR("Nothing", 13)
+Initial Velocity: 33
+Initial Hull: 100
+Subsystem: Pilot
$Arrival Location: Hyperspace
$Arrival Cue: ( false ) 
$Departure Location: Hyperspace
$Departure Cue: ( false ) 
$Determination: 10
+Flags: ( "cargo-known" )
+Flags2: ( )
+Respawn priority: 0
+Group: 0
+Use Table Score:
+Score: 10

$Name: Leo 1		;! Object #34
$Display Name: XSTR("Leo 1", 5932)
$Class: GVF Horus
$Team: Hostile
$Location: 1200.208008, -0.000001, 13960.584961
$Orientation:
	-0.994281, 0.000000, 0.106794,
	-0.000015, 1.000000, -0.000141,
	-0.106794, -0.000142, -0.994281
$AI Behavior: None
$Cargo 1:  XSTR("Nothing", 13)
+Initial Velocity: 33
+Initial Hull: 100
+Subsystem: Pilot
$Arrival Location: Hyperspace
$Arrival Cue: ( false ) 
$Departure Location: Hyperspace
$Departure Cue: ( false ) 
$Determination: 10
+Flags: ( "cargo-known" )
+Flags2: ( )
+Respawn priority: 0
+Group: 0
+Use Table Score:
+Score: 10

$Name: Leo 2		;! Object #35
$Display Name: XSTR("Leo 2", 5936)
$Class: GVF Horus
$Team: Hostile
$Location: 1219.751099, -0.000008, 13924.908203
$Orientation:
	-0.994103, 0.000000, 0.108437,
	-0.000015, 1.000000, -0.000141,
	-0.108437, -0.000142, -0.994103
$AI Behavior: None
$Cargo 1:  XSTR("Nothing", 13)
+Initial Velocity: 33
+Initial Hull: 100
+Subsystem: Pilot
$Arrival Location: Hyperspace
$Arrival Cue: ( false ) 
$Departure Location: Hyperspace
$Departure Cue: ( false ) 
$Determination: 10
+Flags: ( "cargo-known" )
+Flags2: ( )
+Respawn priority: 0
+Group: 0
+Use Table Score:
+Score: 10

$Name: Leo 3		;! Object #36
$Display Name: XSTR("Leo 3", 5940)
$Class: GVF Horus
$Team: Hostile
$Location: 1180.743286, -0.000003, 13926.820313
$Orientation:
	-0.994400, 0.000000, 0.105680,
	-0.000015, 1.000000, -0.000141,
	-0.105680, -0.000142, -0.994400
$AI Behavior: None
$Cargo 1:  XSTR("Nothing", 13)
+Initial Velocity: 33
+Initial Hull: 100
+Subsystem: Pilot
$Arrival Location: Hyperspace
$Arrival Cue: ( false ) 
$Departure Location: Hyperspace
$Departure Cue: ( false ) 
$Determination: 10
+Flags: ( "cargo-known" )
+Flags2: ( )
+Respawn priority: 0
+Group: 0
+Use Table Score:
+Score: 10

$Name: Leo 4		;! Object #37
$Display Name: XSTR("Leo 4", 6132)
$Class: GVF Horus
$Team: Hostile
$Location: 1205.339966, -0.000013, 13890.880859
$Orientation:
	-0.994185, 0.000000, 0.107683,
	-0.000015, 1.000000, -0.000142,
	-0.107683, -0.000143, -0.994185
$AI Behavior: None
$Cargo 1:  XSTR("Nothing", 13)
+Initial Velocity: 33
+Initial Hull: 100
+Subsystem: Pilot
$Arrival Location: Hyperspace
$Arrival Cue: ( false ) 
$Departure Location: Hyperspace
$Departure Cue: ( false ) 
$Determination: 10
+Flags: ( "cargo-known" )
+Flags2: ( )
+Respawn priority: 0
+Group: 0
+Use Table Score:
+Score: 10

$Name: Sagittarius 1		;! Object #38
$Display Name: XSTR("Sagittarius 1", 5980)
$Class: GVB Sekhmet
$Team: Hostile
$Location: 1511.599976, 0.000000, 13976.900391
$Orientation:
	-0.991722, 0.000000, 0.128404,
	-0.000018, 1.000000, -0.000140,
	-0.128404, -0.000141, -0.991722
$AI Behavior: None
$Cargo 1:  XSTR("Nothing", 13)
+Initial Velocity: 33
+Initial Hull: 100
+Subsystem: Pilot
$Arrival Location: Hyperspace
$Arrival Cue: ( false ) 
$Departure Location: Hyperspace
$Departure Cue: ( false ) 
$Determination: 10
+Flags: ( "cargo-known" )
+Flags2: ( )
+Respawn priority: 0
+Group: 0
+Use Table Score:
+Score: 10

$Name: Sagittarius 2		;! Object #39
$Display Name: XSTR("Sagittarius 2", 5981)
$Class: GVB Sekhmet
$Team: Hostile
$Location: 1447.444458, 0.000005, 13972.798828
$Orientation:
	-0.992285, 0.000000, 0.123976,
	-0.000018, 1.000000, -0.000140,
	-0.123976, -0.000141, -0.992285
$AI Behavior: None
$Cargo 1:  XSTR("Nothing", 13)
+Initial Velocity: 33
+Initial Hull: 100
+Subsystem: Pilot
$Arrival Location: Hyperspace
$Arrival Cue: ( false ) 
$Departure Location: Hyperspace
$Departure Cue: ( false ) 
$Determination: 10
+Flags: ( "cargo-known" )
+Flags2: ( )
+Respawn priority: 0
+Group: 0
+Use Table Score:
+Score: 10

$Name: Sagittarius 3		;! Object #40
$Display Name: XSTR("Sagittarius 3", 5982)
$Class: GVB Sekhmet
$Team: Hostile
$Location: 1504.199097, 0.000001, 13927.447266
$Orientation:
	-0.991731, 0.000000, 0.128334,
	-0.000018, 1.000000, -0.000141,
	-0.128334, -0.000142, -0.991731
$AI Behavior: None
$Cargo 1:  XSTR("Nothing", 13)
+Initial Velocity: 33
+Initial Hull: 100
+Subsystem: Pilot
$Arrival Location: Hyperspace
$Arrival Cue: ( false ) 
$Departure Location: Hyperspace
$Departure Cue: ( false ) 
$Determination: 10
+Flags: ( "cargo-known" )
+Flags2: ( )
+Respawn priority: 0
+Group: 0
+Use Table Score:
+Score: 10

$Name: Sagittarius 4		;! Object #41
$Display Name: XSTR("Sagittarius 4", 6236)
$Class: GVB Sekhmet
$Team: Hostile
$Location: 1438.779785, -0.000006, 13911.581055
$Orientation:
	-0.992294, 0.000000, 0.123905,
	-0.000018, 1.000000, -0.000141,
	-0.123905, -0.000142, -0.992294
$AI Behavior: None
$Cargo 1:  XSTR("Nothing", 13)
+Initial Velocity: 33
+Initial Hull: 100
+Subsystem: Pilot
$Arrival Location: Hyperspace
$Arrival Cue: ( false ) 
$Departure Location: Hyperspace
$Departure Cue: ( false ) 
$Determination: 10
+Flags: ( "cargo-known" )
+Flags2: ( )
+Respawn priority: 0
+Group: 0
+Use Table Score:
+Score: 10

$Name: Leo 5		;! Object #42
$Display Name: XSTR("Leo 5", 6310)
$Class: GVF Horus
$Team: Hostile
$Location: 1163.800049, 0.000000, 13966.700195
$Orientation:
	-0.994557, 0.000000, 0.104194,
	-0.000015, 1.000000, -0.000141,
	-0.104194, -0.000142, -0.994557
$AI Behavior: None
$Cargo 1:  XSTR("Nothing", 13)
+Initial Velocity: 33
+Initial Hull: 100
+Subsystem: Pilot
$Arrival Location: Hyperspace
$Arrival Cue: ( false ) 
$Departure Location: Hyperspace
$Departure Cue: ( false ) 
$Determination: 10
+Flags: ( "cargo-known" )
+Flags2: ( )
+Respawn priority: 0
+Group: 0
+Use Table Score:
+Score: 10

$Name: Leo 6		;! Object #43
$Display Name: XSTR("Leo 6", 6311)
$Class: GVF Horus
$Team: Hostile
$Location: 1152.099976, 0.000000, 13929.599609
$Orientation:
	-0.994614, 0.000000, 0.103644,
	-0.000015, 1.000000, -0.000141,
	-0.103644, -0.000142, -0.994614
$AI Behavior: None
$Cargo 1:  XSTR("Nothing", 13)
+Initial Velocity: 33
+Initial Hull: 100
+Subsystem: Pilot
$Arrival Location: Hyperspace
$Arrival Cue: ( false ) 
$Departure Location: Hyperspace
$Departure Cue: ( false ) 
$Determination: 10
+Flags: ( "cargo-known" )
+Flags2: ( )
+Respawn priority: 0
+Group: 0
+Use Table Score:
+Score: 10

#Wings		;! 10 total

$Name: Alpha
$Waves: 1
$Wave Threshold: 0
$Special Ship: 0		;! Alpha 1

$Arrival Location: Hyperspace
$Arrival Cue: ( true ) 
$Departure Location: Hyperspace
$Departure Cue: ( false ) 
$Ships: (		;! 1 total
	"Alpha 1"
)
+Hotkey: 0
+Flags: ( )

$Name: Phi
$Waves: 1
$Wave Threshold: 0
$Special Ship: 0		;! Phi 1

$Arrival Location: Hyperspace
$Arrival Cue: ( true ) 
$Departure Location: Hyperspace
$Departure Cue: ( and 
   ( < 
      ( distance "JumpNode:1" "Phi" ) 
      500 
   )
   ( is-event-true-delay "everyrun" 0 ) 
)
$Ships: (		;! 4 total
	"Phi 1"
	"Phi 2"
	"Phi 3"
	"Phi 4"
)
$AI Goals: ( goals ( ai-guard "Persistence" 50 ) )
+Flags: ( )

$Name: Virgo
$Waves: 2
$Wave Threshold: 0
$Special Ship: 0		;! Virgo 1

$Arrival Location: In front of ship
+Arrival Distance: 1392
$Arrival Anchor: Persistence
$Arrival Cue: ( is-event-true-delay "begintalk" 55 ) 
$Departure Location: Hyperspace
$Departure Cue: ( has-arrived-delay 0 "Reitsek" ) 
$Ships: (		;! 4 total
	"Virgo 1"
	"Virgo 2"
	"Virgo 3"
	"Virgo 4"
)
$AI Goals: ( goals ( ai-chase-any 50 ) )
+Flags: ( )
+Wave Delay Min: 5
+Wave Delay Max: 10

$Name: Capricorn
$Waves: 2
$Wave Threshold: 0
$Special Ship: 0		;! Capricorn 1

$Arrival Location: Near Ship
+Arrival Distance: 1268
$Arrival Anchor: <any friendly>
$Arrival Cue: ( is-event-true-delay "aikhet2" 42 ) 
$Departure Location: Hyperspace
$Departure Cue: ( has-arrived-delay 0 "Reitsek" ) 
$Ships: (		;! 4 total
	"Capricorn 1"
	"Capricorn 2"
	"Capricorn 3"
	"Capricorn 4"
)
$AI Goals: ( goals ( ai-chase-any 50 ) )
+Flags: ( )
+Wave Delay Min: 7
+Wave Delay Max: 11

$Name: Scorpio
$Waves: 2
$Wave Threshold: 0
$Special Ship: 0		;! Scorpio 1

$Arrival Location: In front of ship
+Arrival Distance: 1298
$Arrival Anchor: Persistence
$Arrival Cue: ( is-destroyed-delay 12 "Capricorn" ) 
$Departure Location: Hyperspace
$Departure Cue: ( has-arrived-delay 0 "Reitsek" ) 
$Ships: (		;! 4 total
	"Scorpio 1"
	"Scorpio 2"
	"Scorpio 3"
	"Scorpio 4"
)
$AI Goals: ( goals ( ai-chase-any 50 ) )
+Flags: ( )
+Wave Delay Min: 5
+Wave Delay Max: 10

$Name: Cancer
$Waves: 2
$Wave Threshold: 0
$Special Ship: 0		;! Cancer 1

$Arrival Location: In front of ship
+Arrival Distance: 2300
$Arrival Anchor: Persistence
$Arrival Cue: ( < 
   ( distance 
      "Persistence" 
      "BigMcWaypoint:1" 
   )
   9000 
)
$Departure Location: Hyperspace
$Departure Cue: ( has-arrived-delay 0 "Reitsek" ) 
$Ships: (		;! 4 total
	"Cancer 1"
	"Cancer 2"
	"Cancer 3"
	"Cancer 4"
)
$AI Goals: ( goals ( ai-chase "Persistence" 50 ) )
+Flags: ( )
+Wave Delay Min: 6
+Wave Delay Max: 12

$Name: Aries
$Waves: 3
$Wave Threshold: 0
$Special Ship: 0		;! Aries 1

$Arrival Location: Near Ship
+Arrival Distance: 3120
$Arrival Anchor: Persistence
$Arrival Cue: ( is-event-true-delay 
   "persistence" 
   14 
)
$Departure Location: Hyperspace
$Departure Cue: ( is-destroyed-delay 
   1 
   "Sadjin" 
   "Reitsek" 
)
$Ships: (		;! 4 total
	"Aries 1"
	"Aries 2"
	"Aries 3"
	"Aries 4"
)
$AI Goals: ( goals ( ai-chase "Persistence" 50 ) )
+Flags: ( )
+Wave Delay Min: 7
+Wave Delay Max: 14

$Name: Gemini
$Waves: 4
$Wave Threshold: 0
$Special Ship: 0		;! Gemini 1

$Arrival Location: Near Ship
+Arrival Distance: 1198
$Arrival Anchor: Persistence
$Arrival Cue: ( is-event-true-delay "persistence" 8 ) 
$Departure Location: Hyperspace
$Departure Cue: ( is-destroyed-delay 
   1 
   "Sadjin" 
   "Reitsek" 
)
$Ships: (		;! 4 total
	"Gemini 1"
	"Gemini 2"
	"Gemini 3"
	"Gemini 4"
)
$AI Goals: ( goals ( ai-chase-any 50 ) )
+Flags: ( )
+Wave Delay Min: 5
+Wave Delay Max: 11

$Name: Leo
$Waves: 50
$Wave Threshold: 0
$Special Ship: 0		;! Leo 1

$Arrival Location: Docking Bay
+Arrival Distance: 0
$Arrival Anchor: Aikhet
$Arrival Cue: ( is-event-true-delay "timer" 0 ) 
$Departure Location: Hyperspace
$Departure Cue: ( false ) 
$Ships: (		;! 6 total
	"Leo 1"
	"Leo 2"
	"Leo 3"
	"Leo 4"
	"Leo 5"
	"Leo 6"
)
$AI Goals: ( goals ( ai-chase-any 50 ) )
+Flags: ( )
+Wave Delay Min: 8
+Wave Delay Max: 12

$Name: Sagittarius
$Waves: 4
$Wave Threshold: 0
$Special Ship: 0		;! Sagittarius 1

$Arrival Location: Near Ship
+Arrival Distance: 3243
$Arrival Anchor: Persistence
$Arrival Cue: ( is-destroyed-delay 
   14 
   "Aries" 
   "Gemini" 
)
$Departure Location: Hyperspace
$Departure Cue: ( false ) 
$Ships: (		;! 4 total
	"Sagittarius 1"
	"Sagittarius 2"
	"Sagittarius 3"
	"Sagittarius 4"
)
+Flags: ( )
+Wave Delay Min: 6
+Wave Delay Max: 12

#Events		;! 38 total

$Formula: ( when 
   ( true ) 
   ( break-warp "Alpha 1" ) 
)
+Name: breakwearp
+Repeat Count: 1
+Interval: 1
+Team: 0

$Formula: ( when 
   ( has-time-elapsed 14 ) 
   ( send-message-list 
      "Persistence" 
      "High" 
      "Persistence_1" 
      0 
      "Alpha 3" 
      "High" 
      "Alpha3_1" 
      4000 
      "Phi 2" 
      "High" 
      "Phi2_1" 
      13000 
      "Alpha 3" 
      "High" 
      "Alpha3_2" 
      4000 
      "Phi 4" 
      "High" 
      "Phi4_1" 
      4000 
      "Alpha 3" 
      "High" 
      "Alpha3_3" 
      4000 
      "Phi 1" 
      "High" 
      "Phi1_1" 
      6000 
   )
)
+Name: begintalk
+Repeat Count: 1
+Interval: 1
+Team: 0

$Formula: ( when 
   ( has-arrived-delay 0 "Virgo" ) 
   ( send-message 
      "Phi 2" 
      "High" 
      "Phi2_2" 
   )
)
+Name: virgoarrive
+Repeat Count: 1
+Interval: 1
+Team: 0

$Formula: ( when 
   ( has-arrived-delay 4 "Aikhet" ) 
   ( send-message-list 
      "Persistence" 
      "High" 
      "Persistence_2" 
      0 
   )
   ( protect-ship "Aikhet" ) 
   ( beam-protect-ship "Aikhet" ) 
)
+Name: aikhetarrive
+Repeat Count: 1
+Interval: 1
+Team: 0

$Formula: ( when 
   ( and 
      ( has-arrived-delay 23 "Aikhet" ) 
      ( is-destroyed-delay 0 "Virgo" ) 
   )
