#Mission Info

$Version: 0.10
$Name:  XSTR("Till the End...", 5740)
$Author: Ransom Arceihn
$Created: 04/11/04 at 17:12:11
$Modified: 05/24/17 at 13:16:15
$Notes:
This is a FRED2_OPEN created mission.
$End Notes:

$Mission Desc:
 XSTR("Get the GTCv Tether to the jump node before the pirates claim her.
", 5741)
$end_multi_text
+Game Type Flags: 1
+Flags: 133182
+NebAwacs: 10000.000000

+Storm: s_medium

+Fog Near Mult: 1.000000

+Fog Far Mult: 1.000000

+Disallow Support: 1
+Hull Repair Ceiling: 0.000000
+Subsystem Repair Ceiling: 0.000000

+Viewer pos: 60.808701, 1021.265625, 3868.814209
+Viewer orient:
	1.000000, -0.000001, 0.000988,
	-0.000194, 0.980346, 0.197284,
	-0.000969, -0.197284, 0.980346


$AI Profile: FS2 RETAIL

#Command Briefing

#Briefing
$start_briefing
$num_stages: 2
$start_stage
$multi_text
 XSTR("We're detecting signatures some distance away. They're closing in on the Tether fast and appear to be hostile. The strange thing is they're Terran. We're not sure how this is possible. Nobody is aware of our location, and we certainly have no idea why pirates would target us out here.", 5742)
$end_multi_text
$voice: none.wav
$camera_pos: 50.981991, 262.409760, -6363.859375
$camera_orient:
	-0.999946, -0.000001, -0.010430,
	0.001381, 0.991183, -0.132493,
	0.010338, -0.132500, -0.991129
$camera_time: 500
$num_lines: 0
$num_icons: 2
$Flags: 0
$Formula: ( true ) 
$start_icon
$type: 28
$team: Friendly
$class: GTCv Deimos
$pos: 74.909668, 0.000402, -7730.952148
$label: XSTR("Tether", 5743)
+id: 1
$hlight: 0
$mirror: 0
$multi_text
$end_multi_text
$end_icon
$start_icon
$type: 20
$team: Hostile
$class: GTF Hercules
$pos: 35.843597, -5.000531, -14873.515625
$label: XSTR("Unknown", 99)
+id: 2
$hlight: 1
$mirror: 0
$multi_text
$end_multi_text
$end_icon
$end_stage
$start_stage
$multi_text
 XSTR("We're almost out of this place, pilots. The node in this system appears to be an uncharted node to Ikeya according to our data. With any luck, this is the end of our journey. Mercenaries, your job is to investigate these signatures immediately and engage if necessary. If they are pirates, we can probably expect more, so be on your guard. Once we're back in GTVA space, we should be safe, but until then...", 5744)
$end_multi_text
$voice: none.wav
$camera_pos: 73.140144, 169.621475, -8613.351563
$camera_orient:
	0.999853, -0.000001, 0.017117,
	-0.002267, 0.991183, 0.132481,
	-0.016966, -0.132500, 0.991038
$camera_time: 500
$num_lines: 0
$num_icons: 3
$Flags: 0
$Formula: ( true ) 
$start_icon
$type: 28
$team: Friendly
$class: GTCv Deimos
$pos: 74.909668, 0.000402, -7730.952148
$label: XSTR("Tether", 5743)
+id: 1
$hlight: 0
$mirror: 0
$multi_text
$end_multi_text
$end_icon
$start_icon
$type: 20
$team: Hostile
$class: GTF Hercules
$pos: 35.843597, -5.000531, -14873.515625
$label: XSTR("Unknown", 99)
+id: 2
$hlight: 0
$mirror: 0
$multi_text
$end_multi_text
$end_icon
$start_icon
$type: 33
$team: Friendly
$class: GTF Ulysses
$pos: -5.264232, 0.003470, 10015.915039
$label: XSTR("Ikeya Node", 5745)
+id: 3
$hlight: 0
$mirror: 0
$multi_text
$end_multi_text
$end_icon
$end_stage
$end_briefing

#Debriefing_info

$Num stages: 1

$Formula: ( or 
   ( has-departed-delay 0 "Tether" ) 
   ( has-departed-delay 0 "Arkhel" ) 
)
$Multi text
    XSTR("You failed to jump through the node ahead of the corvettes. Unable to withstand the larger vessels traveling through it, the node collapsed with you stranded on the other side of the node, cut off from any help or contact. Without the aid of a capital ship and its crew, your hopes dim and your probability of survival becomes miniscule.", 5746)
$end_multi_text
$Voice: none.wav
$Recommendation text:
    XSTR("", 10)
$end_multi_text

#Players		;! 1 total

$Starting Shipname: Alpha 1
$Ship Choices: (
	"GTF Hercules"	5
)

+Weaponry Pool: (
	"Subach HL-7"	21
	"Subach HL-D"	16
	"Mekhu HL-7"	16
	"Mekhu HL-7D"	16
	"Akheton SDG"	16
	"Morning Star"	16
	"MorningStar D"	16
	"Prometheus R"	13
	"Prometheus S"	16
	"Prometheus D"	16
	"Maxim"	16
	"Maxim D"	16
	"UD-8 Kayser"	16
	"UD-D Kayser"	16
	"Circe"	16
	"Lamprey"	16
	"Rockeye"	620
	"Rockeye D"	500
	"Tempest"	500
	"Tempest D"	500
	"Hornet"	320
	"Hornet D"	500
	"Tornado"	452
	"Tornado D"	500
	"Harpoon"	420
	"Harpoon D"	500
	"Trebuchet"	500
	"TAG-A"	500
	"TAG-B"	500
	"TAG-C"	500
	"Piranha"	500
	"Stiletto II"	500
	"Infyrno"	500
	"Infyrno D"	500
	"Cyclops"	500
	"Cyclops#short"	500
	"Helios"	500
	"EMP Adv."	500
)

#Objects		;! 71 total

$Name: Alpha 1		;! Object #0
$Display Name: XSTR("Alpha 1", 5747)
$Class: GTF Hercules
$Team: Friendly
$Location: 0.000000, 0.000000, -8500.200195
$Orientation:
	-1.000000, 0.000000, 0.000000,
	0.000000, 1.000000, 0.000000,
	0.000000, 0.000000, -1.000000
$AI Behavior: Stay Near
$Cargo 1:  XSTR("Nothing", 13)
+Initial Hull: 100
+Subsystem: Pilot
+Primary Banks: ( "Subach HL-7" "Subach HL-7" )
+Secondary Banks: ( "Rockeye" "Rockeye" )
$Arrival Location: Hyperspace
$Arrival Cue: ( false ) 
$Departure Location: Hyperspace
$Departure Cue: ( false ) 
$Determination: 10
+Flags: ( "cargo-known" "player-start" )
+Flags2: ( )
+Respawn priority: 0
+Group: 0
+Score: 8

$Name: Tether		;! Object #1
$Display Name: XSTR("Tether", 5743)
$Class: GTCv Deimos
$Team: Friendly
$Location: 74.909668, 0.000402, -7730.952148
$Orientation:
	0.999954, 0.000000, 0.009545,
	0.000000, 1.000000, 0.000000,
	-0.009545, 0.000000, 0.999954
$AI Behavior: Stay Near
$AI Goals: ( goals ( ai-waypoints-once "Waypoint path 3" 50 ) )
$Cargo 1:  XSTR("Nothing", 13)
+Initial Hull: 87
+Initial Shields: 100
+Subsystem: Pilot
+Subsystem: turret01
+Subsystem: turret02
+Subsystem: turret03
+Subsystem: turret04
+Subsystem: turret05
+Subsystem: turret06
+Subsystem: turret07
+Subsystem: turret08
+Subsystem: turret09
+Subsystem: turret10
+Subsystem: turret11
+Subsystem: turret12
+Subsystem: turret13
+Subsystem: turret14
+Subsystem: turret15
+Subsystem: turret16
+Subsystem: turret17
+Subsystem: turret18
+Subsystem: turret19
+Subsystem: turret20
+Subsystem: turret21
+Subsystem: turret22
+Subsystem: turret23
+Subsystem: turret24
+Subsystem: turret25
+Subsystem: turret26
$Arrival Location: Hyperspace
$Arrival Cue: ( true ) 
$Departure Location: Hyperspace
$Departure Cue: ( < 
   ( distance 
      "Tether" 
      "Waypoint path 1:1" 
   )
   700 
)
$Determination: 10
+Flags: ( "cargo-known" "no-shields" "escort" )
+Flags2: ( )
+Respawn priority: 0
+Escort priority: 50
+Orders Accepted: 0		;! note that this is a bitfield!!!
+Group: 0
+Score: 100
$Texture Replace:
+old: nameplate
+new: Tether-trans

$Name: Beta 1		;! Object #2
$Display Name: XSTR("Beta 1", 5748)
$Class: GTF Loki
$Team: Friendly
$Location: 322.912720, 49.999973, -7735.181641
$Orientation:
	1.000000, 0.000000, 0.000000,
	0.000000, 1.000000, 0.000000,
	0.000000, 0.000000, 1.000000
$AI Behavior: None
$Cargo 1:  XSTR("Nothing", 13)
+Initial Velocity: 33
+Initial Hull: 100
+Subsystem: Pilot
$Arrival Location: Hyperspace
$Arrival Cue: ( false ) 
$Departure Location: Hyperspace
$Departure Cue: ( false ) 
$Determination: 10
+Flags: ( "cargo-known" )
+Flags2: ( )
+Respawn priority: 0
+Group: 0
+Use Table Score:
+Score: 7

$Name: Beta 2		;! Object #3
$Display Name: XSTR("Beta 2", 5749)
$Class: GTF Loki
$Team: Friendly
$Location: 374.000000, 100.000000, -7888.100098
$Orientation:
	1.000000, 0.000000, 0.000000,
	0.000000, 1.000000, 0.000000,
	0.000000, 0.000000, 1.000000
$AI Behavior: None
$Cargo 1:  XSTR("Nothing", 13)
+Initial Velocity: 33
+Initial Hull: 100
+Subsystem: Pilot
$Arrival Location: Hyperspace
$Arrival Cue: ( false ) 
$Departure Location: Hyperspace
$Departure Cue: ( false ) 
$Determination: 10
+Flags: ( "cargo-known" )
+Flags2: ( )
+Respawn priority: 0
+Group: 0
+Use Table Score:
+Score: 7

$Name: Omega 1		;! Object #4
$Display Name: XSTR("Omega 1", 5750)
$Class: GTF Hercules
$Team: Hostile
$Location: 0.000000, 0.000000, -14838.500000
$Orientation:
	1.000000, 0.000000, 0.000000,
	0.000000, 1.000000, 0.000000,
	0.000000, 0.000000, 1.000000
$AI Behavior: None
+AI Class: General
$AI Goals: ( goals ( ai-chase "Alpha 1" 50 ) )
$Cargo 1:  XSTR("Nothing", 13)
+Initial Velocity: 33
+Initial Hull: 100
+Subsystem: Pilot
$Arrival Location: Hyperspace
$Arrival Cue: ( false ) 
$Departure Location: Hyperspace
$Departure Cue: ( false ) 
$Determination: 10
+Flags: ( "cargo-known" "hidden-from-sensors" "special-warp" )
+Flags2: ( )
+Respawn priority: 0
+Group: 0
+Use Table Score:
+Score: 10

$Name: Omega 2		;! Object #5
$Display Name: XSTR("Omega 2", 5751)
$Class: GTF Hercules
$Team: Hostile
$Location: 35.843597, -5.000531, -14873.515625
$Orientation:
	1.000000, 0.000000, 0.000000,
	0.000000, 1.000000, 0.000000,
	0.000000, 0.000000, 1.000000
$AI Behavior: None
+AI Class: General
$AI Goals: ( goals ( ai-chase "Alpha 2" 50 ) )
$Cargo 1:  XSTR("Nothing", 13)
+Initial Velocity: 33
+Initial Hull: 100
+Subsystem: Pilot
$Arrival Location: Hyperspace
$Arrival Cue: ( false ) 
$Departure Location: Hyperspace
$Departure Cue: ( false ) 
$Determination: 10
+Flags: ( "cargo-known" "hidden-from-sensors" "special-warp" )
+Flags2: ( )
+Respawn priority: 0
+Group: 0
+Use Table Score:
+Score: 10

$Name: Omega 3		;! Object #6
$Display Name: XSTR("Omega 3", 5752)
$Class: GTF Hercules
$Team: Hostile
$Location: -34.556396, 4.999469, -14869.714844
$Orientation:
	1.000000, 0.000000, 0.000000,
	0.000000, 1.000000, 0.000000,
	0.000000, 0.000000, 1.000000
$AI Behavior: None
+AI Class: General
$AI Goals: ( goals ( ai-chase "Alpha 3" 50 ) )
$Cargo 1:  XSTR("Nothing", 13)
+Initial Velocity: 33
+Initial Hull: 100
+Subsystem: Pilot
$Arrival Location: Hyperspace
$Arrival Cue: ( false ) 
$Departure Location: Hyperspace
$Departure Cue: ( false ) 
$Determination: 10
+Flags: ( "cargo-known" "hidden-from-sensors" "special-warp" )
+Flags2: ( )
+Respawn priority: 0
+Group: 0
+Use Table Score:
+Score: 10

$Name: Omega 4		;! Object #7
$Display Name: XSTR("Omega 4", 5753)
$Class: GTF Hercules
$Team: Hostile
$Location: -0.056396, 19.999470, -14887.316406
$Orientation:
	1.000000, 0.000000, 0.000000,
	0.000000, 1.000000, 0.000000,
	0.000000, 0.000000, 1.000000
$AI Behavior: None
+AI Class: General
$AI Goals: ( goals ( ai-chase "Alpha 4" 50 ) )
$Cargo 1:  XSTR("Nothing", 13)
+Initial Velocity: 33
+Initial Hull: 100
+Subsystem: Pilot
$Arrival Location: Hyperspace
$Arrival Cue: ( false ) 
$Departure Location: Hyperspace
$Departure Cue: ( false ) 
$Determination: 10
+Flags: ( "cargo-known" "hidden-from-sensors" "special-warp" )
+Flags2: ( )
+Respawn priority: 0
+Group: 0
+Use Table Score:
+Score: 10

$Name: Theta 1		;! Object #8
$Display Name: XSTR("Theta 1", 5754)
$Class: GTF Hercules
$Team: Hostile
$Location: -440.200012, 200.000000, -8697.400391
$Orientation:
	0.408830, 0.000000, -0.912611,
	0.349544, 0.923742, 0.156588,
	0.843017, -0.383015, 0.377653
$AI Behavior: None
$Cargo 1:  XSTR("Nothing", 13)
+Initial Velocity: 33
+Initial Hull: 100
+Subsystem: Pilot
$Arrival Location: Hyperspace
$Arrival Cue: ( false ) 
$Departure Location: Hyperspace
$Departure Cue: ( false ) 
$Determination: 10
+Flags: ( "cargo-known" )
+Flags2: ( )
+Respawn priority: 0
+Group: 0
+Use Table Score:
+Score: 10

$Name: Theta 2		;! Object #9
$Display Name: XSTR("Theta 2", 5755)
$Class: GTF Hercules
$Team: Hostile
$Location: -510.766418, 200.000031, -8781.994141
$Orientation:
	0.483067, 0.000000, -0.875584,
	0.283969, 0.945948, 0.156668,
	0.828256, -0.324319, 0.456956
$AI Behavior: None
$Cargo 1:  XSTR("Nothing", 13)
+Initial Velocity: 100
+Initial Hull: 100
+Subsystem: Pilot
$Arrival Location: Hyperspace
$Arrival Cue: ( false ) 
$Departure Location: Hyperspace
$Departure Cue: ( false ) 
$Determination: 10
+Flags: ( "cargo-known" "hidden-from-sensors" )
+Flags2: ( )
+Respawn priority: 0
+Group: 0
+Use Table Score:
+Score: 10

$Name: Theta 3		;! Object #10
$Display Name: XSTR("Theta 3", 5756)
$Class: GTF Hercules
$Team: Hostile
$Location: -424.446106, 200.000015, -8827.837891
$Orientation:
	0.611046, 0.000000, -0.791595,
	0.276647, 0.936943, 0.213549,
	0.741679, -0.349481, 0.572516
$AI Behavior: None
$Cargo 1:  XSTR("Nothing", 13)
+Initial Velocity: 100
+Initial Hull: 100
+Subsystem: Pilot
$Arrival Location: Hyperspace
$Arrival Cue: ( false ) 
$Departure Location: Hyperspace
$Departure Cue: ( false ) 
$Determination: 10
+Flags: ( "cargo-known" "hidden-from-sensors" )
+Flags2: ( )
+Respawn priority: 0
+Group: 0
+Use Table Score:
+Score: 10

$Name: Eta 1		;! Object #11
$Display Name: XSTR("Eta 1", 5757)
$Class: GTF Hercules
$Team: Hostile
$Location: -353.273499, 299.999756, -8416.035156
$Orientation:
	-0.231757, 0.000000, -0.972774,
	0.619538, 0.770965, -0.147601,
	0.749974, -0.636878, -0.178676
$AI Behavior: Stay Near
$Cargo 1:  XSTR("Nothing", 13)
+Initial Hull: 100
+Subsystem: Pilot
$Arrival Location: Hyperspace
$Arrival Cue: ( false ) 
$Departure Location: Hyperspace
$Departure Cue: ( false ) 
$Determination: 10
+Flags: ( "cargo-known" )
+Flags2: ( )
+Respawn priority: 0
+Group: 0
+Use Table Score:
+Score: 10

$Name: Eta 2		;! Object #12
$Display Name: XSTR("Eta 2", 5758)
$Class: GTF Hercules
$Team: Hostile
$Location: -229.138672, 299.999756, -8311.562500
$Orientation:
	-0.635577, 0.000000, -0.772037,
	0.548834, 0.703302, -0.451826,
	0.542976, -0.710891, -0.447003
$AI Behavior: Stay Near
$Cargo 1:  XSTR("Nothing", 13)
+Initial Hull: 100
+Subsystem: Pilot
$Arrival Location: Hyperspace
$Arrival Cue: ( false ) 
$Departure Location: Hyperspace
$Departure Cue: ( false ) 
$Determination: 10
+Flags: ( "cargo-known" "hidden-from-sensors" )
+Flags2: ( )
+Respawn priority: 0
+Group: 0
+Use Table Score:
+Score: 10

$Name: Eta 3		;! Object #13
$Display Name: XSTR("Eta 3", 5759)
$Class: GTF Hercules
$Team: Hostile
$Location: -341.194641, 299.999756, -8189.947266
$Orientation:
	-0.672763, 0.000000, -0.739858,
	0.403445, 0.838241, -0.366858,
	0.620179, -0.545300, -0.563937
$AI Behavior: Stay Near
$Cargo 1:  XSTR("Nothing", 13)
+Initial Hull: 100
+Subsystem: Pilot
$Arrival Location: Hyperspace
$Arrival Cue: ( false ) 
$Departure Location: Hyperspace
$Departure Cue: ( false ) 
$Determination: 10
+Flags: ( "cargo-known" "hidden-from-sensors" )
+Flags2: ( )
+Respawn priority: 0
+Group: 0
+Use Table Score:
+Score: 10

$Name: Zeta 1		;! Object #14
$Display Name: XSTR("Zeta 1", 5760)
$Class: GTF Myrmidon
$Team: Friendly
$Location: 914.754456, -500.000549, -7764.511230
$Orientation:
	-0.626711, 0.000000, 0.779252,
	0.305365, 0.920021, 0.245589,
	-0.716928, 0.391869, -0.576587
$AI Behavior: Stay Near
$Cargo 1:  XSTR("Nothing", 13)
+Initial Hull: 100
+Subsystem: Pilot
$Arrival Location: Hyperspace
$Arrival Cue: ( false ) 
$Departure Location: Hyperspace
$Departure Cue: ( false ) 
$Determination: 10
+Flags: ( "cargo-known" "invulnerable" )
+Flags2: ( )
+Respawn priority: 0
+Orders Accepted: 0		;! note that this is a bitfield!!!
+Group: 0
+Score: 8

$Name: Zeta 2		;! Object #15
$Display Name: XSTR("Zeta 2", 5761)
$Class: GTF Myrmidon
$Team: Friendly
$Location: 1105.351440, -500.000549, -7602.253418
$Orientation:
	-0.630529, 0.000000, 0.776166,
	0.257121, 0.943536, 0.208876,
	-0.732340, 0.331271, -0.594926
$AI Behavior: Stay Near
$Cargo 1:  XSTR("Nothing", 13)
+Initial Hull: 100
+Subsystem: Pilot
$Arrival Location: Hyperspace
$Arrival Cue: ( false ) 
$Departure Location: Hyperspace
$Departure Cue: ( false ) 
$Determination: 10
+Flags: ( "cargo-known" "hidden-from-sensors" )
+Flags2: ( )
+Respawn priority: 0
+Orders Accepted: 0		;! note that this is a bitfield!!!
+Group: 0
+Score: 8

$Name: Zeta 3		;! Object #16
$Display Name: XSTR("Zeta 3", 5762)
$Class: GTF Myrmidon
$Team: Friendly
$Location: 793.182434, -500.000549, -7519.134277
$Orientation:
	-0.777638, 0.000000, 0.628713,
	0.231644, 0.929651, 0.286515,
	-0.584483, 0.368442, -0.722931
$AI Behavior: Stay Near
$Cargo 1:  XSTR("Nothing", 13)
+Initial Hull: 100
+Subsystem: Pilot
$Arrival Location: Hyperspace
$Arrival Cue: ( false ) 
$Departure Location: Hyperspace
$Departure Cue: ( false ) 
$Determination: 10
+Flags: ( "cargo-known" "hidden-from-sensors" )
+Flags2: ( )
+Respawn priority: 0
+Orders Accepted: 0		;! note that this is a bitfield!!!
+Group: 0
+Score: 8

$Name: Arkhel		;! Object #17
$Display Name: XSTR("Arkhel", 5763)
$Class: GVCv Sobek
$Team: Friendly
$Location: -7180.375000, 400.001953, -3762.367676
$Orientation:
	0.948032, 0.000000, -0.318175,
	0.041252, 0.991560, 0.122914,
	0.315489, -0.129652, 0.940030
$AI Behavior: None
$AI Goals: ( goals ( ai-waypoints-once "Waypoint path 2" 50 ) )
$Cargo 1:  XSTR("Nothing", 13)
+Initial Velocity: 33
+Initial Hull: 89
+Initial Shields: 100
+Subsystem: Pilot
+Subsystem: turret01
+Subsystem: turret02
+Subsystem: turret03
+Subsystem: turret04
+Subsystem: turret05
+Subsystem: turret06
+Subsystem: turret07
+Subsystem: turret08
+Subsystem: turret09
+Subsystem: turret10
+Subsystem: turret11
+Subsystem: turret12
+Subsystem: turret13
+Subsystem: turret14
+Subsystem: turret15
+Subsystem: turret16
+Subsystem: turret17
+Subsystem: turret18
+Subsystem: turret19
+Subsystem: turret20
+Subsystem: turret21
+Subsystem: turret22
$Arrival Location: Hyperspace
$Arrival Cue: ( is-event-true-delay "calmdown" 20 ) 
$Departure Location: Hyperspace
$Departure Cue: ( are-waypoints-done-delay 
   "Arkhel" 
   "Waypoint path 2" 
   0 
)
$Determination: 10
+Flags: ( "cargo-known" "no-shields" "escort" )
+Flags2: ( )
+Respawn priority: 0
+Escort priority: 40
+Orders Accepted: 0		;! note that this is a bitfield!!!
+Group: 0
+Use Table Score:
+Score: 400

$Name: Aries 1		;! Object #18
$Display Name: XSTR("Aries 1", 5764)
$Class: GVF Serapis
$Team: Friendly
$Location: -7571.971680, 400.000031, -3745.641602
$Orientation:
	1.000000, 0.000000, 0.000000,
	0.000000, 1.000000, 0.000000,
	0.000000, 0.000000, 1.000000
$AI Behavior: None
$Cargo 1:  XSTR("Nothing", 13)
+Initial Velocity: 33
+Initial Hull: 100
+Subsystem: Pilot
$Arrival Location: Hyperspace
$Arrival Cue: ( false ) 
$Departure Location: Hyperspace
$Departure Cue: ( false ) 
$Determination: 10
+Flags: ( "cargo-known" )
+Flags2: ( )
+Respawn priority: 0
+Orders Accepted: 0		;! note that this is a bitfield!!!
+Group: 0
+Use Table Score:
+Score: 12

$Name: Aries 2		;! Object #19
$Display Name: XSTR("Aries 2", 5765)
$Class: GVF Serapis
$Team: Friendly
$Location: -7467.818359, 400.000000, -3659.986328
$Orientation:
	1.000000, 0.000000, 0.000000,
	0.000000, 1.000000, 0.000000,
	0.000000, 0.000000, 1.000000
$AI Behavior: None
$Cargo 1:  XSTR("Nothing", 13)
+Initial Velocity: 33
+Initial Hull: 100
+Subsystem: Pilot
$Arrival Location: Hyperspace
$Arrival Cue: ( false ) 
$Departure Location: Hyperspace
$Departure Cue: ( false ) 
$Determination: 10
+Flags: ( "cargo-known" )
+Flags2: ( )
+Respawn priority: 0
+Orders Accepted: 0		;! note that this is a bitfield!!!
+Group: 0
+Use Table Score:
+Score: 12

$Name: Aries 3		;! Object #20
$Display Name: XSTR("Aries 3", 5766)
$Class: GVF Serapis
$Team: Friendly
$Location: -7547.345703, 399.999969, -3795.589355
$Orientation:
	1.000000, 0.000000, 0.000000,
	0.000000, 1.000000, 0.000000,
	0.000000, 0.000000, 1.000000
$AI Behavior: None
$Cargo 1:  XSTR("Nothing", 13)
+Initial Velocity: 33
+Initial Hull: 100
+Subsystem: Pilot
$Arrival Location: Hyperspace
$Arrival Cue: ( false ) 
$Departure Location: Hyperspace
$Departure Cue: ( false ) 
$Determination: 10
+Flags: ( "cargo-known" )
+Flags2: ( )
+Respawn priority: 0
+Orders Accepted: 0		;! note that this is a bitfield!!!
+Group: 0
+Use Table Score:
+Score: 12

$Name: Aries 4		;! Object #21
$Display Name: XSTR("Aries 4", 5767)
$Class: GVF Serapis
$Team: Friendly
$Location: -7631.381836, 399.999878, -3703.819580
$Orientation:
	1.000000, 0.000000, 0.000000,
	0.000000, 1.000000, 0.000000,
	0.000000, 0.000000, 1.000000
$AI Behavior: None
$Cargo 1:  XSTR("Nothing", 13)
+Initial Velocity: 33
+Initial Hull: 100
+Subsystem: Pilot
$Arrival Location: Hyperspace
$Arrival Cue: ( false ) 
$Departure Location: Hyperspace
$Departure Cue: ( false ) 
$Determination: 10
+Flags: ( "cargo-known" )
+Flags2: ( )
+Respawn priority: 0
+Orders Accepted: 0		;! note that this is a bitfield!!!
+Group: 0
+Use Table Score:
+Score: 12

$Name: Unknown Fighter		;! Object #22
$Display Name: XSTR("Unknown Fighter", 5768)
$Class: GTF Pegasus
$Team: Unknown
$Location: -957.099976, 0.000000, 7283.500000
$Orientation:
	0.944179, 0.000000, -0.329433,
	0.000000, 1.000000, 0.000000,
	0.329433, 0.000000, 0.944179
$AI Behavior: None
$AI Goals: ( goals ( ai-waypoints-once "Waypoint path 3" 50 ) )
$Cargo 1:  XSTR("Nothing", 13)
+Initial Velocity: 33
+Initial Hull: 100
+Subsystem: Pilot
$Arrival Location: Hyperspace
$Arrival Cue: ( < 
   ( distance 
      "Waypoint path 3:1" 
      "Tether" 
   )
   5000 
)
$Departure Location: Hyperspace
$Departure Cue: ( are-waypoints-done-delay 
   "Unknown Fighter" 
   "Waypoint path 3" 
   0 
)
$Determination: 10
+Flags: ( "cargo-known" "hidden-from-sensors" "stealth" )
+Flags2: ( )
+Respawn priority: 0
+Orders Accepted: 0		;! note that this is a bitfield!!!
+Group: 0
+Use Table Score:
+Score: 10

$Name: Alpha 2		;! Object #23
$Display Name: XSTR("Alpha 2", 5769)
$Class: GTF Hercules
$Team: Friendly
$Location: 35.799999, -5.000000, -8491.500000
$Orientation:
	-1.000000, 0.000000, -0.000018,
	0.000000, 1.000000, 0.000000,
	0.000018, 0.000000, -1.000000
$AI Behavior: None
$AI Goals: ( goals ( ai-chase "Omega 2" 50 ) )
$Cargo 1:  XSTR("Nothing", 13)
+Initial Hull: 100
+Subsystem: Pilot
+Primary Banks: ( "Subach HL-7" "Subach HL-7" )
+Secondary Banks: ( "Rockeye" "Rockeye" )
$Arrival Location: Hyperspace
$Arrival Cue: ( false ) 
$Departure Location: Hyperspace
$Departure Cue: ( false ) 
$Determination: 10
+Flags: ( "cargo-known" )
+Flags2: ( )
+Respawn priority: 0
+Group: 0
+Use Table Score:
+Score: 10

$Name: Alpha 3		;! Object #24
$Display Name: XSTR("Alpha 3", 5770)
$Class: GTF Hercules
$Team: Friendly
$Location: -34.599998, 5.000000, -8478.700195
$Orientation:
	-1.000000, 0.000000, -0.000018,
	0.000000, 1.000000, 0.000000,
	0.000018, 0.000000, -1.000000
$AI Behavior: None
$AI Goals: ( goals ( ai-chase "Omega 3" 50 ) )
$Cargo 1:  XSTR("Nothing", 13)
+Initial Hull: 100
+Subsystem: Pilot
+Primary Banks: ( "Subach HL-7" "Subach HL-7" )
+Secondary Banks: ( "Rockeye" "Rockeye" )
$Arrival Location: Hyperspace
$Arrival Cue: ( false ) 
$Departure Location: Hyperspace
$Departure Cue: ( false ) 
$Determination: 10
+Flags: ( "cargo-known" )
+Flags2: ( )
+Respawn priority: 0
+Group: 0
+Use Table Score:
+Score: 10

$Name: Alpha 4		;! Object #25
$Display Name: XSTR("Alpha 4", 5771)
$Class: GTF Hercules
$Team: Friendly
$Location: -0.100000, 20.000000, -8441.200195
$Orientation:
	-1.000000, 0.000000, -0.000018,
	0.000000, 1.000000, 0.000000,
	0.000018, 0.000000, -1.000000
$AI Behavior: None
$AI Goals: ( goals ( ai-chase "Omega 4" 50 ) )
$Cargo 1:  XSTR("Nothing", 13)
+Initial Hull: 100
+Subsystem: Pilot
+Primary Banks: ( "Subach HL-7" "Subach HL-7" )
+Secondary Banks: ( "Rockeye" "Rockeye" )
$Arrival Location: Hyperspace
$Arrival Cue: ( false ) 
$Departure Location: Hyperspace
$Departure Cue: ( false ) 
$Determination: 10
+Flags: ( "cargo-known" )
+Flags2: ( )
+Respawn priority: 0
+Group: 0
+Use Table Score:
+Score: 10

$Name: Iota 1		;! Object #26
$Display Name: XSTR("Iota 1", 5772)
$Class: GTF Hercules
$Team: Hostile
$Location: -234.498840, 150.000000, -8082.811035
$Orientation:
	-0.871828, 0.000000, -0.489813,
	0.146446, 0.954258, -0.260662,
	0.467408, -0.298983, -0.831949
$AI Behavior: None
$Cargo 1:  XSTR("Nothing", 13)
+Initial Velocity: 33
+Initial Hull: 100
+Subsystem: Pilot
$Arrival Location: Hyperspace
$Arrival Cue: ( false ) 
$Departure Location: Hyperspace
$Departure Cue: ( false ) 
$Determination: 10
+Flags: ( "cargo-known" )
+Flags2: ( )
+Respawn priority: 0
+Group: 0
+Use Table Score:
+Score: 10

$Name: Iota 2		;! Object #27
$Display Name: XSTR("Iota 2", 5773)
$Class: GTF Hercules
$Team: Hostile
$Location: -305.067200, 150.000031, -8167.372559
$Orientation:
	-0.737181, 0.000000, -0.675695,
	0.213040, 0.948995, -0.232426,
	0.641231, -0.315290, -0.699582
$AI Behavior: None
$Cargo 1:  XSTR("Nothing", 13)
+Initial Velocity: 100
+Initial Hull: 100
+Subsystem: Pilot
$Arrival Location: Hyperspace
$Arrival Cue: ( false ) 
$Departure Location: Hyperspace
$Departure Cue: ( false ) 
$Determination: 10
+Flags: ( "cargo-known" "hidden-from-sensors" )
+Flags2: ( )
+Respawn priority: 0
+Group: 0
+Use Table Score:
+Score: 10

$Name: Iota 3		;! Object #28
$Display Name: XSTR("Iota 3", 5774)
$Class: GTF Hercules
$Team: Hostile
$Location: -218.746887, 150.000015, -8213.212891
$Orientation:
	-0.795312, 0.000000, -0.606201,
	0.232687, 0.923398, -0.305276,
	0.559765, -0.383844, -0.734389
$AI Behavior: None
$Cargo 1:  XSTR("Nothing", 13)
+Initial Velocity: 100
+Initial Hull: 100
+Subsystem: Pilot
$Arrival Location: Hyperspace
$Arrival Cue: ( false ) 
$Departure Location: Hyperspace
$Departure Cue: ( false ) 
$Determination: 10
+Flags: ( "cargo-known" "hidden-from-sensors" )
+Flags2: ( )
+Respawn priority: 0
+Group: 0
+Use Table Score:
+Score: 10

$Name: Kappa 1		;! Object #29
$Display Name: XSTR("Kappa 1", 5775)
$Class: GTF Hercules
$Team: Hostile
$Location: -163.498840, 100.000092, -7448.217773
$Orientation:
	-0.988137, 0.000000, -0.153576,
	0.014362, 0.995617, -0.092410,
	0.152903, -0.093519, -0.983806
$AI Behavior: None
$Cargo 1:  XSTR("Nothing", 13)
+Initial Velocity: 33
+Initial Hull: 100
+Subsystem: Pilot
$Arrival Location: Hyperspace
$Arrival Cue: ( false ) 
$Departure Location: Hyperspace
$Departure Cue: ( false ) 
$Determination: 10
+Flags: ( "cargo-known" )
+Flags2: ( )
+Respawn priority: 0
+Group: 0
+Use Table Score:
+Score: 10

$Name: Kappa 2		;! Object #30
$Display Name: XSTR("Kappa 2", 5776)
$Class: GTF Hercules
$Team: Hostile
$Location: -114.311340, 149.999390, -7528.404785
$Orientation:
	-0.993153, 0.000000, -0.116824,
	0.017702, 0.988453, -0.150488,
	0.115475, -0.151526, -0.981685
$AI Behavior: None
$Cargo 1:  XSTR("Nothing", 13)
+Initial Velocity: 33
+Initial Hull: 100
+Subsystem: Pilot
$Arrival Location: Hyperspace
$Arrival Cue: ( false ) 
$Departure Location: Hyperspace
$Departure Cue: ( false ) 
$Determination: 10
+Flags: ( "cargo-known" "hidden-from-sensors" )
+Flags2: ( )
+Respawn priority: 0
+Group: 0
+Use Table Score:
+Score: 10

$Name: Kappa 3		;! Object #31
$Display Name: XSTR("Kappa 3", 5777)
$Class: GTF Hercules
$Team: Hostile
$Location: -74.369934, 149.999542, -7390.811523
$Orientation:
	-0.997761, 0.000000, -0.066887,
	0.008942, 0.991022, -0.133396,
	0.066286, -0.133695, -0.988803
$AI Behavior: None
$Cargo 1:  XSTR("Nothing", 13)
+Initial Velocity: 33
+Initial Hull: 100
+Subsystem: Pilot
$Arrival Location: Hyperspace
$Arrival Cue: ( false ) 
$Departure Location: Hyperspace
$Departure Cue: ( false ) 
$Determination: 10
+Flags: ( "cargo-known" "hidden-from-sensors" )
+Flags2: ( )
+Respawn priority: 0
+Group: 0
+Use Table Score:
+Score: 10

$Name: Lambda 1		;! Object #32
$Display Name: XSTR("Lambda 1", 5778)
$Class: GTF Hercules
$Team: Hostile
$Location: -863.502869, 500.000244, -7052.124023
$Orientation:
	-0.858888, 0.000000, -0.512164,
	0.145620, 0.958729, -0.244201,
	0.491026, -0.284322, -0.823440
$AI Behavior: None
$Cargo 1:  XSTR("Nothing", 13)
+Initial Velocity: 33
+Initial Hull: 100
+Subsystem: Pilot
$Arrival Location: Hyperspace
$Arrival Cue: ( false ) 
$Departure Location: Hyperspace
$Departure Cue: ( false ) 
$Determination: 10
+Flags: ( "cargo-known" )
+Flags2: ( )
+Respawn priority: 0
+Group: 0
+Use Table Score:
+Score: 10

$Name: Lambda 2		;! Object #33
$Display Name: XSTR("Lambda 2", 5779)
$Class: GTF Hercules
$Team: Hostile
$Location: -820.789978, 500.000183, -6986.342773
$Orientation:
	-0.879101, 0.000000, -0.476635,
	0.132903, 0.960339, -0.245125,
	0.457731, -0.278836, -0.844235
$AI Behavior: None
$Cargo 1:  XSTR("Nothing", 13)
+Initial Velocity: 33
+Initial Hull: 100
+Subsystem: Pilot
$Arrival Location: Hyperspace
$Arrival Cue: ( false ) 
$Departure Location: Hyperspace
$Departure Cue: ( false ) 
$Determination: 10
+Flags: ( "cargo-known" "hidden-from-sensors" )
+Flags2: ( )
+Respawn priority: 0
+Group: 0
+Use Table Score:
+Score: 10

$Name: Lambda 3		;! Object #34
$Display Name: XSTR("Lambda 3", 5780)
$Class: GTF Hercules
$Team: Hostile
$Location: -912.178650, 500.000183, -6987.342773
$Orientation:
	-0.856376, 0.000000, -0.516353,
	0.140621, 0.962203, -0.233221,
	0.496836, -0.272335, -0.824007
$AI Behavior: None
$Cargo 1:  XSTR("Nothing", 13)
+Initial Velocity: 33
+Initial Hull: 100
+Subsystem: Pilot
$Arrival Location: Hyperspace
$Arrival Cue: ( false ) 
$Departure Location: Hyperspace
$Departure Cue: ( false ) 
$Determination: 10
+Flags: ( "cargo-known" "hidden-from-sensors" )
+Flags2: ( )
+Respawn priority: 0
+Group: 0
+Use Table Score:
+Score: 10

$Name: Mu 1		;! Object #35
$Display Name: XSTR("Mu 1", 5781)
$Class: GTF Hercules
$Team: Hostile
$Location: -880.100586, 300.000244, -6285.218262
$Orientation:
	-0.929327, 0.000000, -0.369259,
	0.046114, 0.992171, -0.116058,
	0.366368, -0.124884, -0.922051
$AI Behavior: None
$Cargo 1:  XSTR("Nothing", 13)
+Initial Velocity: 33
+Initial Hull: 100
+Subsystem: Pilot
$Arrival Location: Hyperspace
$Arrival Cue: ( false ) 
$Departure Location: Hyperspace
$Departure Cue: ( false ) 
$Determination: 10
+Flags: ( "cargo-known" )
+Flags2: ( )
+Respawn priority: 0
+Group: 0
+Use Table Score:
+Score: 10

$Name: Mu 2		;! Object #36
$Display Name: XSTR("Mu 2", 5782)
$Class: GTF Hercules
$Team: Hostile
$Location: -822.407166, 300.000244, -6109.531250
$Orientation:
	-0.945612, 0.000000, -0.325297,
	0.038332, 0.993033, -0.111427,
	0.323031, -0.117836, -0.939024
$AI Behavior: None
$Cargo 1:  XSTR("Nothing", 13)
+Initial Velocity: 33
+Initial Hull: 100
+Subsystem: Pilot
$Arrival Location: Hyperspace
$Arrival Cue: ( false ) 
$Departure Location: Hyperspace
$Departure Cue: ( false ) 
$Determination: 10
+Flags: ( "cargo-known" "hidden-from-sensors" )
+Flags2: ( )
+Respawn priority: 0
+Group: 0
+Use Table Score:
+Score: 10

$Name: Mu 3		;! Object #37
$Display Name: XSTR("Mu 3", 5783)
$Class: GTF Hercules
$Team: Hostile
$Location: -930.768555, 300.000183, -6080.437500
$Orientation:
	-0.933334, 0.000000, -0.359010,
	0.041267, 0.993372, -0.107284,
	0.356630, -0.114947, -0.927147
$AI Behavior: None
$Cargo 1:  XSTR("Nothing", 13)
+Initial Velocity: 33
+Initial Hull: 100
+Subsystem: Pilot
$Arrival Location: Hyperspace
$Arrival Cue: ( false ) 
$Departure Location: Hyperspace
$Departure Cue: ( false ) 
$Determination: 10
+Flags: ( "cargo-known" "hidden-from-sensors" )
+Flags2: ( )
+Respawn priority: 0
+Group: 0
+Use Table Score:
+Score: 10

$Name: Nu 1		;! Object #38
$Display Name: XSTR("Nu 1", 5784)
$Class: GTF Hercules
$Team: Hostile
$Location: -559.899231, 400.000244, -6288.312012
$Orientation:
	-0.969424, 0.000000, -0.245392,
	0.042374, 0.984978, -0.167398,
	0.241706, -0.172678, -0.954862
$AI Behavior: None
$Cargo 1:  XSTR("Nothing", 13)
+Initial Velocity: 33
+Initial Hull: 100
+Subsystem: Pilot
$Arrival Location: Hyperspace
$Arrival Cue: ( false ) 
$Departure Location: Hyperspace
$Departure Cue: ( false ) 
$Determination: 10
+Flags: ( "cargo-known" )
+Flags2: ( )
+Respawn priority: 0
+Group: 0
+Use Table Score:
+Score: 10

$Name: Nu 2		;! Object #39
$Display Name: XSTR("Nu 2", 5785)
$Class: GTF Hercules
$Team: Hostile
$Location: -540.039856, 400.000183, -6211.062500
$Orientation:
	-0.973282, 0.000000, -0.229611,
	0.038497, 0.985844, -0.163183,
	0.226361, -0.167662, -0.959505
$AI Behavior: None
$Cargo 1:  XSTR("Nothing", 13)
+Initial Velocity: 33
+Initial Hull: 100
+Subsystem: Pilot
$Arrival Location: Hyperspace
$Arrival Cue: ( false ) 
$Departure Location: Hyperspace
$Departure Cue: ( false ) 
$Determination: 10
+Flags: ( "cargo-known" "hidden-from-sensors" )
+Flags2: ( )
+Respawn priority: 0
+Group: 0
+Use Table Score:
+Score: 10

$Name: Nu 3		;! Object #40
$Display Name: XSTR("Nu 3", 5786)
$Class: GTF Hercules
$Team: Hostile
$Location: -609.973450, 400.000244, -6177.187500
$Orientation:
	-0.967212, 0.000000, -0.253969,
	0.041723, 0.986413, -0.158895,
	0.250519, -0.164282, -0.954071
$AI Behavior: None
$Cargo 1:  XSTR("Nothing", 13)
+Initial Velocity: 33
+Initial Hull: 100
+Subsystem: Pilot
$Arrival Location: Hyperspace
$Arrival Cue: ( false ) 
$Departure Location: Hyperspace
$Departure Cue: ( false ) 
$Determination: 10
+Flags: ( "cargo-known" "hidden-from-sensors" )
+Flags2: ( )
+Respawn priority: 0
+Group: 0
+Use Table Score:
+Score: 10

$Name: Xi 1		;! Object #41
$Display Name: XSTR("Xi 1", 5787)
$Class: GTF Hercules
$Team: Hostile
$Location: -565.073486, 199.999741, -7336.834961
$Orientation:
	-0.899505, 0.000000, -0.436910,
	0.066769, 0.988254, -0.137464,
	0.431778, -0.152822, -0.888939
$AI Behavior: None
$Cargo 1:  XSTR("Nothing", 13)
+Initial Velocity: 33
+Initial Hull: 100
+Subsystem: Pilot
$Arrival Location: Hyperspace
$Arrival Cue: ( false ) 
$Departure Location: Hyperspace
$Departure Cue: ( false ) 
$Determination: 10
+Flags: ( "cargo-known" )
+Flags2: ( )
+Respawn priority: 0
+Group: 0
+Use Table Score:
+Score: 10

$Name: Xi 2		;! Object #42
$Display Name: XSTR("Xi 2", 5788)
$Class: GTF Hercules
$Team: Hostile
$Location: -480.386627, 199.999832, -7104.394531
$Orientation:
	-0.945566, 0.000000, -0.325430,
	0.043692, 0.990946, -0.126952,
	0.322484, -0.134260, -0.937005
$AI Behavior: None
$Cargo 1:  XSTR("Nothing", 13)
+Initial Velocity: 33
+Initial Hull: 100
+Subsystem: Pilot
$Arrival Location: Hyperspace
$Arrival Cue: ( false ) 
$Departure Location: Hyperspace
$Departure Cue: ( false ) 
$Determination: 10
+Flags: ( "cargo-known" "hidden-from-sensors" )
+Flags2: ( )
+Respawn priority: 0
+Group: 0
+Use Table Score:
+Score: 10

$Name: Xi 3		;! Object #43
$Display Name: XSTR("Xi 3", 5789)
$Class: GTF Hercules
$Team: Hostile
$Location: -640.487549, 199.999802, -7127.219238
$Orientation:
	-0.906243, 0.000000, -0.422757,
	0.055329, 0.991399, -0.118605,
	0.419121, -0.130875, -0.898448
$AI Behavior: None
$Cargo 1:  XSTR("Nothing", 13)
+Initial Velocity: 33
+Initial Hull: 100
+Subsystem: Pilot
$Arrival Location: Hyperspace
$Arrival Cue: ( false ) 
$Departure Location: Hyperspace
$Departure Cue: ( false ) 
$Determination: 10
+Flags: ( "cargo-known" "hidden-from-sensors" )
+Flags2: ( )
+Respawn priority: 0
+Group: 0
+Use Table Score:
+Score: 10

$Name: Omicron 1		;! Object #44
$Display Name: XSTR("Omicron 1", 5790)
$Class: GTF Hercules
$Team: Hostile
$Location: -349.299622, 100.000092, -6684.124023
$Orientation:
	-0.982001, 0.000000, -0.188876,
	0.010198, 0.998541, -0.053022,
	0.188600, -0.053994, -0.980569
$AI Behavior: None
$Cargo 1:  XSTR("Nothing", 13)
+Initial Velocity: 33
+Initial Hull: 100
+Subsystem: Pilot
$Arrival Location: Hyperspace
$Arrival Cue: ( false ) 
$Departure Location: Hyperspace
$Departure Cue: ( false ) 
$Determination: 10
+Flags: ( "cargo-known" )
+Flags2: ( )
+Respawn priority: 0
+Group: 0
+Use Table Score:
+Score: 10

$Name: Omicron 2		;! Object #45
$Display Name: XSTR("Omicron 2", 5791)
$Class: GTF Hercules
$Team: Hostile
$Location: -308.907043, 100.000122, -6542.999512
$Orientation:
	-0.987773, 0.000000, -0.155901,
	0.007858, 0.998729, -0.049788,
	0.155703, -0.050405, -0.986517
$AI Behavior: None
$Cargo 1:  XSTR("Nothing", 13)
+Initial Velocity: 33
+Initial Hull: 100
+Subsystem: Pilot
$Arrival Location: Hyperspace
$Arrival Cue: ( false ) 
$Departure Location: Hyperspace
$Departure Cue: ( false ) 
$Determination: 10
+Flags: ( "cargo-known" "hidden-from-sensors" )
+Flags2: ( )
+Respawn priority: 0
+Group: 0
+Use Table Score:
+Score: 10

$Name: Omicron 3		;! Object #46
$Display Name: XSTR("Omicron 3", 5792)
$Class: GTF Hercules
$Team: Hostile
$Location: -414.035950, 100.000137, -6534.624512
$Orientation:
	-0.978527, 0.000000, -0.206120,
	0.010249, 0.998763, -0.048654,
	0.205865, -0.049722, -0.977316
$AI Behavior: None
$Cargo 1:  XSTR("Nothing", 13)
+Initial Velocity: 33
+Initial Hull: 100
+Subsystem: Pilot
$Arrival Location: Hyperspace
$Arrival Cue: ( false ) 
$Departure Location: Hyperspace
$Departure Cue: ( false ) 
$Determination: 10
+Flags: ( "cargo-known" "hidden-from-sensors" )
+Flags2: ( )
+Respawn priority: 0
+Group: 0
+Use Table Score:
+Score: 10

$Name: Pi 1		;! Object #47
$Display Name: XSTR("Pi 1", 5793)
$Class: GTF Hercules
$Team: Hostile
$Location: -681.473511, 399.999756, -6125.235352
$Orientation:
	-0.961212, 0.000000, -0.275811,
	0.044077, 0.987148, -0.153611,
	0.272266, -0.159810, -0.948858
$AI Behavior: None
$Cargo 1:  XSTR("Nothing", 13)
+Initial Velocity: 33
+Initial Hull: 100
+Subsystem: Pilot
$Arrival Location: Hyperspace
$Arrival Cue: ( false ) 
$Departure Location: Hyperspace
$Departure Cue: ( false ) 
$Determination: 10
+Flags: ( "cargo-known" )
+Flags2: ( )
+Respawn priority: 0
+Group: 0
+Use Table Score:
+Score: 10

$Name: Pi 2		;! Object #48
$Display Name: XSTR("Pi 2", 5794)
$Class: GTF Hercules
$Team: Hostile
$Location: -640.055542, 399.999756, -5973.297852
$Orientation:
	-0.969386, 0.000000, -0.245542,
	0.037243, 0.988430, -0.147032,
	0.242701, -0.151675, -0.958171
$AI Behavior: None
$Cargo 1:  XSTR("Nothing", 13)
+Initial Velocity: 33
+Initial Hull: 100
+Subsystem: Pilot
$Arrival Location: Hyperspace
$Arrival Cue: ( false ) 
$Departure Location: Hyperspace
$Departure Cue: ( false ) 
$Determination: 10
+Flags: ( "cargo-known" "hidden-from-sensors" )
+Flags2: ( )
+Respawn priority: 0
+Group: 0
+Use Table Score:
+Score: 10

$Name: Pi 3		;! Object #49
$Display Name: XSTR("Pi 3", 5795)
$Class: GTF Hercules
$Team: Hostile
$Location: -722.606384, 399.999756, -5980.297852
$Orientation:
	-0.961258, 0.000000, -0.275650,
	0.041579, 0.988558, -0.144997,
	0.272496, -0.150841, -0.950259
$AI Behavior: None
$Cargo 1:  XSTR("Nothing", 13)
+Initial Velocity: 33
+Initial Hull: 100
+Subsystem: Pilot
$Arrival Location: Hyperspace
$Arrival Cue: ( false ) 
$Departure Location: Hyperspace
$Departure Cue: ( false ) 
$Determination: 10
+Flags: ( "cargo-known" "hidden-from-sensors" )
+Flags2: ( )
+Respawn priority: 0
+Group: 0
+Use Table Score:
+Score: 10

$Name: Rho 1		;! Object #50
$Display Name: XSTR("Rho 1", 5796)
$Class: GTF Hercules
$Team: Hostile
$Location: -296.173523, 299.999756, -6085.135254
$Orientation:
	-0.992564, 0.000000, -0.121724,
	0.014895, 0.992485, -0.121460,
	0.120809, -0.122370, -0.985104
$AI Behavior: None
$Cargo 1:  XSTR("Nothing", 13)
+Initial Velocity: 33
+Initial Hull: 100
+Subsystem: Pilot
$Arrival Location: Hyperspace
$Arrival Cue: ( false ) 
$Departure Location: Hyperspace
$Departure Cue: ( false ) 
$Determination: 10
+Flags: ( "cargo-known" )
+Flags2: ( )
+Respawn priority: 0
+Group: 0
+Use Table Score:
+Score: 10

$Name: Rho 2		;! Object #51
$Display Name: XSTR("Rho 2", 5797)
$Class: GTF Hercules
$Team: Hostile
$Location: -341.110138, 299.999695, -5941.229980
$Orientation:
	-0.991232, 0.000000, -0.132131,
	0.015252, 0.993316, -0.114418,
	0.131248, -0.115430, -0.984607
$AI Behavior: None
$Cargo 1:  XSTR("Nothing", 13)
+Initial Velocity: 33
+Initial Hull: 100
+Subsystem: Pilot
$Arrival Location: Hyperspace
$Arrival Cue: ( false ) 
$Departure Location: Hyperspace
$Departure Cue: ( false ) 
$Determination: 10
+Flags: ( "cargo-known" "hidden-from-sensors" )
+Flags2: ( )
+Respawn priority: 0
+Group: 0
+Use Table Score:
+Score: 10

$Name: Rho 3		;! Object #52
$Display Name: XSTR("Rho 3", 5798)
$Class: GTF Hercules
$Team: Hostile
$Location: -259.613403, 299.999695, -5960.312988
$Orientation:
	-0.994817, 0.000000, -0.101685,
	0.011867, 0.993167, -0.116095,
	0.100990, -0.116700, -0.988019
$AI Behavior: None
$Cargo 1:  XSTR("Nothing", 13)
+Initial Velocity: 33
+Initial Hull: 100
+Subsystem: Pilot
$Arrival Location: Hyperspace
$Arrival Cue: ( false ) 
$Departure Location: Hyperspace
$Departure Cue: ( false ) 
$Determination: 10
+Flags: ( "cargo-known" "hidden-from-sensors" )
+Flags2: ( )
+Respawn priority: 0
+Group: 0
+Use Table Score:
+Score: 10

$Name: Sigma 1		;! Object #53
$Display Name: XSTR("Sigma 1", 5799)
$Class: GTF Hercules
$Team: Hostile
$Location: -531.500000, 300.000000, -6430.200195
$Orientation:
	-0.968582, 0.000000, -0.248696,
	0.034572, 0.990291, -0.134644,
