#Mission Info

$Version: 0.10
$Name:  XSTR("Mixed Blessing", 6277)
$Author: Blaise Russel
$Created: 09/01/03 at 20:12:27
$Modified: 06/27/22 at 13:25:04
$Notes:
This is a FRED created mission
$End Notes:

$Mission Desc:
 XSTR("Put mission description here
", 5719)
$end_multi_text
+Game Type Flags: 1
+Flags: 0
+Fog Near Mult: 1.000000

+Fog Far Mult: 1.000000

+Disallow Support: 0
+Hull Repair Ceiling: 0.000000
+Subsystem Repair Ceiling: 100.000000
+All Teams Attack

+Player Entry Delay:
1.000000

+Viewer pos: -2.396741, 1258.191772, -960.713562
+Viewer orient:
	-1.000000, 0.000000, -0.000518,
	0.000245, 0.881152, -0.472833,
	0.000456, -0.472833, -0.881152


$Skybox Model: ABelt_sky.pof

$AI Profile: INFERNO

#Sexp_variables

$Variables:
(
		0		"autoGenVar1"		"RMC Fenris"		"string"
		1		"autoGenVar2"		"RMC Leviathan"		"string"
		2		"autoGenVar3"		"JCC Fenris"		"string"
		3		"autoGenVar4"		"JCC Leviathan"		"string"
		4		"autoGenVar5"		"JFr Chronos Twin Turret"		"string"
		5		"autoGenVar6"		"JAC 1 Armed"		"string"
		6		"autoGenVar7"		"RMFr Chronos"		"string"
		7		"autoGenVar8"		"RMC 1 Armed"		"string"
		8		"autoGenVar9"		"RMFr Poseidon"		"string"
		9		"autoGenVar10"		"JFr Poseidon"		"string"
		10		"autoGenVar11"		"MRF Apollo"		"string"
		11		"autoGenVar12"		"MRF Valkyrie"		"string"
		12		"autoGenVar13"		"MRF Hercules"		"string"
		13		"autoGenVar14"		"MRB Apollo"		"string"
		14		"autoGenVar15"		"JCF Hercules"		"string"
		15		"autoGenVar16"		"JCF Valkyrie"		"string"
		16		"autoGenVar17"		"JCT Elysium"		"string"
		17		"autoGenVar18"		"JCB Athena"		"string"
		18		"autoGenVar19"		"#Command"		"string"
)

#Command Briefing

#Briefing
$start_briefing
$num_stages: 2
$start_stage
$multi_text
 XSTR("The $Y United $Y Refining $Y Company maintains a gas refining complex near the Belt.  This facility processes ice and other asteroid material into fuels and supplies critical to sustaining a fleet.  It is essential that this facility does not fall into $r Martian hands.

$g Command's current plan is to bleed the $r Martians white. If we can secure this complex we can help prevent a serious Martian offensive against $g Earth, and so we'll buy ourselves a little time to engage their fleet around Mars.", 6278)
$end_multi_text
$voice: EAC1M8br_01.ogg
$camera_pos: -2.396741, 1258.191772, -960.713562
$camera_orient:
	-1.000000, 0.000000, -0.000518,
	0.000518, -0.008610, -0.999963,
	-0.000005, -0.999963, 0.008610
$camera_time: 500
$num_lines: 0
$num_icons: 1
$Flags: 0
$Formula: ( true ) 
$start_icon
$type: 15
$team: Friendly
$class: Gas Refinery
$pos: -0.088798, -0.000033, -952.192078
$label:  XSTR("United Refining", 6279)
+id: 1
$hlight: 1
$mirror: 0
$multi_text
$end_multi_text
$end_icon
$end_stage
$start_stage
$multi_text
 XSTR("Your assignment is to ensure that the $r Martian fleet does not occupy the refineries.  Remember, pilots, that this is a civilian facility.  It has no defences at present, and there are no military personnel aboard. Any boarding by Martian marines would be catastrophic.

 $g Alpha will fly $b Hercules heavy assault fighters,  while $g Beta will fly Apollos as we suspect you will engage more fighters than you will cruisers.

 $g Command will inform you when you may leave.", 6280)
$end_multi_text
$voice: EAC1M8br_02.ogg
$camera_pos: -2.396741, 1258.191772, -960.713562
$camera_orient:
	-1.000000, 0.000000, -0.000518,
	0.000518, -0.008610, -0.999963,
	-0.000005, -0.999963, 0.008610
$camera_time: 500
$num_lines: 0
$num_icons: 5
$Flags: 0
$Formula: ( true ) 
$start_icon
$type: 4
$team: Hostile
$class: GTC Fenris
$pos: -287.426880, 0.000000, -836.875610
$label:  XSTR("RMC Cruisers", 6281)
+id: 2
$hlight: 0
$mirror: 1
$multi_text
$end_multi_text
$end_icon
$start_icon
$type: 1
$team: Hostile
$class: GTF Valkyrie
$pos: 355.910126, -0.000027, -1049.086914
$label:  XSTR("Fighters", 6282)
+id: 3
$hlight: 0
$mirror: 0
$multi_text
$end_multi_text
$end_icon
$start_icon
$type: 1
$team: Hostile
$class: GTF Apollo
$pos: -236.627869, 0.000000, -1077.611084
$label:  XSTR("Fighters", 6282)
+id: 4
$hlight: 0
$mirror: 0
$multi_text
$end_multi_text
$end_icon
$start_icon
$type: 27
$team: Hostile
$class: GTT Elysium
$pos: 288.811157, 0.000000, -821.896362
$label:  XSTR("Capture Craft", 6283)
+id: 5
$hlight: 0
$mirror: 0
$multi_text
$end_multi_text
$end_icon
$start_icon
$type: 15
$team: Friendly
$class: Gas Refinery
$pos: -0.088798, -0.000033, -952.192078
$label:  XSTR("United Refining", 6279)
+id: 1
$hlight: 0
$mirror: 0
$multi_text
$end_multi_text
$end_icon
$end_stage
$end_briefing

#Debriefing_info

$Num stages: 3

$Formula: ( or 
   ( and 
      ( is-event-false-delay 
         "EveryoneDead" 
         0 
      )
      ( is-event-false-delay 
         "JOviansBoard" 
         0 
      )
   )
   ( and 
      ( has-arrived-delay 0 "Delta" ) 
      ( is-event-false-delay 
         "EveryoneDead" 
         0 
      )
   )
)
$Multi text
    XSTR("You departed without authorisation, pilot. Right now, we need competent pilots who do the job and do it well, not cowards who bottle out at the drop of a hat. For dereliction of duty, you are hereby grounded and stripped of your wings. Get out of my sight, civilian.", 5828)
$end_multi_text
$Voice: EAC1AWOL_DBR.ogg
$Recommendation text:
    XSTR("Wait for authorisation before returning to base.", 5829)
$end_multi_text

$Formula: ( is-event-true-delay 
   "JOviansBoard" 
   0 
)
$Multi text
    XSTR("Alpha, your failure to follow orders and remain near the facility cost us the mission.  The $r Jovians had transports waiting to pounce the moment they thought the facility's fighter cover had been compromised.  There will be no way to get them off of the complex without damaging it beyond repair.  You stand grounded until further notice!", 6284)
$end_multi_text
$Voice: EAC1M8dbr_01.ogg
$Recommendation text:
    XSTR("Do not move away from the refinery complex without authorisation to do so.", 6285)
$end_multi_text

$Formula: ( is-event-true-delay 
   "EveryoneDead" 
   0 
)
$Multi text
    XSTR("Good job in keeping the refinery complex clear of hostiles.  We've been able to send reinforcing elements to secure the area.  We had not anticipated such a strong Jovian presence.

It seems that their attack was more than a mere scouting operation, such as those done by Jovian ships previously sighted around Mars or just an attempt to destroy the facility. This was part of a full-scale invasion of Mars by Jupiter. Normally we would celebrate, seeing as it appears one rebel power has just destroyed another, but Command suspects that the Jovian objective was not simple conquest. You and the rest of 1st Fleet will be briefed on the situation more fully when more information becomes available.

In the meantime, Command has called off all offensive operations on both the Martian and Venusian fronts. For the moment, Command wants us to take a breather while we wait and see what's going on on Mars.", 6286)
$end_multi_text
$Voice: EAC1M8dbr_02.ogg
$Recommendation text:
    XSTR("", 5831)
$end_multi_text


#Players		;! 1 total

$Starting Shipname: Alpha 1
$Ship Choices: (
	"GTF Ulysses"	5
	"GTF Valkyrie"	5
	"GTF Hercules"	5
	"GTB Medusa"	5
	"GTB Ursa"	5
)

+Weaponry Pool: (
	"Avenger"	6
	"Prometheus"	21
	"Avenger II"	27
	"Fury"	620
	"Interceptor"	550
	"Hornet"	700
	"Phoenix V"	508
	"Stiletto"	500
	"Tsunami"	500
)

#Objects		;! 73 total

$Name: Alpha 1		;! Object #0
$Display Name: XSTR("Alpha 1", 5735)
$Class: GTF Hercules
$Team: Friendly
$Location: 670.076843, -41.299561, 3179.725586
$Orientation:
	-0.999933, 0.000000, -0.011593,
	0.000000, 1.000000, 0.000000,
	0.011593, 0.000000, -0.999933
$AI Behavior: None
$Cargo 1:  XSTR("Nothing", 5736)
+Initial Velocity: 33
+Initial Hull: 100
+Subsystem: Pilot
+Primary Banks: ( "Avenger II" "Prometheus" )
+Secondary Banks: ( "Phoenix V" "Fury" )
$Arrival Location: Hyperspace
$Arrival Cue: ( false ) 
$Departure Location: Hyperspace
$Departure Cue: ( false ) 
$Determination: 10
+Flags: ( "cargo-known" "player-start" )
+Flags2: ( )
+Respawn priority: 0
+Group: 0
+Score: 8

$Name: Alpha 2		;! Object #1
$Display Name: XSTR("Alpha 2", 5737)
$Class: GTF Hercules
$Team: Friendly
$Location: 768.927734, -41.298382, 3280.072510
$Orientation:
	-0.999933, 0.000000, -0.011593,
	0.000000, 1.000000, 0.000000,
	0.011593, 0.000000, -0.999933
$AI Behavior: None
$Cargo 1:  XSTR("Nothing", 5736)
+Initial Velocity: 33
+Initial Hull: 100
+Subsystem: Pilot
+Primary Banks: ( "Avenger II" "Prometheus" )
$Arrival Location: Hyperspace
$Arrival Cue: ( false ) 
$Departure Location: Hyperspace
$Departure Cue: ( false ) 
$Determination: 10
+Flags: ( "cargo-known" )
+Flags2: ( )
+Respawn priority: 0
+Special Hitpoints: 350
+Special Shield Points: 800
+Group: 0
+Score: 8
+Persona Index: 0

$Name: Alpha 3		;! Object #2
$Display Name: XSTR("Alpha 3", 5738)
$Class: GTF Hercules
$Team: Friendly
$Location: 568.117493, -41.298401, 3278.662109
$Orientation:
	-0.999933, 0.000000, -0.011593,
	0.000000, 1.000000, 0.000000,
	0.011593, 0.000000, -0.999933
$AI Behavior: None
$Cargo 1:  XSTR("Nothing", 5736)
+Initial Velocity: 33
+Initial Hull: 100
+Subsystem: Pilot
+Primary Banks: ( "Avenger II" "Prometheus" )
$Arrival Location: Hyperspace
$Arrival Cue: ( false ) 
$Departure Location: Hyperspace
$Departure Cue: ( false ) 
$Determination: 10
+Flags: ( "cargo-known" )
+Flags2: ( )
+Respawn priority: 0
+Group: 0
+Score: 8
+Persona Index: 8

$Name: Beta 1		;! Object #3
$Display Name: XSTR("Beta 1", 5740)
$Class: GTF Apollo
$Team: Friendly
$Location: 312.442261, 175.868164, 3342.817383
$Orientation:
	-0.999933, 0.000000, -0.011593,
	0.000000, 1.000000, 0.000000,
	0.011593, 0.000000, -0.999933
$AI Behavior: None
$Cargo 1:  XSTR("Nothing", 5736)
+Initial Hull: 100
+Subsystem: Pilot
+Primary Banks: ( "Avenger II" "Prometheus" )
$Arrival Location: Hyperspace
$Arrival Cue: ( false ) 
$Departure Location: Hyperspace
$Departure Cue: ( false ) 
$Determination: 10
+Flags: ( "cargo-known" )
+Flags2: ( )
+Respawn priority: 0
+Orders Accepted: 0		;! note that this is a bitfield!!!
+Group: 0
+Score: 12
+Persona Index: 1

$Name: Beta 2		;! Object #4
$Display Name: XSTR("Beta 2", 5741)
$Class: GTF Apollo
$Team: Friendly
$Location: 411.775696, 175.868179, 3445.441895
$Orientation:
	-0.999933, 0.000000, -0.011593,
	0.000000, 1.000000, 0.000000,
	0.011593, 0.000000, -0.999933
$AI Behavior: None
$Cargo 1:  XSTR("Nothing", 5736)
+Initial Hull: 100
+Subsystem: Pilot
+Primary Banks: ( "Avenger II" "Prometheus" )
$Arrival Location: Hyperspace
$Arrival Cue: ( false ) 
$Departure Location: Hyperspace
$Departure Cue: ( false ) 
$Determination: 10
+Flags: ( "cargo-known" )
+Flags2: ( )
+Respawn priority: 0
+Orders Accepted: 0		;! note that this is a bitfield!!!
+Group: 0
+Score: 12
+Persona Index: 9

$Name: Delta 1		;! Object #5
$Display Name: XSTR("Delta 1", 5748)
$Class: GTB Medusa
$Team: Friendly
$Location: -554.303589, -194.110596, 2359.900391
$Orientation:
	-0.999933, 0.000000, -0.011593,
	0.000000, 1.000000, 0.000000,
	0.011593, 0.000000, -0.999933
$AI Behavior: None
$Cargo 1:  XSTR("Nothing", 5736)
+Initial Velocity: 33
+Initial Hull: 100
+Subsystem: Pilot
+Secondary Banks: ( "Phoenix V" "Tsunami" "Tsunami" )
+Subsystem: turret01a
$Arrival Location: Hyperspace
$Arrival Cue: ( false ) 
$Departure Location: Hyperspace
$Departure Cue: ( false ) 
$Determination: 10
+Flags: ( "cargo-known" )
+Flags2: ( )
+Respawn priority: 0
+Group: 0
+Use Table Score:
+Score: 17
+Persona Index: 10

$Name: Delta 2		;! Object #6
$Display Name: XSTR("Delta 2", 5749)
$Class: GTB Medusa
$Team: Friendly
$Location: -453.653442, -194.110580, 2460.958496
$Orientation:
	-0.999933, 0.000000, -0.011593,
	0.000000, 1.000000, 0.000000,
	0.011593, 0.000000, -0.999933
$AI Behavior: None
$Cargo 1:  XSTR("Nothing", 5736)
+Initial Velocity: 33
+Initial Hull: 100
+Subsystem: Pilot
+Secondary Banks: ( "Phoenix V" "Tsunami" "Tsunami" )
+Subsystem: turret01a
$Arrival Location: Hyperspace
$Arrival Cue: ( false ) 
$Departure Location: Hyperspace
$Departure Cue: ( false ) 
$Determination: 10
+Flags: ( "cargo-known" )
+Flags2: ( )
+Respawn priority: 0
+Group: 0
+Use Table Score:
+Score: 17
+Persona Index: 11

$Name: Delta 3		;! Object #7
$Display Name: XSTR("Delta 3", 5750)
$Class: GTB Medusa
$Team: Friendly
$Location: -655.608154, -194.110611, 2459.540283
$Orientation:
	-0.999933, 0.000000, -0.011593,
	0.000000, 1.000000, 0.000000,
	0.011593, 0.000000, -0.999933
$AI Behavior: None
$Cargo 1:  XSTR("Nothing", 5736)
+Initial Velocity: 33
+Initial Hull: 100
+Subsystem: Pilot
+Secondary Banks: ( "Phoenix V" "Tsunami" "Tsunami" )
+Subsystem: turret01a
$Arrival Location: Hyperspace
$Arrival Cue: ( false ) 
$Departure Location: Hyperspace
$Departure Cue: ( false ) 
$Determination: 10
+Flags: ( "cargo-known" )
+Flags2: ( )
+Respawn priority: 0
+Group: 0
+Use Table Score:
+Score: 17
+Persona Index: 12

$Name: Blade		;! Object #8
$Display Name: XSTR("Blade", 6287)
$Class: GTC Fenris

$Team: Mars
$Location: 134.825958, 179.005539, -3266.804932
$Orientation:
	0.005614, 0.998710, -0.050463,
	-0.110427, 0.050774, 0.992586,
	0.993868, 0.000000, 0.110570
$AI Behavior: None
$Cargo 1:  XSTR("Nothing", 5736)
+Initial Velocity: 33
+Initial Hull: 100
+Initial Shields: 100
+Subsystem: Pilot
+Subsystem: turret01
+Subsystem: turret02
+Subsystem: turret03
+Subsystem: turret04
+Subsystem: turret05
+Subsystem: turret06
+Subsystem: turret07
+Subsystem: turret08
+Subsystem: turret09a-01-main
+Sbank Ammo: ( 0 )
$Arrival Location: Hyperspace
$Arrival Cue: ( true ) 
$Departure Location: Hyperspace
$Departure Cue: ( false ) 
$Determination: 10
+Flags: ( "cargo-known" "no-shields" "escort" )
+Flags2: ( )
+Respawn priority: 0
+Escort priority: 0
+Orders Accepted: 1		;! note that this is a bitfield!!!
+Group: 0
+Use Table Score:
+Score: 100
$Texture Replace:
+old: nameplate
+new: rmcblade

$Name: Battleaxe		;! Object #9
$Display Name: XSTR("Battleaxe", 6288)
$Class: GTC Leviathan

$Team: Mars
$Location: -317.019806, -843.683655, -2609.720215
$Orientation:
	-0.197889, 0.000000, -0.980224,
	-0.898673, 0.399340, 0.181425,
	0.391443, 0.916803, -0.079025
$AI Behavior: None
$AI Goals: ( goals ( ai-waypoints-once "BattleaxeW" 50 ) )
$Cargo 1:  XSTR("Nothing", 5736)
+Initial Velocity: 33
+Initial Hull: 100
+Initial Shields: 100
+Subsystem: Pilot
+Subsystem: Turret01
+Subsystem: Turret02
+Subsystem: Turret03
+Subsystem: Turret04
+Subsystem: Turret05
+Subsystem: Turret06
+Subsystem: Turret07
+Subsystem: Turret08
+Subsystem: turret09a-01-main
+Secondary Banks: ( "Fusion Mortar" )
+Sbank Ammo: ( 0 )
$Arrival Location: Hyperspace
$Arrival Cue: ( has-time-elapsed 192 ) 
$Departure Location: Hyperspace
$Departure Cue: ( false ) 
$Determination: 10
+Flags: ( "cargo-known" "no-shields" "escort" )
+Flags2: ( )
+Respawn priority: 0
+Escort priority: 0
+Orders Accepted: 1		;! note that this is a bitfield!!!
+Group: 0
+Use Table Score:
+Score: 300
$Texture Replace:
+old: nameplate
+new: rmcbattleaxe

$Name: Divinity		;! Object #10
$Display Name: XSTR("Divinity", 6041)
$Class: GTC Fenris

$Team: Jovian
$Location: 1252.911621, 579.691833, -1844.124634
$Orientation:
	-0.414629, 0.470626, 0.778842,
	0.221158, 0.882333, -0.415425,
	-0.882707, 0.000000, -0.469923
$AI Behavior: None
$AI Goals: ( goals ( ai-waypoints-once "DivineW" 50 ) )
$Cargo 1:  XSTR("Nothing", 5736)
+Initial Hull: 100
+Initial Shields: 100
+Subsystem: Pilot
+Subsystem: turret01
+Subsystem: turret02
+Subsystem: turret03
+Subsystem: turret04
+Subsystem: turret05
+Subsystem: turret06
+Subsystem: turret07
+Subsystem: turret08
+Subsystem: turret09a-01-main
+Sbank Ammo: ( 0 )
$Arrival Location: Hyperspace
$Arrival Cue: ( has-time-elapsed 112 ) 
$Departure Location: Hyperspace
$Departure Cue: ( false ) 
$Determination: 10
+Flags: ( "cargo-known" "no-shields" "escort" )
+Flags2: ( )
+Respawn priority: 0
+Escort priority: 0
+Orders Accepted: 1		;! note that this is a bitfield!!!
+Group: 0
+Score: 200
$Texture Replace:
+old: nameplate
+new: divinity

$Name: Grand		;! Object #11
$Display Name: XSTR("Grand", 6289)
$Class: GTC Leviathan

$Team: Jovian
$Location: 1365.554565, 393.840942, -4123.211426
$Orientation:
	-0.807982, -0.350783, -0.473411,
	0.302658, -0.936457, 0.177333,
	-0.505534, 0.000000, 0.862807
$AI Behavior: None
$AI Goals: ( goals ( ai-waypoints-once "GrandW" 50 ) )
$Cargo 1:  XSTR("Nothing", 5736)
+Initial Velocity: 33
+Initial Hull: 100
+Initial Shields: 100
+Subsystem: Pilot
+Subsystem: Turret01
+Subsystem: Turret02
+Subsystem: Turret03
+Subsystem: Turret04
+Subsystem: Turret05
+Subsystem: Turret06
+Subsystem: Turret07
+Subsystem: Turret08
+Subsystem: turret09a-01-main
+Secondary Banks: ( "Fusion Mortar" )
+Sbank Ammo: ( 0 )
$Arrival Location: Hyperspace
$Arrival Cue: ( has-time-elapsed 13 ) 
$Departure Location: Hyperspace
$Departure Cue: ( false ) 
$Determination: 10
+Flags: ( "cargo-known" "no-shields" "escort" )
+Flags2: ( )
+Respawn priority: 0
+Escort priority: 0
+Orders Accepted: 1		;! note that this is a bitfield!!!
+Group: 0
+Use Table Score:
+Score: 300
$Texture Replace:
+old: nameplate
+new: grand

$Name: Gemini 1		;! Object #12
$Display Name: XSTR("Gemini 1", 5845)
$Class: GTFr Chronos Twin Turret

$Team: Jovian
$Location: 1004.084778, 693.062988, -4083.424072
$Orientation:
	0.267499, 0.000000, 0.963559,
	0.000000, 1.000000, 0.000000,
	-0.963559, 0.000000, 0.267499
$AI Behavior: None
$Cargo 1:  XSTR("Nothing", 5736)
+Initial Hull: 100
+Initial Shields: 100
+Subsystem: Pilot
+Subsystem: turret01
+Subsystem: turret02
$Arrival Location: Hyperspace
$Arrival Cue: ( false ) 
$Departure Location: Hyperspace
$Departure Cue: ( false ) 
$Determination: 10
+Flags: ( "cargo-known" "no-shields" )
+Flags2: ( )
+Respawn priority: 0
+Orders Accepted: 257		;! note that this is a bitfield!!!
+Group: 0
+Use Table Score:
+Score: 20

$Name: Gemini 2		;! Object #13
$Display Name: XSTR("Gemini 2", 5846)
$Class: GTFr Chronos

$Team: Jovian
$Location: 1102.289673, 693.062927, -4228.169434
$Orientation:
	0.315322, 0.000000, 0.948985,
	0.000000, 1.000000, 0.000000,
	-0.948985, 0.000000, 0.315322
$AI Behavior: None
$Cargo 1:  XSTR("Nothing", 5736)
+Initial Velocity: 33
+Initial Hull: 100
+Initial Shields: 100
+Subsystem: Pilot
+Subsystem: turreta
$Arrival Location: Hyperspace
$Arrival Cue: ( false ) 
$Departure Location: Hyperspace
$Departure Cue: ( false ) 
$Determination: 10
+Flags: ( "cargo-known" "no-shields" )
+Flags2: ( )
+Respawn priority: 0
+Orders Accepted: 257		;! note that this is a bitfield!!!
+Group: 0
+Use Table Score:
+Score: 20

$Name: TAC 1 Armed 46		;! Object #14
$Display Name: XSTR("TAC 1 Armed 46", 6290)
$Class: TAC 1 Armed

$Team: Jovian
$Location: 1103.808228, 710.542542, -4228.471191
$Orientation:
	0.315322, -0.000000, 0.948985,
	-0.001469, 0.999999, 0.000488,
	-0.948984, -0.001548, 0.315322
$AI Behavior: None
$Cargo 1:  XSTR("Nothing", 5736)
+Initial Velocity: 33
+Initial Hull: 100
+Initial Shields: 100
+Subsystem: Pilot
+Subsystem: Turret01
+Subsystem: Turret02
$Arrival Location: Hyperspace
$Arrival Cue: ( false ) 
$Departure Location: Hyperspace
$Departure Cue: ( false ) 
$Determination: 10
+Flags: ( "cargo-known" "no-shields" )
+Flags2: ( )
+Respawn priority: 0
+Docked With: Gemini 2
$Docker Point: cargo dockpoint
$Dockee Point: cargo dockpoint
+Group: 0
+Use Table Score:
+Score: 5

$Name: Gemini 3		;! Object #15
$Display Name: XSTR("Gemini 3", 5988)
$Class: GTFr Chronos Twin Turret

$Team: Jovian
$Location: 1195.432739, 693.062927, -4020.106934
$Orientation:
	0.315322, 0.000000, 0.948985,
	0.000000, 1.000000, 0.000000,
	-0.948985, 0.000000, 0.315322
$AI Behavior: None
$Cargo 1:  XSTR("Nothing", 5736)
+Initial Hull: 100
+Initial Shields: 100
+Subsystem: Pilot
+Subsystem: turret01
+Subsystem: turret02
$Arrival Location: Hyperspace
$Arrival Cue: ( false ) 
$Departure Location: Hyperspace
$Departure Cue: ( false ) 
$Determination: 10
+Flags: ( "cargo-known" "no-shields" )
+Flags2: ( )
+Respawn priority: 0
+Orders Accepted: 257		;! note that this is a bitfield!!!
+Group: 0
+Use Table Score:
+Score: 20

$Name: Taurus 1		;! Object #16
$Display Name: XSTR("Taurus 1", 5862)
$Class: GTFr Chronos

$Team: Mars
$Location: 109.996140, 27.828209, -3281.744385
$Orientation:
	-0.060402, -0.108195, 0.992293,
	0.006574, -0.994130, -0.107995,
	0.998152, 0.000000, 0.060759
$AI Behavior: None
$Cargo 1:  XSTR("Nothing", 5736)
+Initial Velocity: 33
+Initial Hull: 100
+Initial Shields: 100
+Subsystem: Pilot
+Subsystem: turreta
$Arrival Location: Hyperspace
$Arrival Cue: ( false ) 
$Departure Location: Hyperspace
$Departure Cue: ( false ) 
$Determination: 10
+Flags: ( "cargo-known" "no-shields" )
+Flags2: ( )
+Respawn priority: 0
+Orders Accepted: 257		;! note that this is a bitfield!!!
+Group: 0
+Use Table Score:
+Score: 20

$Name: TAC 1 Armed 47		;! Object #17
$Display Name: XSTR("TAC 1 Armed 47", 6291)
$Class: TAC 1 Armed

$Team: Mars
$Location: 108.565994, 10.430326, -3283.534180
$Orientation:
	-0.060403, -0.108195, 0.992293,
	0.008119, -0.994129, -0.107901,
	0.998141, 0.001539, 0.060927
$AI Behavior: None
$Cargo 1:  XSTR("Nothing", 5736)
+Initial Velocity: 33
+Initial Hull: 100
+Initial Shields: 100
+Subsystem: Pilot
+Subsystem: Turret01
+Subsystem: Turret02
$Arrival Location: Hyperspace
$Arrival Cue: ( false ) 
$Departure Location: Hyperspace
$Departure Cue: ( false ) 
$Determination: 10
+Flags: ( "cargo-known" "no-shields" )
+Flags2: ( )
+Respawn priority: 0
+Docked With: Taurus 1
$Docker Point: cargo dockpoint
$Dockee Point: cargo dockpoint
+Group: 0
+Use Table Score:
+Score: 5

$Name: Taurus 2		;! Object #18
$Display Name: XSTR("Taurus 2", 5863)
$Class: GTFr Chronos

$Team: Mars
$Location: 160.722794, 361.782684, -3270.171387
$Orientation:
	0.030791, 0.000000, -0.999526,
	0.000000, 1.000000, 0.000000,
	0.999526, 0.000000, 0.030791
$AI Behavior: None
$Cargo 1:  XSTR("Nothing", 5736)
+Initial Velocity: 33
+Initial Hull: 100
+Initial Shields: 100
+Subsystem: Pilot
+Subsystem: turreta
$Arrival Location: Hyperspace
$Arrival Cue: ( false ) 
$Departure Location: Hyperspace
$Departure Cue: ( false ) 
$Determination: 10
+Flags: ( "cargo-known" "no-shields" )
+Flags2: ( )
+Respawn priority: 0
+Orders Accepted: 257		;! note that this is a bitfield!!!
+Group: 0
+Use Table Score:
+Score: 20

$Name: TAC 1 Armed 48		;! Object #19
$Display Name: XSTR("TAC 1 Armed 48", 6292)
$Class: TAC 1 Armed

$Team: Mars
$Location: 159.193176, 379.262329, -3270.411133
$Orientation:
	0.030790, 0.000001, -0.999526,
	0.001547, 0.999999, 0.000048,
	0.999525, -0.001547, 0.030790
$AI Behavior: None
$Cargo 1:  XSTR("Nothing", 5736)
+Initial Velocity: 33
+Initial Hull: 100
+Initial Shields: 100
+Subsystem: Pilot
+Subsystem: Turret01
+Subsystem: Turret02
$Arrival Location: Hyperspace
$Arrival Cue: ( false ) 
$Departure Location: Hyperspace
$Departure Cue: ( false ) 
$Determination: 10
+Flags: ( "cargo-known" "no-shields" )
+Flags2: ( )
+Respawn priority: 0
+Docked With: Taurus 2
$Docker Point: cargo dockpoint
$Dockee Point: cargo dockpoint
+Group: 0
+Use Table Score:
+Score: 5

$Name: Sagittarius 1		;! Object #20
$Display Name: XSTR("Sagittarius 1", 5974)
$Class: GTGs Poseidon Gunboat

$Team: Mars
$Location: -474.345673, -630.697693, -2580.933105
$Orientation:
	0.050775, 0.000000, -0.998710,
	-0.962315, 0.267499, -0.048925,
	0.267154, 0.963558, 0.013582
$AI Behavior: None
$Cargo 1:  XSTR("Nothing", 5736)
+Initial Velocity: 33
+Initial Hull: 100
+Initial Shields: 100
+Subsystem: Pilot
+Subsystem: turret01
+Subsystem: turret02
+Subsystem: turret03
+Subsystem: turret04
$Arrival Location: Hyperspace
$Arrival Cue: ( false ) 
$Departure Location: Hyperspace
$Departure Cue: ( false ) 
$Determination: 10
+Flags: ( "cargo-known" "no-shields" )
+Flags2: ( )
+Respawn priority: 0
+Orders Accepted: 257		;! note that this is a bitfield!!!
+Group: 0
+Use Table Score:
+Score: 15

$Name: Sagittarius 2		;! Object #21
$Display Name: XSTR("Sagittarius 2", 5975)
$Class: GTGs Poseidon Gunboat

$Team: Mars
$Location: -522.070068, -826.537415, -2712.958984
$Orientation:
	0.050775, 0.000000, -0.998710,
	-0.962315, 0.267499, -0.048925,
	0.267154, 0.963558, 0.013582
$AI Behavior: None
$Cargo 1:  XSTR("Nothing", 5736)
+Initial Velocity: 33
+Initial Hull: 100
+Initial Shields: 100
+Subsystem: Pilot
+Subsystem: turret01
+Subsystem: turret02
+Subsystem: turret03
+Subsystem: turret04
$Arrival Location: Hyperspace
$Arrival Cue: ( false ) 
$Departure Location: Hyperspace
$Departure Cue: ( false ) 
$Determination: 10
+Flags: ( "cargo-known" "no-shields" )
+Flags2: ( )
+Respawn priority: 0
+Orders Accepted: 257		;! note that this is a bitfield!!!
+Group: 0
+Use Table Score:
+Score: 15

$Name: Sagittarius 3		;! Object #22
$Display Name: XSTR("Sagittarius 3", 6156)
$Class: GTGs Poseidon Gunboat

$Team: Mars
$Location: -535.143860, -829.229553, -2470.525391
$Orientation:
	0.050775, 0.000000, -0.998710,
	-0.962315, 0.267499, -0.048925,
	0.267154, 0.963558, 0.013582
$AI Behavior: None
$Cargo 1:  XSTR("Nothing", 5736)
+Initial Velocity: 33
+Initial Hull: 100
+Initial Shields: 100
+Subsystem: Pilot
+Subsystem: turret01
+Subsystem: turret02
+Subsystem: turret03
+Subsystem: turret04
$Arrival Location: Hyperspace
$Arrival Cue: ( false ) 
$Departure Location: Hyperspace
$Departure Cue: ( false ) 
$Determination: 10
+Flags: ( "cargo-known" "no-shields" )
+Flags2: ( )
+Respawn priority: 0
+Orders Accepted: 257		;! note that this is a bitfield!!!
+Group: 0
+Use Table Score:
+Score: 15

$Name: Pisces 1		;! Object #23
$Display Name: XSTR("Pisces 1", 5865)
$Class: GTGs Poseidon Gunboat

$Team: Jovian
$Location: 1301.442261, 405.352112, -2280.159424
$Orientation:
	-0.538961, 0.000000, 0.842331,
	0.000000, 1.000000, 0.000000,
	-0.842331, 0.000000, -0.538961
$AI Behavior: None
$Cargo 1:  XSTR("Nothing", 5736)
+Initial Velocity: 33
+Initial Hull: 100
+Initial Shields: 100
+Subsystem: Pilot
+Subsystem: turret01
+Subsystem: turret02
+Subsystem: turret03
+Subsystem: turret04
$Arrival Location: Hyperspace
$Arrival Cue: ( false ) 
$Departure Location: Hyperspace
$Departure Cue: ( false ) 
$Determination: 10
+Flags: ( "cargo-known" "no-shields" )
+Flags2: ( )
+Respawn priority: 0
+Orders Accepted: 257		;! note that this is a bitfield!!!
+Group: 0
+Use Table Score:
+Score: 15

$Name: Pisces 2		;! Object #24
$Display Name: XSTR("Pisces 2", 5866)
$Class: GTGs Poseidon Gunboat

$Team: Jovian
$Location: 1350.147217, 405.352295, -2090.248047
$Orientation:
	-0.538961, 0.000000, 0.842331,
	0.000000, 1.000000, 0.000000,
	-0.842331, 0.000000, -0.538961
$AI Behavior: None
$Cargo 1:  XSTR("Nothing", 5736)
+Initial Velocity: 33
+Initial Hull: 100
+Initial Shields: 100
+Subsystem: Pilot
+Subsystem: turret01
+Subsystem: turret02
+Subsystem: turret03
+Subsystem: turret04
$Arrival Location: Hyperspace
$Arrival Cue: ( false ) 
$Departure Location: Hyperspace
$Departure Cue: ( false ) 
$Determination: 10
+Flags: ( "cargo-known" "no-shields" )
+Flags2: ( )
+Respawn priority: 0
+Orders Accepted: 257		;! note that this is a bitfield!!!
+Group: 0
+Use Table Score:
+Score: 15

$Name: Pisces 3		;! Object #25
$Display Name: XSTR("Pisces 3", 5989)
$Class: GTGs Poseidon Gunboat

$Team: Jovian
$Location: 1490.765015, 405.351990, -2281.431152
$Orientation:
	-0.538961, 0.000000, 0.842331,
	0.000000, 1.000000, 0.000000,
	-0.842331, 0.000000, -0.538961
$AI Behavior: None
$Cargo 1:  XSTR("Nothing", 5736)
+Initial Velocity: 33
+Initial Hull: 100
+Initial Shields: 100
+Subsystem: Pilot
+Subsystem: turret01
+Subsystem: turret02
+Subsystem: turret03
+Subsystem: turret04
$Arrival Location: Hyperspace
$Arrival Cue: ( false ) 
$Departure Location: Hyperspace
$Departure Cue: ( false ) 
$Determination: 10
+Flags: ( "cargo-known" "no-shields" )
+Flags2: ( )
+Respawn priority: 0
+Orders Accepted: 257		;! note that this is a bitfield!!!
+Group: 0
+Use Table Score:
+Score: 15

$Name: Aries 1		;! Object #26
$Display Name: XSTR("Aries 1", 5985)
$Class: GTF Apollo

$Team: Mars
$Location: 196.548798, 395.509277, -3168.318848
$Orientation:
	-0.003633, 0.999168, -0.040623,
	0.089012, 0.040785, 0.995195,
	0.996024, 0.000000, -0.089086
$AI Behavior: None
$Cargo 1:  XSTR("Nothing", 5736)
+Initial Hull: 100
+Subsystem: Pilot
$Arrival Location: Hyperspace
$Arrival Cue: ( false ) 
$Departure Location: Hyperspace
$Departure Cue: ( false ) 
$Determination: 10
+Flags: ( "cargo-known" )
+Flags2: ( )
+Respawn priority: 0
+Group: 0
+Score: 12

$Name: Aries 2		;! Object #27
$Display Name: XSTR("Aries 2", 5986)
$Class: GTF Apollo

$Team: Mars
$Location: 95.520683, 494.599792, -3163.343506
$Orientation:
	-0.003633, 0.999168, -0.040623,
	0.089011, 0.040785, 0.995195,
	0.996024, 0.000000, -0.089085
$AI Behavior: None
$Cargo 1:  XSTR("Nothing", 5736)
+Initial Hull: 100
+Subsystem: Pilot
$Arrival Location: Hyperspace
$Arrival Cue: ( false ) 
$Departure Location: Hyperspace
$Departure Cue: ( false ) 
$Determination: 10
+Flags: ( "cargo-known" )
+Flags2: ( )
+Respawn priority: 0
+Group: 0
+Score: 12

$Name: Aries 3		;! Object #28
$Display Name: XSTR("Aries 3", 5987)
$Class: GTF Apollo

$Team: Mars
$Location: 97.750816, 294.994446, -3155.362061
$Orientation:
	-0.003633, 0.999168, -0.040623,
	0.089011, 0.040785, 0.995195,
	0.996024, 0.000000, -0.089085
$AI Behavior: None
$Cargo 1:  XSTR("Nothing", 5736)
+Initial Hull: 100
+Subsystem: Pilot
$Arrival Location: Hyperspace
$Arrival Cue: ( false ) 
$Departure Location: Hyperspace
$Departure Cue: ( false ) 
$Determination: 10
+Flags: ( "cargo-known" )
+Flags2: ( )
+Respawn priority: 0
+Group: 0
+Score: 12

$Name: Capricorn 1		;! Object #29
$Display Name: XSTR("Capricorn 1", 5982)
$Class: GTF Valkyrie

$Team: Mars
$Location: 139.977280, 0.000496, -3170.735352
$Orientation:
	0.008823, 0.995084, 0.098647,
	0.088647, -0.099041, 0.991127,
	0.996024, 0.000000, -0.089085
$AI Behavior: None
$Cargo 1:  XSTR("Nothing", 5736)
+Initial Hull: 100
+Subsystem: Pilot
$Arrival Location: Hyperspace
$Arrival Cue: ( false ) 
$Departure Location: Hyperspace
$Departure Cue: ( false ) 
$Determination: 10
+Flags: ( "cargo-known" )
+Flags2: ( )
+Respawn priority: 0
+Group: 0
+Score: 12

$Name: Capricorn 2		;! Object #30
$Display Name: XSTR("Capricorn 2", 5983)
$Class: GTF Valkyrie

$Team: Mars
$Location: 44.575409, 100.300919, -3152.179443
$Orientation:
	0.008823, 0.995083, 0.098647,
	0.088647, -0.099041, 0.991127,
	0.996024, 0.000000, -0.089085
$AI Behavior: None
$Cargo 1:  XSTR("Nothing", 5736)
+Initial Hull: 100
+Subsystem: Pilot
$Arrival Location: Hyperspace
$Arrival Cue: ( false ) 
$Departure Location: Hyperspace
$Departure Cue: ( false ) 
$Determination: 10
+Flags: ( "cargo-known" )
+Flags2: ( )
+Respawn priority: 0
+Group: 0
+Score: 12

$Name: Capricorn 3		;! Object #31
$Display Name: XSTR("Capricorn 3", 5984)
$Class: GTF Valkyrie

$Team: Mars
$Location: 42.175644, -96.159203, -3171.596924
$Orientation:
	0.008823, 0.995083, 0.098647,
	0.088647, -0.099041, 0.991127,
	0.996024, 0.000000, -0.089085
$AI Behavior: None
$Cargo 1:  XSTR("Nothing", 5736)
+Initial Hull: 100
+Subsystem: Pilot
$Arrival Location: Hyperspace
$Arrival Cue: ( false ) 
$Departure Location: Hyperspace
$Departure Cue: ( false ) 
$Determination: 10
+Flags: ( "cargo-known" )
+Flags2: ( )
+Respawn priority: 0
+Group: 0
+Score: 12

$Name: Aquarius 1		;! Object #32
$Display Name: XSTR("Aquarius 1", 6047)
$Class: GTF Hercules

$Team: Mars
$Location: -465.897003, 0.000601, -2110.437988
$Orientation:
	-0.168398, 0.000000, -0.985720,
	0.000000, 1.000000, 0.000000,
	0.985720, 0.000000, -0.168398
$AI Behavior: None
$Cargo 1:  XSTR("Nothing", 5736)
+Initial Velocity: 33
+Initial Hull: 100
+Subsystem: Pilot
$Arrival Location: Hyperspace
$Arrival Cue: ( false ) 
$Departure Location: Hyperspace
$Departure Cue: ( false ) 
$Determination: 10
+Flags: ( "cargo-known" )
+Flags2: ( )
+Respawn priority: 0
+Group: 0
+Use Table Score:
+Score: 12

$Name: Aquarius 2		;! Object #33
$Display Name: XSTR("Aquarius 2", 6048)
$Class: GTF Hercules

$Team: Mars
$Location: -583.779480, 0.000570, -2190.673828
$Orientation:
	-0.168397, 0.000000, -0.985719,
	0.000000, 1.000000, 0.000000,
	0.985719, 0.000000, -0.168397
$AI Behavior: None
$Cargo 1:  XSTR("Nothing", 5736)
+Initial Velocity: 33
+Initial Hull: 100
+Subsystem: Pilot
$Arrival Location: Hyperspace
$Arrival Cue: ( false ) 
$Departure Location: Hyperspace
$Departure Cue: ( false ) 
$Determination: 10
+Flags: ( "cargo-known" )
+Flags2: ( )
+Respawn priority: 0
+Group: 0
+Use Table Score:
+Score: 12

$Name: Aquarius 3		;! Object #34
$Display Name: XSTR("Aquarius 3", 6049)
$Class: GTF Hercules

$Team: Mars
$Location: -550.845642, 0.000628, -1995.241089
$Orientation:
	-0.168397, 0.000000, -0.985719,
	0.000000, 1.000000, 0.000000,
	0.985719, 0.000000, -0.168397
$AI Behavior: None
$Cargo 1:  XSTR("Nothing", 5736)
+Initial Velocity: 33
+Initial Hull: 100
+Subsystem: Pilot
$Arrival Location: Hyperspace
$Arrival Cue: ( false ) 
$Departure Location: Hyperspace
$Departure Cue: ( false ) 
$Determination: 10
+Flags: ( "cargo-known" )
+Flags2: ( )
+Respawn priority: 0
+Group: 0
+Use Table Score:
+Score: 12

$Name: Cancer 1		;! Object #35
$Display Name: XSTR("Cancer 1", 5977)
$Class: GTF Valkyrie

$Team: Mars
$Location: -512.077942, 0.000579, -3718.067383
$Orientation:
	1.000000, 0.000000, 0.000000,
	0.000000, 1.000000, 0.000000,
	0.000000, 0.000000, 1.000000
$AI Behavior: None
$AI Goals: ( goals ( ai-guard "Cancer 4" 50 ) )
$Cargo 1:  XSTR("Nothing", 5736)
+Initial Hull: 100
+Subsystem: Pilot
$Arrival Location: Hyperspace
$Arrival Cue: ( false ) 
$Departure Location: Hyperspace
$Departure Cue: ( false ) 
$Determination: 10
+Flags: ( "cargo-known" )
+Flags2: ( )
+Respawn priority: 0
+Group: 0
+Score: 12

$Name: Cancer 2		;! Object #36
$Display Name: XSTR("Cancer 2", 5978)
$Class: GTF Apollo

$Team: Mars
$Location: -411.504395, 0.000555, -3820.885010
$Orientation:
	1.000000, 0.000000, 0.000000,
	0.000000, 1.000000, 0.000000,
	0.000000, 0.000000, 1.000000
$AI Behavior: None
$AI Goals: ( goals ( ai-guard "Cancer 4" 50 ) )
$Cargo 1:  XSTR("Nothing", 5736)
+Initial Hull: 100
+Subsystem: Pilot
$Arrival Location: Hyperspace
$Arrival Cue: ( false ) 
$Departure Location: Hyperspace
$Departure Cue: ( false ) 
$Determination: 10
+Flags: ( "cargo-known" )
+Flags2: ( )
+Respawn priority: 0
+Group: 0
+Score: 12

$Name: Cancer 3		;! Object #37
$Display Name: XSTR("Cancer 3", 5979)
$Class: GTF Apollo

$Team: Mars
$Location: -608.923340, 0.000638, -3817.097412
$Orientation:
	1.000000, 0.000000, 0.000000,
	0.000000, 1.000000, 0.000000,
	0.000000, 0.000000, 1.000000
$AI Behavior: None
$AI Goals: ( goals ( ai-guard "Cancer 4" 50 ) )
$Cargo 1:  XSTR("Nothing", 5736)
+Initial Hull: 100
+Subsystem: Pilot
$Arrival Location: Hyperspace
$Arrival Cue: ( false ) 
$Departure Location: Hyperspace
$Departure Cue: ( false ) 
$Determination: 10
+Flags: ( "cargo-known" )
+Flags2: ( )
+Respawn priority: 0
+Group: 0
+Score: 12

$Name: Cancer 4		;! Object #38
$Display Name: XSTR("Cancer 4", 6153)
$Class: GTB Apollo

$Team: Mars
$Location: -514.558289, 0.000480, -3919.584717
$Orientation:
	1.000000, 0.000000, 0.000000,
	0.000000, 1.000000, 0.000000,
	0.000000, 0.000000, 1.000000
$AI Behavior: None
$AI Goals: ( goals ( ai-chase "Divinity" 50 ) ( ai-chase "Grand" 40 ) ( ai-chase-wing "Gemini" 30 ) )
$Cargo 1:  XSTR("Nothing", 5736)
+Initial Hull: 100
+Subsystem: Pilot
+Subsystem: turret01A
$Arrival Location: Hyperspace
$Arrival Cue: ( false ) 
$Departure Location: Hyperspace
$Departure Cue: ( false ) 
$Determination: 10
+Flags: ( "cargo-known" )
+Flags2: ( )
+Respawn priority: 0
+Group: 0
+Score: 12

$Name: Scorpio 1		;! Object #39
$Display Name: XSTR("Scorpio 1", 5960)
$Class: GTF Hercules

$Team: Jovian
$Location: 1286.649048, 0.000287, -2878.734131
$Orientation:
	-0.069148, 0.000000, 0.997607,
	0.000000, 1.000000, 0.000000,
	-0.997607, 0.000000, -0.069148
$AI Behavior: None
$Cargo 1:  XSTR("Nothing", 5736)
+Initial Velocity: 33
+Initial Hull: 100
+Subsystem: Pilot
$Arrival Location: Hyperspace
$Arrival Cue: ( false ) 
$Departure Location: Hyperspace
$Departure Cue: ( false ) 
$Determination: 10
+Flags: ( "cargo-known" )
+Flags2: ( )
+Respawn priority: 0
+Group: 0
+Use Table Score:
+Score: 12

$Name: Scorpio 2		;! Object #40
$Display Name: XSTR("Scorpio 2", 5961)
$Class: GTF Hercules

$Team: Jovian
$Location: 1379.854614, 0.000196, -2779.176025
$Orientation:
	-0.069148, 0.000000, 0.997606,
	0.000000, 1.000000, 0.000000,
	-0.997606, 0.000000, -0.069148
$AI Behavior: None
$Cargo 1:  XSTR("Nothing", 5736)
+Initial Velocity: 33
+Initial Hull: 100
+Subsystem: Pilot
$Arrival Location: Hyperspace
$Arrival Cue: ( false ) 
$Departure Location: Hyperspace
$Departure Cue: ( false ) 
$Determination: 10
+Flags: ( "cargo-known" )
+Flags2: ( )
+Respawn priority: 0
+Group: 0
+Use Table Score:
+Score: 12

$Name: Scorpio 3		;! Object #41
$Display Name: XSTR("Scorpio 3", 5962)
$Class: GTF Hercules

$Team: Jovian
$Location: 1392.512817, 0.000205, -2980.676514
$Orientation:
	-0.069148, 0.000000, 0.997606,
	0.000000, 1.000000, 0.000000,
	-0.997606, 0.000000, -0.069148
$AI Behavior: None
$Cargo 1:  XSTR("Nothing", 5736)
+Initial Velocity: 33
+Initial Hull: 100
+Subsystem: Pilot
$Arrival Location: Hyperspace
$Arrival Cue: ( false ) 
$Departure Location: Hyperspace
$Departure Cue: ( false ) 
$Determination: 10
+Flags: ( "cargo-known" )
+Flags2: ( )
+Respawn priority: 0
+Group: 0
+Use Table Score:
+Score: 12
+Persona Index: 0

$Name: Virgo 1		;! Object #42
$Display Name: XSTR("Virgo 1", 5847)
$Class: GTF Valkyrie

$Team: Jovian
$Location: 1672.504150, 0.000744, -3926.699951
$Orientation:
	0.324796, 0.000000, 0.945784,
	0.000000, 1.000000, 0.000000,
	-0.945784, 0.000000, 0.324796
$AI Behavior: None
$Cargo 1:  XSTR("Nothing", 5736)
+Initial Velocity: 33
+Initial Hull: 100
+Subsystem: Pilot
$Arrival Location: Hyperspace
$Arrival Cue: ( false ) 
$Departure Location: Hyperspace
$Departure Cue: ( false ) 
$Determination: 10
+Flags: ( "cargo-known" )
+Flags2: ( )
+Respawn priority: 0
+Group: 0
+Use Table Score:
+Score: 10

$Name: Virgo 2		;! Object #43
$Display Name: XSTR("Virgo 2", 5848)
$Class: GTF Valkyrie

$Team: Jovian
$Location: 1793.576172, 0.000742, -3866.748291
$Orientation:
	0.324796, 0.000000, 0.945784,
	0.000000, 1.000000, 0.000000,
	-0.945784, 0.000000, 0.324796
$AI Behavior: None
$Cargo 1:  XSTR("Nothing", 5736)
+Initial Velocity: 33
+Initial Hull: 100
+Subsystem: Pilot
$Arrival Location: Hyperspace
$Arrival Cue: ( false ) 
$Departure Location: Hyperspace
$Departure Cue: ( false ) 
$Determination: 10
+Flags: ( "cargo-known" )
+Flags2: ( )
+Respawn priority: 0
+Group: 0
+Use Table Score:
+Score: 10

$Name: Virgo 3		;! Object #44
$Display Name: XSTR("Virgo 3", 5976)
$Class: GTF Valkyrie

$Team: Jovian
$Location: 1731.996704, 0.000871, -4056.616211
$Orientation:
	0.324796, 0.000000, 0.945784,
	0.000000, 1.000000, 0.000000,
	-0.945784, 0.000000, 0.324796
$AI Behavior: None
$Cargo 1:  XSTR("Nothing", 5736)
+Initial Velocity: 33
+Initial Hull: 100
+Subsystem: Pilot
$Arrival Location: Hyperspace
$Arrival Cue: ( false ) 
$Departure Location: Hyperspace
$Departure Cue: ( false ) 
$Determination: 10
+Flags: ( "cargo-known" )
+Flags2: ( )
+Respawn priority: 0
+Group: 0
+Use Table Score:
+Score: 10

$Name: Leo 1		;! Object #45
$Display Name: XSTR("Leo 1", 5842)
$Class: GTF Valkyrie

$Team: Jovian
$Location: 1537.277344, 0.000094, -1921.679565
$Orientation:
	-0.443234, 0.000000, 0.896406,
	0.000000, 1.000000, 0.000000,
	-0.896406, 0.000000, -0.443234
$AI Behavior: None
$Cargo 1:  XSTR("Nothing", 5736)
+Initial Velocity: 33
+Initial Hull: 100
+Subsystem: Pilot
$Arrival Location: Hyperspace
$Arrival Cue: ( false ) 
$Departure Location: Hyperspace
$Departure Cue: ( false ) 
$Determination: 10
+Flags: ( "cargo-known" )
+Flags2: ( )
+Respawn priority: 0
+Group: 0
+Use Table Score:
+Score: 10

$Name: Leo 2		;! Object #46
$Display Name: XSTR("Leo 2", 5843)
$Class: GTF Valkyrie

$Team: Jovian
$Location: 1585.515869, -0.000053, -1784.730713
$Orientation:
	-0.443234, 0.000000, 0.896406,
	0.000000, 1.000000, 0.000000,
	-0.896406, 0.000000, -0.443234
