#Mission Info

$Version: 0.10
$Name:  XSTR("Reaper Man", 7887)
$Author: Blaise Russel
$Created: 11/08/03 at 16:47:52
$Modified: 06/17/22 at 14:03:04
$Notes:
This is a FRED created mission



$End Notes:

$Mission Desc:
 XSTR("Put mission description here
", 5719)
$end_multi_text
+Game Type Flags: 1
+Flags: 0
+Fog Near Mult: 1.000000

+Fog Far Mult: 1.000000

+Disallow Support: 0
+Hull Repair Ceiling: 0.000000
+Subsystem Repair Ceiling: 100.000000

+Player Entry Delay:
1.000000

+Viewer pos: 4762.628418, 3106.856201, -5899.592285
+Viewer orient:
	0.832975, 0.000001, 0.553311,
	-0.096152, 0.984786, 0.144749,
	-0.544893, -0.173774, 0.820302


$Skybox Model: Saturn_E_sky.pof
+Skybox Orientation:
	0.358401, 0.529919, 0.768593,
	-0.223954, 0.848048, -0.480270,
	-0.906308, -0.000000, 0.422618

$AI Profile: INFERNO

#Sexp_variables

$Variables:
(
		0		"autoGenVar1"		"USI Arcadia"		"string"
		1		"autoGenVar2"		"USD Eternity"		"string"
		2		"autoGenVar3"		"USD Constant"		"string"
		3		"autoGenVar4"		"USSG Watchdog"		"string"
		4		"autoGenVar5"		"USI Comm Station"		"string"
		5		"autoGenVar6"		"USC Unknown"		"string"
		6		"autoGenVar7"		"USF Latona"		"string"
		7		"autoGenVar8"		"UST Elysium"		"string"
		8		"autoGenVar9"		"#Command"		"string"
		9		"autoGenVar10"		"Focusing Core"		"string"
		10		"autoGenVar11"		"Jammer Dish"		"string"
)

#Command Briefing

$Stage Text:
 XSTR("The final moments of this campaign are upon us. The Lindos is ready and waiting for the attack on Saturn. In a matter of days the only power left standing in the Sol system will be the Earth Alliance.", 7888)
$end_multi_text
$Ani Filename: 2_cb_inf_0102.eff
+Wave Filename: EAC4M8_01.ogg

$Stage Text:
 XSTR("Reinforcements from Earth have arrived - namely the EAD Resolute. The Resolute will join us on the assault on Saturn, while the rest of the fleet continues to engage the rebels in the Asteroid Belt. With seven destroyers on our side to counter the JCD Majesty, the JCD Empress, the JCD Imperial, the USD Eternity and the USD Constant, we now outmatch the rebels in numbers, and far surpass them in firepower.", 7889)
$end_multi_text
$Ani Filename: 2_cb_sah_eac4_a8_02.png
+Wave Filename: EAC4M8_02.ogg

$Stage Text:
 XSTR("Other, less noticeable but still just as important reinforcements in the form of the EAC Aesacus have also arrived. The Aesacus is an anti-fighter cruiser primarily intended for escort missions. While the majority of these have been sent to the Asteroid Belt, EA Command has sent a number to our position to help clean out the Saturnian threat.", 7890)
$end_multi_text
$Ani Filename: 2_cb_sah_eac4_a8_03.png
+Wave Filename: EAC4M8_03.ogg

$Stage Text:
 XSTR("Also, new Gagana heavy bombers have arrived. These massive ships have been developed in tandem with the new Hell Fire torpedo, an anti-destroyer weapon based on the old Harbinger bomb. These new developments complete the Earth Alliance fleet and will prove most useful in bringing the rebels to their knees swiftly and decisively.  Gagana bombers inflicted severe damage on the USD Constant in their very first engagement.", 7891)
$end_multi_text
$Ani Filename: 2_cb_sah_eac4_a8_04.png
+Wave Filename: EAC4M8_04.ogg

#Briefing
$start_briefing
$num_stages: 2
$start_stage
$multi_text
 XSTR("$r Saturn is currently under the thumb of the $r United $r Saturnian $r States, a superpower that emulates the $r Jovian $r Coalition in every way possible. It rules from the $r USI $r Hourglass, and as our ships advance through the $r Saturnian system, it appears that they have withdrawn there in their hour of need. Of course, their installation is guarded by their two destroyers - the $r USD $r Constant and their flagship, the $r USD $r Eternity.", 7892)
$end_multi_text
$voice: EAC4M8br_01.ogg
$camera_pos: 2521.256592, 1445.576050, -1508.174927
$camera_orient:
	1.000000, 0.000002, 0.000213,
	-0.000213, 0.002874, 0.999996,
	0.000001, -0.999996, 0.002874
$camera_time: 500
$num_lines: 0
$num_icons: 3
$Flags: 0
$Formula: ( true ) 
$start_icon
$type: 7
$team: Hostile
$class: SD Lucifer
$pos: 2545.173584, 0.000021, -1501.357910
$label:  XSTR("Saturn", 7893)
+id: 1
$hlight: 0
$mirror: 0
$multi_text
$end_multi_text
$end_icon
$start_icon
$type: 6
$team: Hostile
$class: USD Constant
$pos: 3007.541748, -0.000046, -1511.888672
$label:  XSTR("Constant", 7847)
+id: 2
$hlight: 0
$mirror: 0
$multi_text
$end_multi_text
$end_icon
$start_icon
$type: 6
$team: Hostile
$class: USD Constant
$pos: 2135.957275, 0.000030, -1514.731445
$label:  XSTR("Eternity", 7597)
+id: 3
$hlight: 0
$mirror: 1
$multi_text
$end_multi_text
$end_icon
$end_stage
$start_stage
$multi_text
 XSTR("Our plan of attack is a two pronged assault - the $g Lindos moving in on one side, the $g Resolute on the other. Your task shall be to protect both of these ships while they make their assault. Focus on fighters and bombers - the destroyers will handle the capital ship combat. The Constant has already suffered damage in a previous engagement.  Be sure neither she nor the Eternity escape. Dismissed.", 7894)
$end_multi_text
$voice: EAC4M8br_02.ogg
$camera_pos: 2521.105225, 1448.031494, -660.557129
$camera_orient:
	1.000000, 0.000002, 0.000213,
	-0.000213, 0.002874, 0.999996,
	0.000001, -0.999996, 0.002874
$camera_time: 500
$num_lines: 0
$num_icons: 5
$Flags: 0
$Formula: ( true ) 
$start_icon
$type: 7
$team: Hostile
$class: SD Lucifer
$pos: 2545.173584, 0.000021, -1501.357910
$label:  XSTR("Saturn", 7893)
+id: 1
$hlight: 0
$mirror: 0
$multi_text
$end_multi_text
$end_icon
$start_icon
$type: 6
$team: Hostile
$class: USD Constant
$pos: 3007.541748, -0.000046, -1511.888672
$label:  XSTR("Constant", 7847)
+id: 2
$hlight: 0
$mirror: 0
$multi_text
$end_multi_text
$end_icon
$start_icon
$type: 6
$team: Hostile
$class: USD Constant
$pos: 2135.957275, 0.000030, -1514.731445
$label:  XSTR("Eternity", 7597)
+id: 3
$hlight: 0
$mirror: 0
$multi_text
$end_multi_text
$end_icon
$start_icon
$type: 6
$team: Friendly
$class: EAD Lindos
$pos: 2161.665527, -0.000013, -555.301636
$label:  XSTR("Lindos", 7600)
+id: 4
$hlight: 1
$mirror: 0
$multi_text
$end_multi_text
$end_icon
$start_icon
$type: 6
$team: Friendly
$class: EAD Tereus Refit
$pos: 2840.569336, 0.000046, -555.157043
$label:  XSTR("Resolute", 7601)
+id: 5
$hlight: 1
$mirror: 1
$multi_text
$end_multi_text
$end_icon
$end_stage
$end_briefing

#Debriefing_info

$Num stages: 4

$Formula: ( and 
   ( is-event-false-delay "AllGone" 0 ) 
   ( is-event-false-delay "LindosDown" 0 ) 
   ( is-event-false-delay 
      "ResoluteDown" 
      0 
   )
)
$Multi text
    XSTR("You departed without authorisation, pilot. Right now, we need competent pilots who do the job and do it well, not cowards who bottle out at the drop of a hat. For dereliction of duty, you are hereby grounded and stripped of your wings. Get out of my sight, civilian.", 5828)
$end_multi_text
$Voice: EAC4_AWOL.ogg
$Recommendation text:
    XSTR("Wait for authorisation before returning to base.", 5829)
$end_multi_text

$Formula: ( is-event-true-delay "LindosDown" 0 ) 
$Multi text
    XSTR("The destruction of not only one of our major capital ships, but also the flagship of the Earth Alliance, is a greivous blow, both in terms of the loss of men and firepower, and also in terms of morale. Your failure today cost us the mission, the Lindos and Saturn - Hourglass station remains in the hands of the USS, and so does the rest of the planet.

For your failure here today you are hereby dismissed from active service in the Earth Alliance pending a re-evaluation of your skills and abilities. Until then, you'll be spending your time back on Earth. Dismissed, pilot.", 7895)
$end_multi_text
$Voice: EAC4M8DBR_01.ogg
$Recommendation text:
    XSTR("You need to take out both cruiser groups as quickly as possible - consider splitting your team up to take them both out. Also, you need only destroy the main beam cannon on each of the cruisers in order to save the destroyers - you can blow them up later.", 7896)
$end_multi_text

$Formula: ( is-event-true-delay 
   "ResoluteDown" 
   0 
)
$Multi text
    XSTR("The destruction of one of our major capital ships is a greivous blow, both in terms of the loss of men and firepower, and also in terms of morale. Your failure today cost us the mission, the Resolute and Saturn - Hourglass station remains in the hands of the USS, and so does the rest of the planet.

For your failure here today you are hereby dismissed from active service in the Earth Alliance pending a re-evaluation of your skills and abilities. Until then, you'll be spending your time back on Earth. Dismissed, pilot.", 7897)
$end_multi_text
$Voice: EAC4M8DBR_02.ogg
$Recommendation text:
    XSTR("You need to take out both cruiser groups as quickly as possible - consider splitting your team up to take them both out. Also, you need only destroy the main beam cannon on each of the cruisers in order to save the destroyers - you can blow them up later.", 7896)
$end_multi_text

$Formula: ( and 
   ( is-event-true-delay "AllGone" 0 ) 
   ( is-event-false-delay "LindosDown" 0 ) 
   ( is-event-false-delay 
      "ResoluteDown" 
      0 
   )
)
$Multi text
    XSTR("Well done, pilot. Saturn is in our hands, and another rebel power bites the dust. The meagre Saturnian defence was not enough to destroy the Lindos or the Resolute, thanks to your intervention.

Unfortunately, once again, the rebels have made their escape. The leaders of the USS fled to Jupiter on board the USD Eternity. There, they will reinforce the Jovian position.

This is This is regrettable, pilot, but at least we can claim a moral victory - the rebels are packing up and fleeing from their homes. The EA juggernaut of war is unstoppable, and the only hope for the rebs is to run away like the cowardly dogs they are. Soon, they will have nowhere to run to.

Our fleet has started to converge on Jupiter. The day after tomorrow, the attack will commence. The Jovian Coalition's time has almost run out.", 7898)
$end_multi_text
$Voice: EAC4M8DBR_03.ogg
$Recommendation text:
    XSTR("", 5831)
$end_multi_text


#Players		;! 1 total

$Starting Shipname: Alpha 1
$Ship Choices: (
	"EAF Claymore"	6
	"EAF Claymore Mark II"	6
	"EAF Stentor"	6
)

+Weaponry Pool: (
	"Avenger II"	19
	"Shrieker"	100
	"Trantor"	103
	"Aratrum"	100
	"Peltast"	740
	"Warrior"	644
	"Stinger"	460
	"Penetrator"	100
)

#Objects		;! 56 total

$Name: Alpha 1		;! Object #0
$Display Name: XSTR("Alpha 1", 5735)
$Class: EAF Stentor
$Team: Friendly
$Location: -735.339355, -0.000483, 783.348938
$Orientation:
	0.994474, -0.007479, 0.104713,
	0.059528, 0.861765, -0.503803,
	-0.086470, 0.507253, 0.857448
$AI Behavior: None
$Cargo 1:  XSTR("Nothing", 5736)
+Initial Velocity: 33
+Initial Hull: 100
+Subsystem: Pilot
+Primary Banks: ( "Avenger II" "Trantor" )
+Secondary Banks: ( "Peltast" "Warrior" )
$Arrival Location: Hyperspace
$Arrival Cue: ( false ) 
$Departure Location: Hyperspace
$Departure Cue: ( false ) 
$Determination: 10
+Flags: ( "cargo-known" "player-start" )
+Flags2: ( )
+Respawn priority: 0
+Group: 0
+Score: 8

$Name: Alpha 2		;! Object #1
$Display Name: XSTR("Alpha 2", 5737)
$Class: EAF Stentor
$Team: Friendly
$Location: -838.674500, -83.655586, 733.635620
$Orientation:
	0.999550, -0.025559, -0.015699,
	0.000000, 0.523366, -0.852108,
	0.029996, 0.851725, 0.523131
$AI Behavior: None
$Cargo 1:  XSTR("Nothing", 5736)
+Initial Velocity: 33
+Initial Hull: 100
+Subsystem: Pilot
+Primary Banks: ( "Avenger II" "Trantor" )
$Arrival Location: Hyperspace
$Arrival Cue: ( false ) 
$Departure Location: Hyperspace
$Departure Cue: ( false ) 
$Determination: 10
+Flags: ( "cargo-known" )
+Flags2: ( )
+Respawn priority: 0
+Group: 0
+Use Table Score:
+Score: 0
+Persona Index: 6

$Name: Alpha 3		;! Object #2
$Display Name: XSTR("Alpha 3", 5738)
$Class: EAF Stentor
$Team: Friendly
$Location: -638.570129, -86.371368, 728.695862
$Orientation:
	0.999550, -0.025559, -0.015699,
	0.000000, 0.523366, -0.852108,
	0.029996, 0.851725, 0.523131
$AI Behavior: None
$Cargo 1:  XSTR("Nothing", 5736)
+Initial Velocity: 33
+Initial Hull: 100
+Subsystem: Pilot
+Primary Banks: ( "Avenger II" "Trantor" )
$Arrival Location: Hyperspace
$Arrival Cue: ( false ) 
$Departure Location: Hyperspace
$Departure Cue: ( false ) 
$Determination: 10
+Flags: ( "cargo-known" )
+Flags2: ( )
+Respawn priority: 0
+Group: 0
+Use Table Score:
+Score: 0
+Persona Index: 8

$Name: Beta 1		;! Object #3
$Display Name: XSTR("Beta 1", 5740)
$Class: EAF Stentor
$Team: Friendly
$Location: 804.525024, -23.584269, 1069.063477
$Orientation:
	0.999550, -0.021725, -0.020682,
	0.000000, 0.689499, -0.724287,
	0.029995, 0.723961, 0.689189
$AI Behavior: None
$Cargo 1:  XSTR("Nothing", 5736)
+Initial Velocity: 33
+Initial Hull: 100
+Subsystem: Pilot
$Arrival Location: Hyperspace
$Arrival Cue: ( false ) 
$Departure Location: Hyperspace
$Departure Cue: ( false ) 
$Determination: 10
+Flags: ( "cargo-known" )
+Flags2: ( )
+Respawn priority: 0
+Group: 0
+Use Table Score:
+Score: 0
+Persona Index: 9

$Name: Beta 2		;! Object #4
$Display Name: XSTR("Beta 2", 5741)
$Class: EAF Stentor
$Team: Friendly
$Location: 701.615723, -95.447151, 1001.785034
$Orientation:
	0.999550, -0.021725, -0.020682,
	0.000000, 0.689499, -0.724287,
	0.029995, 0.723961, 0.689189
$AI Behavior: None
$Cargo 1:  XSTR("Nothing", 5736)
+Initial Velocity: 33
+Initial Hull: 100
+Subsystem: Pilot
$Arrival Location: Hyperspace
$Arrival Cue: ( false ) 
$Departure Location: Hyperspace
$Departure Cue: ( false ) 
$Determination: 10
+Flags: ( "cargo-known" )
+Flags2: ( )
+Respawn priority: 0
+Group: 0
+Use Table Score:
+Score: 0
+Persona Index: 9

$Name: Beta 3		;! Object #5
$Display Name: XSTR("Beta 3", 5742)
$Class: EAF Stentor
$Team: Friendly
$Location: 900.440430, -97.725563, 997.396851
$Orientation:
	0.999550, -0.021725, -0.020682,
	0.000000, 0.689499, -0.724287,
	0.029995, 0.723961, 0.689189
$AI Behavior: None
$Cargo 1:  XSTR("Nothing", 5736)
+Initial Velocity: 33
+Initial Hull: 100
+Subsystem: Pilot
$Arrival Location: Hyperspace
$Arrival Cue: ( false ) 
$Departure Location: Hyperspace
$Departure Cue: ( false ) 
$Determination: 10
+Flags: ( "cargo-known" )
+Flags2: ( )
+Respawn priority: 0
+Group: 0
+Use Table Score:
+Score: 0
+Persona Index: 7

$Name: Lindos		;! Object #6
$Display Name: XSTR("Lindos", 7600)
$Class: EAD Lindos
$Team: Friendly
$Location: -2898.275635, -0.000108, -1674.697998
$Orientation:
	0.974304, 0.000000, -0.225239,
	-0.085392, 0.925349, -0.369375,
	0.208424, 0.379117, 0.901571
$AI Behavior: None
$AI Goals: ( goals ( ai-waypoints-once "LindosW" 50 ) )
$Cargo 1:  XSTR("Nothing", 5736)
+Initial Velocity: 33
+Initial Hull: 100
+Initial Shields: 100
+Subsystem: Pilot
+Subsystem: turret01a
+Subsystem: turret02a
+Subsystem: turret03a
+Subsystem: turret04a
+Subsystem: turret05a
+Subsystem: turret06
+Subsystem: turret07
+Subsystem: turret08
+Subsystem: turret09
+Subsystem: turret10
+Subsystem: turret11
+Subsystem: turret12
+Subsystem: turret13
+Subsystem: turret14
+Subsystem: turret15
+Subsystem: turret16
+Subsystem: turret17
+Subsystem: turret18
+Subsystem: turret19
+Subsystem: turret20
+Sbank Ammo: ( 0 )
+Subsystem: turret21
+Sbank Ammo: ( 0 )
+Subsystem: turret22
+Subsystem: turret23
+Subsystem: turret24
+Subsystem: turret25
+Subsystem: turret26
+Sbank Ammo: ( 0 )
+Subsystem: turret27
+Subsystem: turret28
+Subsystem: turret29
+Subsystem: turret30
+Sbank Ammo: ( 0 )
+Subsystem: turret31
+Subsystem: turret32
+Subsystem: turret33
+Subsystem: turret34
+Subsystem: turret35
$Arrival Location: Hyperspace
$Arrival Cue: ( true ) 
$Departure Location: Hyperspace
$Departure Cue: ( is-destroyed-delay 2 "Resolute" ) 
$Determination: 10
+Flags: ( "cargo-known" "no-shields" "escort" )
+Flags2: ( )
+Respawn priority: 0
+Escort priority: 20
+Orders Accepted: 0		;! note that this is a bitfield!!!
+Group: 0
+Use Table Score:
+Score: 0

$Name: Resolute		;! Object #7
$Display Name: XSTR("Resolute", 7601)
$Class: EAD Tereus Refit
$Team: Friendly
$Location: 3184.655762, 382.199371, 3959.591309
$Orientation:
	-0.540004, 0.000000, 0.841662,
	0.283658, 0.941497, 0.181993,
	-0.792423, 0.337021, -0.508412
$AI Behavior: None
$AI Goals: ( goals ( ai-waypoints-once "ResoluteW" 50 ) )
$Cargo 1:  XSTR("Nothing", 5736)
+Initial Velocity: 33
+Initial Hull: 100
+Initial Shields: 100
+Subsystem: Pilot
+Subsystem: turret01
+Subsystem: turret02
+Subsystem: turret03
+Subsystem: turret04
+Subsystem: turret05
+Subsystem: turret06
+Subsystem: turret07
+Subsystem: turret08
+Subsystem: turret09
+Subsystem: turret10
+Subsystem: turret11
+Subsystem: turret12
+Subsystem: turret13
+Subsystem: turret14
+Subsystem: turret15
+Subsystem: turret16
+Subsystem: turret17
+Subsystem: turret18
+Subsystem: turret19
+Subsystem: turret20
+Subsystem: turret21
+Subsystem: turret22
$Arrival Location: Hyperspace
$Arrival Cue: ( true ) 
$Departure Location: Hyperspace
$Departure Cue: ( is-destroyed-delay 2 "Lindos" ) 
$Determination: 10
+Flags: ( "cargo-known" "no-shields" "escort" )
+Flags2: ( )
+Respawn priority: 0
+Escort priority: 10
+Orders Accepted: 0		;! note that this is a bitfield!!!
+Group: 0
+Use Table Score:
+Score: 0

$Name: Hourglass		;! Object #8
$Display Name: XSTR("Hourglass", 7899)
$Class: GTI Arcadia

$Team: Hostile
$Location: -6.107449, 4172.228027, 6001.855957
$Orientation:
	-0.360873, 0.000000, 0.932615,
	0.000000, 1.000000, 0.000000,
	-0.932615, 0.000000, -0.360873
$AI Behavior: None
$AI Goals: ( goals ( ai-play-dead 50 ) )
$Cargo 1:  XSTR("Nothing", 5736)
+Initial Hull: 100
+Initial Shields: 100
+Subsystem: Pilot
+Subsystem: turret01
+Subsystem: turret02
+Subsystem: turret03
+Subsystem: turret04
+Subsystem: turret05
+Subsystem: turret06
+Subsystem: turret07
+Subsystem: turret08
+Subsystem: turret09
+Subsystem: turret10
+Subsystem: turret11
+Subsystem: turret12
+Subsystem: turret13
+Subsystem: turret14
+Subsystem: turret15
+Subsystem: turret16
+Subsystem: turret17
+Subsystem: turret18
+Subsystem: turret19
+Subsystem: turret20
+Subsystem: turret21
+Subsystem: turret22
+Subsystem: turret23
+Subsystem: turret24
$Arrival Location: Hyperspace
$Arrival Cue: ( true ) 
$Departure Location: Hyperspace
$Departure Cue: ( false ) 
$Determination: 10
+Flags: ( "cargo-known" "protect-ship" "no-shields" "invulnerable" )
+Flags2: ( "immobile" )
+Respawn priority: 0
+Orders Accepted: 0		;! note that this is a bitfield!!!
+Group: 0
+Use Table Score:
+Score: 1000

$Name: Eternity		;! Object #9
$Display Name: XSTR("Eternity", 7597)
$Class: USD Constant

$Team: Hostile
$Location: -1998.652222, 3650.201904, 6007.330566
$Orientation:
	-0.683342, 0.002797, -0.730093,
	0.031034, 0.999200, -0.025219,
	0.729439, -0.039891, -0.682882
$AI Behavior: None
+AI Class: Captain
$Cargo 1:  XSTR("Nothing", 5736)
+Initial Hull: 100
+Initial Shields: 100
+Subsystem: Pilot
+Subsystem: turret01a
+Subsystem: turret02a
+Subsystem: turret03a
+Subsystem: turret04a
+Subsystem: turret05a
+Subsystem: turret06
+Subsystem: turret07
+Subsystem: turret08a
+Subsystem: turret09a
+Subsystem: turret10
+Subsystem: turret11
+Subsystem: turret12a
+Subsystem: turret13a
+Subsystem: turret14a
+Subsystem: turret15a
+Subsystem: turret16
+Subsystem: turret17
+Subsystem: turret18a
+Subsystem: turret19
+Subsystem: turret20
+Subsystem: turret21
+Subsystem: turret22
+Subsystem: turret23
+Subsystem: turret24
+Subsystem: turret25
+Subsystem: turret26
+Subsystem: turret27
+Subsystem: turret28
+Subsystem: turret29
+Subsystem: turret30
+Subsystem: turret31
+Subsystem: turret32
+Subsystem: turret33
+Subsystem: turret34
+Subsystem: turret35
+Subsystem: turret36
+Subsystem: turret37
+Subsystem: turret38
+Subsystem: turret39
+Subsystem: turret40
$Arrival Location: Hyperspace
$Arrival Cue: ( true ) 
$Departure Location: Hyperspace
$Departure Cue: ( is-destroyed-delay 5 "Constant" ) 
$Determination: 10
+Flags: ( "cargo-known" "protect-ship" "no-shields" "invulnerable" )
+Flags2: ( )
+Respawn priority: 0
+Orders Accepted: 0		;! note that this is a bitfield!!!
+Group: 0
+Score: 1000
$Texture Replace:
+old: nameplate
+new: eternity

$Name: Constant		;! Object #10
$Display Name: XSTR("Constant", 7847)
$Class: USD Constant

$Team: Hostile
$Location: -4418.796875, 4981.891602, 7104.424805
$Orientation:
	-0.831826, 0.000000, -0.555037,
	0.000000, 1.000000, 0.000000,
	0.555037, 0.000000, -0.831826
$AI Behavior: None
+AI Class: Captain
$AI Goals: ( goals ( ai-waypoints-once "ConstantW" 50 ) )
$Cargo 1:  XSTR("Nothing", 5736)
+Initial Hull: 73
+Initial Shields: 100
+Subsystem: Pilot
+Subsystem: turret01a
$Damage: 24
+Subsystem: turret02a
$Damage: 45
+Subsystem: turret03a
$Damage: 100
+Subsystem: turret04a
$Damage: 15
+Subsystem: turret05a
$Damage: 100
+Subsystem: turret06
+Subsystem: turret07
$Damage: 100
+Subsystem: turret08a
+Subsystem: turret09a
+Subsystem: turret10
+Subsystem: turret11
$Damage: 100
+Subsystem: turret12a
$Damage: 100
+Subsystem: turret13a
$Damage: 12
+Subsystem: turret14a
$Damage: 37
+Subsystem: turret15a
$Damage: 100
+Subsystem: turret16
+Subsystem: turret17
$Damage: 100
+Subsystem: turret18a
+Subsystem: turret19
+Subsystem: turret20
+Subsystem: turret21
+Subsystem: turret22
+Subsystem: turret23
+Subsystem: turret24
+Subsystem: turret25
+Subsystem: turret26
+Subsystem: turret27
+Subsystem: turret28
+Subsystem: turret29
+Subsystem: turret30
+Subsystem: turret31
+Subsystem: turret32
+Subsystem: turret33
+Subsystem: turret34
+Subsystem: turret35
+Subsystem: turret36
+Subsystem: turret37
+Subsystem: turret38
+Subsystem: turret39
+Subsystem: turret40
$Arrival Location: Hyperspace
$Arrival Cue: ( true ) 
$Departure Location: Hyperspace
$Departure Cue: ( false ) 
$Determination: 10
+Flags: ( "cargo-known" "no-shields" "escort" )
+Flags2: ( )
+Respawn priority: 0
+Escort priority: 5
+Orders Accepted: 0		;! note that this is a bitfield!!!
+Group: 0
+Score: 1000
$Texture Replace:
+old: nameplate
+new: constant

$Name: Finality		;! Object #11
$Display Name: XSTR("Finality", 7900)
$Class: EAC Dikastes

$Team: Hostile
$Location: 92.893555, 1793.154541, 5979.330078
$Orientation:
	-0.875767, 0.182225, -0.447018,
	0.252314, 0.962247, -0.102061,
	0.411544, -0.202172, -0.888684
$AI Behavior: None
+AI Class: Captain
$Cargo 1:  XSTR("Nothing", 5736)
+Initial Hull: 100
+Initial Shields: 100
+Subsystem: Pilot
+Subsystem: turret01
+Subsystem: turret02
+Subsystem: turret03
+Subsystem: turret04
+Subsystem: turret05
+Subsystem: turret06
+Subsystem: turret07
+Subsystem: turret08
+Subsystem: turret09
+Subsystem: turret10
+Subsystem: turret11
+Subsystem: turret12
+Subsystem: turret13
+Subsystem: turret14
$Arrival Location: Hyperspace
$Arrival Cue: ( true ) 
$Departure Location: Hyperspace
$Departure Cue: ( false ) 
$Determination: 10
+Flags: ( "cargo-known" "no-shields" )
+Flags2: ( )
+Respawn priority: 0
+Orders Accepted: 1		;! note that this is a bitfield!!!
+Group: 0
+Score: 100
$Texture Replace:
+old: nameplate
+new: finality

$Name: Ultimate		;! Object #12
$Display Name: XSTR("Ultimate", 7901)
$Class: EAC Dikastes

$Team: Hostile
$Location: -569.238159, 1850.642456, 5881.732910
$Orientation:
	-0.845468, 0.014012, -0.533840,
	0.138775, 0.971075, -0.194296,
	0.515678, -0.238355, -0.822961
$AI Behavior: None
+AI Class: Captain
$Cargo 1:  XSTR("Nothing", 5736)
+Initial Hull: 100
+Initial Shields: 100
+Subsystem: Pilot
+Subsystem: turret01
+Subsystem: turret02
+Subsystem: turret03
+Subsystem: turret04
+Subsystem: turret05
+Subsystem: turret06
+Subsystem: turret07
+Subsystem: turret08
+Subsystem: turret09
+Subsystem: turret10
+Subsystem: turret11
+Subsystem: turret12
+Subsystem: turret13
+Subsystem: turret14
$Arrival Location: Hyperspace
$Arrival Cue: ( true ) 
$Departure Location: Hyperspace
$Departure Cue: ( false ) 
$Determination: 10
+Flags: ( "cargo-known" "no-shields" )
+Flags2: ( )
+Respawn priority: 0
+Orders Accepted: 1		;! note that this is a bitfield!!!
+Group: 0
+Score: 100
$Texture Replace:
+old: nameplate
+new: ultimate

$Name: Penultimate		;! Object #13
$Display Name: XSTR("Penultimate", 7902)
$Class: EAC Dikastes

$Team: Hostile
$Location: 799.419189, 1884.638306, 6109.844727
$Orientation:
	-0.976596, -0.032011, -0.212686,
	0.049180, 0.929430, -0.365704,
	0.209384, -0.367604, -0.906103
$AI Behavior: None
+AI Class: Captain
$Cargo 1:  XSTR("Nothing", 5736)
+Initial Hull: 100
+Initial Shields: 100
+Subsystem: Pilot
+Subsystem: turret01
+Subsystem: turret02
+Subsystem: turret03
+Subsystem: turret04
+Subsystem: turret05
+Subsystem: turret06
+Subsystem: turret07
+Subsystem: turret08
+Subsystem: turret09
+Subsystem: turret10
+Subsystem: turret11
+Subsystem: turret12
+Subsystem: turret13
+Subsystem: turret14
$Arrival Location: Hyperspace
$Arrival Cue: ( true ) 
$Departure Location: Hyperspace
$Departure Cue: ( false ) 
$Determination: 10
+Flags: ( "cargo-known" "no-shields" )
+Flags2: ( )
+Respawn priority: 0
+Orders Accepted: 1		;! note that this is a bitfield!!!
+Group: 0
+Score: 100
$Texture Replace:
+old: nameplate
+new: penultimate

$Name: Possibility		;! Object #14
$Display Name: XSTR("Possibility", 7903)
$Class: EAC Dikastes

$Team: Hostile
$Location: 93.518188, 1323.346436, 5984.948242
$Orientation:
	-0.875767, 0.182225, -0.447018,
	0.160981, 0.983252, 0.085436,
	0.455100, 0.002860, -0.890436
$AI Behavior: None
+AI Class: Captain
$Cargo 1:  XSTR("Nothing", 5736)
+Initial Hull: 100
+Initial Shields: 100
+Subsystem: Pilot
+Subsystem: turret01
+Subsystem: turret02
+Subsystem: turret03
+Subsystem: turret04
+Subsystem: turret05
+Subsystem: turret06
+Subsystem: turret07
+Subsystem: turret08
+Subsystem: turret09
+Subsystem: turret10
+Subsystem: turret11
+Subsystem: turret12
+Subsystem: turret13
+Subsystem: turret14
$Arrival Location: Hyperspace
$Arrival Cue: ( true ) 
$Departure Location: Hyperspace
$Departure Cue: ( false ) 
$Determination: 10
+Flags: ( "cargo-known" "no-shields" )
+Flags2: ( )
+Respawn priority: 0
+Orders Accepted: 1		;! note that this is a bitfield!!!
+Group: 0
+Score: 100
$Texture Replace:
+old: nameplate
+new: possibility

$Name: Patience		;! Object #15
$Display Name: XSTR("Patience", 7904)
$Class: EAC Dikastes

$Team: Hostile
$Location: -571.492676, 1300.361938, 5880.172363
$Orientation:
	-0.875768, 0.182225, -0.447019,
	0.147257, 0.982724, 0.112105,
	0.459725, 0.032352, -0.887472
$AI Behavior: None
+AI Class: Captain
$Cargo 1:  XSTR("Nothing", 5736)
+Initial Hull: 100
+Initial Shields: 100
+Subsystem: Pilot
+Subsystem: turret01
+Subsystem: turret02
+Subsystem: turret03
+Subsystem: turret04
+Subsystem: turret05
+Subsystem: turret06
+Subsystem: turret07
+Subsystem: turret08
+Subsystem: turret09
+Subsystem: turret10
+Subsystem: turret11
+Subsystem: turret12
+Subsystem: turret13
+Subsystem: turret14
$Arrival Location: Hyperspace
$Arrival Cue: ( true ) 
$Departure Location: Hyperspace
$Departure Cue: ( false ) 
$Determination: 10
+Flags: ( "cargo-known" "no-shields" )
+Flags2: ( )
+Respawn priority: 0
+Orders Accepted: 1		;! note that this is a bitfield!!!
+Group: 0
+Score: 100
$Texture Replace:
+old: nameplate
+new: patience

$Name: Inevitability		;! Object #16
$Display Name: XSTR("Inevitability", 7711)
$Class: EAC Dikastes

$Team: Hostile
$Location: 800.338257, 1244.982178, 6108.375977
$Orientation:
	-0.763684, 0.087088, -0.639689,
	0.115153, 0.993344, -0.002239,
	0.635237, -0.075372, -0.768631
$AI Behavior: None
+AI Class: Captain
$Cargo 1:  XSTR("Nothing", 5736)
+Initial Hull: 100
+Initial Shields: 100
+Subsystem: Pilot
+Subsystem: turret01
+Subsystem: turret02
+Subsystem: turret03
+Subsystem: turret04
+Subsystem: turret05
+Subsystem: turret06
+Subsystem: turret07
+Subsystem: turret08
+Subsystem: turret09
+Subsystem: turret10
+Subsystem: turret11
+Subsystem: turret12
+Subsystem: turret13
+Subsystem: turret14
$Arrival Location: Hyperspace
$Arrival Cue: ( true ) 
$Departure Location: Hyperspace
$Departure Cue: ( false ) 
$Determination: 10
+Flags: ( "cargo-known" "no-shields" )
+Flags2: ( )
+Respawn priority: 0
+Orders Accepted: 1		;! note that this is a bitfield!!!
+Group: 0
+Score: 100
$Texture Replace:
+old: nameplate
+new: inevitability

$Name: Sentry 1		;! Object #17
$Display Name: XSTR("Sentry 1", 5963)
$Class: GTSG Watchdog

$Team: Hostile
$Location: 87.655685, 1894.501709, 5612.538086
$Orientation:
	0.862717, 0.480357, -0.158038,
	-0.054903, -0.221701, -0.973568,
	-0.502697, 0.848591, -0.164892
$AI Behavior: None
$Cargo 1:  XSTR("Nothing", 5736)
+Initial Hull: 100
+Initial Shields: 100
+Subsystem: Pilot
+Subsystem: turret01a
+Primary Banks: ( "Avenger" )
+Subsystem: turret02a
+Primary Banks: ( "Avenger" )
$Arrival Location: Hyperspace
$Arrival Cue: ( true ) 
$Departure Location: Hyperspace
$Departure Cue: ( false ) 
$Determination: 10
+Flags: ( "cargo-known" "no-shields" )
+Flags2: ( )
+Respawn priority: 0
+Group: 0
+Use Table Score:
+Score: 3

$Name: Sentry 2		;! Object #18
$Display Name: XSTR("Sentry 2", 5964)
$Class: GTSG Watchdog

$Team: Hostile
$Location: 1207.235840, 1668.366943, 5854.564941
$Orientation:
	0.862717, 0.480357, -0.158038,
	-0.054903, -0.221701, -0.973568,
	-0.502697, 0.848591, -0.164892
$AI Behavior: None
$Cargo 1:  XSTR("Nothing", 5736)
+Initial Hull: 100
+Initial Shields: 100
+Subsystem: Pilot
+Subsystem: turret01a
+Primary Banks: ( "Avenger" )
+Subsystem: turret02a
+Primary Banks: ( "Avenger" )
$Arrival Location: Hyperspace
$Arrival Cue: ( true ) 
$Departure Location: Hyperspace
$Departure Cue: ( false ) 
$Determination: 10
+Flags: ( "cargo-known" "no-shields" )
+Flags2: ( "immobile" )
+Respawn priority: 0
+Group: 0
+Use Table Score:
+Score: 3

$Name: Sentry 3		;! Object #19
$Display Name: XSTR("Sentry 3", 5965)
$Class: GTSG Watchdog

$Team: Hostile
$Location: 355.457581, 1925.319458, 5797.894043
$Orientation:
	0.862717, 0.480357, -0.158038,
	-0.054903, -0.221701, -0.973568,
	-0.502697, 0.848591, -0.164892
$AI Behavior: None
$Cargo 1:  XSTR("Nothing", 5736)
+Initial Hull: 100
+Initial Shields: 100
+Subsystem: Pilot
+Subsystem: turret01a
+Primary Banks: ( "Avenger" )
+Subsystem: turret02a
+Primary Banks: ( "Avenger" )
$Arrival Location: Hyperspace
$Arrival Cue: ( true ) 
$Departure Location: Hyperspace
$Departure Cue: ( false ) 
$Determination: 10
+Flags: ( "cargo-known" "no-shields" )
+Flags2: ( )
+Respawn priority: 0
+Group: 0
+Use Table Score:
+Score: 3

$Name: Sentry 4		;! Object #20
$Display Name: XSTR("Sentry 4", 5966)
$Class: GTSG Watchdog

$Team: Hostile
$Location: 548.805237, 1850.046875, 5842.696777
$Orientation:
	0.862717, 0.480357, -0.158038,
	-0.054903, -0.221701, -0.973568,
	-0.502697, 0.848591, -0.164892
$AI Behavior: None
$Cargo 1:  XSTR("Nothing", 5736)
+Initial Hull: 100
+Initial Shields: 100
+Subsystem: Pilot
+Subsystem: turret01a
+Primary Banks: ( "Avenger" )
+Subsystem: turret02a
+Primary Banks: ( "Avenger" )
$Arrival Location: Hyperspace
$Arrival Cue: ( true ) 
$Departure Location: Hyperspace
$Departure Cue: ( false ) 
$Determination: 10
+Flags: ( "cargo-known" "no-shields" )
+Flags2: ( )
+Respawn priority: 0
+Group: 0
+Use Table Score:
+Score: 3

$Name: Sentry 5		;! Object #21
$Display Name: XSTR("Sentry 5", 7905)
$Class: GTSG Watchdog

$Team: Hostile
$Location: -666.828735, 1921.560547, 5402.164551
$Orientation:
	0.791613, -0.610508, 0.025093,
	-0.092712, -0.160603, -0.982655,
	0.603948, 0.775556, -0.183737
$AI Behavior: None
$Cargo 1:  XSTR("Nothing", 5736)
+Initial Hull: 100
+Initial Shields: 100
+Subsystem: Pilot
+Subsystem: turret01a
+Primary Banks: ( "Avenger" )
+Subsystem: turret02a
+Primary Banks: ( "Avenger" )
$Arrival Location: Hyperspace
$Arrival Cue: ( true ) 
$Departure Location: Hyperspace
$Departure Cue: ( false ) 
$Determination: 10
+Flags: ( "cargo-known" "no-shields" )
+Flags2: ( )
+Respawn priority: 0
+Group: 0
+Use Table Score:
+Score: 3

$Name: Sentry 6		;! Object #22
$Display Name: XSTR("Sentry 6", 7906)
$Class: GTSG Watchdog

$Team: Hostile
$Location: 1253.856445, 1698.960693, 6018.744629
$Orientation:
	0.791613, -0.610508, 0.025093,
	-0.092712, -0.160603, -0.982655,
	0.603948, 0.775556, -0.183737
$AI Behavior: None
$Cargo 1:  XSTR("Nothing", 5736)
+Initial Hull: 100
+Initial Shields: 100
+Subsystem: Pilot
+Subsystem: turret01a
+Primary Banks: ( "Avenger" )
+Subsystem: turret02a
+Primary Banks: ( "Avenger" )
$Arrival Location: Hyperspace
$Arrival Cue: ( true ) 
$Departure Location: Hyperspace
$Departure Cue: ( false ) 
$Determination: 10
+Flags: ( "cargo-known" "no-shields" )
+Flags2: ( )
+Respawn priority: 0
+Group: 0
+Use Table Score:
+Score: 3

$Name: Sentry 7		;! Object #23
$Display Name: XSTR("Sentry 7", 7907)
$Class: GTSG Watchdog

$Team: Hostile
$Location: 643.286377, 1998.671631, 5964.338379
$Orientation:
	0.791613, -0.610508, 0.025093,
	-0.092712, -0.160603, -0.982655,
	0.603948, 0.775556, -0.183737
$AI Behavior: None
$Cargo 1:  XSTR("Nothing", 5736)
+Initial Hull: 100
+Initial Shields: 100
+Subsystem: Pilot
+Subsystem: turret01a
+Primary Banks: ( "Avenger" )
+Subsystem: turret02a
+Primary Banks: ( "Avenger" )
$Arrival Location: Hyperspace
$Arrival Cue: ( true ) 
$Departure Location: Hyperspace
$Departure Cue: ( false ) 
$Determination: 10
+Flags: ( "cargo-known" "no-shields" )
+Flags2: ( )
+Respawn priority: 0
+Group: 0
+Use Table Score:
+Score: 3

$Name: Sentry 8		;! Object #24
$Display Name: XSTR("Sentry 8", 7908)
$Class: GTSG Watchdog

$Team: Hostile
$Location: -66.015762, 2073.276367, 5761.734375
$Orientation:
	0.791613, -0.610508, 0.025093,
	-0.092712, -0.160603, -0.982655,
	0.603948, 0.775556, -0.183737
$AI Behavior: None
$Cargo 1:  XSTR("Nothing", 5736)
+Initial Hull: 100
+Initial Shields: 100
+Subsystem: Pilot
+Subsystem: turret01a
+Primary Banks: ( "Avenger" )
+Subsystem: turret02a
+Primary Banks: ( "Avenger" )
$Arrival Location: Hyperspace
$Arrival Cue: ( true ) 
$Departure Location: Hyperspace
$Departure Cue: ( false ) 
$Determination: 10
+Flags: ( "cargo-known" "no-shields" )
+Flags2: ( )
+Respawn priority: 0
+Group: 0
+Use Table Score:
+Score: 3

$Name: Gemini 1		;! Object #25
$Display Name: XSTR("Gemini 1", 5845)
$Class: GTF Latona

$Team: Hostile
$Location: 259.255981, 1743.587891, 6284.865234
$Orientation:
	-0.563985, 0.000000, -0.825785,
	0.000000, 1.000000, 0.000000,
	0.825785, 0.000000, -0.563985
$AI Behavior: None
$Cargo 1:  XSTR("Nothing", 5736)
+Initial Hull: 100
+Subsystem: Pilot
$Arrival Location: Hyperspace
$Arrival Cue: ( false ) 
$Departure Location: Hyperspace
$Departure Cue: ( false ) 
$Determination: 10
+Flags: ( "cargo-known" )
+Flags2: ( )
+Respawn priority: 0
+Group: 0
+Score: 12

$Name: Gemini 2		;! Object #26
$Display Name: XSTR("Gemini 2", 5846)
$Class: GTF Latona

$Team: Hostile
$Location: 239.200684, 1744.234619, 6425.218750
$Orientation:
	-0.563985, 0.000000, -0.825785,
	0.000000, 1.000000, 0.000000,
	0.825785, 0.000000, -0.563985
$AI Behavior: None
$Cargo 1:  XSTR("Nothing", 5736)
+Initial Hull: 100
+Subsystem: Pilot
$Arrival Location: Hyperspace
$Arrival Cue: ( false ) 
$Departure Location: Hyperspace
$Departure Cue: ( false ) 
$Determination: 10
+Flags: ( "cargo-known" )
+Flags2: ( )
+Respawn priority: 0
+Group: 0
+Score: 12

$Name: Gemini 3		;! Object #27
$Display Name: XSTR("Gemini 3", 5988)
$Class: GTF Latona

$Team: Hostile
$Location: 123.431030, 1770.747803, 6262.623047
$Orientation:
	-0.563985, 0.000000, -0.825785,
	0.000000, 1.000000, 0.000000,
	0.825785, 0.000000, -0.563985
$AI Behavior: None
$Cargo 1:  XSTR("Nothing", 5736)
+Initial Hull: 100
+Subsystem: Pilot
$Arrival Location: Hyperspace
$Arrival Cue: ( false ) 
$Departure Location: Hyperspace
$Departure Cue: ( false ) 
$Determination: 10
+Flags: ( "cargo-known" )
+Flags2: ( )
+Respawn priority: 0
+Group: 0
+Score: 12

$Name: Gemini 4		;! Object #28
$Display Name: XSTR("Gemini 4", 6616)
$Class: GTF Latona

$Team: Hostile
$Location: 102.130737, 1771.696533, 6400.514648
$Orientation:
	-0.563985, 0.000000, -0.825785,
	0.000000, 1.000000, 0.000000,
	0.825785, 0.000000, -0.563985
$AI Behavior: None
$Cargo 1:  XSTR("Nothing", 5736)
+Initial Hull: 100
+Subsystem: Pilot
$Arrival Location: Hyperspace
$Arrival Cue: ( false ) 
$Departure Location: Hyperspace
$Departure Cue: ( false ) 
$Determination: 10
+Flags: ( "cargo-known" )
+Flags2: ( )
+Respawn priority: 0
+Group: 0
+Score: 12

$Name: Scorpio 1		;! Object #29
$Display Name: XSTR("Scorpio 1", 5960)
$Class: JCF Antaeus
$Team: Hostile
$Location: -1831.027954, 1940.309570, 3525.304688
$Orientation:
	-0.826234, 0.000000, 0.563327,
	0.000000, 1.000000, 0.000000,
	-0.563327, 0.000000, -0.826234
$AI Behavior: None
$Cargo 1:  XSTR("Nothing", 5736)
+Initial Hull: 100
+Subsystem: Pilot
$Arrival Location: Hyperspace
$Arrival Cue: ( false ) 
$Departure Location: Hyperspace
$Departure Cue: ( false ) 
$Determination: 10
+Flags: ( "cargo-known" )
+Flags2: ( )
+Respawn priority: 0
+Group: 0
+Score: 12

$Name: Scorpio 2		;! Object #30
$Display Name: XSTR("Scorpio 2", 5961)
$Class: JCF Antaeus
$Team: Hostile
$Location: -1859.287598, 1928.662720, 3664.927979
$Orientation:
	-0.826234, 0.000000, 0.563327,
	0.000000, 1.000000, 0.000000,
	-0.563327, 0.000000, -0.826234
$AI Behavior: None
$Cargo 1:  XSTR("Nothing", 5736)
+Initial Hull: 100
+Subsystem: Pilot
$Arrival Location: Hyperspace
$Arrival Cue: ( false ) 
$Departure Location: Hyperspace
$Departure Cue: ( false ) 
$Determination: 10
+Flags: ( "cargo-known" )
+Flags2: ( )
+Respawn priority: 0
+Group: 0
+Score: 12

$Name: Scorpio 3		;! Object #31
$Display Name: XSTR("Scorpio 3", 5962)
$Class: JCF Antaeus
$Team: Hostile
$Location: -1694.382813, 1950.447266, 3554.053467
$Orientation:
	-0.826234, 0.000000, 0.563327,
	0.000000, 1.000000, 0.000000,
	-0.563327, 0.000000, -0.826234
$AI Behavior: None
$Cargo 1:  XSTR("Nothing", 5736)
+Initial Hull: 100
+Subsystem: Pilot
$Arrival Location: Hyperspace
$Arrival Cue: ( false ) 
$Departure Location: Hyperspace
$Departure Cue: ( false ) 
$Determination: 10
+Flags: ( "cargo-known" )
+Flags2: ( )
+Respawn priority: 0
+Group: 0
+Score: 12

$Name: Scorpio 4		;! Object #32
$Display Name: XSTR("Scorpio 4", 6157)
$Class: JCF Antaeus
$Team: Hostile
$Location: -1720.070801, 1938.925537, 3695.229004
$Orientation:
	-0.826234, 0.000000, 0.563327,
	0.000000, 1.000000, 0.000000,
	-0.563327, 0.000000, -0.826234
$AI Behavior: None
$Cargo 1:  XSTR("Nothing", 5736)
+Initial Hull: 100
+Subsystem: Pilot
$Arrival Location: Hyperspace
$Arrival Cue: ( false ) 
$Departure Location: Hyperspace
$Departure Cue: ( false ) 
$Determination: 10
+Flags: ( "cargo-known" )
+Flags2: ( )
+Respawn priority: 0
+Group: 0
+Score: 12

$Name: Pisces 1		;! Object #33
$Display Name: XSTR("Pisces 1", 5865)
$Class: JCF Antaeus
$Team: Hostile
$Location: -1300.043213, 0.003582, 99.313995
$Orientation:
	1.000000, 0.000000, 0.000000,
	0.000000, 1.000000, 0.000000,
	0.000000, 0.000000, 1.000000
$AI Behavior: None
$Cargo 1:  XSTR("Nothing", 5736)
+Initial Hull: 100
+Subsystem: Pilot
$Arrival Location: Hyperspace
$Arrival Cue: ( false ) 
$Departure Location: Hyperspace
$Departure Cue: ( false ) 
$Determination: 10
+Flags: ( "cargo-known" )
+Flags2: ( )
+Respawn priority: 0
+Group: 0
+Use Table Score:
+Score: 10

$Name: Pisces 2		;! Object #34
$Display Name: XSTR("Pisces 2", 5866)
$Class: JCF Antaeus
$Team: Hostile
$Location: -1401.612671, 0.003525, 0.106039
$Orientation:
	1.000000, 0.000000, 0.000000,
	0.000000, 1.000000, 0.000000,
	0.000000, 0.000000, 1.000000
$AI Behavior: None
$Cargo 1:  XSTR("Nothing", 5736)
+Initial Hull: 100
+Subsystem: Pilot
$Arrival Location: Hyperspace
$Arrival Cue: ( false ) 
$Departure Location: Hyperspace
$Departure Cue: ( false ) 
$Determination: 10
+Flags: ( "cargo-known" )
+Flags2: ( )
+Respawn priority: 0
+Group: 0
+Use Table Score:
+Score: 10

$Name: Pisces 3		;! Object #35
$Display Name: XSTR("Pisces 3", 5989)
$Class: JCF Antaeus
$Team: Hostile
$Location: -1200.683228, 0.003504, -1.343105
$Orientation:
	1.000000, 0.000000, 0.000000,
	0.000000, 1.000000, 0.000000,
	0.000000, 0.000000, 1.000000
$AI Behavior: None
$Cargo 1:  XSTR("Nothing", 5736)
+Initial Hull: 100
+Subsystem: Pilot
$Arrival Location: Hyperspace
$Arrival Cue: ( false ) 
$Departure Location: Hyperspace
$Departure Cue: ( false ) 
$Determination: 10
